/*--------------------------------*- C++ -*----------------------------------*\
| =========                 |                                                 |
| \\      /  F ield         | OpenFOAM: The Open Source CFD Toolbox           |
|  \\    /   O peration     | Version:  2412                                  |
|   \\  /    A nd           | Website:  www.openfoam.com                      |
|    \\/     M anipulation  |                                                 |
\*---------------------------------------------------------------------------*/
FoamFile
{
    version     2.0;
    format      ascii;
    arch        "LSB;label=32;scalar=64";
    class       volScalarField;
    location    "4.55";
    object      p_rgh;
}
// * * * * * * * * * * * * * * * * * * * * * * * * * * * * * * * * * * * * * //

dimensions      [1 -1 -2 0 0 0 0];

internalField   nonuniform List<scalar> 
6400
(
15692.3
15692.3
15692.4
15692.4
15692.4
15692.4
15692.4
15692.4
15692.5
15692.5
15692.5
15692.5
15692.5
15692.5
15692.5
15692.5
15692.6
15692.6
15692.6
15692.6
15692.6
15692.6
15692.6
15692.6
15692.6
15692.6
15692.6
15692.6
15692.6
15692.6
15692.6
15692.6
15692.6
15692.6
15692.6
15692.6
15692.6
15692.6
15692.6
15692.6
15692.5
15692.5
15692.5
15692.5
15692.5
15692.5
15692.4
15692.4
15692.4
15692.4
15692.3
15692.3
15692.3
15692.3
15692.2
15692.2
15692.2
15692.2
15692.1
15692.1
15692.1
15692.1
15692
15692
15692
15691.9
15691.9
15691.9
15691.9
15691.8
15691.8
15691.8
15691.8
15691.7
15691.7
15691.7
15691.6
15691.6
15691.6
15691.6
15692.3
15692.3
15692.3
15692.3
15692.4
15692.4
15692.4
15692.4
15692.4
15692.4
15692.5
15692.5
15692.5
15692.5
15692.5
15692.5
15692.5
15692.5
15692.6
15692.6
15692.6
15692.6
15692.6
15692.6
15692.6
15692.6
15692.6
15692.6
15692.6
15692.6
15692.6
15692.6
15692.6
15692.6
15692.6
15692.6
15692.6
15692.6
15692.5
15692.5
15692.5
15692.5
15692.5
15692.5
15692.5
15692.4
15692.4
15692.4
15692.4
15692.4
15692.3
15692.3
15692.3
15692.3
15692.2
15692.2
15692.2
15692.1
15692.1
15692.1
15692.1
15692
15692
15692
15692
15691.9
15691.9
15691.9
15691.8
15691.8
15691.8
15691.8
15691.7
15691.7
15691.7
15691.7
15691.6
15691.6
15691.6
15691.6
15692.2
15692.3
15692.3
15692.3
15692.3
15692.3
15692.3
15692.3
15692.4
15692.4
15692.4
15692.4
15692.4
15692.4
15692.4
15692.5
15692.5
15692.5
15692.5
15692.5
15692.5
15692.5
15692.5
15692.5
15692.5
15692.5
15692.5
15692.5
15692.5
15692.5
15692.5
15692.5
15692.5
15692.5
15692.5
15692.5
15692.5
15692.5
15692.5
15692.5
15692.4
15692.4
15692.4
15692.4
15692.4
15692.4
15692.3
15692.3
15692.3
15692.3
15692.3
15692.2
15692.2
15692.2
15692.2
15692.1
15692.1
15692.1
15692.1
15692
15692
15692
15691.9
15691.9
15691.9
15691.9
15691.8
15691.8
15691.8
15691.8
15691.7
15691.7
15691.7
15691.6
15691.6
15691.6
15691.6
15691.5
15691.5
15691.5
15692.1
15692.1
15692.2
15692.2
15692.2
15692.2
15692.2
15692.2
15692.2
15692.3
15692.3
15692.3
15692.3
15692.3
15692.3
15692.3
15692.3
15692.4
15692.4
15692.4
15692.4
15692.4
15692.4
15692.4
15692.4
15692.4
15692.4
15692.4
15692.4
15692.4
15692.4
15692.4
15692.4
15692.4
15692.4
15692.4
15692.4
15692.4
15692.4
15692.3
15692.3
15692.3
15692.3
15692.3
15692.3
15692.3
15692.2
15692.2
15692.2
15692.2
15692.1
15692.1
15692.1
15692.1
15692
15692
15692
15692
15691.9
15691.9
15691.9
15691.9
15691.8
15691.8
15691.8
15691.8
15691.7
15691.7
15691.7
15691.6
15691.6
15691.6
15691.6
15691.5
15691.5
15691.5
15691.5
15691.4
15691.4
15691.4
15692
15692
15692
15692
15692
15692
15692.1
15692.1
15692.1
15692.1
15692.1
15692.1
15692.1
15692.2
15692.2
15692.2
15692.2
15692.2
15692.2
15692.2
15692.2
15692.2
15692.2
15692.2
15692.2
15692.2
15692.2
15692.2
15692.2
15692.2
15692.2
15692.2
15692.2
15692.2
15692.2
15692.2
15692.2
15692.2
15692.2
15692.2
15692.2
15692.2
15692.2
15692.1
15692.1
15692.1
15692.1
15692.1
15692
15692
15692
15692
15691.9
15691.9
15691.9
15691.9
15691.8
15691.8
15691.8
15691.8
15691.7
15691.7
15691.7
15691.7
15691.6
15691.6
15691.6
15691.6
15691.5
15691.5
15691.5
15691.5
15691.4
15691.4
15691.4
15691.4
15691.3
15691.3
15691.3
15691.3
15691.8
15691.8
15691.8
15691.8
15691.8
15691.9
15691.9
15691.9
15691.9
15691.9
15691.9
15691.9
15692
15692
15692
15692
15692
15692
15692
15692
15692
15692
15692
15692
15692
15692
15692
15692
15692.1
15692.1
15692
15692
15692
15692
15692
15692
15692
15692
15692
15692
15692
15692
15692
15691.9
15691.9
15691.9
15691.9
15691.9
15691.8
15691.8
15691.8
15691.8
15691.8
15691.7
15691.7
15691.7
15691.7
15691.6
15691.6
15691.6
15691.6
15691.5
15691.5
15691.5
15691.5
15691.4
15691.4
15691.4
15691.4
15691.3
15691.3
15691.3
15691.3
15691.2
15691.2
15691.2
15691.2
15691.1
15691.1
15691.1
15691.6
15691.6
15691.6
15691.6
15691.6
15691.6
15691.6
15691.7
15691.7
15691.7
15691.7
15691.7
15691.7
15691.7
15691.7
15691.7
15691.8
15691.8
15691.8
15691.8
15691.8
15691.8
15691.8
15691.8
15691.8
15691.8
15691.8
15691.8
15691.8
15691.8
15691.8
15691.8
15691.8
15691.8
15691.8
15691.8
15691.8
15691.8
15691.8
15691.8
15691.7
15691.7
15691.7
15691.7
15691.7
15691.7
15691.7
15691.6
15691.6
15691.6
15691.6
15691.6
15691.5
15691.5
15691.5
15691.5
15691.4
15691.4
15691.4
15691.4
15691.3
15691.3
15691.3
15691.3
15691.2
15691.2
15691.2
15691.2
15691.1
15691.1
15691.1
15691.1
15691
15691
15691
15691
15691
15690.9
15690.9
15690.9
15691.3
15691.3
15691.3
15691.3
15691.3
15691.4
15691.4
15691.4
15691.4
15691.4
15691.4
15691.4
15691.4
15691.5
15691.5
15691.5
15691.5
15691.5
15691.5
15691.5
15691.5
15691.5
15691.5
15691.5
15691.5
15691.5
15691.5
15691.5
15691.5
15691.5
15691.5
15691.5
15691.5
15691.5
15691.5
15691.5
15691.5
15691.5
15691.5
15691.5
15691.5
15691.5
15691.4
15691.4
15691.4
15691.4
15691.4
15691.4
15691.4
15691.3
15691.3
15691.3
15691.3
15691.2
15691.2
15691.2
15691.2
15691.2
15691.1
15691.1
15691.1
15691.1
15691
15691
15691
15691
15691
15690.9
15690.9
15690.9
15690.9
15690.8
15690.8
15690.8
15690.8
15690.7
15690.7
15690.7
15690.7
15690.7
15691
15691
15691
15691
15691
15691.1
15691.1
15691.1
15691.1
15691.1
15691.1
15691.1
15691.1
15691.1
15691.2
15691.2
15691.2
15691.2
15691.2
15691.2
15691.2
15691.2
15691.2
15691.2
15691.2
15691.2
15691.2
15691.2
15691.2
15691.2
15691.2
15691.2
15691.2
15691.2
15691.2
15691.2
15691.2
15691.2
15691.2
15691.2
15691.2
15691.2
15691.1
15691.1
15691.1
15691.1
15691.1
15691.1
15691.1
15691
15691
15691
15691
15691
15690.9
15690.9
15690.9
15690.9
15690.8
15690.8
15690.8
15690.8
15690.8
15690.7
15690.7
15690.7
15690.7
15690.6
15690.6
15690.6
15690.6
15690.6
15690.5
15690.5
15690.5
15690.5
15690.5
15690.4
15690.4
15690.4
15690.7
15690.7
15690.7
15690.7
15690.7
15690.7
15690.7
15690.7
15690.8
15690.8
15690.8
15690.8
15690.8
15690.8
15690.8
15690.8
15690.8
15690.8
15690.8
15690.8
15690.9
15690.9
15690.9
15690.9
15690.9
15690.9
15690.9
15690.9
15690.9
15690.9
15690.9
15690.9
15690.9
15690.9
15690.9
15690.9
15690.9
15690.9
15690.8
15690.8
15690.8
15690.8
15690.8
15690.8
15690.8
15690.8
15690.7
15690.7
15690.7
15690.7
15690.7
15690.7
15690.6
15690.6
15690.6
15690.6
15690.6
15690.5
15690.5
15690.5
15690.5
15690.5
15690.4
15690.4
15690.4
15690.4
15690.4
15690.3
15690.3
15690.3
15690.3
15690.3
15690.2
15690.2
15690.2
15690.2
15690.2
15690.1
15690.1
15690.1
15690.3
15690.3
15690.3
15690.3
15690.3
15690.4
15690.4
15690.4
15690.4
15690.4
15690.4
15690.4
15690.4
15690.4
15690.4
15690.4
15690.5
15690.5
15690.5
15690.5
15690.5
15690.5
15690.5
15690.5
15690.5
15690.5
15690.5
15690.5
15690.5
15690.5
15690.5
15690.5
15690.5
15690.5
15690.5
15690.5
15690.5
15690.5
15690.5
15690.5
15690.5
15690.4
15690.4
15690.4
15690.4
15690.4
15690.4
15690.4
15690.4
15690.3
15690.3
15690.3
15690.3
15690.3
15690.3
15690.2
15690.2
15690.2
15690.2
15690.2
15690.1
15690.1
15690.1
15690.1
15690.1
15690
15690
15690
15690
15690
15689.9
15689.9
15689.9
15689.9
15689.9
15689.9
15689.8
15689.8
15689.8
15689.8
15689.9
15689.9
15689.9
15689.9
15689.9
15690
15690
15690
15690
15690
15690
15690
15690
15690
15690
15690
15690.1
15690.1
15690.1
15690.1
15690.1
15690.1
15690.1
15690.1
15690.1
15690.1
15690.1
15690.1
15690.1
15690.1
15690.1
15690.1
15690.1
15690.1
15690.1
15690.1
15690.1
15690.1
15690.1
15690.1
15690.1
15690
15690
15690
15690
15690
15690
15690
15690
15689.9
15689.9
15689.9
15689.9
15689.9
15689.9
15689.9
15689.8
15689.8
15689.8
15689.8
15689.8
15689.8
15689.7
15689.7
15689.7
15689.7
15689.7
15689.6
15689.6
15689.6
15689.6
15689.6
15689.6
15689.5
15689.5
15689.5
15689.5
15689.5
15689.5
15689.5
15689.5
15689.5
15689.5
15689.5
15689.5
15689.5
15689.5
15689.6
15689.6
15689.6
15689.6
15689.6
15689.6
15689.6
15689.6
15689.6
15689.6
15689.6
15689.6
15689.6
15689.6
15689.6
15689.7
15689.7
15689.7
15689.7
15689.7
15689.7
15689.7
15689.7
15689.7
15689.7
15689.7
15689.7
15689.7
15689.7
15689.7
15689.6
15689.6
15689.6
15689.6
15689.6
15689.6
15689.6
15689.6
15689.6
15689.6
15689.6
15689.5
15689.5
15689.5
15689.5
15689.5
15689.5
15689.5
15689.4
15689.4
15689.4
15689.4
15689.4
15689.4
15689.4
15689.3
15689.3
15689.3
15689.3
15689.3
15689.3
15689.2
15689.2
15689.2
15689.2
15689.2
15689.2
15689.2
15689.1
15689.1
15689.1
15689.1
15689.1
15689.1
15689.1
15689.1
15689.1
15689.1
15689.1
15689.1
15689.1
15689.1
15689.1
15689.1
15689.1
15689.2
15689.2
15689.2
15689.2
15689.2
15689.2
15689.2
15689.2
15689.2
15689.2
15689.2
15689.2
15689.2
15689.2
15689.2
15689.2
15689.2
15689.2
15689.2
15689.2
15689.2
15689.2
15689.2
15689.2
15689.2
15689.2
15689.2
15689.2
15689.2
15689.2
15689.2
15689.2
15689.2
15689.1
15689.1
15689.1
15689.1
15689.1
15689.1
15689.1
15689.1
15689.1
15689
15689
15689
15689
15689
15689
15689
15688.9
15688.9
15688.9
15688.9
15688.9
15688.9
15688.9
15688.8
15688.8
15688.8
15688.8
15688.8
15688.8
15688.8
15688.8
15688.7
15688.7
15688.7
15688.7
15688.6
15688.6
15688.6
15688.6
15688.6
15688.7
15688.7
15688.7
15688.7
15688.7
15688.7
15688.7
15688.7
15688.7
15688.7
15688.7
15688.7
15688.7
15688.7
15688.7
15688.7
15688.7
15688.7
15688.7
15688.7
15688.7
15688.7
15688.7
15688.8
15688.8
15688.8
15688.8
15688.8
15688.7
15688.7
15688.7
15688.7
15688.7
15688.7
15688.7
15688.7
15688.7
15688.7
15688.7
15688.7
15688.7
15688.7
15688.7
15688.7
15688.7
15688.6
15688.6
15688.6
15688.6
15688.6
15688.6
15688.6
15688.6
15688.6
15688.5
15688.5
15688.5
15688.5
15688.5
15688.5
15688.5
15688.5
15688.4
15688.4
15688.4
15688.4
15688.4
15688.4
15688.4
15688.4
15688.4
15688.3
15688.3
15688.3
15688.3
15688.2
15688.2
15688.2
15688.2
15688.2
15688.2
15688.2
15688.2
15688.2
15688.2
15688.2
15688.2
15688.2
15688.2
15688.2
15688.2
15688.2
15688.2
15688.2
15688.3
15688.3
15688.3
15688.3
15688.3
15688.3
15688.3
15688.3
15688.3
15688.3
15688.3
15688.3
15688.3
15688.3
15688.3
15688.3
15688.3
15688.3
15688.3
15688.3
15688.3
15688.3
15688.3
15688.2
15688.2
15688.2
15688.2
15688.2
15688.2
15688.2
15688.2
15688.2
15688.2
15688.2
15688.2
15688.1
15688.1
15688.1
15688.1
15688.1
15688.1
15688.1
15688.1
15688.1
15688.1
15688.1
15688
15688
15688
15688
15688
15688
15688
15688
15688
15688
15687.9
15687.9
15687.9
15687.9
15687.9
15687.7
15687.7
15687.7
15687.7
15687.7
15687.7
15687.7
15687.7
15687.7
15687.7
15687.7
15687.7
15687.8
15687.8
15687.8
15687.8
15687.8
15687.8
15687.8
15687.8
15687.8
15687.8
15687.8
15687.8
15687.8
15687.8
15687.8
15687.8
15687.8
15687.8
15687.8
15687.8
15687.8
15687.8
15687.8
15687.8
15687.8
15687.8
15687.8
15687.8
15687.8
15687.8
15687.8
15687.8
15687.8
15687.8
15687.8
15687.7
15687.7
15687.7
15687.7
15687.7
15687.7
15687.7
15687.7
15687.7
15687.7
15687.7
15687.7
15687.7
15687.7
15687.6
15687.6
15687.6
15687.6
15687.6
15687.6
15687.6
15687.6
15687.6
15687.6
15687.6
15687.6
15687.6
15687.5
15687.5
15687.5
15687.5
15687.5
15687.5
15687.3
15687.3
15687.3
15687.3
15687.3
15687.3
15687.3
15687.3
15687.3
15687.3
15687.3
15687.3
15687.3
15687.3
15687.3
15687.3
15687.3
15687.3
15687.3
15687.3
15687.3
15687.3
15687.3
15687.3
15687.3
15687.3
15687.3
15687.3
15687.3
15687.3
15687.3
15687.3
15687.3
15687.3
15687.3
15687.3
15687.3
15687.3
15687.3
15687.3
15687.3
15687.3
15687.3
15687.3
15687.3
15687.3
15687.3
15687.3
15687.3
15687.3
15687.3
15687.3
15687.3
15687.3
15687.3
15687.2
15687.2
15687.2
15687.2
15687.2
15687.2
15687.2
15687.2
15687.2
15687.2
15687.2
15687.2
15687.2
15687.2
15687.2
15687.2
15687.2
15687.2
15687.1
15687.1
15687.1
15687.1
15687.1
15687.1
15687.1
15686.8
15686.8
15686.8
15686.8
15686.8
15686.8
15686.8
15686.8
15686.8
15686.8
15686.8
15686.8
15686.8
15686.8
15686.8
15686.8
15686.8
15686.8
15686.8
15686.8
15686.8
15686.8
15686.8
15686.8
15686.8
15686.8
15686.8
15686.8
15686.8
15686.8
15686.8
15686.8
15686.8
15686.8
15686.8
15686.8
15686.8
15686.8
15686.8
15686.8
15686.8
15686.8
15686.8
15686.8
15686.8
15686.8
15686.8
15686.8
15686.8
15686.8
15686.8
15686.8
15686.8
15686.8
15686.8
15686.8
15686.8
15686.8
15686.8
15686.8
15686.8
15686.8
15686.8
15686.8
15686.8
15686.8
15686.8
15686.8
15686.7
15686.7
15686.7
15686.7
15686.7
15686.7
15686.7
15686.7
15686.7
15686.7
15686.7
15686.7
15686.3
15686.3
15686.3
15686.3
15686.3
15686.3
15686.3
15686.3
15686.3
15686.3
15686.3
15686.3
15686.3
15686.3
15686.3
15686.3
15686.3
15686.3
15686.3
15686.3
15686.3
15686.3
15686.3
15686.3
15686.3
15686.3
15686.3
15686.3
15686.3
15686.3
15686.3
15686.3
15686.3
15686.3
15686.3
15686.3
15686.3
15686.3
15686.3
15686.3
15686.3
15686.3
15686.3
15686.3
15686.3
15686.3
15686.3
15686.3
15686.3
15686.3
15686.3
15686.3
15686.3
15686.3
15686.3
15686.3
15686.3
15686.3
15686.3
15686.3
15686.3
15686.3
15686.3
15686.3
15686.3
15686.3
15686.3
15686.3
15686.3
15686.3
15686.3
15686.3
15686.3
15686.3
15686.3
15686.3
15686.3
15686.3
15686.3
15686.3
0.0738556
0.0833422
0.0820852
0.0816768
0.0814265
0.0807838
0.0799181
0.0788684
0.0774258
0.0755435
0.0732104
0.0707499
0.068662
0.0672848
0.0660149
0.0643837
0.0628861
0.0611958
0.059309
0.0572478
0.0554316
0.0537181
0.0523855
0.0515519
0.0516233
0.0534355
0.0553745
0.0574628
0.0596489
0.0617886
0.0639329
0.0661652
0.0683323
0.0704218
0.0721786
0.0735076
0.0743268
0.0748704
0.0748985
0.0752812
0.0751064
0.0744081
0.0735403
0.0726001
0.0712266
0.0695251
0.067903
0.0660113
0.0639398
0.0618383
0.0596311
0.0575957
0.0555646
0.0537679
0.0520268
0.0504253
0.049049
0.0479201
0.0469028
0.0461996
0.0454952
0.0447847
0.0440514
0.0432022
0.0423279
0.0421861
0.0432909
0.0442954
0.0453491
0.0461408
0.0465756
0.0467442
0.0465424
0.0461416
0.0458151
0.0453472
0.043905
0.0417497
0.0389614
0.0288715
0.0156801
0.0157206
0.015799
0.0159177
0.0160795
0.016287
0.0165426
0.0168485
0.0172068
0.0176197
0.0180893
0.0186178
0.0192073
0.0198614
0.0205845
0.0213798
0.0222511
0.0232035
0.0242426
0.0253739
0.0266053
0.0279454
0.0294007
0.030975
0.0326708
0.0345219
0.0365573
0.0387719
0.0411572
0.0436965
0.0463563
0.0491012
0.0518764
0.0545908
0.0571751
0.0595362
0.0615749
0.0632057
0.0643597
0.0649954
0.0650902
0.064637
0.0636586
0.0621929
0.0603031
0.058078
0.0555928
0.0529206
0.050148
0.047372
0.0446538
0.0420249
0.0395196
0.0371545
0.0349435
0.0329029
0.0310264
0.0292943
0.0276946
0.0262226
0.0248762
0.0236535
0.0225483
0.0215554
0.020671
0.0198841
0.0191747
0.018526
0.0179218
0.0173442
0.0167847
0.0162449
0.0157362
0.0152748
0.0148759
0.0145494
0.0142985
0.0141204
0.0140081
0.0139566
0.0157087
0.0157471
0.0158252
0.0159442
0.0161064
0.0163142
0.0165704
0.0168772
0.0172368
0.017651
0.0181219
0.0186516
0.0192426
0.019898
0.020621
0.0214145
0.0222816
0.0232255
0.0242503
0.0253621
0.0265691
0.0278823
0.029314
0.0308762
0.0325801
0.0344409
0.0364719
0.0386766
0.0410481
0.0435665
0.0462005
0.0489265
0.0516824
0.0544203
0.057051
0.059479
0.0616039
0.0633282
0.0645677
0.0652613
0.0653763
0.0649082
0.0638822
0.0623467
0.0603745
0.0580605
0.0555018
0.0527856
0.0500015
0.0472201
0.0445038
0.041883
0.039392
0.0370427
0.0348422
0.0328019
0.0309246
0.0291998
0.0276139
0.0261579
0.0248269
0.0236171
0.0225242
0.0215437
0.0206691
0.0198894
0.0191885
0.0185463
0.0179424
0.0173612
0.0167965
0.0162531
0.0157441
0.0152852
0.0148901
0.014567
0.0143176
0.0141384
0.014024
0.0139693
0.015633
0.0156706
0.0157461
0.0158613
0.0160186
0.0162206
0.01647
0.0167692
0.0171204
0.0175258
0.0179874
0.0185075
0.0190889
0.0197348
0.0204482
0.0212321
0.0220893
0.023023
0.0240372
0.0251375
0.026332
0.0276316
0.0290498
0.0306009
0.0322999
0.0341611
0.0361952
0.0384058
0.0407903
0.0433385
0.0460328
0.048823
0.051671
0.0545176
0.0572791
0.0598533
0.0621274
0.0639886
0.0653371
0.0660972
0.0662277
0.0657227
0.0646141
0.0629638
0.0608573
0.0584015
0.0557072
0.0528716
0.0499809
0.0471123
0.044318
0.0416382
0.039113
0.0367451
0.0345355
0.0324905
0.0306129
0.0288946
0.0273218
0.0258835
0.0245732
0.0233858
0.0223157
0.021356
0.0204981
0.0197298
0.0190343
0.0183928
0.0177882
0.0172084
0.016649
0.0161148
0.0156168
0.0151688
0.0147826
0.0144655
0.0142191
0.0140412
0.0139271
0.013873
0.0155471
0.0155836
0.0156554
0.0157648
0.0159143
0.0161066
0.0163446
0.0166308
0.0169678
0.0173578
0.0178032
0.0183066
0.0188706
0.0194979
0.0201913
0.0209533
0.0217869
0.0226955
0.0236839
0.024759
0.0259303
0.0272098
0.0286115
0.0301502
0.0318404
0.0336958
0.0357271
0.0379411
0.0403404
0.0429208
0.0456702
0.0485683
0.0515697
0.0546118
0.057605
0.0604335
0.0629632
0.0650554
0.0665839
0.0674525
0.0676081
0.0670428
0.0657972
0.0639516
0.0616132
0.0589129
0.0559845
0.0529397
0.0498688
0.0468546
0.0439442
0.0412047
0.0386369
0.0362461
0.0340285
0.0319827
0.0301094
0.028403
0.0268522
0.0254454
0.0241728
0.0230248
0.0219909
0.02106
0.0202214
0.0194639
0.0187746
0.0181392
0.0175442
0.0169788
0.0164384
0.0159252
0.0154474
0.015016
0.0146418
0.0143319
0.0140894
0.0139129
0.0137993
0.0137456
0.0154162
0.0154509
0.0155175
0.0156187
0.0157572
0.015936
0.0161581
0.0164264
0.0167439
0.0171132
0.0175367
0.0180172
0.018557
0.0191586
0.0198243
0.0205563
0.0213577
0.0222325
0.0231868
0.0242287
0.0253691
0.026621
0.0279984
0.0295158
0.0311874
0.0330269
0.0350474
0.0372615
0.0396802
0.0423108
0.0451533
0.0481972
0.0514089
0.0547252
0.0580473
0.0612402
0.0641392
0.066567
0.068359
0.0693882
0.0695829
0.0689319
0.0674872
0.0653573
0.0626802
0.0596211
0.0563497
0.0530039
0.0496841
0.0464818
0.0434397
0.0405828
0.0379466
0.0355224
0.0332974
0.0312614
0.0294078
0.0277293
0.0262153
0.0248531
0.023629
0.0225278
0.0215342
0.0206344
0.0198177
0.0190758
0.0183998
0.0177799
0.0172047
0.0166639
0.0161511
0.0156653
0.0152117
0.0147997
0.0144393
0.0141385
0.0139016
0.0137289
0.0136181
0.0135666
0.0152478
0.0152801
0.0153401
0.015431
0.0155557
0.0157174
0.0159194
0.0161653
0.0164582
0.0168012
0.017197
0.0176483
0.0181571
0.0187255
0.0193553
0.0200488
0.0208091
0.0216412
0.0225523
0.0235521
0.0246524
0.0258662
0.0272074
0.0286896
0.0303267
0.032134
0.0341288
0.0363317
0.0387653
0.0414514
0.0444044
0.0476301
0.0511081
0.0547791
0.0585381
0.0622276
0.0656414
0.0685457
0.0707168
0.0719814
0.0722391
0.0714708
0.0697402
0.0672011
0.064045
0.0604865
0.0567439
0.052991
0.0493417
0.0458977
0.0426894
0.0397113
0.0370018
0.0345457
0.0323221
0.0303133
0.0285036
0.0268772
0.0254189
0.0241133
0.0229436
0.0218919
0.0209403
0.0200747
0.0192858
0.0185681
0.0179167
0.0173242
0.0167801
0.0162732
0.0157944
0.0153402
0.0149138
0.0145232
0.014179
0.0138902
0.0136621
0.0134961
0.0133903
0.0133422
0.0150427
0.0150722
0.0151244
0.0152032
0.0153116
0.0154532
0.0156318
0.0158511
0.016115
0.0164267
0.0167894
0.0172056
0.017677
0.0182051
0.0187915
0.0194383
0.0201492
0.02093
0.0217889
0.0227365
0.023785
0.024947
0.0262352
0.0276626
0.0292434
0.0309958
0.0329435
0.0351168
0.0375524
0.0402886
0.043359
0.0467798
0.0505683
0.0546724
0.0589897
0.0633419
0.0674662
0.0710413
0.0737506
0.0753524
0.0757048
0.074777
0.0726406
0.0695165
0.0656878
0.0614512
0.057089
0.0528157
0.0487561
0.045019
0.0416274
0.0385445
0.035779
0.0333104
0.0311076
0.0291446
0.0273975
0.0258422
0.0244557
0.023218
0.0221095
0.0211115
0.0202064
0.0193817
0.0186304
0.0179495
0.0173359
0.0167829
0.0162798
0.0158133
0.0153727
0.0149526
0.014555
0.0141883
0.0138635
0.0135904
0.013375
0.0132191
0.0131207
0.0130769
0.0148019
0.0148281
0.0148715
0.0149367
0.015027
0.0151462
0.0152983
0.0154877
0.0157186
0.0159948
0.0163195
0.016695
0.017123
0.0176045
0.0181406
0.0187337
0.0193876
0.0201087
0.020906
0.0217902
0.0227728
0.0238654
0.0250794
0.026427
0.027924
0.0295923
0.0314631
0.0335779
0.0359872
0.0387465
0.0419096
0.0455171
0.0496451
0.0542521
0.0592632
0.0644901
0.0695936
0.0741134
0.0775807
0.0796549
0.0801489
0.0790046
0.0763009
0.0723438
0.0675671
0.0624132
0.0572587
0.0523567
0.0478288
0.0437611
0.0401896
0.0370279
0.0342453
0.0318029
0.0296549
0.0277632
0.0260961
0.0246239
0.0233192
0.0221581
0.0211194
0.0201838
0.0193352
0.0185633
0.017863
0.0172327
0.0166695
0.0161663
0.015711
0.0152892
0.0148888
0.0145042
0.0141375
0.0137977
0.0134961
0.0132431
0.0130447
0.0129022
0.0128133
0.0127745
0.0145263
0.0145488
0.0145828
0.0146335
0.0147043
0.0147992
0.0149228
0.0150797
0.0152745
0.0155114
0.0157937
0.0161238
0.016503
0.0169321
0.017412
0.0179449
0.0185348
0.0191884
0.0199143
0.0207224
0.021623
0.0226257
0.0237405
0.0249793
0.0263597
0.0279081
0.0296632
0.0316766
0.0340122
0.0367438
0.0399461
0.0436674
0.048144
0.0532908
0.0591313
0.0655001
0.0719613
0.0778222
0.0823482
0.0850746
0.0857801
0.0843521
0.0808687
0.0757347
0.0696195
0.0632135
0.057051
0.0514163
0.0464101
0.0420778
0.0383069
0.035094
0.0323431
0.0299772
0.0279296
0.0261468
0.0245868
0.0232156
0.0220052
0.020932
0.0199748
0.0191149
0.0183375
0.0176334
0.0169986
0.0164316
0.015929
0.0154826
0.0150794
0.0147045
0.0143458
0.0139983
0.0136651
0.0133556
0.0130816
0.0128532
0.0126758
0.0125496
0.0124718
0.0124382
0.0142174
0.0142359
0.01426
0.0142956
0.0143462
0.0144158
0.0145094
0.0146318
0.0147881
0.0149827
0.0152191
0.0154997
0.0158257
0.0161975
0.0166161
0.0170833
0.017603
0.0181812
0.0188255
0.0195441
0.0203449
0.0212354
0.0222238
0.0233221
0.0245496
0.0259365
0.0275269
0.0293799
0.0315709
0.0341941
0.0373685
0.0412583
0.0458317
0.0514461
0.0582078
0.0660392
0.0743882
0.0821436
0.0881238
0.0917447
0.0928093
0.0910803
0.086542
0.0797018
0.0716845
0.0635858
0.0561632
0.0497067
0.0442376
0.0396816
0.0358539
0.0326737
0.0300212
0.0277892
0.0258922
0.024262
0.0228459
0.0216051
0.0205121
0.0195457
0.0186875
0.0179203
0.0172303
0.0166089
0.0160523
0.0155586
0.0151237
0.0147385
0.0143899
0.0140634
0.0137479
0.0134397
0.013143
0.0128679
0.0126258
0.0124259
0.0122726
0.012165
0.0120992
0.0120709
0.0138764
0.0138908
0.013905
0.0139253
0.0139554
0.0139994
0.0140622
0.0141491
0.0142653
0.0144155
0.0146034
0.0148313
0.0151005
0.0154113
0.0157644
0.0161612
0.0166049
0.0171002
0.0176527
0.018268
0.018951
0.0197067
0.0205416
0.0214671
0.0225034
0.0236822
0.025049
0.0266652
0.0286104
0.0309887
0.0339394
0.0376423
0.0422833
0.0481798
0.0558319
0.0654564
0.0764227
0.0870048
0.0950001
0.0997803
0.101494
0.0995959
0.0937045
0.0842102
0.0733532
0.0630121
0.0541327
0.0468705
0.0410756
0.0364368
0.0327089
0.029703
0.0272563
0.0252357
0.0235444
0.0221093
0.0208738
0.0197965
0.01885
0.0180156
0.0172775
0.016621
0.0160335
0.0155071
0.0150381
0.0146243
0.0142613
0.0139401
0.0136479
0.0133714
0.0131012
0.0128352
0.0125784
0.0123413
0.0121346
0.0119662
0.0118391
0.0117513
0.0116982
0.0116749
0.0135052
0.0135153
0.0135197
0.0135251
0.013535
0.0135536
0.0135857
0.0136368
0.0137122
0.0138168
0.0139544
0.0141277
0.0143377
0.0145847
0.0148691
0.0151917
0.0155542
0.0159594
0.0164102
0.0169089
0.0174573
0.0180574
0.0187137
0.0194362
0.0202436
0.021165
0.0222422
0.023531
0.0251057
0.0270692
0.0295703
0.0328231
0.0371035
0.0427555
0.0508903
0.0625447
0.0776229
0.0933278
0.103798
0.109674
0.112499
0.111008
0.103457
0.0892553
0.0737812
0.060476
0.0501578
0.0424034
0.0365555
0.0321328
0.028734
0.0260848
0.0239866
0.0222872
0.0208821
0.0196999
0.0186885
0.0178105
0.0170416
0.0163654
0.0157687
0.0152392
0.0147663
0.0143435
0.0139679
0.013638
0.0133496
0.0130943
0.0128605
0.0126362
0.0124139
0.0121929
0.0119793
0.011783
0.0116141
0.011479
0.0113791
0.0113115
0.0112708
0.0112524
0.0131056
0.0131114
0.0131064
0.0130975
0.013088
0.013082
0.0130842
0.0130999
0.0131346
0.0131934
0.0132803
0.013398
0.0135476
0.0137294
0.0139429
0.0141881
0.014465
0.0147737
0.015114
0.0154848
0.0158844
0.0163117
0.0167686
0.017262
0.0178059
0.0184223
0.0191418
0.0200059
0.0210716
0.022423
0.0241945
0.0266032
0.0299583
0.0346985
0.0413737
0.0545611
0.0750799
0.0959398
0.109712
0.117304
0.122353
0.126109
0.118755
0.0948294
0.0711826
0.0542751
0.0430944
0.0355636
0.0303323
0.0266006
0.0238639
0.0218018
0.0202125
0.0189521
0.0179222
0.0170589
0.0163204
0.0156792
0.0151174
0.0146229
0.0141855
0.0137956
0.0134456
0.0131317
0.0128531
0.0126093
0.0123975
0.0122102
0.0120368
0.0118671
0.0116954
0.0115221
0.0113538
0.0112002
0.0110702
0.0109687
0.0108959
0.010848
0.0108194
0.0108055
0.0126799
0.0126814
0.0126676
0.0126453
0.0126176
0.0125883
0.0125618
0.0125434
0.0125385
0.0125524
0.0125892
0.0126516
0.0127409
0.0128569
0.0129985
0.0131642
0.0133518
0.0135589
0.0137819
0.0140162
0.0142569
0.0144996
0.0147423
0.0149868
0.0152391
0.0155089
0.0158092
0.0161575
0.0165792
0.0171151
0.0178415
0.0189131
0.0205042
0.0225562
0.0256798
0.0335072
0.0563845
0.0827351
0.102474
0.112956
0.119026
0.131605
0.135287
0.0980723
0.0609844
0.0415249
0.0315841
0.0258487
0.0222289
0.0198159
0.0181408
0.0169245
0.0160114
0.0153013
0.0147252
0.0142391
0.0138169
0.0134443
0.0131132
0.0128176
0.0125515
0.0123093
0.0120873
0.0118853
0.0117054
0.0115496
0.0114161
0.0112986
0.0111879
0.0110752
0.0109561
0.0108322
0.0107105
0.0106
0.0105085
0.0104398
0.0103929
0.0103637
0.0103464
0.0103368
0.0122307
0.0122282
0.0122062
0.0121716
0.0121271
0.0120761
0.0120227
0.0119721
0.0119295
0.0119003
0.0118887
0.0118975
0.0119277
0.0119787
0.0120483
0.0121334
0.0122297
0.0123318
0.0124333
0.0125265
0.0126032
0.0126556
0.0126767
0.012661
0.0126032
0.0124969
0.0123323
0.0120958
0.0117686
0.0113236
0.0107307
0.0100022
0.00900969
0.00634406
-0.000391599
-0.00394359
0.0255954
0.1222
0.141114
0.124599
0.120295
0.133721
0.145378
0.0797055
0.0313812
0.018024
0.0145779
0.0131213
0.0123449
0.0119222
0.0117067
0.011581
0.0114969
0.0114339
0.0113751
0.0113098
0.011235
0.011153
0.0110672
0.0109798
0.0108909
0.0107997
0.0107075
0.0106186
0.0105387
0.010472
0.0104183
0.0103724
0.0103259
0.0102715
0.0102061
0.0101322
0.0100569
0.00998868
0.00993431
0.00989657
0.00987392
0.00986181
0.00985495
0.0098494
0.0117612
0.0117547
0.0117254
0.0116797
0.01162
0.0115492
0.0114711
0.0113906
0.011313
0.0112434
0.0111863
0.0111442
0.0111177
0.0111056
0.0111045
0.0111093
0.0111136
0.0111098
0.0110889
0.0110408
0.0109542
0.0108173
0.0106174
0.0103397
0.00996589
0.00947139
0.00882192
0.00797001
0.00684789
0.00534913
0.00332196
0.000631991
-0.00318523
-0.0104738
-0.023416
-0.0316356
-0.00958398
0.272985
0.457178
0.417538
0.370152
0.281214
0.288148
0.0315509
-0.0262729
-0.017736
-0.00697577
-0.0016285
0.00138686
0.00340656
0.00490163
0.00600806
0.00683806
0.00747604
0.00796854
0.00834625
0.00863401
0.00885236
0.00901737
0.00914029
0.00922838
0.00928737
0.00932426
0.00934813
0.0093684
0.00939149
0.00941841
0.00944468
0.00946298
0.00946711
0.00945513
0.00943041
0.00940008
0.00937219
0.00935263
0.00934345
0.00934273
0.00934605
0.00934859
0.00934696
0.0112749
0.0112647
0.0112288
0.0111732
0.0110999
0.0110113
0.0109109
0.0108033
0.0106938
0.0105875
0.0104885
0.0103992
0.0103198
0.0102476
0.010178
0.0101044
0.0100184
0.00991062
0.00977027
0.00958519
0.00934151
0.00902308
0.00861046
0.00807934
0.00739817
0.00652485
0.00540234
0.00395249
0.00206304
-0.000444315
-0.00381772
-0.00829595
-0.0146999
-0.0261065
-0.0423767
-0.0480351
-0.0368854
1.15514
1.77869
2.84377
2.78359
0.64227
0.680649
-0.0326848
-0.076255
-0.0511063
-0.0278325
-0.0159488
-0.00938935
-0.00500712
-0.00181362
0.000514104
0.00224956
0.00358192
0.00461917
0.00543334
0.00607745
0.00659062
0.00700118
0.00732926
0.00758959
0.0077947
0.00795768
0.00809251
0.0082119
0.0083241
0.00843096
0.00852857
0.00861052
0.00867176
0.00871153
0.00873393
0.0087462
0.00875593
0.00876832
0.00878492
0.00880373
0.0088207
0.00883165
0.00883384
0.0107757
0.010762
0.0107203
0.010656
0.0105705
0.0104661
0.0103459
0.0102144
0.0100766
0.00993752
0.00980115
0.00966935
0.00954129
0.00941329
0.00927915
0.00913068
0.00895835
0.00875154
0.00849845
0.0081854
0.0077959
0.00730938
0.00669979
0.00593382
0.00496854
0.00374787
0.00219711
0.000214888
-0.0023441
-0.00570992
-0.0101869
-0.0160717
-0.0245197
-0.0393088
-0.0586743
-0.0652571
-0.040561
16.5962
9.40511
18.8983
16.8283
1.22295
0.810827
-0.0708329
-0.100283
-0.07214
-0.0439136
-0.0278504
-0.0188566
-0.0126066
-0.00798849
-0.00460467
-0.00206316
-0.000101329
0.00143549
0.00265328
0.0036286
0.00441669
0.00505701
0.00557788
0.00600088
0.00634496
0.00662888
0.00687097
0.00708665
0.0072854
0.00746957
0.00763577
0.00777846
0.00789388
0.00798244
0.00804894
0.00810072
0.00814489
0.00818612
0.00822564
0.00826161
0.00829053
0.00830898
0.00831489
0.0102678
0.0102508
0.010204
0.010132
0.0100359
0.00991755
0.00978003
0.00962759
0.00946527
0.00929792
0.00912911
0.00895998
0.00878862
0.00860999
0.00841648
0.00819874
0.0079465
0.00764875
0.00729321
0.00686507
0.0063453
0.00570908
0.00492444
0.00395089
0.00273762
0.00121994
-0.000686903
-0.00309702
-0.00617359
-0.0101757
-0.0154283
-0.0222382
-0.0318023
-0.0475861
-0.0668174
-0.0760087
-0.0664236
41.384
1162.61
361.104
361.014
1054.02
0.39835
-0.0925839
-0.10392
-0.0813774
-0.0538458
-0.0364914
-0.026308
-0.018865
-0.013273
-0.00910845
-0.00592661
-0.00344465
-0.0014845
8.19428e-05
0.00134732
0.0023785
0.00322371
0.00391816
0.00448943
0.00496187
0.00535892
0.00570224
0.00600904
0.00628947
0.00654612
0.00677612
0.00697499
0.00714032
0.00727373
0.00738068
0.00746845
0.00754373
0.00761071
0.00767043
0.00772135
0.00776069
0.00778582
0.00779533
0.00975563
0.00973579
0.00968436
0.00960541
0.00949988
0.00936937
0.00921685
0.00904656
0.00886351
0.0086724
0.00847629
0.00827542
0.00806663
0.00784348
0.00759714
0.00731754
0.00699422
0.00661635
0.00617167
0.00564448
0.00501332
0.00424969
0.00331709
0.00217042
0.000754947
-0.000997107
-0.00317248
-0.00588548
-0.0092966
-0.013679
-0.0193572
-0.0266043
-0.0363428
-0.051586
-0.0677915
-0.0751359
-0.0673638
56.9233
12015.7
9424.02
9453.09
11801.2
-0.0983798
-0.0956805
-0.0971922
-0.0808872
-0.0573337
-0.0416732
-0.0314302
-0.0235156
-0.0174565
-0.0128299
-0.00921459
-0.00635286
-0.00406666
-0.00222142
-0.000717921
0.000516616
0.00153577
0.00237978
0.00308091
0.0036678
0.00416726
0.00460305
0.00499321
0.005348
0.00567011
0.00595734
0.00620645
0.00641648
0.00659021
0.00673358
0.00685375
0.00695688
0.00704668
0.00712412
0.00718806
0.00723647
0.00726757
0.00728056
0.00924381
0.00922131
0.00916572
0.00908056
0.0089666
0.0088254
0.00865995
0.00847464
0.00827451
0.00806406
0.00784575
0.00761884
0.00737885
0.00711802
0.00682656
0.00649411
0.00611055
0.00566562
0.00514735
0.00453942
0.00381802
0.00295199
0.00190251
0.00062279
-0.000942176
-0.0028599
-0.00521432
-0.00810853
-0.0116624
-0.0161925
-0.02198
-0.0292969
-0.0384664
-0.0528345
-0.0657759
-0.0732456
-0.0666067
72.0998
15457.4
15439
15437.8
15454.8
1.65902
-0.0837599
-0.0863392
-0.0740587
-0.0561894
-0.0439668
-0.0343819
-0.0266137
-0.0205062
-0.0156986
-0.0118542
-0.00876039
-0.00625505
-0.00421016
-0.00252827
-0.00113615
2.14478e-05
0.000987492
0.00179715
0.0024818
0.00307021
0.00358702
0.00405023
0.0044698
0.00484854
0.00518507
0.00547756
0.00572653
0.00593577
0.00611152
0.00626058
0.00638848
0.00649847
0.00659146
0.00666677
0.00672314
0.00675959
0.00677589
0.00873678
0.00871188
0.00865245
0.00856158
0.00843999
0.00828934
0.00811281
0.00791501
0.00770112
0.00747543
0.00723979
0.00699241
0.00672761
0.00643642
0.0061084
0.00573335
0.00530184
0.00480435
0.0042293
0.00356077
0.00277157
0.0018294
0.00069631
-0.000673245
-0.00233105
-0.00434372
-0.00679574
-0.0097863
-0.0132448
-0.0177909
-0.0234265
-0.0304984
-0.0394249
-0.0522638
-0.062571
-0.0690987
-0.0620883
79.7098
15831.2
15834.9
15832.9
15825.8
9.39197
-0.0668509
-0.0742242
-0.0658027
-0.0536742
-0.0446169
-0.0356786
-0.0283904
-0.0225002
-0.0177361
-0.0138337
-0.0106404
-0.00801856
-0.00585383
-0.00405595
-0.00255527
-0.00129796
-0.000239895
0.000654768
0.00141829
0.00207989
0.00266394
0.00318772
0.00366073
0.00408596
0.00446306
0.00479168
0.0050737
0.0053137
0.00551791
0.00569255
0.00584242
0.00597027
0.00607697
0.00616229
0.0062257
0.00626699
0.0062864
0.00823877
0.00821172
0.00814869
0.00805249
0.0079239
0.0077648
0.00757873
0.00737065
0.00714592
0.00690865
0.0066601
0.00639748
0.0061142
0.00580023
0.00544466
0.00503798
0.00457166
0.00403659
0.00342112
0.00271483
0.0018812
0.000889093
-0.000293399
-0.00170752
-0.00339996
-0.00542527
-0.00785647
-0.0107836
-0.014298
-0.018644
-0.0239689
-0.0305915
-0.0387152
-0.0498082
-0.0581756
-0.0637606
-0.0560716
79.2117
15970.5
16169.4
16166.9
15938.8
16.815
-0.0597998
-0.0673076
-0.0600115
-0.0515293
-0.0433352
-0.0356738
-0.0290868
-0.0235627
-0.0190331
-0.0151891
-0.0120024
-0.00935366
-0.00714238
-0.0052879
-0.00372685
-0.00241011
-0.00129072
-0.000335666
0.00048636
0.00120372
0.00183953
0.00240986
0.00292387
0.00338487
0.0037936
0.00415115
0.00446053
0.00472674
0.00495574
0.00515293
0.00532225
0.00546591
0.00558475
0.00567896
0.0057487
0.00579439
0.00581667
0.0077537
0.0077247
0.00765826
0.00755701
0.00742192
0.00725521
0.00706088
0.00684436
0.00661126
0.00636557
0.00610794
0.00583465
0.00553915
0.00521017
0.00483595
0.00440899
0.0039216
0.00336566
0.00272962
0.00199701
0.00113996
0.000127594
-0.00107108
-0.00249029
-0.00416912
-0.00615417
-0.00851162
-0.0113267
-0.0147026
-0.0187905
-0.0237233
-0.0297749
-0.0370084
-0.046702
-0.0541087
-0.0589283
-0.0482538
54.3742
5735.34
9327.7
9292.35
5617.57
20.721
-0.0573326
-0.0643554
-0.0569359
-0.0495633
-0.0419301
-0.0350148
-0.0290326
-0.0239172
-0.0195993
-0.0159433
-0.0128646
-0.0102711
-0.00808055
-0.00622359
-0.00464625
-0.00331342
-0.00216079
-0.00116971
-0.000310197
0.000444539
0.00111573
0.00171764
0.00225997
0.0027461
0.00317785
0.00355756
0.00388902
0.00417724
0.00442763
0.00464457
0.00483105
0.00498873
0.00511839
0.00522061
0.0052961
0.00534582
0.00537071
0.00728499
0.00725416
0.0071845
0.00707847
0.00693731
0.0067637
0.00656223
0.0063388
0.00609939
0.00584803
0.00558489
0.00530561
0.0050021
0.00466377
0.00428031
0.00384405
0.00334833
0.00278537
0.00214345
0.00140513
0.000546089
-0.000461366
-0.00164451
-0.00303167
-0.00465517
-0.00655499
-0.00878875
-0.011432
-0.0145749
-0.0183358
-0.0228219
-0.0282903
-0.0347996
-0.0437649
-0.0521749
-0.0591112
-0.0580593
23.1884
-0.0497139
-0.0457469
-0.0440163
-0.078513
20.7504
-0.0546618
-0.0640669
-0.0560785
-0.0480159
-0.0403292
-0.0338482
-0.028339
-0.0236282
-0.0196126
-0.016193
-0.0132841
-0.0108079
-0.00869466
-0.00688525
-0.00533333
-0.00400075
-0.002848
-0.00184732
-0.000972131
-0.000198799
0.000491658
0.00110914
0.00166792
0.00216931
0.00261622
0.003012
0.00336082
0.00366708
0.00393574
0.00416984
0.00437138
0.00454147
0.00468084
0.00479034
0.00487113
0.00492456
0.00495178
0.00683537
0.00680302
0.00673031
0.00661972
0.00647287
0.00629296
0.00608523
0.0058562
0.00561219
0.00535722
0.00509114
0.00480915
0.00450267
0.00416153
0.00377648
0.0033406
0.0028479
0.00229073
0.00165716
0.00093
8.77311e-05
-0.000892269
-0.00203175
-0.00335361
-0.00488493
-0.0066605
-0.00872851
-0.0111501
-0.0139996
-0.0173758
-0.0213694
-0.0262284
-0.0320466
-0.0402093
-0.0494635
-0.0563563
-0.0609391
-0.0476514
-0.0427232
-0.0418325
-0.0396325
-0.0412676
3.42063
-0.0823964
-0.064481
-0.0558163
-0.0460566
-0.0382001
-0.0321259
-0.027076
-0.0227931
-0.0191325
-0.0159991
-0.0133121
-0.0110018
-0.00901018
-0.00728672
-0.00579328
-0.0044965
-0.00336647
-0.0023779
-0.0015071
-0.000733256
-4.02523e-05
0.000583365
0.00114661
0.00165381
0.00210867
0.00251525
0.00287733
0.00319755
0.00348173
0.00373056
0.00394519
0.00412622
0.00427433
0.00439051
0.00447624
0.00453309
0.00456238
0.00640694
0.0063734
0.00629785
0.00618301
0.00603092
0.00584537
0.00563222
0.00539864
0.00515134
0.00489439
0.00462751
0.00434564
0.00404025
0.00370175
0.00332194
0.00289479
0.00241502
0.00187497
0.0012626
0.000561271
-0.000247757
-0.00118166
-0.00225576
-0.00348633
-0.0048954
-0.00651406
-0.0083817
-0.0105443
-0.0130579
-0.0160043
-0.019458
-0.023629
-0.0285964
-0.0353918
-0.0438154
-0.0494968
-0.0530416
-0.042427
-0.0410017
-0.0391904
-0.0381793
-0.0389493
-0.0465529
-0.0714506
-0.0605783
-0.0520946
-0.042401
-0.0351831
-0.0297587
-0.0252692
-0.0214766
-0.0182248
-0.0154248
-0.0130022
-0.0108971
-0.00906162
-0.00745579
-0.00604871
-0.00481439
-0.00372929
-0.0027724
-0.00192379
-0.00116546
-0.000483277
0.000133162
0.000691619
0.00119726
0.00165435
0.0020668
0.00243798
0.00277057
0.00306709
0.0033281
0.00355384
0.00374444
0.00390036
0.00402273
0.00411309
0.00417307
0.00420416
0.00600121
0.00596676
0.00588866
0.00577
0.00561325
0.00542277
0.00520505
0.00496787
0.00471836
0.00446074
0.00419474
0.00391532
0.00361428
0.00328283
0.00291384
0.00250218
0.00204316
0.00152936
0.000948937
0.000286301
-0.000474515
-0.00134639
-0.00233887
-0.00346104
-0.0047283
-0.00616644
-0.00780717
-0.00968303
-0.011831
-0.014316
-0.0171954
-0.0206188
-0.0246288
-0.0298395
-0.0367225
-0.0421653
-0.0438431
-0.0404129
-0.0393175
-0.0368324
-0.0366274
-0.0403626
-0.0455579
-0.0543006
-0.0518885
-0.0451802
-0.0371433
-0.0312886
-0.026773
-0.022981
-0.0197549
-0.0169649
-0.0145376
-0.012412
-0.0105412
-0.00888815
-0.0074237
-0.00612513
-0.00497404
-0.00395278
-0.0030447
-0.00223368
-0.00150463
-0.000845218
-0.000246104
0.000299791
0.000797905
0.00125254
0.00166712
0.00204426
0.00238558
0.00269187
0.00296281
0.00319785
0.0033967
0.00355965
0.00368774
0.00378248
0.00384535
0.00387784
0.00561896
0.00558391
0.00550363
0.00538171
0.00522102
0.00502644
0.00480506
0.00456522
0.00431447
0.00405726
0.00379348
0.00351834
0.00322422
0.00290327
0.00254941
0.00215837
0.00172582
0.00124468
0.000703911
8.98671e-05
-0.000610441
-0.00140655
-0.00230409
-0.00330666
-0.00442204
-0.00566739
-0.00706583
-0.00863843
-0.0104027
-0.0124025
-0.0146834
-0.0173442
-0.0203937
-0.024122
-0.0292188
-0.0341553
-0.036901
-0.0369082
-0.0357847
-0.0331575
-0.0338057
-0.0382296
-0.0419375
-0.0454155
-0.0433731
-0.0372946
-0.0311826
-0.0268388
-0.0233428
-0.0203379
-0.0177329
-0.0154404
-0.0134113
-0.011603
-0.00998465
-0.00853102
-0.00722418
-0.00605038
-0.0049982
-0.00405569
-0.00321038
-0.00244953
-0.00176084
-0.00113367
-0.000559634
-3.21676e-05
0.000453835
0.000902239
0.00131568
0.00169569
0.00204267
0.00235605
0.00263463
0.00287719
0.00308304
0.00325224
0.00338561
0.00348444
0.00354994
0.00358336
0.00526032
0.00522496
0.005143
0.00501852
0.00485478
0.00465709
0.00443309
0.0041916
0.00394055
0.00368471
0.0034242
0.00315472
0.00286944
0.00256154
0.002226
0.00185928
0.00145721
0.00101291
0.00051648
-4.31412e-05
-0.000675293
-0.00138619
-0.00217894
-0.0030544
-0.00401407
-0.00506502
-0.00622055
-0.00749129
-0.00887478
-0.0103827
-0.0120431
-0.0139286
-0.0160231
-0.0183892
-0.0216178
-0.0252035
-0.0279122
-0.0288449
-0.0273369
-0.0249318
-0.0262913
-0.0314521
-0.0356508
-0.0369545
-0.0340192
-0.0291279
-0.0250622
-0.0221683
-0.0197003
-0.0175039
-0.0155346
-0.0137482
-0.0121233
-0.0106385
-0.00927852
-0.00803218
-0.00689212
-0.00585341
-0.00491091
-0.00405793
-0.00328571
-0.00258446
-0.00194423
-0.00135603
-0.0008124
-0.000307525
0.000162988
0.000602141
0.00101154
0.00139153
0.00174124
0.00205904
0.00234297
0.00259129
0.00280289
0.00297753
0.00311568
0.00321823
0.00328602
0.00331997
0.00492478
0.00488943
0.00480636
0.00468019
0.00451445
0.00431483
0.0040894
0.00384739
0.00359707
0.0033435
0.00308718
0.00282442
0.00254926
0.00225605
0.00194086
0.0016008
0.00123188
0.000827236
0.000377846
-0.000124829
-0.000686196
-0.00130851
-0.00199239
-0.0027373
-0.00354091
-0.00440171
-0.00532408
-0.00631314
-0.00735553
-0.00842643
-0.00951171
-0.0106643
-0.0118702
-0.0130041
-0.0144431
-0.0161061
-0.0170266
-0.0167579
-0.0144753
-0.0117974
-0.0136128
-0.0195269
-0.0243662
-0.0256213
-0.0238012
-0.0211439
-0.019119
-0.0175632
-0.0160728
-0.0146473
-0.013286
-0.0119855
-0.0107504
-0.0095793
-0.00847279
-0.00743278
-0.00646198
-0.00556301
-0.00473628
-0.00397937
-0.00328677
-0.00265109
-0.00206439
-0.00151917
-0.00100914
-0.000529476
-7.68368e-05
0.000350642
0.000753376
0.0011305
0.00148012
0.00179972
0.00208676
0.00233906
0.00255513
0.00273432
0.00287663
0.00298244
0.0030521
0.00308614
0.00461125
0.00457621
0.00449273
0.00436587
0.00419937
0.00399921
0.00377373
0.00353248
0.00328401
0.00303371
0.00278248
0.00252726
0.00226307
0.00198538
0.00169134
0.00137888
0.00104431
0.000680926
0.000280225
-0.00016457
-0.000655645
-0.0011914
-0.00176939
-0.00238708
-0.0030391
-0.0037167
-0.0044143
-0.00513277
-0.00586413
-0.0065726
-0.00718614
-0.00768813
-0.00811449
-0.00824044
-0.00816426
-0.00770319
-0.00687181
-0.0047615
-0.0013551
0.00163365
-0.000173808
-0.00615997
-0.0114173
-0.013889
-0.0142604
-0.0140008
-0.0137104
-0.0132941
-0.0126636
-0.0119195
-0.0111018
-0.0102409
-0.00936213
-0.00848167
-0.00761382
-0.00677163
-0.00596635
-0.00520659
-0.00449718
-0.00383883
-0.00322855
-0.00266097
-0.00212987
-0.00162928
-0.00115422
-0.00070115
-0.000268012
0.00014576
0.000539388
0.000910948
0.0012577
0.00157656
0.00186451
0.00211901
0.00233819
0.0025209
0.00266659
0.00277502
0.00284601
0.00287972
0.00431818
0.00428376
0.00420062
0.00407421
0.00390838
0.00370922
0.00348527
0.00324625
0.00300093
0.00275499
0.00250978
0.00226292
0.00201028
0.00174838
0.00147536
0.00119
0.00088931
0.000567107
0.000215456
-0.000171343
-0.000593648
-0.0010473
-0.0015272
-0.00202871
-0.00254432
-0.00306027
-0.0035593
-0.00402752
-0.00445877
-0.00484833
-0.00513103
-0.00518003
-0.00498746
-0.00442878
-0.00347595
-0.00201605
0.000270243
0.00368636
0.00786042
0.0110373
0.00956615
0.00413727
-0.00115698
-0.00473515
-0.00686206
-0.00828153
-0.00916451
-0.00959126
-0.00963411
-0.0094405
-0.00907432
-0.0085868
-0.00801707
-0.00739392
-0.0067423
-0.00608342
-0.00543473
-0.0048091
-0.00421428
-0.00365304
-0.00312422
-0.00262412
-0.0021481
-0.00169176
-0.00125164
-0.000825658
-0.000413159
-1.48672e-05
0.000367366
0.000730773
0.00107204
0.00138768
0.00167438
0.00192927
0.00215006
0.00233508
0.00248314
0.00259335
0.00266504
0.00269796
0.00404362
0.00401011
0.00392817
0.00380346
0.00363985
0.00344344
0.00322277
0.00298762
0.00274692
0.00250658
0.00226843
0.00203072
0.00179015
0.00154406
0.00129141
0.00103176
0.000762993
0.000479919
0.000175602
-0.000154761
-0.000510614
-0.000886511
-0.00127565
-0.001672
-0.00206809
-0.00245152
-0.0028024
-0.00308981
-0.00327833
-0.00336378
-0.00334927
-0.0031078
-0.00258699
-0.00163509
-0.000219628
0.00168533
0.00437833
0.00805226
0.0122201
0.0152306
0.0142212
0.00967207
0.00481326
0.000881224
-0.00199012
-0.00408723
-0.00561035
-0.00658484
-0.00707836
-0.00728608
-0.00726612
-0.00707544
-0.0067595
-0.00635447
-0.00589169
-0.00539733
-0.00489234
-0.00439186
-0.00390511
-0.00343603
-0.00298469
-0.00254879
-0.00212526
-0.00171132
-0.00130514
-0.000906176
-0.000515154
-0.00013394
0.000234758
0.000587596
0.000920904
0.00123098
0.00151428
0.00176766
0.00198841
0.00217428
0.00232343
0.0024344
0.00250601
0.00253768
0.00378538
0.00375307
0.0036732
0.00355155
0.00339186
0.00320007
0.0029846
0.00275516
0.0025207
0.00228736
0.00205738
0.00182967
0.00160164
0.00137134
0.00113828
0.000902631
0.000663123
0.000415778
0.000154977
-0.000123162
-0.000417565
-0.000722046
-0.00102807
-0.00132719
-0.00161057
-0.00186819
-0.00208773
-0.00224479
-0.00228974
-0.00217736
-0.00190835
-0.00148009
-0.000782937
0.00030653
0.00183734
0.003769
0.00626483
0.00949174
0.0130334
0.0155363
0.0148791
0.0113549
0.00732243
0.00374322
0.000892485
-0.00133542
-0.00303434
-0.0042003
-0.00500584
-0.00548397
-0.00570806
-0.00573739
-0.00561875
-0.0053909
-0.00508741
-0.0047362
-0.00435916
-0.00397179
-0.00358353
-0.0031988
-0.00281848
-0.00244156
-0.00206646
-0.0016921
-0.00131831
-0.000945993
-0.000577106
-0.000214411
0.000138792
0.000478834
0.000801886
0.00110414
0.00138191
0.00163178
0.0018506
0.00203558
0.00218431
0.00229479
0.00236542
0.0023954
0.00354111
0.00351028
0.00343343
0.00331625
0.00316224
0.00297707
0.00276885
0.0025471
0.0023207
0.00209589
0.00187531
0.00165844
0.0014434
0.00122878
0.00101455
0.000801256
0.000588362
0.000373094
0.00015121
-8.03708e-05
-0.000320796
-0.000564372
-0.000801812
-0.00102216
-0.00121377
-0.00136557
-0.00146824
-0.00150876
-0.00145337
-0.00124119
-0.000843793
-0.000285917
0.000490408
0.00157462
0.00301241
0.00473812
0.00679123
0.00929838
0.0119488
0.0137726
0.0133324
0.0108107
0.00774363
0.00485167
0.00241061
0.000372078
-0.00127971
-0.00251525
-0.00341499
-0.00403141
-0.00440502
-0.00458391
-0.00460999
-0.0045201
-0.00434659
-0.00411619
-0.00384956
-0.00356108
-0.00325954
-0.00294929
-0.00263187
-0.00230741
-0.00197591
-0.00163788
-0.00129468
-0.000948525
-0.000602308
-0.000259406
7.65532e-05
0.000401791
0.000712461
0.00100473
0.00127479
0.00151897
0.00173374
0.00191584
0.00206238
0.00217092
0.0022396
0.00226747
0.00330851
0.00327939
0.00320651
0.00309526
0.00294877
0.00277227
0.00257345
0.00236149
0.00214506
0.00193046
0.00172062
0.00151552
0.00131386
0.00111475
0.000918483
0.000725917
0.000537093
0.000350386
0.000163086
-2.6846e-05
-0.000219054
-0.000409722
-0.000590925
-0.000750552
-0.00087397
-0.000947686
-0.000961712
-0.000907895
-0.000771848
-0.000514509
-6.9546e-05
0.000535718
0.00131729
0.00232439
0.00358307
0.00502169
0.0066062
0.00840944
0.0101944
0.0113593
0.0110464
0.00938149
0.00720672
0.00503131
0.00308524
0.0013475
-0.000141369
-0.00131957
-0.00222437
-0.00288964
-0.00333953
-0.00361035
-0.00373632
-0.00374955
-0.00367859
-0.00354693
-0.00337245
-0.00316744
-0.0029395
-0.00269271
-0.00242917
-0.00215018
-0.00185718
-0.00155216
-0.0012378
-0.000917289
-0.00059417
-0.000272144
4.50598e-05
0.000353708
0.000650023
0.000930177
0.00119028
0.00142644
0.0016348
0.00181177
0.00195412
0.00205915
0.00212486
0.00215022
0.00308535
0.00305819
0.00299023
0.00288637
0.00274923
0.00258347
0.00239622
0.00219619
0.00199176
0.00178917
0.00159152
0.00139921
0.0012114
0.0010276
0.000848395
0.000674861
0.000507447
0.000345438
0.00018767
3.37449e-05
-0.000115492
-0.000257992
-0.000389256
-0.000499645
-0.000574004
-0.000595911
-0.000551911
-0.000433941
-0.00024229
4.14545e-05
0.000482814
0.00107344
0.00180684
0.00269961
0.00375833
0.00491646
0.00611004
0.00736023
0.00847079
0.00913711
0.00889923
0.00786166
0.00637982
0.00478892
0.00327412
0.00184119
0.000558385
-0.000501544
-0.00135178
-0.00200769
-0.00248216
-0.00280177
-0.00299206
-0.00307909
-0.00308619
-0.00303235
-0.00293189
-0.0027946
-0.0026267
-0.00243205
-0.0022133
-0.00197287
-0.00171349
-0.0014384
-0.00115124
-0.000855862
-0.00055615
-0.000255874
4.13035e-05
0.000331777
0.000611878
0.000877801
0.0011256
0.00135121
0.00155063
0.00172004
0.00185606
0.00195592
0.00201762
0.00204016
0.00286966
0.00284468
0.00278258
0.00268753
0.00256153
0.00240853
0.002235
0.00204903
0.00185862
0.00166986
0.00148595
0.00130756
0.0011342
0.000965672
0.000802785
0.000646805
0.000498421
0.000357383
0.000223435
9.76652e-05
-1.74731e-05
-0.00011957
-0.000206475
-0.000273302
-0.000309247
-0.000298302
-0.00022246
-6.92074e-05
0.000155186
0.000450335
0.000864252
0.00140446
0.00206032
0.00282666
0.00369407
0.00460883
0.00550619
0.00637549
0.00704695
0.00742701
0.0072267
0.00656684
0.00554737
0.00437629
0.00319805
0.00203688
0.000963437
4.3365e-05
-0.000721647
-0.00133422
-0.00180052
-0.00213824
-0.00236604
-0.00250314
-0.00256701
-0.00257179
-0.00252806
-0.00244317
-0.00232218
-0.00216879
-0.00198628
-0.00177807
-0.00154794
-0.00130003
-0.00103861
-0.000767857
-0.00049171
-0.000213844
6.22476e-05
0.000333119
0.000595213
0.000844765
0.00107781
0.00129026
0.00147804
0.00163736
0.00176487
0.00185791
0.00191461
0.0019341
0.0026598
0.0026372
0.00258183
0.00249694
0.00238378
0.00224548
0.00208771
0.00191785
0.0017434
0.00157024
0.0014016
0.00123831
0.0010801
0.000926966
0.000779873
0.000640322
0.000509301
0.000386826
0.000272804
0.000168633
7.78153e-05
4.57919e-06
-4.79754e-05
-7.75833e-05
-8.01162e-05
-4.57758e-05
4.4206e-05
0.000208633
0.000443626
0.000737669
0.00111584
0.00159105
0.0021572
0.00280016
0.00349986
0.00421388
0.00489315
0.00551416
0.00595757
0.00614271
0.00598634
0.0055264
0.00479236
0.00391235
0.002991
0.00206053
0.00117888
0.000398684
-0.000269751
-0.000822549
-0.00126185
-0.00159829
-0.00184437
-0.00201274
-0.00211519
-0.00216133
-0.0021584
-0.00211175
-0.00202556
-0.00190362
-0.00174978
-0.00156827
-0.00136365
-0.00114057
-0.000903588
-0.000656901
-0.000404324
-0.000149333
0.000104781
0.000354728
0.000597056
0.000828075
0.00104388
0.00124047
0.00141393
0.00156065
0.00167753
0.00176218
0.00181299
0.00182929
0.00245455
0.00243449
0.00238666
0.00231313
0.00221434
0.00209252
0.0019524
0.00180054
0.00164387
0.00148795
0.00133597
0.00118889
0.00104653
0.000908967
0.000777219
0.000652991
0.000537719
0.000431941
0.000335722
0.000249907
0.000177265
0.000122604
9.15166e-05
8.79655e-05
0.000112516
0.000166317
0.000261897
0.000421458
0.000648273
0.000929242
0.00127011
0.00167975
0.00215706
0.00268731
0.00324788
0.00380383
0.00432077
0.00477159
0.00507454
0.00517635
0.00504292
0.00469193
0.00413907
0.00346413
0.00273889
0.00199625
0.00127908
0.000627558
5.38691e-05
-0.000435276
-0.000839009
-0.00116263
-0.00141257
-0.00159723
-0.00172278
-0.00179509
-0.00181882
-0.00179786
-0.00173594
-0.00163702
-0.0015055
-0.00134614
-0.0011639
-0.000963653
-0.000749892
-0.000526657
-0.000297518
-6.5718e-05
0.000165641
0.000393404
0.000614234
0.000824566
0.00102067
0.00119879
0.00135534
0.0014871
0.0015914
0.00166627
0.00171047
0.00172353
0.0022531
0.00223575
0.00219611
0.00213496
0.00205186
0.00194808
0.00182731
0.00169517
0.00155787
0.00142059
0.00128645
0.00115649
0.0010306
0.000908809
0.00079206
0.000682077
0.00058063
0.000488976
0.000407919
0.000338213
0.000281139
0.000239741
0.00022017
0.000229756
0.000270759
0.000339228
0.00043837
0.000586264
0.000792591
0.00104962
0.00135254
0.00170235
0.00209925
0.00253152
0.00297806
0.00341039
0.00380233
0.00412976
0.00434117
0.00440527
0.0042895
0.00400858
0.00358179
0.00305886
0.00248729
0.00189532
0.00131452
0.000773643
0.000284955
-0.00014353
-0.000509018
-0.000812741
-0.00105714
-0.00124553
-0.00138106
-0.00146652
-0.00150478
-0.00149894
-0.00145257
-0.00136985
-0.00125554
-0.00111466
-0.000952254
-0.000773069
-0.000581371
-0.000380903
-0.000174961
3.34293e-05
0.000241323
0.000445692
0.000643341
0.000830914
0.00100498
0.00116222
0.00129953
0.00141427
0.00150435
0.00156832
0.00160536
0.00161528
0.0020552
0.00204064
0.00200967
0.00196165
0.00189528
0.00181082
0.00171084
0.00159989
0.00148333
0.00136584
0.0012504
0.00113816
0.00102909
0.000923203
0.000821287
0.000724898
0.000635804
0.000555672
0.000486227
0.000429108
0.000385146
0.000354992
0.000342481
0.000356033
0.000401823
0.000476611
0.000576977
0.000712482
0.000893648
0.00111949
0.00138314
0.00167939
0.00200601
0.00235432
0.00270729
0.00304249
0.00333897
0.00357725
0.00372426
0.00376056
0.00366225
0.00344
0.00310957
0.00270302
0.00225275
0.00178095
0.00131065
0.00086216
0.000447011
7.34348e-05
-0.000254076
-0.000533678
-0.000764664
-0.000946879
-0.00108148
-0.00116928
-0.00121223
-0.00121306
-0.00117541
-0.00110363
-0.00100258
-0.000877278
-0.00073256
-0.000572855
-0.000402076
-0.000223637
-4.0585e-05
0.000144233
0.000328002
0.000507834
0.000680737
0.000843672
0.000993663
0.00112795
0.00124411
0.0013402
0.00141482
0.0014671
0.00149669
0.00150363
0.00186105
0.00184935
0.00182727
0.00179279
0.00174378
0.00167954
0.00160148
0.00151293
0.00141819
0.00132132
0.00122511
0.00113076
0.00103842
0.000948162
0.000860718
0.00077748
0.0007
0.000629836
0.000569089
0.000520465
0.000485712
0.000464523
0.000457641
0.000471352
0.000513862
0.000585688
0.000682133
0.000805173
0.000961596
0.00115393
0.00137759
0.00162521
0.00189178
0.00217022
0.0024479
0.00270778
0.00293347
0.00310814
0.00320947
0.00323075
0.00314808
0.00297344
0.00271759
0.00239983
0.00204257
0.00166387
0.00128041
0.000907067
0.000554135
0.00022966
-6.05765e-05
-0.000312597
-0.000523608
-0.000691706
-0.000816512
-0.000898171
-0.000938235
-0.000939436
-0.000905474
-0.000840743
-0.000749985
-0.000637939
-0.000509061
-0.000367361
-0.000216367
-5.91988e-05
0.000101302
0.000262423
0.00042148
0.000575767
0.000722588
0.000859343
0.000983645
0.00109344
0.0011871
0.00126347
0.00132187
0.00136206
0.00138414
0.00138839
0.00167138
0.00166251
0.00164928
0.00162831
0.00159683
0.00155325
0.00149779
0.00143246
0.00136035
0.00128467
0.00120786
0.00113116
0.00105492
0.000979397
0.000905407
0.000834359
0.000767687
0.000706629
0.000653
0.000609873
0.000580202
0.000564398
0.000561536
0.000574568
0.000610619
0.000673225
0.000759821
0.000868806
0.00100233
0.00116285
0.00134821
0.00155196
0.00176795
0.00198963
0.00220744
0.00240874
0.00258077
0.00271066
0.00278329
0.00279448
0.00272705
0.00258965
0.00238896
0.00213804
0.00185227
0.00154513
0.00122931
0.000916539
0.000616204
0.000336204
8.29624e-05
-0.000138465
-0.000324289
-0.000472049
-0.000580233
-0.00064954
-0.00068142
-0.000678653
-0.000644936
-0.00058451
-0.0005018
-0.000401113
-0.000286436
-0.000161345
-2.90277e-05
0.00010763
0.000245935
0.000383299
0.000517193
0.000645173
0.000764946
0.000874474
0.000972075
0.0010565
0.00112698
0.00118319
0.00122517
0.0012533
0.00126808
0.00126997
0.00148733
0.00148123
0.00147645
0.00146849
0.00145412
0.00143101
0.00139829
0.00135654
0.00130747
0.00125327
0.00119581
0.00113627
0.00107519
0.00101302
0.000950823
0.000890215
0.000832782
0.000779621
0.000732047
0.000692757
0.000665244
0.000651174
0.000649726
0.000661459
0.000690858
0.000742106
0.000815167
0.00090813
0.00102028
0.00115239
0.00130336
0.00146852
0.00164205
0.00181785
0.0019884
0.00214443
0.00227601
0.00237327
0.00242551
0.00243106
0.00237532
0.00226521
0.00210511
0.00190377
0.00167184
0.00141968
0.0011575
0.000894983
0.000640779
0.000402509
0.000186654
-1.54652e-06
-0.000158194
-0.000280823
-0.00036838
-0.000421567
-0.000442062
-0.000432709
-0.000397072
-0.00033908
-0.000262714
-0.000171788
-6.98249e-05
3.9972e-05
0.000154677
0.00027157
0.00038808
0.000501753
0.000610284
0.000711583
0.00080387
0.000885774
0.000956405
0.00101537
0.00106276
0.00109905
0.00112499
0.00114149
0.00114942
0.00114938
0.00131042
0.00130692
0.00130988
0.00131391
0.00131558
0.00131206
0.00130145
0.00128295
0.00125682
0.00122399
0.00118563
0.00114266
0.0010957
0.00104544
0.000993162
0.000940826
0.00089041
0.000843213
0.000800263
0.000763625
0.00073659
0.000721649
0.000718905
0.000728053
0.000751231
0.000791585
0.000850361
0.000926589
0.00101873
0.00112605
0.00124744
0.00137959
0.00151772
0.00165642
0.00178961
0.0019102
0.00201056
0.00208305
0.00212004
0.0021192
0.00207147
0.00198046
0.0018494
0.00168437
0.00149324
0.0012844
0.00106635
0.000847459
0.000635526
0.000437565
0.000259571
0.000106275
-1.89684e-05
-0.000114234
-0.000179017
-0.000214331
-0.000221994
-0.000204806
-0.000166062
-0.000109273
-3.79384e-05
4.45911e-05
0.000135179
0.000230898
0.000329
0.000426886
0.000522105
0.000612389
0.000695741
0.000770525
0.000835571
0.000890247
0.000934482
0.00096874
0.000993928
0.00101127
0.00102212
0.00102784
0.00102959
0.00102805
0.00114234
0.00114124
0.00115088
0.0011654
0.0011814
0.00119576
0.00120578
0.00120937
0.00120529
0.00119317
0.00117328
0.00114614
0.00111234
0.0010727
0.00102869
0.000982592
0.000936891
0.000893377
0.000853152
0.000817803
0.0007901
0.000772734
0.00076664
0.000771661
0.000788583
0.000819176
0.00086469
0.00092496
0.000998629
0.00108433
0.00118062
0.00128492
0.00139341
0.00150157
0.00160437
0.0016962
0.00177107
0.00182298
0.00184573
0.00184096
0.00179633
0.00171797
0.00160776
0.00147031
0.0013118
0.00113919
0.00095973
0.000780656
0.000608749
0.000450067
0.000309671
0.000191425
9.78118e-05
3.00069e-05
-1.20926e-05
-2.94427e-05
-2.42197e-05
1.01109e-06
4.33314e-05
9.96726e-05
0.000166969
0.000242241
0.000322623
0.000405365
0.000487831
0.000567528
0.000642159
0.000709719
0.000768607
0.000817729
0.000856586
0.000885308
0.000904631
0.000915812
0.000920492
0.000920519
0.000917759
0.000913914
0.000910339
0.000907761
0.000984795
0.000985824
0.00100085
0.00102392
0.00105191
0.00108168
0.00110992
0.00113345
0.00114966
0.00115685
0.00115429
0.00114199
0.00112039
0.00109034
0.0010534
0.00101204
0.000969201
0.000927314
0.000887867
0.000852277
0.000822817
0.00080202
0.000791279
0.000790827
0.000800965
0.000822452
0.000856044
0.000901756
0.00095864
0.00102526
0.00109997
0.00118051
0.00126383
0.0013462
0.00142346
0.00149113
0.00154453
0.00157913
0.00159078
0.00157756
0.00153579
0.00146704
0.00137346
0.00125896
0.00112867
0.00098845
0.000844437
0.000702691
0.000568819
0.000447698
0.000343257
0.000258332
0.000194575
0.000152465
0.000131528
0.000130553
0.000147606
0.000180319
0.000226146
0.000282401
0.000346347
0.000415247
0.000486394
0.000557136
0.000624923
0.000687386
0.000742446
0.000788437
0.000824232
0.000849335
0.000863936
0.000868901
0.0008657
0.000856277
0.000842877
0.000827841
0.000813403
0.000801502
0.000793608
0.00079043
0.000839309
0.000842143
0.000861063
0.000890406
0.000927542
0.000969501
0.00101264
0.00105298
0.00108675
0.00111106
0.00112416
0.00112543
0.00111506
0.00109386
0.00106333
0.00102597
0.000984996
0.00094341
0.000903267
0.000866104
0.000833877
0.000808861
0.000792608
0.000785686
0.000788307
0.000800732
0.000823204
0.00085559
0.000897156
0.000946601
0.00100229
0.00106219
0.00112377
0.00118399
0.00123948
0.00128667
0.00132196
0.00134197
0.00134373
0.00132545
0.00128582
0.00122579
0.00114737
0.00105392
0.000949732
0.000839649
0.000728682
0.000621673
0.000522998
0.000436329
0.000364485
0.000309361
0.000271908
0.000252176
0.000249485
0.000262595
0.000289691
0.000328784
0.00037762
0.000433779
0.000494723
0.000557844
0.000620509
0.000680125
0.000734237
0.000780651
0.000817571
0.00084374
0.000858553
0.00086212
0.000855287
0.000839577
0.000817076
0.000790273
0.000761858
0.00073451
0.000710693
0.000692471
0.000681351
0.000677974
0.000706974
0.000711251
0.000732498
0.000765667
0.00080873
0.00085906
0.000912973
0.00096603
0.0010137
0.00105212
0.00107864
0.00109195
0.00109189
0.00107909
0.00105494
0.00102175
0.000982737
0.000941237
0.000899864
0.000860463
0.000824872
0.000795144
0.000772863
0.000758814
0.000753274
0.000756327
0.000767912
0.00078774
0.000815108
0.000848869
0.000887538
0.000929325
0.000972121
0.00101348
0.00105073
0.00108111
0.00110193
0.00111076
0.00110557
0.00108527
0.00104936
0.000998877
0.00093565
0.000862496
0.000782908
0.000700731
0.00061986
0.000543965
0.00047627
0.00041939
0.000375232
0.000344986
0.000329133
0.000327518
0.000339419
0.000363721
0.000398638
0.000442621
0.000493582
0.000549245
0.000607167
0.000664789
0.000719513
0.000768814
0.000810372
0.000842227
0.00086293
0.000871669
0.000868363
0.000853692
0.000829069
0.000796548
0.000758678
0.000718322
0.000678443
0.000641902
0.000611254
0.000588584
0.000575365
0.000572137
0.000588244
0.000593584
0.000615627
0.000650174
0.000695811
0.000750352
0.00081033
0.000871268
0.000928326
0.000977074
0.00101416
0.00103766
0.00104695
0.0010424
0.00102513
0.000997108
0.000961245
0.000920888
0.000878989
0.000837737
0.000799001
0.000764694
0.000736402
0.000715074
0.00070112
0.000694639
0.000695499
0.000703345
0.000717507
0.000737001
0.000760557
0.000786667
0.00081361
0.000839462
0.000862174
0.000879685
0.000890046
0.000891579
0.000882992
0.00086371
0.000833666
0.000793876
0.000745916
0.000692034
0.000634929
0.000577501
0.000522627
0.000472959
0.000430775
0.000397875
0.000375532
0.000364491
0.000364995
0.000376821
0.000399331
0.000431447
0.000471917
0.000519009
0.00057083
0.000625192
0.000679688
0.000731786
0.000778937
0.000818725
0.000849027
0.000868173
0.000875091
0.000869416
0.000851548
0.000822641
0.000784548
0.000739691
0.000690903
0.000641237
0.000593759
0.000551354
0.000516546
0.000491348
0.00047714
0.000474336
0.000482792
0.000488806
0.00051025
0.000543904
0.000588897
0.0006435
0.00070467
0.000768276
0.000829654
0.000884294
0.000928511
0.000959883
0.000977327
0.000980821
0.000971114
0.000949697
0.000918918
0.000881768
0.00084121
0.000799643
0.000759027
0.000721198
0.000687763
0.000659824
0.00063799
0.000622481
0.000613275
0.000610086
0.000612367
0.000619325
0.000629944
0.00064302
0.000657203
0.000671027
0.000682961
0.000691505
0.00069528
0.000693155
0.000684321
0.000668471
0.000645757
0.000617007
0.000583454
0.000546775
0.000508931
0.000471999
0.000438014
0.000408835
0.000386047
0.000370905
0.000364298
0.000366749
0.000378423
0.000399129
0.000428337
0.000465137
0.000508373
0.000556435
0.00060747
0.000659332
0.000709649
0.000755943
0.000795774
0.000826901
0.000847457
0.000856098
0.00085213
0.000835588
0.000807258
0.000768641
0.000721859
0.000669522
0.000614557
0.000560024
0.000508925
0.000464033
0.000427728
0.000401875
0.000387719
0.000385536
0.000389487
0.00039576
0.000415418
0.000446229
0.000487743
0.00053866
0.000596485
0.000657724
0.000718306
0.000774114
0.000821531
0.000857907
0.000881746
0.000892587
0.000890719
0.000877059
0.00085326
0.000821673
0.000784928
0.000745395
0.000705069
0.000665753
0.000629068
0.000596268
0.000568167
0.000545213
0.000527571
0.000515139
0.000507576
0.000504324
0.000504633
0.000507603
0.000512219
0.000517391
0.000522001
0.000524961
0.00052529
0.000522202
0.000515157
0.000503958
0.000488756
0.000470127
0.000448936
0.000426332
0.000403658
0.000382334
0.00036376
0.000349234
0.000339884
0.000336631
0.000340163
0.000350916
0.000369054
0.000394453
0.000426682
0.000464983
0.000508194
0.000554853
0.00060315
0.000651
0.000696122
0.000736171
0.000768896
0.000792308
0.000804838
0.000805476
0.000793868
0.000770361
0.000736002
0.00069247
0.000641979
0.000587132
0.000530765
0.000475772
0.000424944
0.000380819
0.000345545
0.00032078
0.000307603
0.000306152
0.000306496
0.000312586
0.00032951
0.000355946
0.000391726
0.000435931
0.000486672
0.000541252
0.000596455
0.000648894
0.000695391
0.000733356
0.000761046
0.000777587
0.000782789
0.000777001
0.000761156
0.00073685
0.000706142
0.000671132
0.000633713
0.000595625
0.000558477
0.000523611
0.000492026
0.000464398
0.000441105
0.000422266
0.000407768
0.000397296
0.00039036
0.000386331
0.000384481
0.000384018
0.000384127
0.000384015
0.00038296
0.000380377
0.000375855
0.00036922
0.000360498
0.000350033
0.000338352
0.000326178
0.000314374
0.000303879
0.000295649
0.000290599
0.000289567
0.000293271
0.000302289
0.000317017
0.000337636
0.000364076
0.000395976
0.000432655
0.000473073
0.000515834
0.000559258
0.000601409
0.000640194
0.000673505
0.000699373
0.000716119
0.000722502
0.000717819
0.000701983
0.00067554
0.000639641
0.000595973
0.000546653
0.000494096
0.000440872
0.000389559
0.000342611
0.00030223
0.000270262
0.000248114
0.00023669
0.000236
0.000231517
0.000236968
0.000250469
0.000271462
0.000299949
0.000335348
0.000376368
0.000421127
0.000467337
0.000512497
0.000554098
0.000589876
0.000618053
0.000637482
0.000647588
0.000648257
0.000639828
0.000623196
0.000599775
0.000571233
0.000539221
0.000505302
0.000470985
0.000437613
0.000406252
0.000377706
0.000352513
0.000330964
0.000313136
0.000298916
0.000288032
0.000280083
0.000274575
0.00027095
0.000268627
0.000267026
0.000265611
0.000263928
0.000261634
0.000258533
0.000254567
0.000249871
0.000244718
0.000239518
0.00023479
0.000231133
0.000229186
0.000229596
0.000232988
0.00023993
0.000250899
0.000266243
0.000286134
0.000310528
0.00033912
0.00037133
0.000406233
0.000442624
0.000479038
0.000513804
0.000545138
0.000571277
0.000590615
0.000601831
0.000604003
0.000596692
0.000579981
0.000554481
0.000521295
0.000481946
0.000438282
0.000392363
0.000346348
0.000302374
0.000262451
0.000228372
0.000201628
0.000183348
0.00017426
0.000174275
0.000162108
0.00016649
0.000176152
0.000191103
0.000211452
0.00023692
0.000266742
0.000299738
0.000334446
0.000369233
0.000402362
0.000432082
0.000456817
0.000475363
0.000486967
0.000491269
0.000488249
0.000478293
0.000462241
0.000441275
0.000416669
0.00038969
0.000361588
0.000333524
0.000306483
0.000281226
0.000258313
0.000238102
0.000220769
0.000206333
0.000194682
0.000185594
0.000178772
0.000173861
0.000170475
0.000168226
0.000166738
0.000165683
0.000164792
0.000163886
0.000162852
0.000161709
0.00016056
0.0001596
0.000159106
0.000159424
0.000160946
0.000164091
0.000169284
0.000176928
0.000187371
0.000200874
0.000217564
0.000237403
0.000260152
0.000285353
0.000312314
0.00034008
0.000367554
0.000393447
0.000416399
0.000435086
0.000448322
0.000455165
0.000454993
0.000447558
0.000433017
0.000411916
0.000385164
0.000353971
0.00031977
0.000284136
0.000248696
0.00021505
0.00018469
0.000158938
0.000138895
0.000125395
0.000119004
0.000119582
9.60912e-05
9.90421e-05
0.000104719
0.000113432
0.000125395
0.000140606
0.000158687
0.000178946
0.000200549
0.000222633
0.000244257
0.00026433
0.000281677
0.000295285
0.0003045
0.000309007
0.000308702
0.000303687
0.000294373
0.000281467
0.000265771
0.000248077
0.000229219
0.000209976
0.000191039
0.000172963
0.000156169
0.000140952
0.000127492
0.000115864
0.000106062
9.80124e-05
9.15918e-05
8.66388e-05
8.29702e-05
8.03944e-05
7.87219e-05
7.77777e-05
7.74101e-05
7.75003e-05
7.79586e-05
7.87488e-05
7.98752e-05
8.13851e-05
8.33681e-05
8.59525e-05
8.92997e-05
9.35955e-05
9.90396e-05
0.00010583
0.000114145
0.000124116
0.000135803
0.000149169
0.000164063
0.000180211
0.000197216
0.000214546
0.000231566
0.000247474
0.00026142
0.000272581
0.000280229
0.000283795
0.000282918
0.000277477
0.000267603
0.000253672
0.000236284
0.000216215
0.000194378
0.000171765
0.000149391
0.000128251
0.000109266
9.32508e-05
8.0886e-05
7.26995e-05
6.90992e-05
6.9987e-05
3.18728e-05
3.31053e-05
3.48632e-05
3.73411e-05
4.0961e-05
4.60091e-05
5.23222e-05
5.94041e-05
6.68186e-05
7.44301e-05
8.22157e-05
8.98723e-05
9.67311e-05
0.000102127
0.000105779
0.00010772
0.000107978
0.0001065
0.000103367
9.88781e-05
9.32498e-05
8.66074e-05
7.92152e-05
7.1335e-05
6.32107e-05
5.50448e-05
4.70098e-05
3.92483e-05
3.1871e-05
2.49631e-05
1.85939e-05
1.28218e-05
7.69771e-06
3.26558e-06
-4.35453e-07
-3.37091e-06
-5.51253e-06
-6.84043e-06
-7.34629e-06
-7.03711e-06
-5.94014e-06
-4.09602e-06
-1.56282e-06
1.58646e-06
5.26847e-06
9.39547e-06
1.38823e-05
1.86528e-05
2.36447e-05
2.88124e-05
3.41265e-05
3.95695e-05
4.51276e-05
5.07832e-05
5.65083e-05
6.2272e-05
6.7935e-05
7.35874e-05
7.92169e-05
8.45247e-05
8.92155e-05
9.29954e-05
9.55986e-05
9.68116e-05
9.64931e-05
9.45876e-05
9.11317e-05
8.62523e-05
8.0158e-05
7.31242e-05
6.54751e-05
5.75635e-05
4.97506e-05
4.23872e-05
3.57982e-05
3.0269e-05
2.60383e-05
2.32991e-05
2.22543e-05
2.30084e-05
)
;

boundaryField
{
    lowerWall
    {
        type            fixedFluxPressure;
        gradient        uniform 0;
        value           nonuniform List<scalar> 
80
(
15692.3
15692.3
15692.4
15692.4
15692.4
15692.4
15692.4
15692.4
15692.5
15692.5
15692.5
15692.5
15692.5
15692.5
15692.5
15692.5
15692.6
15692.6
15692.6
15692.6
15692.6
15692.6
15692.6
15692.6
15692.6
15692.6
15692.6
15692.6
15692.6
15692.6
15692.6
15692.6
15692.6
15692.6
15692.6
15692.6
15692.6
15692.6
15692.6
15692.6
15692.5
15692.5
15692.5
15692.5
15692.5
15692.5
15692.4
15692.4
15692.4
15692.4
15692.3
15692.3
15692.3
15692.3
15692.2
15692.2
15692.2
15692.2
15692.1
15692.1
15692.1
15692.1
15692
15692
15692
15691.9
15691.9
15691.9
15691.9
15691.8
15691.8
15691.8
15691.8
15691.7
15691.7
15691.7
15691.6
15691.6
15691.6
15691.6
)
;
    }
    rightWall
    {
        type            zeroGradient;
    }
    atmosphere
    {
        type            totalPressure;
        rho             rho;
        psi             none;
        gamma           1;
        p0              uniform 0;
        value           nonuniform List<scalar> 
80
(
0
0
0
0
0
0
0
0
0
0
0
0
0
0
0
0
0
0
0
0
-2.45628e-08
-3.96221e-07
-1.24843e-06
-2.61034e-06
-4.4927e-06
-6.88462e-06
-9.75947e-06
-1.30701e-05
-1.67494e-05
-2.07098e-05
-2.48441e-05
-2.90275e-05
-3.3122e-05
-3.69808e-05
-4.04549e-05
-4.34012e-05
-4.56905e-05
-4.72154e-05
-4.78987e-05
-4.76993e-05
-4.66176e-05
-4.46933e-05
-4.20049e-05
-3.86653e-05
-3.48142e-05
-3.06091e-05
-2.62156e-05
-2.17986e-05
-1.75137e-05
-1.35009e-05
-9.87942e-06
-6.74486e-06
-4.16785e-06
-2.19423e-06
-8.47998e-07
-1.33161e-07
0
0
0
0
0
0
0
0
0
0
0
0
0
0
0
0
0
0
0
0
0
0
0
0
)
;
    }
    leftWall
    {
        type            zeroGradient;
    }
    frontAndBack
    {
        type            empty;
    }
}


// ************************************************************************* //
