/*--------------------------------*- C++ -*----------------------------------*\
| =========                 |                                                 |
| \\      /  F ield         | OpenFOAM: The Open Source CFD Toolbox           |
|  \\    /   O peration     | Version:  2412                                  |
|   \\  /    A nd           | Website:  www.openfoam.com                      |
|    \\/     M anipulation  |                                                 |
\*---------------------------------------------------------------------------*/
FoamFile
{
    version     2.0;
    format      ascii;
    arch        "LSB;label=32;scalar=64";
    class       volScalarField;
    location    "0.3";
    object      p;
}
// * * * * * * * * * * * * * * * * * * * * * * * * * * * * * * * * * * * * * //

dimensions      [1 -1 -2 0 0 0 0];

internalField   nonuniform List<scalar> 
6400
(
7537.99
7537.99
7537.99
7537.99
7538
7538
7538
7538.01
7538.02
7538.02
7538.03
7538.04
7538.05
7538.06
7538.07
7538.08
7538.09
7538.1
7538.11
7538.12
7538.14
7538.15
7538.16
7538.17
7538.18
7538.2
7538.21
7538.22
7538.23
7538.24
7538.25
7538.26
7538.26
7538.27
7538.28
7538.28
7538.29
7538.29
7538.29
7538.29
7538.29
7538.29
7538.28
7538.28
7538.28
7538.27
7538.26
7538.25
7538.24
7538.23
7538.22
7538.21
7538.2
7538.19
7538.18
7538.16
7538.15
7538.14
7538.12
7538.11
7538.1
7538.09
7538.07
7538.06
7538.05
7538.04
7538.03
7538.02
7538.01
7538
7537.99
7537.98
7537.97
7537.97
7537.96
7537.96
7537.96
7537.95
7537.95
7537.95
7150.98
7150.98
7150.99
7150.99
7150.99
7150.99
7151
7151.01
7151.01
7151.02
7151.03
7151.03
7151.04
7151.05
7151.06
7151.07
7151.08
7151.1
7151.11
7151.12
7151.13
7151.14
7151.16
7151.17
7151.18
7151.19
7151.2
7151.21
7151.23
7151.24
7151.24
7151.25
7151.26
7151.27
7151.27
7151.28
7151.28
7151.28
7151.29
7151.29
7151.29
7151.28
7151.28
7151.28
7151.27
7151.27
7151.26
7151.25
7151.24
7151.23
7151.22
7151.21
7151.2
7151.19
7151.17
7151.16
7151.15
7151.13
7151.12
7151.11
7151.09
7151.08
7151.07
7151.06
7151.04
7151.03
7151.02
7151.01
7151
7150.99
7150.98
7150.98
7150.97
7150.96
7150.96
7150.95
7150.95
7150.95
7150.95
7150.95
6763.98
6763.98
6763.98
6763.98
6763.98
6763.99
6763.99
6764
6764.01
6764.01
6764.02
6764.03
6764.04
6764.05
6764.06
6764.07
6764.08
6764.09
6764.1
6764.11
6764.13
6764.14
6764.15
6764.16
6764.18
6764.19
6764.2
6764.21
6764.22
6764.23
6764.24
6764.25
6764.26
6764.26
6764.27
6764.28
6764.28
6764.28
6764.28
6764.28
6764.28
6764.28
6764.28
6764.27
6764.27
6764.26
6764.26
6764.25
6764.24
6764.23
6764.22
6764.21
6764.19
6764.18
6764.17
6764.16
6764.14
6764.13
6764.12
6764.1
6764.09
6764.08
6764.06
6764.05
6764.04
6764.03
6764.02
6764.01
6764
6763.99
6763.98
6763.97
6763.96
6763.96
6763.95
6763.95
6763.94
6763.94
6763.94
6763.94
6376.97
6376.97
6376.97
6376.97
6376.98
6376.98
6376.99
6376.99
6377
6377.01
6377.01
6377.02
6377.03
6377.04
6377.05
6377.06
6377.07
6377.09
6377.1
6377.11
6377.12
6377.14
6377.15
6377.16
6377.17
6377.18
6377.2
6377.21
6377.22
6377.23
6377.24
6377.25
6377.26
6377.26
6377.27
6377.27
6377.28
6377.28
6377.28
6377.28
6377.28
6377.28
6377.28
6377.27
6377.27
6377.26
6377.25
6377.24
6377.24
6377.23
6377.21
6377.2
6377.19
6377.18
6377.16
6377.15
6377.14
6377.12
6377.11
6377.1
6377.08
6377.07
6377.06
6377.04
6377.03
6377.02
6377.01
6377
6376.99
6376.98
6376.97
6376.96
6376.96
6376.95
6376.95
6376.94
6376.94
6376.93
6376.93
6376.93
5989.96
5989.96
5989.96
5989.97
5989.97
5989.97
5989.98
5989.99
5989.99
5990
5990.01
5990.02
5990.02
5990.03
5990.05
5990.06
5990.07
5990.08
5990.09
5990.1
5990.12
5990.13
5990.14
5990.16
5990.17
5990.18
5990.19
5990.21
5990.22
5990.23
5990.24
5990.25
5990.26
5990.26
5990.27
5990.27
5990.28
5990.28
5990.28
5990.28
5990.28
5990.28
5990.28
5990.27
5990.27
5990.26
5990.25
5990.24
5990.23
5990.22
5990.21
5990.2
5990.19
5990.17
5990.16
5990.15
5990.13
5990.12
5990.11
5990.09
5990.08
5990.06
5990.05
5990.04
5990.03
5990.01
5990
5989.99
5989.98
5989.97
5989.96
5989.96
5989.95
5989.94
5989.94
5989.93
5989.93
5989.93
5989.93
5989.92
5602.95
5602.95
5602.96
5602.96
5602.96
5602.97
5602.97
5602.98
5602.98
5602.99
5603
5603.01
5603.02
5603.03
5603.04
5603.05
5603.06
5603.07
5603.09
5603.1
5603.11
5603.13
5603.14
5603.15
5603.17
5603.18
5603.19
5603.2
5603.22
5603.23
5603.24
5603.25
5603.26
5603.26
5603.27
5603.28
5603.28
5603.28
5603.28
5603.29
5603.28
5603.28
5603.28
5603.27
5603.27
5603.26
5603.25
5603.24
5603.23
5603.22
5603.21
5603.2
5603.19
5603.17
5603.16
5603.14
5603.13
5603.12
5603.1
5603.09
5603.07
5603.06
5603.04
5603.03
5603.02
5603.01
5603
5602.98
5602.97
5602.96
5602.96
5602.95
5602.94
5602.93
5602.93
5602.92
5602.92
5602.92
5602.92
5602.92
5215.94
5215.94
5215.95
5215.95
5215.95
5215.96
5215.96
5215.97
5215.97
5215.98
5215.99
5216
5216.01
5216.02
5216.03
5216.04
5216.06
5216.07
5216.08
5216.09
5216.11
5216.12
5216.14
5216.15
5216.16
5216.18
5216.19
5216.2
5216.21
5216.23
5216.24
5216.25
5216.26
5216.26
5216.27
5216.28
5216.28
5216.29
5216.29
5216.29
5216.29
5216.29
5216.28
5216.28
5216.27
5216.26
5216.25
5216.24
5216.23
5216.22
5216.21
5216.2
5216.18
5216.17
5216.16
5216.14
5216.13
5216.11
5216.1
5216.08
5216.07
5216.05
5216.04
5216.02
5216.01
5216
5215.99
5215.98
5215.97
5215.96
5215.95
5215.94
5215.93
5215.92
5215.92
5215.91
5215.91
5215.91
5215.91
5215.91
4828.93
4828.93
4828.94
4828.94
4828.94
4828.95
4828.95
4828.96
4828.96
4828.97
4828.98
4828.99
4829
4829.01
4829.02
4829.04
4829.05
4829.06
4829.07
4829.09
4829.1
4829.12
4829.13
4829.15
4829.16
4829.17
4829.19
4829.2
4829.21
4829.23
4829.24
4829.25
4829.26
4829.27
4829.27
4829.28
4829.29
4829.29
4829.29
4829.29
4829.29
4829.29
4829.29
4829.28
4829.27
4829.27
4829.26
4829.25
4829.24
4829.22
4829.21
4829.2
4829.18
4829.17
4829.15
4829.14
4829.12
4829.11
4829.09
4829.08
4829.06
4829.04
4829.03
4829.02
4829
4828.99
4828.98
4828.97
4828.96
4828.95
4828.94
4828.93
4828.92
4828.91
4828.91
4828.9
4828.9
4828.9
4828.9
4828.89
4441.92
4441.92
4441.92
4441.93
4441.93
4441.94
4441.94
4441.95
4441.95
4441.96
4441.97
4441.98
4441.99
4442
4442.01
4442.03
4442.04
4442.05
4442.07
4442.08
4442.1
4442.11
4442.13
4442.14
4442.16
4442.17
4442.19
4442.2
4442.21
4442.23
4442.24
4442.25
4442.26
4442.27
4442.28
4442.29
4442.29
4442.29
4442.3
4442.3
4442.3
4442.29
4442.29
4442.29
4442.28
4442.27
4442.26
4442.25
4442.24
4442.23
4442.21
4442.2
4442.18
4442.17
4442.15
4442.13
4442.12
4442.1
4442.09
4442.07
4442.05
4442.04
4442.02
4442.01
4441.99
4441.98
4441.97
4441.96
4441.95
4441.94
4441.93
4441.92
4441.91
4441.9
4441.9
4441.89
4441.89
4441.89
4441.88
4441.88
4054.91
4054.91
4054.91
4054.92
4054.92
4054.92
4054.93
4054.94
4054.94
4054.95
4054.96
4054.97
4054.98
4054.99
4055.01
4055.02
4055.03
4055.05
4055.06
4055.08
4055.09
4055.11
4055.12
4055.14
4055.16
4055.17
4055.19
4055.2
4055.22
4055.23
4055.24
4055.26
4055.27
4055.28
4055.29
4055.29
4055.3
4055.3
4055.3
4055.31
4055.3
4055.3
4055.3
4055.29
4055.28
4055.28
4055.27
4055.25
4055.24
4055.23
4055.21
4055.2
4055.18
4055.16
4055.15
4055.13
4055.11
4055.1
4055.08
4055.06
4055.05
4055.03
4055.01
4055
4054.98
4054.97
4054.96
4054.95
4054.93
4054.92
4054.91
4054.91
4054.9
4054.89
4054.88
4054.88
4054.88
4054.87
4054.87
4054.87
3667.9
3667.9
3667.9
3667.9
3667.91
3667.91
3667.92
3667.92
3667.93
3667.94
3667.95
3667.96
3667.97
3667.98
3668
3668.01
3668.02
3668.04
3668.05
3668.07
3668.09
3668.1
3668.12
3668.14
3668.15
3668.17
3668.19
3668.2
3668.22
3668.23
3668.25
3668.26
3668.27
3668.28
3668.29
3668.3
3668.31
3668.31
3668.31
3668.31
3668.31
3668.31
3668.31
3668.3
3668.29
3668.28
3668.27
3668.26
3668.25
3668.23
3668.22
3668.2
3668.18
3668.16
3668.15
3668.13
3668.11
3668.09
3668.07
3668.06
3668.04
3668.02
3668.01
3667.99
3667.97
3667.96
3667.95
3667.93
3667.92
3667.91
3667.9
3667.89
3667.88
3667.88
3667.87
3667.87
3667.86
3667.86
3667.86
3667.86
3280.88
3280.88
3280.89
3280.89
3280.89
3280.9
3280.9
3280.91
3280.92
3280.93
3280.94
3280.95
3280.96
3280.97
3280.98
3281
3281.01
3281.03
3281.05
3281.06
3281.08
3281.1
3281.11
3281.13
3281.15
3281.17
3281.19
3281.2
3281.22
3281.24
3281.25
3281.27
3281.28
3281.29
3281.3
3281.31
3281.32
3281.32
3281.32
3281.33
3281.32
3281.32
3281.32
3281.31
3281.3
3281.29
3281.28
3281.27
3281.25
3281.24
3281.22
3281.2
3281.18
3281.16
3281.14
3281.13
3281.11
3281.09
3281.07
3281.05
3281.03
3281.01
3281
3280.98
3280.96
3280.95
3280.93
3280.92
3280.91
3280.9
3280.89
3280.88
3280.87
3280.86
3280.86
3280.85
3280.85
3280.84
3280.84
3280.84
2893.87
2893.87
2893.87
2893.87
2893.88
2893.88
2893.89
2893.9
2893.9
2893.91
2893.92
2893.93
2893.95
2893.96
2893.97
2893.99
2894
2894.02
2894.04
2894.05
2894.07
2894.09
2894.11
2894.13
2894.15
2894.17
2894.19
2894.21
2894.22
2894.24
2894.26
2894.27
2894.29
2894.3
2894.31
2894.32
2894.33
2894.33
2894.34
2894.34
2894.34
2894.33
2894.33
2894.32
2894.31
2894.3
2894.29
2894.27
2894.26
2894.24
2894.22
2894.2
2894.18
2894.16
2894.14
2894.12
2894.1
2894.08
2894.06
2894.04
2894.02
2894
2893.99
2893.97
2893.95
2893.94
2893.92
2893.91
2893.9
2893.88
2893.87
2893.86
2893.86
2893.85
2893.84
2893.84
2893.83
2893.83
2893.83
2893.83
2506.85
2506.85
2506.85
2506.86
2506.86
2506.87
2506.87
2506.88
2506.89
2506.9
2506.91
2506.92
2506.93
2506.95
2506.96
2506.98
2506.99
2507.01
2507.03
2507.05
2507.07
2507.09
2507.11
2507.13
2507.15
2507.17
2507.19
2507.21
2507.23
2507.25
2507.27
2507.28
2507.3
2507.31
2507.32
2507.33
2507.34
2507.35
2507.35
2507.35
2507.35
2507.35
2507.34
2507.34
2507.33
2507.31
2507.3
2507.28
2507.27
2507.25
2507.23
2507.21
2507.19
2507.16
2507.14
2507.12
2507.1
2507.08
2507.05
2507.03
2507.01
2506.99
2506.97
2506.96
2506.94
2506.92
2506.91
2506.89
2506.88
2506.87
2506.86
2506.85
2506.84
2506.83
2506.82
2506.82
2506.81
2506.81
2506.81
2506.81
2119.83
2119.83
2119.84
2119.84
2119.84
2119.85
2119.86
2119.86
2119.87
2119.88
2119.89
2119.91
2119.92
2119.93
2119.95
2119.96
2119.98
2120
2120.02
2120.04
2120.06
2120.08
2120.1
2120.12
2120.15
2120.17
2120.19
2120.21
2120.23
2120.25
2120.27
2120.29
2120.31
2120.32
2120.34
2120.35
2120.36
2120.37
2120.37
2120.37
2120.37
2120.37
2120.36
2120.35
2120.34
2120.33
2120.31
2120.29
2120.28
2120.25
2120.23
2120.21
2120.19
2120.16
2120.14
2120.12
2120.09
2120.07
2120.05
2120.02
2120
2119.98
2119.96
2119.94
2119.93
2119.91
2119.89
2119.88
2119.87
2119.85
2119.84
2119.83
2119.82
2119.81
2119.81
2119.8
2119.8
2119.79
2119.79
2119.79
1732.81
1732.82
1732.82
1732.82
1732.83
1732.83
1732.84
1732.85
1732.86
1732.87
1732.88
1732.89
1732.9
1732.92
1732.93
1732.95
1732.97
1732.99
1733.01
1733.03
1733.05
1733.07
1733.1
1733.12
1733.14
1733.17
1733.19
1733.22
1733.24
1733.26
1733.28
1733.3
1733.32
1733.34
1733.36
1733.37
1733.38
1733.39
1733.39
1733.39
1733.39
1733.39
1733.38
1733.37
1733.36
1733.34
1733.33
1733.31
1733.29
1733.26
1733.24
1733.21
1733.19
1733.16
1733.14
1733.11
1733.09
1733.06
1733.04
1733.02
1732.99
1732.97
1732.95
1732.93
1732.91
1732.89
1732.88
1732.86
1732.85
1732.84
1732.82
1732.81
1732.8
1732.8
1732.79
1732.78
1732.78
1732.77
1732.77
1732.77
1345.79
1345.8
1345.8
1345.8
1345.81
1345.81
1345.82
1345.83
1345.84
1345.85
1345.86
1345.87
1345.89
1345.9
1345.92
1345.94
1345.96
1345.98
1346
1346.02
1346.04
1346.07
1346.09
1346.12
1346.14
1346.17
1346.19
1346.22
1346.24
1346.27
1346.29
1346.32
1346.34
1346.36
1346.37
1346.39
1346.4
1346.41
1346.41
1346.42
1346.42
1346.41
1346.4
1346.39
1346.38
1346.36
1346.34
1346.32
1346.3
1346.27
1346.25
1346.22
1346.19
1346.17
1346.14
1346.11
1346.08
1346.06
1346.03
1346.01
1345.98
1345.96
1345.94
1345.92
1345.9
1345.88
1345.86
1345.84
1345.83
1345.82
1345.8
1345.79
1345.78
1345.78
1345.77
1345.76
1345.76
1345.75
1345.75
1345.75
958.774
958.775
958.777
958.781
958.786
958.792
958.799
958.808
958.818
958.829
958.841
958.854
958.869
958.885
958.903
958.921
958.941
958.962
958.985
959.008
959.033
959.058
959.085
959.112
959.139
959.167
959.196
959.224
959.252
959.28
959.306
959.331
959.355
959.377
959.396
959.412
959.426
959.435
959.442
959.445
959.443
959.438
959.43
959.417
959.402
959.383
959.362
959.338
959.312
959.284
959.256
959.226
959.196
959.166
959.136
959.106
959.077
959.049
959.021
958.995
958.969
958.945
958.921
958.9
958.879
958.86
958.842
958.826
958.811
958.797
958.785
958.773
958.763
958.755
958.747
958.741
958.736
958.732
958.73
958.728
571.751
571.753
571.756
571.76
571.765
571.771
571.778
571.787
571.797
571.808
571.821
571.835
571.85
571.867
571.885
571.905
571.925
571.948
571.971
571.996
572.023
572.05
572.078
572.107
572.137
572.167
572.198
572.229
572.26
572.29
572.32
572.348
572.374
572.398
572.42
572.438
572.454
572.465
572.472
572.475
572.474
572.469
572.459
572.445
572.427
572.406
572.383
572.356
572.327
572.297
572.265
572.233
572.2
572.167
572.134
572.102
572.071
572.041
572.011
571.983
571.955
571.93
571.905
571.882
571.861
571.841
571.823
571.806
571.79
571.776
571.763
571.752
571.742
571.733
571.725
571.719
571.714
571.71
571.707
571.705
184.722
184.724
184.727
184.731
184.736
184.743
184.75
184.759
184.77
184.781
184.795
184.809
184.825
184.843
184.862
184.882
184.904
184.928
184.953
184.98
185.009
185.039
185.071
185.106
185.142
185.179
185.217
185.255
185.294
185.332
185.369
185.404
185.438
185.469
185.497
185.521
185.54
185.555
185.565
185.569
185.568
185.561
185.548
185.531
185.509
185.482
185.452
185.419
185.383
185.345
185.305
185.265
185.225
185.184
185.145
185.106
185.068
185.032
184.998
184.967
184.938
184.91
184.884
184.86
184.837
184.816
184.797
184.779
184.763
184.748
184.735
184.723
184.713
184.703
184.696
184.689
184.684
184.68
184.677
184.675
-9.05796
-9.05633
-9.05343
-9.04912
-9.04343
-9.03638
-9.02792
-9.01798
-9.00655
-8.99361
-8.97914
-8.9631
-8.94545
-8.92617
-8.90523
-8.88261
-8.85829
-8.83225
-8.80449
-8.775
-8.74381
-8.71084
-8.6754
-8.63733
-8.59768
-8.55695
-8.51547
-8.47358
-8.43169
-8.39028
-8.34988
-8.31107
-8.27447
-8.24072
-8.21046
-8.18431
-8.16287
-8.14664
-8.13603
-8.13134
-8.13271
-8.14012
-8.15342
-8.17231
-8.19637
-8.2251
-8.2579
-8.29412
-8.33312
-8.37425
-8.41687
-8.46041
-8.50432
-8.54813
-8.59143
-8.63383
-8.67502
-8.71451
-8.7513
-8.78542
-8.81758
-8.84785
-8.87629
-8.90293
-8.92768
-8.95068
-8.972
-8.99156
-9.0094
-9.02561
-9.04026
-9.05335
-9.06489
-9.07493
-9.08342
-9.09048
-9.09612
-9.10044
-9.10346
-9.1051
-9.57912
-9.57754
-9.57459
-9.57004
-9.56393
-9.55627
-9.54704
-9.53621
-9.52377
-9.50968
-9.49392
-9.47644
-9.45721
-9.43621
-9.41341
-9.38879
-9.36233
-9.33404
-9.30391
-9.27197
-9.23828
-9.20289
-9.16592
-9.12757
-9.08802
-9.04747
-9.00619
-8.96453
-8.92289
-8.88175
-8.84163
-8.8031
-8.76677
-8.73328
-8.70326
-8.67734
-8.65608
-8.64
-8.62951
-8.62488
-8.62624
-8.6336
-8.64679
-8.66554
-8.68942
-8.71793
-8.75048
-8.78645
-8.82516
-8.866
-8.90834
-8.9516
-8.99525
-9.03882
-9.0819
-9.12412
-9.16521
-9.20496
-9.24316
-9.27962
-9.31427
-9.34703
-9.37786
-9.40679
-9.43377
-9.45879
-9.48196
-9.50329
-9.52277
-9.54044
-9.55637
-9.5706
-9.58315
-9.59405
-9.60333
-9.61103
-9.61716
-9.62173
-9.62477
-9.62629
-10.0715
-10.0699
-10.0669
-10.0624
-10.0563
-10.0487
-10.0395
-10.0287
-10.0163
-10.0022
-9.98646
-9.96901
-9.9498
-9.92882
-9.90603
-9.88141
-9.85494
-9.82661
-9.79643
-9.76441
-9.7306
-9.69506
-9.65793
-9.61935
-9.57949
-9.53857
-9.49688
-9.45475
-9.4126
-9.37088
-9.33014
-9.29095
-9.25394
-9.21977
-9.18909
-9.16257
-9.1408
-9.12432
-9.11355
-9.10878
-9.11015
-9.11765
-9.13115
-9.15033
-9.17475
-9.20389
-9.23711
-9.27376
-9.31317
-9.35466
-9.39761
-9.44144
-9.48561
-9.52964
-9.57311
-9.61569
-9.65706
-9.69703
-9.7354
-9.77202
-9.80678
-9.83962
-9.87051
-9.89945
-9.92646
-9.9515
-9.97463
-9.99592
-10.0154
-10.033
-10.0489
-10.0631
-10.0756
-10.0865
-10.0958
-10.1034
-10.1095
-10.1141
-10.1171
-10.1187
-10.5651
-10.5636
-10.5606
-10.5561
-10.55
-10.5424
-10.5333
-10.5225
-10.5102
-10.4962
-10.4805
-10.4631
-10.444
-10.4231
-10.4003
-10.3757
-10.3492
-10.3209
-10.2906
-10.2585
-10.2245
-10.1887
-10.1513
-10.1123
-10.0719
-10.0304
-9.98797
-9.94503
-9.90194
-9.85917
-9.81728
-9.77686
-9.73857
-9.70311
-9.6712
-9.64353
-9.62076
-9.60347
-9.59213
-9.58708
-9.58846
-9.59628
-9.61038
-9.63042
-9.6559
-9.68623
-9.72073
-9.7587
-9.79939
-9.84212
-9.88622
-9.93109
-9.97617
-10.021
-10.0652
-10.1083
-10.1502
-10.1905
-10.2292
-10.2661
-10.301
-10.334
-10.3649
-10.3939
-10.4209
-10.4459
-10.469
-10.4902
-10.5096
-10.5272
-10.543
-10.5571
-10.5696
-10.5804
-10.5896
-10.5972
-10.6033
-10.6078
-10.6109
-10.6124
-11.0603
-11.0588
-11.0558
-11.0514
-11.0454
-11.0378
-11.0288
-11.0181
-11.0058
-10.9919
-10.9763
-10.959
-10.94
-10.9191
-10.8964
-10.8718
-10.8454
-10.8169
-10.7866
-10.7543
-10.72
-10.6839
-10.646
-10.6064
-10.5653
-10.5229
-10.4795
-10.4353
-10.3908
-10.3465
-10.3028
-10.2606
-10.2203
-10.1829
-10.1491
-10.1197
-10.0953
-10.0768
-10.0646
-10.0591
-10.0605
-10.0688
-10.0838
-10.1052
-10.1323
-10.1645
-10.201
-10.2409
-10.2836
-10.3282
-10.374
-10.4205
-10.4669
-10.5129
-10.5581
-10.6021
-10.6446
-10.6856
-10.7247
-10.7619
-10.7971
-10.8302
-10.8613
-10.8903
-10.9173
-10.9422
-10.9653
-10.9864
-11.0057
-11.0231
-11.0388
-11.0528
-11.0652
-11.0759
-11.0851
-11.0926
-11.0986
-11.1031
-11.1061
-11.1076
-11.557
-11.5556
-11.5526
-11.5482
-11.5423
-11.5348
-11.5258
-11.5153
-11.5032
-11.4894
-11.4739
-11.4567
-11.4378
-11.4171
-11.3944
-11.3699
-11.3434
-11.315
-11.2845
-11.252
-11.2174
-11.1809
-11.1423
-11.102
-11.0599
-11.0164
-10.9715
-10.9257
-10.8794
-10.8329
-10.787
-10.7422
-10.6993
-10.6592
-10.6227
-10.5908
-10.5643
-10.544
-10.5305
-10.5244
-10.5258
-10.5348
-10.5512
-10.5744
-10.6038
-10.6385
-10.6778
-10.7205
-10.7659
-10.8131
-10.8613
-10.9098
-10.9581
-11.0057
-11.0522
-11.0972
-11.1407
-11.1823
-11.222
-11.2596
-11.2951
-11.3285
-11.3596
-11.3886
-11.4156
-11.4405
-11.4634
-11.4844
-11.5036
-11.5209
-11.5364
-11.5503
-11.5625
-11.5731
-11.5821
-11.5896
-11.5956
-11.6
-11.6029
-11.6044
-12.0553
-12.0538
-12.0509
-12.0466
-12.0407
-12.0334
-12.0245
-12.0141
-12.0021
-11.9885
-11.9732
-11.9562
-11.9375
-11.9168
-11.8943
-11.8699
-11.8434
-11.8149
-11.7843
-11.7516
-11.7167
-11.6796
-11.6404
-11.5991
-11.5559
-11.511
-11.4644
-11.4166
-11.3679
-11.3188
-11.2699
-11.2218
-11.1755
-11.1319
-11.0919
-11.0566
-11.0271
-11.0044
-10.9893
-10.9823
-10.9837
-10.9937
-11.0118
-11.0375
-11.07
-11.1082
-11.1511
-11.1975
-11.2465
-11.297
-11.3482
-11.3994
-11.45
-11.4996
-11.5477
-11.594
-11.6385
-11.6809
-11.7213
-11.7593
-11.7951
-11.8287
-11.86
-11.889
-11.9159
-11.9407
-11.9635
-11.9843
-12.0033
-12.0204
-12.0358
-12.0495
-12.0615
-12.0719
-12.0808
-12.0882
-12.094
-12.0984
-12.1013
-12.1027
-12.555
-12.5536
-12.5507
-12.5464
-12.5407
-12.5335
-12.5248
-12.5146
-12.5028
-12.4894
-12.4743
-12.4575
-12.439
-12.4185
-12.3962
-12.3719
-12.3455
-12.317
-12.2862
-12.2533
-12.218
-12.1804
-12.1404
-12.0981
-12.0536
-12.007
-11.9585
-11.9083
-11.8568
-11.8045
-11.7519
-11.6998
-11.6491
-11.6009
-11.5564
-11.5168
-11.4834
-11.4575
-11.44
-11.4318
-11.4333
-11.4445
-11.465
-11.494
-11.5305
-11.5733
-11.6209
-11.672
-11.7255
-11.7802
-11.8352
-11.8897
-11.9431
-11.9949
-12.0448
-12.0927
-12.1384
-12.1817
-12.2227
-12.2613
-12.2974
-12.3311
-12.3625
-12.3915
-12.4183
-12.443
-12.4655
-12.4861
-12.5048
-12.5217
-12.5368
-12.5503
-12.5621
-12.5723
-12.5811
-12.5883
-12.594
-12.5983
-12.6011
-12.6025
-13.0562
-13.0548
-13.052
-13.0478
-13.0422
-13.0352
-13.0267
-13.0167
-13.0051
-12.9919
-12.9771
-12.9606
-12.9423
-12.9221
-12.9
-12.8759
-12.8496
-12.8211
-12.7903
-12.7572
-12.7215
-12.6833
-12.6426
-12.5992
-12.5533
-12.5049
-12.4541
-12.4012
-12.3465
-12.2903
-12.2333
-12.1763
-12.1203
-12.0664
-12.0161
-11.9709
-11.9324
-11.9023
-11.8817
-11.8719
-11.8734
-11.8862
-11.9098
-11.9432
-11.985
-12.0335
-12.0871
-12.1441
-12.2032
-12.263
-12.3225
-12.3809
-12.4376
-12.4922
-12.5443
-12.5938
-12.6407
-12.685
-12.7266
-12.7656
-12.802
-12.8358
-12.8672
-12.8962
-12.9228
-12.9472
-12.9695
-12.9898
-13.0082
-13.0248
-13.0396
-13.0528
-13.0643
-13.0744
-13.0829
-13.0899
-13.0955
-13.0996
-13.1024
-13.1038
-13.5588
-13.5574
-13.5547
-13.5506
-13.5452
-13.5384
-13.5301
-13.5203
-13.509
-13.4962
-13.4817
-13.4655
-13.4475
-13.4276
-13.4058
-13.3819
-13.3559
-13.3275
-13.2967
-13.2634
-13.2275
-13.1887
-13.1472
-13.1027
-13.0554
-13.005
-12.9519
-12.896
-12.8375
-12.777
-12.7148
-12.652
-12.5894
-12.5285
-12.4709
-12.4185
-12.3734
-12.3376
-12.313
-12.3011
-12.3025
-12.3174
-12.3451
-12.3842
-12.4328
-12.4887
-12.5498
-12.6141
-12.68
-12.7459
-12.8108
-12.8738
-12.9343
-12.9919
-13.0463
-13.0977
-13.1458
-13.1909
-13.2331
-13.2725
-13.3091
-13.3429
-13.3742
-13.403
-13.4294
-13.4535
-13.4755
-13.4954
-13.5134
-13.5296
-13.5441
-13.5569
-13.5682
-13.5779
-13.5862
-13.593
-13.5984
-13.6025
-13.6051
-13.6065
-14.0627
-14.0614
-14.0588
-14.0549
-14.0496
-14.043
-14.035
-14.0255
-14.0145
-14.002
-13.9879
-13.9721
-13.9545
-13.9351
-13.9137
-13.8901
-13.8643
-13.8362
-13.8055
-13.7722
-13.736
-13.6969
-13.6546
-13.6091
-13.5603
-13.5081
-13.4524
-13.3932
-13.3307
-13.2652
-13.1972
-13.1274
-13.0569
-12.9873
-12.9206
-12.859
-12.8053
-12.7621
-12.7321
-12.7172
-12.7187
-12.7365
-12.7696
-12.8162
-12.8736
-12.9389
-13.0095
-13.0828
-13.1568
-13.2299
-13.3009
-13.369
-13.4336
-13.4945
-13.5515
-13.6047
-13.6541
-13.7
-13.7426
-13.7822
-13.8188
-13.8525
-13.8836
-13.9121
-13.9381
-13.9618
-13.9834
-14.0028
-14.0204
-14.0362
-14.0502
-14.0627
-14.0736
-14.083
-14.091
-14.0976
-14.1028
-14.1067
-14.1093
-14.1106
-14.5681
-14.5668
-14.5643
-14.5605
-14.5555
-14.5491
-14.5413
-14.5322
-14.5216
-14.5095
-14.4959
-14.4805
-14.4634
-14.4445
-14.4235
-14.4004
-14.3751
-14.3473
-14.3168
-14.2836
-14.2474
-14.208
-14.1652
-14.1188
-14.0686
-14.0145
-13.9562
-13.8938
-13.827
-13.7561
-13.6814
-13.6035
-13.5237
-13.4436
-13.3654
-13.2921
-13.2271
-13.1742
-13.1368
-13.118
-13.1194
-13.1411
-13.1816
-13.2382
-13.3071
-13.3845
-13.4669
-13.5511
-13.6347
-13.7161
-13.7939
-13.8675
-13.9366
-14.0008
-14.0604
-14.1154
-14.166
-14.2126
-14.2555
-14.295
-14.3314
-14.3648
-14.3955
-14.4235
-14.4491
-14.4723
-14.4932
-14.5122
-14.5292
-14.5444
-14.558
-14.57
-14.5805
-14.5896
-14.5972
-14.6035
-14.6085
-14.6123
-14.6148
-14.616
-15.0747
-15.0735
-15.0711
-15.0675
-15.0626
-15.0565
-15.0491
-15.0404
-15.0302
-15.0186
-15.0055
-14.9907
-14.9742
-14.9558
-14.9354
-14.9129
-14.8881
-14.8608
-14.8308
-14.7979
-14.7618
-14.7224
-14.6793
-14.6323
-14.581
-14.5252
-14.4646
-14.3988
-14.3276
-14.2509
-14.1689
-14.0819
-13.9912
-13.8983
-13.806
-13.7177
-13.638
-13.5718
-13.5244
-13.5001
-13.5013
-13.5284
-13.5791
-13.6491
-13.7333
-13.8262
-13.9232
-14.0205
-14.1155
-14.2062
-14.2915
-14.3709
-14.4444
-14.512
-14.574
-14.6305
-14.6821
-14.729
-14.7718
-14.8111
-14.847
-14.8799
-14.91
-14.9374
-14.9623
-14.9848
-15.0051
-15.0234
-15.0397
-15.0544
-15.0674
-15.0789
-15.0889
-15.0975
-15.1048
-15.1108
-15.1156
-15.1192
-15.1216
-15.1227
-15.5826
-15.5814
-15.5792
-15.5757
-15.5711
-15.5653
-15.5583
-15.55
-15.5403
-15.5293
-15.5167
-15.5025
-15.4867
-15.469
-15.4494
-15.4276
-15.4035
-15.3769
-15.3475
-15.3152
-15.2795
-15.2404
-15.1973
-15.15
-15.098
-15.041
-14.9783
-14.9095
-14.834
-14.7514
-14.6615
-14.5645
-14.4612
-14.3532
-14.2435
-14.1361
-14.0368
-13.9526
-13.891
-13.8588
-13.8597
-13.8943
-13.9592
-14.0477
-14.1521
-14.2649
-14.3801
-14.4932
-14.6012
-14.7022
-14.7955
-14.8807
-14.9583
-15.0289
-15.0928
-15.1506
-15.2027
-15.2496
-15.2921
-15.3307
-15.3659
-15.398
-15.4272
-15.4537
-15.4777
-15.4994
-15.5189
-15.5364
-15.552
-15.566
-15.5783
-15.5892
-15.5987
-15.6068
-15.6138
-15.6194
-15.624
-15.6273
-15.6296
-15.6307
-16.0916
-16.0905
-16.0884
-16.0852
-16.0809
-16.0754
-16.0688
-16.061
-16.0518
-16.0414
-16.0295
-16.016
-16.001
-15.9841
-15.9654
-15.9445
-15.9213
-15.8956
-15.8671
-15.8356
-15.8007
-15.7622
-15.7196
-15.6725
-15.6204
-15.5626
-15.4984
-15.4271
-15.3478
-15.2596
-15.1617
-15.054
-14.9366
-14.8111
-14.68
-14.5483
-14.423
-14.3137
-14.2315
-14.1872
-14.1874
-14.2331
-14.3183
-14.4326
-14.5641
-14.7027
-14.8403
-14.9719
-15.0945
-15.2066
-15.3079
-15.3987
-15.4799
-15.5527
-15.618
-15.6764
-15.7285
-15.7749
-15.8165
-15.8541
-15.8881
-15.919
-15.947
-15.9724
-15.9954
-16.0161
-16.0346
-16.0511
-16.0659
-16.0791
-16.0907
-16.1009
-16.1098
-16.1175
-16.1239
-16.1293
-16.1335
-16.1366
-16.1387
-16.1397
-16.6018
-16.6008
-16.5988
-16.5958
-16.5918
-16.5867
-16.5805
-16.5732
-16.5647
-16.5549
-16.5437
-16.5311
-16.517
-16.5011
-16.4833
-16.4635
-16.4414
-16.4168
-16.3895
-16.3592
-16.3255
-16.2881
-16.2465
-16.2003
-16.1487
-16.091
-16.0262
-15.9533
-15.8709
-15.7778
-15.6725
-15.5539
-15.4216
-15.276
-15.1194
-14.9566
-14.7963
-14.6514
-14.5386
-14.4756
-14.4744
-14.5367
-14.6522
-14.803
-14.9713
-15.1428
-15.3077
-15.4604
-15.5988
-15.7222
-15.8312
-15.9268
-16.0107
-16.0848
-16.1504
-16.2085
-16.2598
-16.3051
-16.3453
-16.3813
-16.4137
-16.443
-16.4696
-16.4936
-16.5153
-16.5347
-16.5521
-16.5676
-16.5814
-16.5937
-16.6045
-16.614
-16.6222
-16.6293
-16.6353
-16.6402
-16.6441
-16.647
-16.649
-16.6499
-17.113
-17.1121
-17.1102
-17.1075
-17.1038
-17.0991
-17.0934
-17.0867
-17.0788
-17.0698
-17.0594
-17.0478
-17.0346
-17.0198
-17.0032
-16.9846
-16.9638
-16.9407
-16.9148
-16.886
-16.8539
-16.8182
-16.7783
-16.7337
-16.6836
-16.627
-16.5628
-16.4895
-16.4055
-16.3091
-16.1975
-16.069
-15.9216
-15.7543
-15.5677
-15.3659
-15.1584
-14.9621
-14.8025
-14.7093
-14.7053
-14.7943
-14.9563
-15.1602
-15.3784
-15.5916
-15.7886
-15.9646
-16.1189
-16.2527
-16.3683
-16.467
-16.5522
-16.6262
-16.6908
-16.7474
-16.797
-16.8404
-16.8786
-16.9125
-16.9428
-16.9701
-16.9949
-17.0172
-17.0373
-17.0553
-17.0714
-17.0857
-17.0985
-17.1097
-17.1196
-17.1283
-17.1358
-17.1423
-17.1477
-17.1522
-17.1558
-17.1584
-17.1602
-17.1611
-17.6251
-17.6243
-17.6226
-17.6201
-17.6168
-17.6125
-17.6074
-17.6012
-17.5941
-17.5859
-17.5765
-17.5658
-17.5537
-17.5402
-17.5249
-17.5077
-17.4885
-17.467
-17.443
-17.4161
-17.3862
-17.3527
-17.3152
-17.2731
-17.2254
-17.1712
-17.1091
-17.0373
-16.9536
-16.8556
-16.7407
-16.6046
-16.4437
-16.2544
-16.0344
-15.7849
-15.5144
-15.2438
-15.0107
-14.8669
-14.8573
-14.9915
-15.2275
-15.5094
-15.795
-16.0596
-16.2928
-16.4925
-16.661
-16.8025
-16.9208
-17.0212
-17.1058
-17.1778
-17.2398
-17.2936
-17.3404
-17.381
-17.4164
-17.4476
-17.4753
-17.5002
-17.5227
-17.543
-17.5613
-17.5777
-17.5924
-17.6054
-17.6169
-17.627
-17.636
-17.6438
-17.6505
-17.6563
-17.6612
-17.6652
-17.6684
-17.6708
-17.6724
-17.6731
-18.1381
-18.1374
-18.1359
-18.1337
-18.1307
-18.1269
-18.1223
-18.1168
-18.1105
-18.1031
-18.0947
-18.0852
-18.0743
-18.0621
-18.0483
-18.0327
-18.0153
-17.9957
-17.9738
-17.9494
-17.922
-17.8915
-17.8572
-17.8185
-17.7746
-17.7243
-17.666
-17.5978
-17.5174
-17.4216
-17.3066
-17.1672
-16.9969
-16.7885
-16.5346
-16.2302
-15.8782
-15.5001
-15.1492
-14.9165
-14.8946
-15.1098
-15.4677
-15.865
-16.2391
-16.5638
-16.834
-17.0542
-17.2325
-17.3768
-17.4948
-17.5922
-17.6729
-17.7405
-17.7979
-17.8473
-17.89
-17.9268
-17.9586
-17.9864
-18.011
-18.0331
-18.053
-18.0711
-18.0873
-18.1019
-18.1148
-18.1264
-18.1365
-18.1455
-18.1534
-18.1602
-18.1662
-18.1713
-18.1756
-18.1791
-18.1819
-18.184
-18.1854
-18.186
-18.6519
-18.6512
-18.6499
-18.648
-18.6454
-18.6421
-18.6381
-18.6334
-18.6278
-18.6214
-18.614
-18.6057
-18.5962
-18.5854
-18.5732
-18.5594
-18.544
-18.5266
-18.5072
-18.4856
-18.4614
-18.4344
-18.4042
-18.37
-18.331
-18.2862
-18.2338
-18.172
-18.0981
-18.0087
-17.8991
-17.7631
-17.5914
-17.3721
-17.0906
-16.7305
-16.2802
-15.7502
-15.2062
-14.8111
-14.7614
-15.1297
-15.6938
-16.2591
-16.7428
-17.1291
-17.4296
-17.6614
-17.8405
-17.9804
-18.0917
-18.1814
-18.2544
-18.3147
-18.3652
-18.4084
-18.4455
-18.4774
-18.5049
-18.5287
-18.5498
-18.5686
-18.5856
-18.601
-18.615
-18.6275
-18.6387
-18.6486
-18.6573
-18.665
-18.6718
-18.6777
-18.6827
-18.6871
-18.6908
-18.6938
-18.6962
-18.6979
-18.6991
-18.6997
-19.1663
-19.1658
-19.1647
-19.1631
-19.1609
-19.1581
-19.1547
-19.1507
-19.146
-19.1405
-19.1343
-19.1272
-19.1191
-19.1099
-19.0994
-19.0877
-19.0744
-19.0595
-19.043
-19.0245
-19.004
-18.9812
-18.9558
-18.9271
-18.8944
-18.8566
-18.8123
-18.7596
-18.6961
-18.6183
-18.5214
-18.398
-18.2377
-18.024
-17.7336
-17.3336
-16.7823
-16.0512
-15.194
-14.5046
-14.3973
-15.0506
-15.9631
-16.7594
-17.3594
-17.7908
-18.1007
-18.3254
-18.4911
-18.6162
-18.7127
-18.7888
-18.85
-18.8998
-18.9413
-18.9765
-19.0067
-19.0326
-19.0548
-19.0741
-19.0911
-19.1063
-19.1201
-19.1327
-19.1442
-19.1545
-19.1637
-19.1719
-19.1791
-19.1854
-19.191
-19.1958
-19.2
-19.2036
-19.2066
-19.2091
-19.211
-19.2125
-19.2135
-19.214
-19.6813
-19.6809
-19.68
-19.6787
-19.6769
-19.6747
-19.6719
-19.6687
-19.6648
-19.6604
-19.6554
-19.6496
-19.6429
-19.6354
-19.6268
-19.6172
-19.6063
-19.5942
-19.5807
-19.5658
-19.5494
-19.5314
-19.5115
-19.4892
-19.4638
-19.4346
-19.4004
-19.3597
-19.3105
-19.2501
-19.174
-19.0755
-18.9438
-18.7619
-18.5014
-18.1115
-17.5013
-16.5537
-15.2583
-14.0802
-13.8828
-15.0135
-16.4358
-17.499
-18.1715
-18.5924
-18.8677
-19.0559
-19.1884
-19.2848
-19.3572
-19.4134
-19.4583
-19.4947
-19.5249
-19.5506
-19.5726
-19.5916
-19.6079
-19.6221
-19.6346
-19.6459
-19.6563
-19.6658
-19.6746
-19.6825
-19.6897
-19.696
-19.7017
-19.7066
-19.7109
-19.7147
-19.7179
-19.7207
-19.723
-19.725
-19.7265
-19.7276
-19.7284
-19.7288
-20.1968
-20.1965
-20.1958
-20.1948
-20.1935
-20.1918
-20.1897
-20.1872
-20.1843
-20.1809
-20.1771
-20.1726
-20.1675
-20.1617
-20.1551
-20.1477
-20.1394
-20.1301
-20.12
-20.109
-20.0971
-20.0844
-20.0705
-20.0553
-20.0382
-20.0188
-19.9963
-19.9698
-19.9385
-19.9007
-19.8539
-19.7938
-19.7126
-19.5967
-19.4247
-19.1548
-18.6359
-17.6154
-15.9732
-13.995
-13.7378
-15.6955
-17.5175
-18.7084
-19.2873
-19.5686
-19.7442
-19.8569
-19.9308
-19.9831
-20.022
-20.0522
-20.0767
-20.0971
-20.1144
-20.1293
-20.1423
-20.1536
-20.1634
-20.172
-20.1798
-20.1869
-20.1937
-20.2
-20.2059
-20.2114
-20.2164
-20.2209
-20.2248
-20.2283
-20.2313
-20.234
-20.2363
-20.2382
-20.2399
-20.2413
-20.2423
-20.2432
-20.2437
-20.244
-20.7127
-20.7124
-20.712
-20.7113
-20.7104
-20.7092
-20.7078
-20.7061
-20.7041
-20.7018
-20.6992
-20.6961
-20.6927
-20.6887
-20.6841
-20.679
-20.6733
-20.6671
-20.6605
-20.6536
-20.6465
-20.6393
-20.6319
-20.6242
-20.616
-20.6071
-20.5973
-20.5867
-20.5755
-20.5641
-20.5532
-20.543
-20.5334
-20.5224
-20.5108
-20.5135
-20.4464
-19.8543
-18.3696
-15.3727
-15.5659
-18.5564
-20.013
-20.7044
-20.7741
-20.7311
-20.7239
-20.7156
-20.7072
-20.7021
-20.7001
-20.7
-20.7015
-20.7041
-20.7074
-20.7108
-20.7142
-20.7174
-20.7204
-20.7232
-20.726
-20.7288
-20.7318
-20.7348
-20.7379
-20.7409
-20.7436
-20.7461
-20.7484
-20.7503
-20.7521
-20.7536
-20.7549
-20.7561
-20.7571
-20.7579
-20.7585
-20.759
-20.7593
-20.7595
-21.2288
-21.2287
-21.2284
-21.2281
-21.2276
-21.2269
-21.2262
-21.2253
-21.2242
-21.223
-21.2216
-21.22
-21.2181
-21.2159
-21.2134
-21.2107
-21.2077
-21.2047
-21.2017
-21.199
-21.1968
-21.1953
-21.1945
-21.1945
-21.1954
-21.1972
-21.2003
-21.2058
-21.2153
-21.2315
-21.2586
-21.3033
-21.3766
-21.4971
-21.7113
-22.1688
-22.9682
-23.7538
-23.5631
-20.0687
-21.0157
-24.807
-24.547
-23.5392
-22.5987
-22.033
-21.7623
-21.5985
-21.4939
-21.4261
-21.3809
-21.3496
-21.3276
-21.3122
-21.3012
-21.2931
-21.2868
-21.2819
-21.2779
-21.2749
-21.2726
-21.2711
-21.2702
-21.27
-21.2701
-21.2705
-21.271
-21.2716
-21.2721
-21.2726
-21.273
-21.2734
-21.2738
-21.2741
-21.2744
-21.2747
-21.2749
-21.275
-21.2751
-21.2752
-21.745
-21.745
-21.745
-21.7449
-21.7449
-21.7448
-21.7447
-21.7446
-21.7445
-21.7443
-21.7441
-21.7439
-21.7436
-21.7433
-21.7429
-21.7425
-21.7423
-21.7424
-21.7431
-21.7447
-21.7474
-21.7515
-21.7573
-21.7649
-21.7745
-21.7866
-21.8021
-21.8227
-21.8514
-21.8926
-21.9534
-22.046
-22.191
-22.4243
-22.8344
-23.6571
-25.202
-27.6444
-30.302
-25.954
-26.8964
-31.9575
-28.751
-25.9588
-24.2072
-23.2354
-22.737
-22.4432
-22.2568
-22.1351
-22.0522
-21.9931
-21.9499
-21.9177
-21.8932
-21.8741
-21.8585
-21.8457
-21.835
-21.8261
-21.8189
-21.8131
-21.8085
-21.805
-21.8022
-21.8001
-21.7983
-21.797
-21.7958
-21.7948
-21.794
-21.7933
-21.7927
-21.7922
-21.7918
-21.7915
-21.7913
-21.7911
-21.791
-21.7909
-22.2613
-22.2614
-22.2616
-22.2618
-22.2622
-22.2626
-22.2632
-22.2638
-22.2646
-22.2655
-22.2666
-22.2677
-22.269
-22.2705
-22.2721
-22.2741
-22.2766
-22.2799
-22.2842
-22.2899
-22.2974
-22.3071
-22.3192
-22.3339
-22.3517
-22.3731
-22.3997
-22.4335
-22.478
-22.5385
-22.6228
-22.7442
-22.925
-23.2014
-23.6618
-24.4935
-25.9033
-28.4003
-33.3121
-36.5759
-37.4648
-34.3575
-29.2944
-26.6137
-25.0618
-24.0929
-23.535
-23.1919
-22.9652
-22.8117
-22.7034
-22.6238
-22.5636
-22.5174
-22.4811
-22.4519
-22.4278
-22.4076
-22.3906
-22.3763
-22.3643
-22.3544
-22.3462
-22.3394
-22.3339
-22.3292
-22.3254
-22.3221
-22.3193
-22.3168
-22.3147
-22.313
-22.3114
-22.3102
-22.3091
-22.3083
-22.3076
-22.3071
-22.3068
-22.3067
-22.7775
-22.7777
-22.7781
-22.7786
-22.7794
-22.7803
-22.7815
-22.7829
-22.7846
-22.7865
-22.7887
-22.7912
-22.7941
-22.7973
-22.8009
-22.8052
-22.8104
-22.8166
-22.8244
-22.8341
-22.8462
-22.8611
-22.879
-22.9003
-22.9255
-22.9552
-22.9911
-23.0356
-23.0919
-23.1646
-23.2599
-23.3878
-23.5635
-23.807
-24.1666
-24.73
-25.4787
-26.5227
-28.0843
-34.7217
-35.3098
-29.1774
-27.2973
-26.1007
-25.2597
-24.5841
-24.1339
-23.8267
-23.6068
-23.4474
-23.3287
-23.2374
-23.1658
-23.1089
-23.063
-23.0252
-22.9935
-22.9667
-22.9439
-22.9246
-22.9082
-22.8943
-22.8827
-22.873
-22.8647
-22.8578
-22.8518
-22.8467
-22.8423
-22.8385
-22.8352
-22.8323
-22.8299
-22.8279
-22.8262
-22.8249
-22.8238
-22.823
-22.8225
-22.8223
-23.2936
-23.2938
-23.2944
-23.2952
-23.2963
-23.2978
-23.2996
-23.3017
-23.3042
-23.3071
-23.3105
-23.3142
-23.3185
-23.3234
-23.329
-23.3355
-23.3431
-23.3522
-23.3633
-23.3768
-23.3932
-23.4128
-23.4361
-23.4633
-23.4949
-23.5318
-23.5754
-23.6281
-23.6924
-23.7714
-23.8679
-23.9858
-24.1292
-24.2963
-24.4883
-24.7213
-24.9007
-24.8384
-23.6528
-25.8921
-26.6544
-24.8995
-25.4615
-25.4044
-25.1931
-24.8632
-24.5942
-24.3724
-24.1909
-24.0455
-23.9285
-23.8332
-23.7552
-23.691
-23.6377
-23.5928
-23.5547
-23.5221
-23.4942
-23.4703
-23.4499
-23.4326
-23.4178
-23.4052
-23.3945
-23.3853
-23.3774
-23.3706
-23.3647
-23.3595
-23.3551
-23.3513
-23.348
-23.3453
-23.343
-23.3412
-23.3397
-23.3387
-23.338
-23.3376
-23.8093
-23.8097
-23.8104
-23.8115
-23.813
-23.8149
-23.8173
-23.8201
-23.8234
-23.8272
-23.8316
-23.8365
-23.8422
-23.8487
-23.8561
-23.8646
-23.8746
-23.8864
-23.9005
-23.9174
-23.9376
-23.9616
-23.9896
-24.022
-24.0592
-24.1022
-24.1523
-24.2115
-24.2815
-24.3634
-24.4566
-24.5587
-24.6636
-24.7523
-24.7891
-24.7503
-24.6403
-24.3265
-23.4861
-25.3391
-27.3036
-24.1298
-24.7428
-25.0715
-25.1454
-25.1032
-25.004
-24.8742
-24.7405
-24.6174
-24.5084
-24.4137
-24.3326
-24.2636
-24.2047
-24.1542
-24.1107
-24.0732
-24.0409
-24.013
-23.9891
-23.9686
-23.951
-23.9359
-23.9229
-23.9116
-23.9019
-23.8935
-23.8862
-23.8799
-23.8744
-23.8696
-23.8656
-23.8622
-23.8594
-23.8571
-23.8553
-23.8539
-23.8531
-23.8526
-24.3247
-24.3252
-24.326
-24.3274
-24.3292
-24.3316
-24.3344
-24.3379
-24.3419
-24.3465
-24.3519
-24.358
-24.365
-24.3729
-24.3819
-24.3923
-24.4044
-24.4186
-24.4355
-24.4555
-24.4791
-24.5069
-24.539
-24.5759
-24.6181
-24.6664
-24.7222
-24.7871
-24.8621
-24.9466
-25.0377
-25.1288
-25.2074
-25.2468
-25.1983
-25.0255
-24.8102
-24.6316
-25.3438
-25.6723
-28.3249
-25.7481
-24.9928
-25.2183
-25.3354
-25.4306
-25.4383
-25.3759
-25.2807
-25.1769
-25.0759
-24.9829
-24.8999
-24.8272
-24.7639
-24.709
-24.6611
-24.6196
-24.5835
-24.5523
-24.5253
-24.5021
-24.482
-24.4646
-24.4496
-24.4365
-24.4252
-24.4153
-24.4067
-24.3993
-24.3928
-24.3873
-24.3825
-24.3785
-24.3752
-24.3725
-24.3703
-24.3688
-24.3677
-24.3672
-24.8397
-24.8402
-24.8412
-24.8428
-24.845
-24.8477
-24.851
-24.855
-24.8597
-24.8651
-24.8713
-24.8785
-24.8866
-24.8958
-24.9063
-24.9184
-24.9324
-24.9488
-24.968
-24.9906
-25.0172
-25.0482
-25.0838
-25.1246
-25.171
-25.2242
-25.2854
-25.3561
-25.4367
-25.5262
-25.6207
-25.7129
-25.7884
-25.8161
-25.7626
-25.556
-25.2503
-25.2978
-28.3608
-28.0307
-28.6865
-28.3533
-25.6062
-25.5361
-25.7239
-25.88
-25.9363
-25.9064
-25.8302
-25.7354
-25.6375
-25.5442
-25.4589
-25.3828
-25.3158
-25.2571
-25.2057
-25.1609
-25.1218
-25.0878
-25.0583
-25.0327
-25.0105
-24.9911
-24.9744
-24.9597
-24.947
-24.9359
-24.9262
-24.9177
-24.9104
-24.9041
-24.8987
-24.8942
-24.8904
-24.8873
-24.8848
-24.883
-24.8819
-24.8813
-25.3541
-25.3547
-25.3559
-25.3577
-25.3601
-25.3631
-25.3669
-25.3714
-25.3766
-25.3828
-25.3898
-25.3978
-25.4069
-25.4173
-25.4291
-25.4427
-25.4583
-25.4765
-25.4977
-25.5226
-25.5516
-25.5852
-25.6237
-25.6677
-25.7178
-25.7753
-25.8416
-25.9185
-26.0066
-26.1047
-26.2102
-26.3191
-26.421
-26.4806
-26.4935
-26.3259
-25.8739
-26.3151
-34.5234
-41.3861
-39.8699
-33.9735
-26.3122
-25.8285
-26.2464
-26.4654
-26.5194
-26.4828
-26.4002
-26.2999
-26.1973
-26.0997
-26.0105
-25.9308
-25.8603
-25.7985
-25.7443
-25.6969
-25.6554
-25.6192
-25.5877
-25.5602
-25.5362
-25.5153
-25.4971
-25.4811
-25.4672
-25.455
-25.4443
-25.435
-25.427
-25.42
-25.414
-25.409
-25.4048
-25.4014
-25.3987
-25.3967
-25.3954
-25.3947
-25.868
-25.8686
-25.8699
-25.8719
-25.8745
-25.8779
-25.882
-25.8869
-25.8927
-25.8994
-25.9071
-25.9159
-25.9259
-25.9372
-25.9501
-25.9649
-25.9819
-26.0015
-26.0244
-26.051
-26.0819
-26.1175
-26.1583
-26.2048
-26.2579
-26.3191
-26.3902
-26.4733
-26.5701
-26.6806
-26.8047
-26.9442
-27.1006
-27.249
-27.3886
-27.3581
-27.0977
-29.003
-48.3179
-56.5864
-55.4776
-47.5029
-28.4377
-26.7064
-27.0578
-27.2421
-27.2078
-27.1119
-26.9936
-26.8715
-26.7558
-26.6498
-26.5549
-26.471
-26.3973
-26.333
-26.2768
-26.2275
-26.1842
-26.1464
-26.1134
-26.0844
-26.0591
-26.037
-26.0176
-26.0005
-25.9856
-25.9725
-25.9611
-25.9511
-25.9424
-25.9349
-25.9285
-25.923
-25.9185
-25.9148
-25.9118
-25.9097
-25.9083
-25.9076
-26.3811
-26.3818
-26.3832
-26.3853
-26.3882
-26.3918
-26.3962
-26.4015
-26.4078
-26.415
-26.4232
-26.4327
-26.4434
-26.4555
-26.4693
-26.485
-26.503
-26.5238
-26.5478
-26.5757
-26.6079
-26.645
-26.6873
-26.7356
-26.7909
-26.8549
-26.9298
-27.0185
-27.1236
-27.248
-27.3949
-27.5729
-27.7985
-28.0836
-28.3955
-28.5502
-29.0195
-32.5531
-34.2421
-33.3872
-33.0388
-33.5672
-31.7879
-28.6071
-28.2644
-28.2335
-28.0027
-27.7823
-27.6023
-27.4442
-27.3096
-27.1924
-27.0909
-27.003
-26.9268
-26.8605
-26.8028
-26.7522
-26.708
-26.6692
-26.6352
-26.6053
-26.5791
-26.556
-26.5358
-26.5179
-26.5022
-26.4885
-26.4764
-26.4658
-26.4566
-26.4487
-26.4419
-26.4361
-26.4313
-26.4273
-26.4242
-26.4219
-26.4204
-26.4197
-26.8936
-26.8944
-26.8958
-26.8981
-26.9011
-26.9049
-26.9096
-26.9152
-26.9218
-26.9294
-26.9381
-26.948
-26.9593
-26.972
-26.9864
-27.0029
-27.0217
-27.0432
-27.0681
-27.0967
-27.1297
-27.1675
-27.2107
-27.2599
-27.3163
-27.3819
-27.4593
-27.5517
-27.6629
-27.7984
-27.9667
-28.1827
-28.4741
-28.8998
-29.487
-29.8886
-30.799
-31.4854
-32.3042
-32.1533
-32.061
-31.8302
-30.7515
-30.4948
-29.72
-29.3818
-28.8355
-28.4529
-28.2034
-28.0084
-27.8521
-27.7237
-27.6165
-27.5256
-27.4478
-27.3807
-27.3224
-27.2715
-27.2269
-27.1877
-27.1532
-27.1229
-27.0961
-27.0724
-27.0516
-27.0332
-27.017
-27.0027
-26.9902
-26.9792
-26.9697
-26.9614
-26.9542
-26.9482
-26.9432
-26.939
-26.9358
-26.9334
-26.9318
-26.931
-27.4053
-27.4061
-27.4077
-27.41
-27.4131
-27.4171
-27.422
-27.4279
-27.4347
-27.4426
-27.4516
-27.4619
-27.4736
-27.4867
-27.5017
-27.5186
-27.5378
-27.5598
-27.585
-27.6139
-27.6471
-27.6851
-27.7282
-27.7773
-27.8336
-27.8994
-27.9772
-28.0707
-28.1841
-28.3244
-28.5043
-28.7464
-29.0881
-29.6185
-30.5494
-31.6127
-33.3491
-32.8345
-32.1222
-31.7361
-31.7507
-32.0538
-32.6279
-33.2531
-31.6888
-30.5516
-29.5884
-29.0874
-28.7725
-28.5455
-28.3741
-28.239
-28.1291
-28.0375
-27.9599
-27.8932
-27.8355
-27.7851
-27.7408
-27.7019
-27.6674
-27.637
-27.61
-27.5862
-27.5651
-27.5464
-27.5298
-27.5153
-27.5024
-27.4912
-27.4814
-27.4729
-27.4656
-27.4593
-27.4541
-27.4499
-27.4465
-27.4441
-27.4424
-27.4416
-27.9163
-27.9171
-27.9187
-27.9211
-27.9243
-27.9284
-27.9335
-27.9395
-27.9465
-27.9546
-27.9638
-27.9744
-27.9863
-27.9997
-28.0149
-28.032
-28.0514
-28.0734
-28.0987
-28.1275
-28.1603
-28.1977
-28.24
-28.288
-28.3429
-28.4068
-28.4825
-28.5735
-28.6841
-28.8211
-28.9977
-29.2394
-29.5866
-30.1239
-31.159
-32.8582
-33.9105
-32.8814
-32.0935
-31.7396
-31.772
-32.1627
-32.9202
-34.1964
-33.1688
-31.277
-30.1601
-29.6175
-29.277
-29.0411
-28.8683
-28.7346
-28.627
-28.5379
-28.4627
-28.3982
-28.3422
-28.2932
-28.25
-28.2118
-28.1779
-28.1478
-28.1211
-28.0973
-28.0762
-28.0574
-28.0408
-28.0261
-28.0132
-28.0018
-27.9918
-27.9832
-27.9758
-27.9694
-27.9641
-27.9598
-27.9564
-27.9538
-27.9522
-27.9513
-28.4265
-28.4273
-28.429
-28.4314
-28.4346
-28.4388
-28.4439
-28.45
-28.4571
-28.4653
-28.4747
-28.4854
-28.4974
-28.5109
-28.5261
-28.5432
-28.5625
-28.5843
-28.6092
-28.6374
-28.6694
-28.7056
-28.7463
-28.7923
-28.8445
-28.9047
-28.9754
-29.0598
-29.1617
-29.2866
-29.4443
-29.6536
-29.9459
-30.3671
-31.1026
-32.3563
-32.8755
-32.3277
-31.5567
-31.25
-31.2626
-31.6194
-32.4651
-33.145
-32.6628
-31.2538
-30.4437
-29.9988
-29.6989
-29.4886
-29.3321
-29.2094
-29.1099
-29.027
-28.9566
-28.8958
-28.8427
-28.796
-28.7545
-28.7177
-28.6848
-28.6554
-28.6292
-28.6058
-28.585
-28.5664
-28.5499
-28.5353
-28.5223
-28.511
-28.501
-28.4923
-28.4849
-28.4785
-28.4731
-28.4687
-28.4653
-28.4628
-28.4611
-28.4602
-28.9359
-28.9367
-28.9383
-28.9408
-28.9441
-28.9483
-28.9534
-28.9595
-28.9666
-28.9748
-28.9842
-28.9949
-29.0068
-29.0203
-29.0354
-29.0522
-29.0712
-29.0926
-29.1167
-29.1439
-29.1746
-29.2091
-29.2477
-29.2908
-29.3394
-29.3946
-29.4583
-29.5326
-29.6204
-29.7252
-29.8523
-30.009
-30.2068
-30.4537
-30.7755
-31.2638
-31.5901
-31.3832
-30.9043
-30.6934
-30.699
-30.9432
-31.4959
-31.7791
-31.4349
-30.8768
-30.5275
-30.2619
-30.0552
-29.8964
-29.7699
-29.6663
-29.5798
-29.5061
-29.4425
-29.3868
-29.3377
-29.2939
-29.2548
-29.2198
-29.1883
-29.16
-29.1347
-29.1119
-29.0916
-29.0734
-29.0572
-29.0428
-29.03
-29.0188
-29.0089
-29.0003
-28.9928
-28.9865
-28.9811
-28.9768
-28.9733
-28.9708
-28.9691
-28.9682
-29.4445
-29.4453
-29.4469
-29.4493
-29.4526
-29.4568
-29.4619
-29.468
-29.475
-29.4832
-29.4925
-29.503
-29.5148
-29.528
-29.5428
-29.5592
-29.5777
-29.5983
-29.6215
-29.6474
-29.6764
-29.7088
-29.7446
-29.7844
-29.8285
-29.878
-29.9338
-29.9969
-30.0683
-30.1496
-30.2421
-30.3452
-30.4554
-30.5653
-30.6553
-30.7742
-30.8827
-30.7959
-30.6034
-30.5122
-30.5125
-30.6176
-30.8515
-30.9779
-30.8601
-30.7145
-30.6204
-30.5027
-30.3887
-30.2848
-30.1924
-30.1113
-30.0402
-29.9776
-29.922
-29.8724
-29.8278
-29.7876
-29.7513
-29.7185
-29.6887
-29.6619
-29.6376
-29.6158
-29.5961
-29.5785
-29.5628
-29.5488
-29.5363
-29.5253
-29.5156
-29.5071
-29.4998
-29.4935
-29.4882
-29.4839
-29.4805
-29.4779
-29.4763
-29.4754
-29.9523
-29.9531
-29.9546
-29.957
-29.9603
-29.9644
-29.9694
-29.9754
-29.9823
-29.9903
-29.9994
-30.0097
-30.0212
-30.0341
-30.0484
-30.0643
-30.082
-30.1018
-30.1237
-30.1481
-30.1752
-30.2051
-30.2379
-30.2738
-30.3131
-30.3564
-30.404
-30.4562
-30.5126
-30.5725
-30.635
-30.697
-30.7516
-30.7913
-30.8056
-30.8048
-30.8035
-30.7568
-30.6837
-30.6485
-30.6474
-30.6868
-30.7775
-30.8412
-30.8429
-30.8434
-30.8339
-30.7917
-30.7364
-30.6741
-30.6114
-30.5514
-30.4956
-30.4441
-30.3969
-30.3537
-30.3141
-30.2778
-30.2446
-30.2142
-30.1865
-30.1612
-30.1383
-30.1175
-30.0988
-30.0819
-30.0668
-30.0532
-30.0412
-30.0305
-30.021
-30.0128
-30.0056
-29.9995
-29.9943
-29.9901
-29.9867
-29.9842
-29.9826
-29.9818
-30.4593
-30.46
-30.4616
-30.4639
-30.4671
-30.4711
-30.476
-30.4818
-30.4886
-30.4963
-30.5052
-30.5151
-30.5263
-30.5387
-30.5524
-30.5676
-30.5845
-30.6031
-30.6237
-30.6464
-30.6714
-30.6988
-30.7284
-30.7603
-30.7946
-30.8316
-30.8713
-30.9135
-30.9572
-31.0007
-31.0419
-31.078
-31.104
-31.119
-31.1099
-31.083
-31.0504
-31.0098
-30.9666
-30.9433
-30.9439
-30.9708
-31.0217
-31.0694
-31.1063
-31.1389
-31.1507
-31.1379
-31.1122
-31.0762
-31.0351
-30.9922
-30.9495
-30.9083
-30.8691
-30.8321
-30.7975
-30.7651
-30.7351
-30.7074
-30.6818
-30.6584
-30.6369
-30.6174
-30.5997
-30.5837
-30.5693
-30.5563
-30.5448
-30.5345
-30.5254
-30.5174
-30.5105
-30.5045
-30.4995
-30.4954
-30.4921
-30.4897
-30.4881
-30.4873
-30.9655
-30.9662
-30.9677
-30.97
-30.9731
-30.977
-30.9817
-30.9873
-30.9938
-31.0013
-31.0098
-31.0193
-31.03
-31.0418
-31.0549
-31.0693
-31.0851
-31.1026
-31.1217
-31.1427
-31.1655
-31.1902
-31.2167
-31.2448
-31.2745
-31.3056
-31.3381
-31.3715
-31.4048
-31.4363
-31.4639
-31.4853
-31.4982
-31.4968
-31.4807
-31.4508
-31.4149
-31.3788
-31.3479
-31.3313
-31.3333
-31.3545
-31.3907
-31.4311
-31.4706
-31.5046
-31.5231
-31.5255
-31.5141
-31.4937
-31.4671
-31.4368
-31.4047
-31.3722
-31.34
-31.3088
-31.2789
-31.2504
-31.2236
-31.1985
-31.1752
-31.1536
-31.1338
-31.1156
-31.099
-31.084
-31.0704
-31.0581
-31.0471
-31.0373
-31.0286
-31.021
-31.0143
-31.0086
-31.0038
-30.9998
-30.9967
-30.9943
-30.9928
-30.992
-31.471
-31.4717
-31.4731
-31.4754
-31.4783
-31.482
-31.4866
-31.4919
-31.4982
-31.5053
-31.5134
-31.5224
-31.5325
-31.5437
-31.556
-31.5695
-31.5843
-31.6005
-31.6181
-31.6372
-31.6578
-31.68
-31.7035
-31.7281
-31.7536
-31.7797
-31.8061
-31.8323
-31.8574
-31.8799
-31.8982
-31.9104
-31.9147
-31.9085
-31.8917
-31.8656
-31.8354
-31.807
-31.7849
-31.7735
-31.7755
-31.7911
-31.8173
-31.8491
-31.8822
-31.9111
-31.9301
-31.9379
-31.9354
-31.9247
-31.9078
-31.8866
-31.8626
-31.8371
-31.8109
-31.7847
-31.759
-31.7342
-31.7105
-31.688
-31.6669
-31.6473
-31.6291
-31.6124
-31.597
-31.583
-31.5703
-31.5588
-31.5484
-31.5391
-31.5309
-31.5236
-31.5173
-31.5119
-31.5073
-31.5035
-31.5004
-31.4982
-31.4967
-31.496
-31.9757
-31.9764
-31.9778
-31.9799
-31.9827
-31.9863
-31.9906
-31.9957
-32.0016
-32.0083
-32.0159
-32.0245
-32.034
-32.0444
-32.0559
-32.0685
-32.0822
-32.097
-32.1131
-32.1304
-32.1489
-32.1685
-32.1891
-32.2105
-32.2324
-32.2543
-32.2758
-32.2965
-32.3154
-32.3314
-32.3433
-32.3501
-32.3505
-32.3436
-32.3291
-32.3087
-32.2857
-32.2644
-32.2481
-32.2398
-32.2411
-32.2523
-32.2715
-32.2956
-32.3211
-32.3441
-32.361
-32.3703
-32.3721
-32.3671
-32.3566
-32.3417
-32.3237
-32.3036
-32.2823
-32.2604
-32.2386
-32.2171
-32.1962
-32.1763
-32.1574
-32.1397
-32.1232
-32.1079
-32.0938
-32.0808
-32.069
-32.0583
-32.0487
-32.04
-32.0322
-32.0254
-32.0194
-32.0143
-32.0099
-32.0063
-32.0035
-32.0013
-31.9999
-31.9992
-32.4798
-32.4805
-32.4818
-32.4838
-32.4864
-32.4898
-32.4938
-32.4986
-32.5041
-32.5105
-32.5176
-32.5256
-32.5344
-32.5441
-32.5548
-32.5664
-32.579
-32.5925
-32.607
-32.6226
-32.639
-32.6563
-32.6742
-32.6926
-32.7111
-32.7294
-32.7471
-32.7636
-32.7781
-32.7898
-32.7978
-32.8016
-32.8005
-32.7941
-32.7826
-32.7672
-32.75
-32.7342
-32.7222
-32.7161
-32.7168
-32.7245
-32.7384
-32.7564
-32.7759
-32.7941
-32.8084
-32.8174
-32.8209
-32.819
-32.8122
-32.8016
-32.788
-32.7721
-32.7548
-32.7365
-32.718
-32.6995
-32.6813
-32.6638
-32.647
-32.6311
-32.6162
-32.6023
-32.5895
-32.5777
-32.5668
-32.5569
-32.548
-32.5399
-32.5327
-32.5263
-32.5207
-32.5159
-32.5118
-32.5084
-32.5057
-32.5037
-32.5024
-32.5017
-32.9833
-32.9839
-32.9851
-32.987
-32.9894
-32.9926
-32.9964
-33.0008
-33.0059
-33.0118
-33.0184
-33.0258
-33.034
-33.043
-33.0527
-33.0633
-33.0747
-33.087
-33.1001
-33.1139
-33.1285
-33.1436
-33.1591
-33.1748
-33.1904
-33.2056
-33.22
-33.2332
-33.2446
-33.2535
-33.2593
-33.2615
-33.2599
-33.2545
-33.2457
-33.2343
-33.2218
-33.2102
-33.2014
-33.1968
-33.1973
-33.2029
-33.2131
-33.2265
-33.2413
-33.2554
-33.267
-33.275
-33.2788
-33.2782
-33.2738
-33.2659
-33.2553
-33.2427
-33.2285
-33.2133
-33.1976
-33.1817
-33.166
-33.1506
-33.1359
-33.1218
-33.1085
-33.096
-33.0844
-33.0736
-33.0638
-33.0547
-33.0465
-33.0391
-33.0324
-33.0265
-33.0213
-33.0168
-33.013
-33.0098
-33.0073
-33.0054
-33.0042
-33.0036
-33.4861
-33.4867
-33.4878
-33.4895
-33.4918
-33.4947
-33.4982
-33.5023
-33.5071
-33.5125
-33.5186
-33.5253
-33.5328
-33.5409
-33.5498
-33.5594
-33.5697
-33.5808
-33.5925
-33.6048
-33.6176
-33.6307
-33.6441
-33.6575
-33.6706
-33.6832
-33.6949
-33.7054
-33.7143
-33.7212
-33.7256
-33.7271
-33.7257
-33.7215
-33.7148
-33.7064
-33.6974
-33.6892
-33.683
-33.6799
-33.6804
-33.6846
-33.6923
-33.7024
-33.7135
-33.7243
-33.7335
-33.74
-33.7432
-33.7432
-33.7399
-33.7338
-33.7255
-33.7152
-33.7035
-33.6909
-33.6776
-33.6641
-33.6505
-33.6372
-33.6243
-33.6119
-33.6001
-33.589
-33.5786
-33.5689
-33.56
-33.5518
-33.5443
-33.5375
-33.5314
-33.526
-33.5212
-33.517
-33.5135
-33.5106
-33.5083
-33.5066
-33.5054
-33.5048
-33.9884
-33.9889
-33.99
-33.9915
-33.9936
-33.9963
-33.9994
-34.0032
-34.0076
-34.0125
-34.018
-34.0241
-34.0309
-34.0382
-34.0462
-34.0549
-34.0641
-34.0739
-34.0843
-34.0951
-34.1063
-34.1178
-34.1293
-34.1407
-34.1518
-34.1622
-34.1717
-34.1801
-34.1872
-34.1926
-34.1961
-34.1973
-34.1962
-34.1931
-34.1882
-34.1823
-34.1761
-34.1704
-34.1663
-34.1644
-34.1651
-34.1685
-34.1743
-34.1819
-34.1902
-34.1983
-34.2051
-34.21
-34.2125
-34.2124
-34.2097
-34.2048
-34.198
-34.1896
-34.1799
-34.1694
-34.1582
-34.1467
-34.1351
-34.1237
-34.1124
-34.1016
-34.0912
-34.0814
-34.0721
-34.0635
-34.0555
-34.0482
-34.0414
-34.0353
-34.0297
-34.0248
-34.0205
-34.0167
-34.0135
-34.0108
-34.0087
-34.0071
-34.006
-34.0055
-34.4901
-34.4906
-34.4916
-34.493
-34.4949
-34.4973
-34.5002
-34.5036
-34.5075
-34.5119
-34.5169
-34.5224
-34.5284
-34.535
-34.5421
-34.5498
-34.558
-34.5666
-34.5757
-34.5852
-34.5949
-34.6048
-34.6147
-34.6244
-34.6338
-34.6425
-34.6504
-34.6572
-34.663
-34.6673
-34.6701
-34.6712
-34.6706
-34.6686
-34.6653
-34.6613
-34.6571
-34.6535
-34.6509
-34.65
-34.6508
-34.6535
-34.6579
-34.6635
-34.6695
-34.6753
-34.6802
-34.6836
-34.6851
-34.6847
-34.6824
-34.6783
-34.6726
-34.6656
-34.6577
-34.6489
-34.6395
-34.6298
-34.6199
-34.6101
-34.6004
-34.591
-34.582
-34.5734
-34.5653
-34.5577
-34.5506
-34.544
-34.538
-34.5325
-34.5275
-34.5231
-34.5192
-34.5158
-34.5129
-34.5105
-34.5085
-34.5071
-34.5061
-34.5057
-34.9914
-34.9918
-34.9927
-34.994
-34.9956
-34.9978
-35.0004
-35.0034
-35.0069
-35.0109
-35.0153
-35.0201
-35.0255
-35.0313
-35.0375
-35.0442
-35.0514
-35.0589
-35.0667
-35.075
-35.0833
-35.0918
-35.1003
-35.1086
-35.1165
-35.1238
-35.1305
-35.1363
-35.141
-35.1447
-35.1471
-35.1483
-35.1482
-35.147
-35.145
-35.1425
-35.1399
-35.1377
-35.1363
-35.1359
-35.1367
-35.1388
-35.142
-35.146
-35.1502
-35.1541
-35.1574
-35.1595
-35.1602
-35.1595
-35.1573
-35.1537
-35.149
-35.1432
-35.1367
-35.1293
-35.1215
-35.1133
-35.105
-35.0967
-35.0884
-35.0803
-35.0726
-35.0651
-35.058
-35.0514
-35.0452
-35.0394
-35.0341
-35.0292
-35.0248
-35.0209
-35.0174
-35.0144
-35.0118
-35.0096
-35.0079
-35.0066
-35.0057
-35.0053
-35.4923
-35.4926
-35.4934
-35.4945
-35.496
-35.4979
-35.5002
-35.5029
-35.5059
-35.5094
-35.5133
-35.5175
-35.5221
-35.5271
-35.5326
-35.5383
-35.5445
-35.551
-35.5577
-35.5647
-35.5718
-35.579
-35.5861
-35.5931
-35.5998
-35.606
-35.6117
-35.6166
-35.6208
-35.624
-35.6263
-35.6276
-35.628
-35.6275
-35.6265
-35.6251
-35.6236
-35.6224
-35.6217
-35.6216
-35.6223
-35.6239
-35.6261
-35.6288
-35.6315
-35.634
-35.6359
-35.637
-35.6371
-35.6361
-35.634
-35.6309
-35.6269
-35.622
-35.6165
-35.6105
-35.6041
-35.5973
-35.5904
-35.5834
-35.5764
-35.5696
-35.5629
-35.5566
-35.5505
-35.5448
-35.5394
-35.5344
-35.5298
-35.5255
-35.5217
-35.5182
-35.5152
-35.5125
-35.5102
-35.5083
-35.5068
-35.5057
-35.5049
-35.5045
-35.9927
-35.993
-35.9937
-35.9947
-35.996
-35.9977
-35.9996
-36.0019
-36.0046
-36.0075
-36.0108
-36.0145
-36.0185
-36.0227
-36.0274
-36.0323
-36.0374
-36.0429
-36.0486
-36.0544
-36.0604
-36.0664
-36.0723
-36.0781
-36.0836
-36.0888
-36.0936
-36.0979
-36.1016
-36.1045
-36.1067
-36.1082
-36.1089
-36.1091
-36.1088
-36.1082
-36.1075
-36.1069
-36.1066
-36.1067
-36.1073
-36.1083
-36.1097
-36.1114
-36.113
-36.1144
-36.1153
-36.1157
-36.1153
-36.1141
-36.1121
-36.1094
-36.106
-36.102
-36.0975
-36.0926
-36.0873
-36.0818
-36.0761
-36.0703
-36.0645
-36.0588
-36.0532
-36.0479
-36.0427
-36.0379
-36.0333
-36.029
-36.0251
-36.0215
-36.0182
-36.0152
-36.0126
-36.0103
-36.0083
-36.0067
-36.0053
-36.0044
-36.0037
-36.0034
-36.4928
-36.4931
-36.4937
-36.4945
-36.4956
-36.497
-36.4987
-36.5007
-36.5029
-36.5054
-36.5081
-36.5112
-36.5145
-36.5181
-36.5219
-36.526
-36.5303
-36.5347
-36.5394
-36.5442
-36.5491
-36.5539
-36.5588
-36.5635
-36.568
-36.5723
-36.5763
-36.5799
-36.5831
-36.5858
-36.5879
-36.5894
-36.5905
-36.5911
-36.5913
-36.5912
-36.5911
-36.5909
-36.5909
-36.591
-36.5914
-36.592
-36.5929
-36.5937
-36.5945
-36.5951
-36.5954
-36.5952
-36.5945
-36.5933
-36.5915
-36.5891
-36.5863
-36.5831
-36.5794
-36.5754
-36.5712
-36.5667
-36.5621
-36.5574
-36.5527
-36.548
-36.5435
-36.5391
-36.5348
-36.5308
-36.527
-36.5234
-36.5201
-36.5171
-36.5143
-36.5118
-36.5096
-36.5077
-36.506
-36.5046
-36.5035
-36.5027
-36.5022
-36.5019
-36.9927
-36.9929
-36.9934
-36.9941
-36.995
-36.9961
-36.9975
-36.999
-37.0008
-37.0029
-37.0051
-37.0076
-37.0103
-37.0132
-37.0163
-37.0195
-37.023
-37.0265
-37.0303
-37.0341
-37.038
-37.0418
-37.0456
-37.0493
-37.0529
-37.0563
-37.0596
-37.0625
-37.0652
-37.0675
-37.0695
-37.0711
-37.0722
-37.0731
-37.0736
-37.074
-37.0742
-37.0743
-37.0744
-37.0746
-37.0748
-37.0752
-37.0755
-37.0759
-37.0761
-37.0761
-37.076
-37.0754
-37.0746
-37.0734
-37.0718
-37.0698
-37.0675
-37.0649
-37.062
-37.0589
-37.0556
-37.0521
-37.0485
-37.0448
-37.041
-37.0373
-37.0337
-37.0302
-37.0268
-37.0235
-37.0205
-37.0176
-37.0149
-37.0125
-37.0102
-37.0082
-37.0064
-37.0048
-37.0035
-37.0023
-37.0014
-37.0008
-37.0003
-37.0001
-37.4924
-37.4925
-37.4929
-37.4934
-37.4941
-37.495
-37.496
-37.4972
-37.4986
-37.5002
-37.502
-37.5039
-37.5059
-37.5081
-37.5105
-37.513
-37.5156
-37.5184
-37.5212
-37.5241
-37.527
-37.5299
-37.5328
-37.5356
-37.5383
-37.5409
-37.5434
-37.5457
-37.5479
-37.5498
-37.5515
-37.553
-37.5541
-37.5551
-37.5558
-37.5564
-37.5568
-37.5571
-37.5574
-37.5576
-37.5577
-37.5578
-37.5579
-37.5579
-37.5577
-37.5575
-37.557
-37.5563
-37.5554
-37.5543
-37.5529
-37.5513
-37.5495
-37.5475
-37.5453
-37.5429
-37.5405
-37.5378
-37.5351
-37.5323
-37.5295
-37.5267
-37.5239
-37.5212
-37.5186
-37.5162
-37.5138
-37.5116
-37.5096
-37.5077
-37.5059
-37.5044
-37.503
-37.5018
-37.5007
-37.4998
-37.4991
-37.4986
-37.4982
-37.4981
-37.9918
-37.9919
-37.9922
-37.9926
-37.9931
-37.9937
-37.9944
-37.9953
-37.9963
-37.9974
-37.9986
-38
-38.0015
-38.003
-38.0047
-38.0064
-38.0083
-38.0102
-38.0122
-38.0142
-38.0162
-38.0183
-38.0203
-38.0222
-38.0241
-38.0259
-38.0277
-38.0294
-38.031
-38.0325
-38.0339
-38.0352
-38.0363
-38.0372
-38.0381
-38.0387
-38.0393
-38.0397
-38.0401
-38.0403
-38.0404
-38.0404
-38.0402
-38.04
-38.0396
-38.0391
-38.0385
-38.0378
-38.0369
-38.0359
-38.0347
-38.0335
-38.0321
-38.0306
-38.0291
-38.0274
-38.0257
-38.0238
-38.0219
-38.02
-38.0181
-38.0161
-38.0142
-38.0123
-38.0105
-38.0087
-38.007
-38.0055
-38.004
-38.0027
-38.0015
-38.0004
-37.9994
-37.9985
-37.9978
-37.9971
-37.9966
-37.9963
-37.996
-37.9959
-38.4912
-38.4912
-38.4914
-38.4916
-38.4919
-38.4922
-38.4927
-38.4932
-38.4938
-38.4945
-38.4952
-38.496
-38.4969
-38.4978
-38.4988
-38.4998
-38.5009
-38.5021
-38.5032
-38.5044
-38.5056
-38.5068
-38.508
-38.5091
-38.5102
-38.5113
-38.5124
-38.5135
-38.5146
-38.5157
-38.5168
-38.5178
-38.5187
-38.5196
-38.5204
-38.5212
-38.5218
-38.5223
-38.5227
-38.523
-38.523
-38.5229
-38.5227
-38.5223
-38.5218
-38.5212
-38.5205
-38.5197
-38.5189
-38.518
-38.5171
-38.5162
-38.5152
-38.5142
-38.5132
-38.5122
-38.5111
-38.5101
-38.509
-38.5079
-38.5067
-38.5056
-38.5045
-38.5033
-38.5023
-38.5012
-38.5002
-38.4993
-38.4985
-38.4977
-38.4969
-38.4963
-38.4957
-38.4952
-38.4947
-38.4943
-38.494
-38.4938
-38.4937
-38.4936
-38.9904
-38.9904
-38.9905
-38.9905
-38.9906
-38.9907
-38.9909
-38.991
-38.9913
-38.9915
-38.9917
-38.992
-38.9923
-38.9926
-38.9929
-38.9933
-38.9936
-38.994
-38.9944
-38.9948
-38.9952
-38.9956
-38.9959
-38.9963
-38.9967
-38.9971
-38.9975
-38.9981
-38.9987
-38.9993
-39
-39.0008
-39.0016
-39.0025
-39.0033
-39.0041
-39.0048
-39.0053
-39.0058
-39.006
-39.0061
-39.0059
-39.0055
-39.005
-39.0044
-39.0037
-39.0029
-39.0022
-39.0014
-39.0006
-38.9999
-38.9993
-38.9987
-38.9982
-38.9977
-38.9973
-38.997
-38.9966
-38.9963
-38.9959
-38.9955
-38.9952
-38.9948
-38.9944
-38.9941
-38.9937
-38.9934
-38.9931
-38.9928
-38.9926
-38.9923
-38.9921
-38.9919
-38.9917
-38.9916
-38.9915
-38.9914
-38.9913
-38.9912
-38.9912
)
;

boundaryField
{
    lowerWall
    {
        type            calculated;
        value           nonuniform List<scalar> 
80
(
7731.49
7731.5
7731.49
7731.49
7731.5
7731.5
7731.51
7731.51
7731.52
7731.53
7731.53
7731.54
7731.55
7731.56
7731.57
7731.58
7731.59
7731.6
7731.61
7731.63
7731.64
7731.65
7731.66
7731.68
7731.69
7731.7
7731.71
7731.72
7731.73
7731.74
7731.75
7731.76
7731.77
7731.77
7731.78
7731.78
7731.79
7731.79
7731.79
7731.79
7731.79
7731.79
7731.79
7731.78
7731.78
7731.77
7731.76
7731.76
7731.75
7731.74
7731.73
7731.72
7731.7
7731.69
7731.68
7731.67
7731.65
7731.64
7731.63
7731.61
7731.6
7731.59
7731.57
7731.56
7731.55
7731.54
7731.53
7731.52
7731.51
7731.5
7731.49
7731.48
7731.48
7731.47
7731.47
7731.46
7731.46
7731.46
7731.45
7731.45
)
;
    }
    rightWall
    {
        type            calculated;
        value           nonuniform List<scalar> 
80
(
7537.95
7150.95
6763.94
6376.93
5989.92
5602.92
5215.91
4828.89
4441.88
4054.87
3667.86
3280.84
2893.83
2506.81
2119.79
1732.77
1345.75
958.728
571.705
184.675
-9.1051
-9.62629
-10.1187
-10.6124
-11.1076
-11.6044
-12.1027
-12.6025
-13.1038
-13.6065
-14.1106
-14.616
-15.1227
-15.6307
-16.1397
-16.6499
-17.1611
-17.6731
-18.186
-18.6997
-19.214
-19.7288
-20.244
-20.7595
-21.2752
-21.7909
-22.3067
-22.8223
-23.3376
-23.8526
-24.3672
-24.8813
-25.3947
-25.9076
-26.4197
-26.931
-27.4416
-27.9513
-28.4602
-28.9682
-29.4754
-29.9818
-30.4873
-30.992
-31.496
-31.9992
-32.5017
-33.0036
-33.5048
-34.0055
-34.5057
-35.0053
-35.5045
-36.0034
-36.5019
-37.0001
-37.4981
-37.9959
-38.4936
-38.9912
)
;
    }
    atmosphere
    {
        type            calculated;
        value           nonuniform List<scalar> 
80
(
-39.24
-39.24
-39.24
-39.24
-39.24
-39.24
-39.24
-39.24
-39.24
-39.24
-39.24
-39.24
-39.24
-39.24
-39.24
-39.24
-39.24
-39.24
-39.24
-39.24
-39.24
-39.24
-39.24
-39.24
-39.24
-39.2401
-39.2402
-39.2405
-39.2408
-39.2413
-39.2419
-39.2425
-39.2432
-39.244
-39.2448
-39.2456
-39.2463
-39.2469
-39.2474
-39.2476
-39.2476
-39.2475
-39.2471
-39.2465
-39.2459
-39.2451
-39.2443
-39.2435
-39.2428
-39.2421
-39.2415
-39.241
-39.2406
-39.2403
-39.2401
-39.24
-39.24
-39.24
-39.24
-39.24
-39.24
-39.24
-39.24
-39.24
-39.24
-39.24
-39.24
-39.24
-39.24
-39.24
-39.24
-39.24
-39.24
-39.24
-39.24
-39.24
-39.24
-39.24
-39.24
-39.24
)
;
    }
    leftWall
    {
        type            calculated;
        value           nonuniform List<scalar> 
80
(
7537.99
7150.98
6763.98
6376.97
5989.96
5602.95
5215.94
4828.93
4441.92
4054.91
3667.9
3280.88
2893.87
2506.85
2119.83
1732.81
1345.79
958.774
571.751
184.722
-9.05796
-9.57912
-10.0715
-10.5651
-11.0603
-11.557
-12.0553
-12.555
-13.0562
-13.5588
-14.0627
-14.5681
-15.0747
-15.5826
-16.0916
-16.6018
-17.113
-17.6251
-18.1381
-18.6519
-19.1663
-19.6813
-20.1968
-20.7127
-21.2288
-21.745
-22.2613
-22.7775
-23.2936
-23.8093
-24.3247
-24.8397
-25.3541
-25.868
-26.3811
-26.8936
-27.4053
-27.9163
-28.4265
-28.9359
-29.4445
-29.9523
-30.4593
-30.9655
-31.471
-31.9757
-32.4798
-32.9833
-33.4861
-33.9884
-34.4901
-34.9914
-35.4923
-35.9927
-36.4928
-36.9927
-37.4924
-37.9918
-38.4912
-38.9904
)
;
    }
    frontAndBack
    {
        type            empty;
    }
}


// ************************************************************************* //
