/*--------------------------------*- C++ -*----------------------------------*\
| =========                 |                                                 |
| \\      /  F ield         | OpenFOAM: The Open Source CFD Toolbox           |
|  \\    /   O peration     | Version:  2412                                  |
|   \\  /    A nd           | Website:  www.openfoam.com                      |
|    \\/     M anipulation  |                                                 |
\*---------------------------------------------------------------------------*/
FoamFile
{
    version     2.0;
    format      ascii;
    arch        "LSB;label=32;scalar=64";
    class       volScalarField;
    location    "3.45";
    object      p_rgh;
}
// * * * * * * * * * * * * * * * * * * * * * * * * * * * * * * * * * * * * * //

dimensions      [1 -1 -2 0 0 0 0];

internalField   nonuniform List<scalar> 
6400
(
7315.91
7315.8
7315.57
7315.26
7314.89
7314.5
7314.11
7313.74
7313.45
7313.23
7313.1
7313.1
7313.22
7313.48
7313.87
7314.4
7315.07
7315.88
7316.81
7317.88
7319.06
7320.36
7321.78
7323.29
7324.9
7326.58
7328.33
7330.12
7331.93
7333.74
7335.52
7337.24
7338.87
7340.37
7341.72
7342.89
7343.85
7344.58
7345.06
7345.28
7345.23
7344.9
7344.31
7343.46
7342.37
7341.07
7339.56
7337.89
7336.08
7334.16
7332.17
7330.12
7328.06
7325.99
7323.96
7321.97
7320.05
7318.21
7316.47
7314.83
7313.31
7311.92
7310.66
7309.54
7308.57
7307.76
7307.12
7306.63
7306.3
7306.13
7306.1
7306.19
7306.39
7306.67
7306.99
7307.34
7307.66
7307.94
7308.14
7308.25
7316.03
7315.9
7315.65
7315.31
7314.92
7314.49
7314.07
7313.67
7313.34
7313.09
7312.95
7312.92
7313.03
7313.28
7313.67
7314.21
7314.88
7315.69
7316.64
7317.71
7318.91
7320.23
7321.65
7323.19
7324.81
7326.52
7328.29
7330.1
7331.95
7333.79
7335.6
7337.35
7339.02
7340.55
7341.94
7343.13
7344.12
7344.86
7345.35
7345.58
7345.52
7345.19
7344.59
7343.73
7342.62
7341.29
7339.76
7338.06
7336.21
7334.26
7332.23
7330.16
7328.06
7325.97
7323.91
7321.9
7319.96
7318.1
7316.34
7314.68
7313.14
7311.73
7310.46
7309.34
7308.36
7307.55
7306.9
7306.42
7306.1
7305.95
7305.94
7306.06
7306.29
7306.61
7306.97
7307.35
7307.7
7308
7308.24
7308.36
7316.27
7316.12
7315.83
7315.44
7314.98
7314.49
7314
7313.54
7313.14
7312.84
7312.65
7312.6
7312.68
7312.92
7313.3
7313.84
7314.52
7315.34
7316.3
7317.4
7318.62
7319.96
7321.41
7322.98
7324.64
7326.38
7328.2
7330.06
7331.96
7333.86
7335.73
7337.55
7339.27
7340.87
7342.31
7343.56
7344.59
7345.37
7345.89
7346.13
7346.08
7345.74
7345.11
7344.22
7343.07
7341.69
7340.1
7338.34
7336.44
7334.43
7332.34
7330.2
7328.05
7325.91
7323.81
7321.75
7319.77
7317.88
7316.08
7314.4
7312.83
7311.39
7310.09
7308.95
7307.96
7307.14
7306.49
7306.02
7305.72
7305.6
7305.64
7305.81
7306.11
7306.49
7306.93
7307.38
7307.8
7308.16
7308.44
7308.58
7316.65
7316.46
7316.11
7315.64
7315.09
7314.49
7313.89
7313.33
7312.84
7312.46
7312.21
7312.1
7312.16
7312.37
7312.75
7313.29
7313.98
7314.83
7315.82
7316.94
7318.19
7319.57
7321.06
7322.66
7324.37
7326.17
7328.04
7329.98
7331.95
7333.94
7335.9
7337.81
7339.63
7341.32
7342.85
7344.18
7345.28
7346.11
7346.67
7346.93
7346.88
7346.53
7345.88
7344.93
7343.72
7342.27
7340.6
7338.75
7336.76
7334.65
7332.47
7330.26
7328.03
7325.81
7323.64
7321.53
7319.5
7317.55
7315.71
7313.98
7312.37
7310.89
7309.56
7308.38
7307.36
7306.52
7305.87
7305.41
7305.15
7305.07
7305.17
7305.44
7305.83
7306.32
7306.87
7307.44
7307.97
7308.41
7308.76
7308.93
7317.2
7316.96
7316.52
7315.93
7315.24
7314.49
7313.74
7313.04
7312.42
7311.93
7311.59
7311.42
7311.43
7311.63
7312
7312.56
7313.27
7314.15
7315.17
7316.33
7317.62
7319.04
7320.58
7322.24
7324.01
7325.87
7327.82
7329.85
7331.92
7334.02
7336.1
7338.14
7340.09
7341.91
7343.56
7345
7346.19
7347.1
7347.71
7348
7347.96
7347.59
7346.89
7345.88
7344.59
7343.03
7341.25
7339.28
7337.16
7334.93
7332.63
7330.3
7327.97
7325.67
7323.41
7321.23
7319.13
7317.12
7315.21
7313.42
7311.76
7310.22
7308.84
7307.61
7306.56
7305.7
7305.04
7304.59
7304.36
7304.34
7304.53
7304.91
7305.45
7306.09
7306.8
7307.53
7308.21
7308.78
7309.23
7309.45
7317.95
7317.64
7317.08
7316.33
7315.45
7314.5
7313.55
7312.65
7311.86
7311.22
7310.77
7310.52
7310.49
7310.66
7311.04
7311.62
7312.36
7313.28
7314.35
7315.56
7316.9
7318.38
7319.97
7321.69
7323.53
7325.47
7327.52
7329.65
7331.85
7334.09
7336.32
7338.52
7340.64
7342.63
7344.43
7346.02
7347.34
7348.35
7349.04
7349.37
7349.33
7348.94
7348.18
7347.08
7345.67
7343.98
7342.05
7339.92
7337.64
7335.25
7332.8
7330.33
7327.88
7325.46
7323.11
7320.83
7318.65
7316.56
7314.59
7312.73
7310.99
7309.38
7307.93
7306.64
7305.53
7304.63
7303.95
7303.51
7303.32
7303.38
7303.69
7304.22
7304.93
7305.79
7306.72
7307.67
7308.56
7309.31
7309.88
7310.18
7318.96
7318.56
7317.83
7316.86
7315.73
7314.51
7313.29
7312.14
7311.12
7310.3
7309.72
7309.38
7309.29
7309.45
7309.84
7310.44
7311.24
7312.21
7313.34
7314.62
7316.02
7317.56
7319.22
7321.01
7322.92
7324.95
7327.11
7329.37
7331.72
7334.12
7336.55
7338.96
7341.29
7343.49
7345.5
7347.27
7348.75
7349.9
7350.68
7351.06
7351.04
7350.6
7349.77
7348.57
7347.01
7345.14
7343.02
7340.69
7338.2
7335.61
7332.98
7330.33
7327.72
7325.17
7322.7
7320.33
7318.05
7315.89
7313.83
7311.88
7310.06
7308.36
7306.81
7305.44
7304.25
7303.29
7302.57
7302.13
7301.98
7302.14
7302.59
7303.31
7304.27
7305.4
7306.64
7307.88
7309.04
7310.02
7310.78
7311.17
7320.3
7319.78
7318.82
7317.58
7316.11
7314.53
7312.95
7311.47
7310.17
7309.11
7308.36
7307.92
7307.78
7307.94
7308.36
7309.02
7309.89
7310.94
7312.14
7313.49
7314.97
7316.57
7318.3
7320.16
7322.15
7324.29
7326.56
7328.97
7331.49
7334.1
7336.77
7339.42
7342.02
7344.49
7346.76
7348.77
7350.46
7351.77
7352.67
7353.12
7353.11
7352.63
7351.71
7350.35
7348.61
7346.53
7344.16
7341.57
7338.83
7335.99
7333.12
7330.27
7327.48
7324.78
7322.18
7319.69
7317.32
7315.07
7312.92
7310.88
7308.95
7307.14
7305.48
7303.99
7302.69
7301.64
7300.87
7300.41
7300.31
7300.56
7301.18
7302.15
7303.42
7304.92
7306.54
7308.17
7309.7
7311
7311.99
7312.52
7322.07
7321.39
7320.13
7318.51
7316.61
7314.56
7312.51
7310.6
7308.93
7307.59
7306.63
7306.08
7305.91
7306.08
7306.56
7307.31
7308.27
7309.42
7310.73
7312.17
7313.73
7315.41
7317.21
7319.13
7321.2
7323.43
7325.83
7328.4
7331.13
7333.99
7336.93
7339.9
7342.83
7345.64
7348.24
7350.55
7352.5
7354.02
7355.07
7355.6
7355.6
7355.07
7354.02
7352.49
7350.51
7348.14
7345.47
7342.56
7339.5
7336.36
7333.21
7330.11
7327.11
7324.24
7321.5
7318.91
7316.44
7314.1
7311.86
7309.71
7307.66
7305.72
7303.91
7302.26
7300.82
7299.64
7298.77
7298.28
7298.2
7298.56
7299.38
7300.66
7302.33
7304.29
7306.43
7308.58
7310.59
7312.31
7313.61
7314.32
7324.39
7323.48
7321.85
7319.73
7317.26
7314.58
7311.91
7309.43
7307.29
7305.62
7304.43
7303.77
7303.58
7303.8
7304.39
7305.26
7306.37
7307.66
7309.09
7310.65
7312.3
7314.05
7315.91
7317.89
7320.03
7322.35
7324.87
7327.62
7330.58
7333.72
7337
7340.36
7343.7
7346.93
7349.94
7352.63
7354.91
7356.7
7357.93
7358.56
7358.58
7357.98
7356.78
7355.01
7352.73
7350.02
7346.96
7343.65
7340.19
7336.68
7333.19
7329.81
7326.57
7323.51
7320.64
7317.94
7315.39
7312.96
7310.63
7308.38
7306.19
7304.09
7302.09
7300.24
7298.6
7297.23
7296.22
7295.63
7295.55
7296.02
7297.1
7298.74
7300.91
7303.48
7306.31
7309.16
7311.8
7314.05
7315.76
7316.7
7327.37
7326.14
7324.07
7321.34
7318.11
7314.6
7311.06
7307.84
7305.11
7303.02
7301.59
7300.83
7300.68
7301.02
7301.78
7302.85
7304.16
7305.63
7307.22
7308.9
7310.66
7312.48
7314.39
7316.4
7318.59
7320.97
7323.61
7326.54
7329.75
7333.23
7336.92
7340.75
7344.61
7348.36
7351.89
7355.06
7357.75
7359.87
7361.33
7362.1
7362.14
7361.45
7360.05
7357.99
7355.34
7352.19
7348.64
7344.83
7340.88
7336.9
7333.01
7329.28
7325.78
7322.52
7319.52
7316.74
7314.13
7311.64
7309.23
7306.87
7304.53
7302.23
7299.99
7297.88
7295.97
7294.34
7293.09
7292.35
7292.22
7292.8
7294.14
7296.24
7299.03
7302.38
7306.14
7309.93
7313.44
7316.37
7318.55
7319.79
7331.12
7329.47
7326.94
7323.39
7319.15
7314.49
7309.83
7305.6
7302.13
7299.56
7297.9
7297.09
7297.04
7297.61
7298.64
7300.01
7301.59
7303.3
7305.1
7306.94
7308.8
7310.69
7312.62
7314.64
7316.82
7319.23
7321.96
7325.05
7328.55
7332.42
7336.61
7341.02
7345.51
7349.93
7354.11
7357.87
7361.09
7363.62
7365.38
7366.32
7366.38
7365.57
7363.93
7361.5
7358.37
7354.66
7350.51
7346.07
7341.5
7336.96
7332.57
7328.44
7324.63
7321.18
7318.07
7315.24
7312.62
7310.12
7307.65
7305.18
7302.67
7300.13
7297.61
7295.15
7292.87
7290.86
7289.28
7288.28
7288.01
7288.64
7290.26
7292.9
7296.49
7300.8
7305.91
7310.94
7315.58
7319.4
7322.1
7323.74
7335.96
7333.57
7330.77
7326.11
7320.33
7314.15
7307.91
7302.33
7297.95
7294.84
7292.98
7292.23
7292.43
7293.37
7294.83
7296.62
7298.59
7300.63
7302.68
7304.71
7306.71
7308.65
7310.58
7312.56
7314.65
7317.01
7319.78
7323.03
7326.83
7331.15
7335.94
7341.07
7346.36
7351.62
7356.62
7361.15
7365.02
7368.07
7370.2
7371.35
7371.43
7370.48
7368.52
7365.63
7361.9
7357.49
7352.57
7347.33
7341.99
7336.74
7331.75
7327.15
7323.02
7319.37
7316.19
7313.38
7310.82
7308.36
7305.88
7303.32
7300.61
7297.79
7294.89
7292
7289.21
7286.68
7284.57
7283.13
7282.6
7283.19
7285.08
7288.35
7293.04
7299.06
7305.52
7312.11
7318.33
7323.45
7326.49
7328.94
7343.19
7338.48
7333.82
7326.9
7320.46
7312.85
7304.64
7297.27
7291.88
7288.25
7286.29
7285.79
7286.48
7288.07
7290.19
7292.59
7295.07
7297.53
7299.91
7302.18
7304.33
7306.34
7308.21
7310.04
7311.95
7314.17
7316.9
7320.29
7324.41
7329.26
7334.78
7340.8
7347.1
7353.42
7359.46
7364.95
7369.65
7373.37
7375.95
7377.37
7377.48
7376.34
7373.98
7370.5
7366.02
7360.72
7354.82
7348.58
7342.26
7336.13
7330.41
7325.25
7320.75
7316.94
7313.75
7311.05
7308.66
7306.36
7303.94
7301.29
7298.36
7295.18
7291.82
7288.35
7284.89
7281.6
7278.71
7276.55
7275.48
7275.87
7277.94
7281.88
7287.73
7295.48
7304.13
7312.17
7319.11
7325.85
7331.9
7336.73
7356.85
7346.57
7332.43
7321.44
7317.09
7309.35
7298.93
7289.74
7282.83
7278.77
7277.08
7277.26
7278.87
7281.48
7284.56
7287.77
7290.89
7293.85
7296.63
7299.22
7301.58
7303.66
7305.42
7306.97
7308.54
7310.48
7313.08
7316.55
7321.02
7326.51
7332.92
7340.06
7347.64
7355.32
7362.7
7369.42
7375.16
7379.7
7382.85
7384.6
7384.73
7383.34
7380.49
7376.27
7370.84
7364.41
7357.27
7349.74
7342.18
7334.95
7328.33
7322.52
7317.62
7313.66
7310.55
7308.12
7306.07
7304.08
7301.82
7299.09
7295.89
7292.26
7288.3
7284.09
7279.75
7275.46
7271.47
7268.17
7266.12
7265.88
7267.85
7272.38
7279.78
7289.6
7300.67
7308.38
7309.38
7320.85
7340.49
7350.61
7376.14
7360.4
7331.01
7315.92
7312.64
7301.89
7288.3
7276.47
7269.27
7265.8
7265.15
7266.62
7269.69
7273.71
7277.98
7282.12
7285.92
7289.36
7292.56
7295.53
7298.19
7300.38
7301.98
7303.08
7304.1
7305.57
7307.91
7311.41
7316.28
7322.53
7330.07
7338.63
7347.87
7357.32
7366.44
7374.73
7381.81
7387.37
7391.23
7393.31
7393.47
7391.79
7388.32
7383.19
7376.56
7368.7
7359.95
7350.74
7341.58
7332.94
7325.21
7318.61
7313.26
7309.18
7306.26
7304.26
7302.78
7301.33
7299.35
7296.56
7293
7288.8
7284.12
7279.08
7273.75
7268.25
7262.87
7258.02
7254.47
7253.05
7254.27
7258.56
7266.62
7279.17
7293.56
7305.99
7305.91
7321.5
7353.95
7369.78
7407.58
7382.22
7343.99
7320.5
7305.45
7287.22
7269.76
7256.03
7251.04
7248.8
7249.22
7252.12
7257.41
7263.73
7269.78
7275.17
7279.73
7283.57
7287.09
7290.48
7293.61
7296.07
7297.45
7297.84
7298.07
7298.91
7300.86
7304.35
7309.64
7316.81
7325.75
7336.17
7347.62
7359.43
7370.86
7381.18
7389.89
7396.66
7401.31
7403.75
7403.93
7401.9
7397.73
7391.5
7383.42
7373.77
7362.93
7351.47
7340.13
7329.63
7320.52
7313.04
7307.23
7303.06
7300.43
7299
7298.28
7297.64
7296.13
7293.21
7289.11
7284.22
7278.78
7272.86
7266.35
7259.27
7251.91
7244.67
7238.82
7236.09
7236.81
7240.35
7246.48
7261.46
7279.99
7299.45
7314.59
7337.61
7376.59
7400.99
7465.03
7437.12
7382.9
7338.16
7300.43
7267.72
7244.83
7234.96
7221.57
7215.8
7217.65
7225.36
7236.76
7248.1
7257.52
7264.94
7270.56
7275.03
7279.29
7283.61
7287.7
7290.78
7291.96
7291.07
7289.99
7289.76
7291.05
7294.45
7300.29
7308.66
7319.41
7332.17
7346.49
7361.52
7376.07
7389.03
7399.73
7407.9
7413.41
7416.26
7416.43
7414.02
7409.04
7401.52
7391.68
7379.8
7366.2
7351.63
7337.3
7324.42
7313.66
7305.17
7298.81
7294.43
7292.16
7291.73
7292.36
7293.13
7292.25
7288.97
7283.92
7277.84
7271.1
7263.77
7255.53
7246.02
7235.18
7223.02
7211.13
7203.75
7203.66
7211.72
7227.04
7237.96
7262.09
7296.05
7333.61
7375.88
7424.68
7453.36
7522.21
7494.92
7433.59
7352.01
7264.13
7195.34
7093.45
7077.58
7034.7
7034.2
7110.19
7172.75
7204.1
7226.88
7242.65
7253.36
7260.73
7266.6
7272.71
7279.4
7285.45
7288.95
7288.7
7286.01
7282.59
7280.39
7280.34
7283.26
7289.38
7298.83
7311.39
7326.78
7344.62
7363.71
7382.22
7398.48
7411.62
7421.45
7427.98
7431.27
7431.43
7428.54
7422.66
7413.53
7401.49
7386.88
7369.82
7351.32
7333.26
7317.6
7305.34
7296.21
7289.59
7285.23
7283.69
7284.99
7288.03
7290.84
7291.99
7289.15
7282.67
7274.01
7264.41
7254.41
7243.05
7229.24
7211.8
7188.78
7158.68
7090.45
7000.49
6994.2
7050.33
7092.39
7196.41
7266.75
7352.48
7429.77
7487.02
7512.94
7545.83
7525.05
7354.34
6106.27
4391.61
3249.12
3256.22
3301.08
3043.5
2966.04
3684.9
4876.79
5678.98
6066.94
6276.49
6414.94
6511.65
6572.37
6636.78
6738.35
6871.47
7032.17
7072.95
6899.48
6720.6
6583.63
6481.35
6421.71
6430.4
6501.84
6627.2
6808.2
7023.28
7226.05
7384.92
7409.57
7425.96
7437.81
7445.5
7449.31
7449.4
7445.81
7438.68
7427.98
7413.58
7395.34
7327.73
7153.07
6945.75
6751.28
6608.6
6522.81
6494.35
6509.45
6579.63
6700.35
6865.06
7048.69
7109.34
6968.18
6830.56
6708.38
6589.03
6465.58
6297.54
6081.94
5816.32
5422.8
4680.65
3565.73
2835.5
2853.73
3152.48
3219.82
3374.71
4559.15
6242.15
7389.79
7522.26
7539.23
6224.31
6493.63
5495.62
3001.22
693.575
51.3443
6.74044
2.66172
1.91183
1.10911
1.15655
24.2597
525.016
858.848
1065.64
1207.46
1308.49
1363.21
1431.13
1544.69
1621.14
1544.74
1402.85
1285.77
1158.74
1043.21
1010.77
1081.39
1183.57
1326
1529.46
1786.64
2123.94
2541.08
2998.25
3529.29
3956.32
4274.04
4486.62
4594.72
4603.56
4511.81
4324.43
4041.23
3657.22
3176.43
2664.56
2234.22
1864.52
1592.87
1418.57
1306.59
1195.32
1085.7
1060.12
1162.69
1318.41
1462.46
1603.6
1712.38
1672.1
1526.54
1376.12
1232.87
1059.97
861.4
648.08
354.67
2.14734
1.15404
1.37019
2.822
3.9542
8.55697
75.0765
854.718
3197.16
5546.59
6431.55
6156.58
590.673
747.93
515.313
131.994
6.75999
11.7549
6.49426
1.69116
1.2763
1.03127
1.10549
1.42249
1.4947
1.48633
1.45503
1.40671
1.34053
1.26728
1.1826
1.08564
0.96569
0.87096
0.879621
0.910637
1.08623
1.41597
2.21634
3.67355
3.97868
3.66514
3.32489
2.94119
2.55722
2.2654
2.16605
12.5248
39.3345
71.0179
97.8373
113.627
114.115
97.6101
71.4488
42.1822
15.7173
1.83095
1.34059
1.5424
1.91398
2.46884
3.11425
3.82923
4.00623
2.76507
1.5602
1.02065
0.73427
0.646262
0.59665
0.629717
0.74791
0.8785
0.987903
1.09331
1.1978
1.28878
1.3565
1.40955
1.3745
1.1325
1.18686
1.60994
3.1221
24.5387
29.0581
10.6118
150.051
512.154
701.11
564.104
6.71758
5.64886
2.7921
1.77564
1.66338
3.42149
3.79487
1.51776
1.19144
1.10161
1.17278
1.39894
1.50862
1.51819
1.48232
1.42999
1.36411
1.29077
1.21314
1.13751
1.04568
0.985986
0.946534
0.931522
0.932897
0.934587
0.950212
1.0369
1.02138
0.953548
0.88415
0.815263
0.755747
0.706057
0.656208
0.575697
0.487796
0.445087
0.437656
0.441035
0.446505
0.453074
0.457406
0.478409
0.532949
0.595399
0.631244
0.660263
0.68965
0.733838
0.790615
0.865055
0.900443
0.81328
0.752194
0.727671
0.708614
0.702214
0.70898
0.750431
0.827117
0.923053
1.01785
1.11292
1.20814
1.29554
1.36403
1.39397
1.32022
1.15625
1.1207
1.25136
5.15157
16.6536
13.1549
2.01453
0.510116
1.11425
4.66746
6.05035
6.03159
4.01432
2.31784
1.36441
1.39549
1.59133
1.4817
1.02742
1.1823
1.34572
1.62291
1.66349
1.61525
1.57729
1.5109
1.43593
1.35773
1.27927
1.20422
1.13328
1.06101
1.00261
0.96324
0.93974
0.925552
0.910813
0.894268
0.873523
0.839593
0.80644
0.765808
0.725965
0.686524
0.645634
0.599321
0.54378
0.49055
0.453127
0.434828
0.431154
0.434748
0.443603
0.459079
0.487647
0.525454
0.565033
0.59657
0.622415
0.643085
0.662667
0.681731
0.702109
0.721147
0.727733
0.727473
0.72725
0.727482
0.731679
0.74778
0.785764
0.846414
0.926584
1.01358
1.10621
1.20553
1.30499
1.39542
1.45852
1.45244
1.34679
1.16625
0.895275
2.66861
7.48906
7.99957
0.253364
0.0555838
0.607816
1.1161
1.39861
18.1265
5.90058
1.01246
1.00693
1.26409
2.31881
2.4702
2.61691
2.72382
2.58808
2.111
1.78445
1.73355
1.64789
1.55621
1.45556
1.3565
1.26515
1.18568
1.11814
1.05624
1.00099
0.955809
0.923855
0.902563
0.88318
0.862497
0.83949
0.810799
0.781704
0.746859
0.711838
0.676386
0.639398
0.599961
0.558278
0.518751
0.488174
0.470423
0.464825
0.467912
0.476832
0.490972
0.511865
0.537653
0.565059
0.590221
0.61329
0.633709
0.65223
0.668816
0.683855
0.697322
0.704742
0.709525
0.713943
0.718954
0.729722
0.755651
0.796237
0.851969
0.922789
1.00591
1.10189
1.21117
1.32343
1.4276
1.5138
1.56474
1.50802
1.30799
0.899109
0.369408
0.129072
0.948978
-0.0199462
-0.20517
0.400439
0.77796
1.12619
18.0885
5.9526
0.727475
1.5105
2.5751
2.3728
2.3417
2.57735
3.11515
3.34276
2.06809
1.82812
1.78633
1.75758
1.88655
1.64939
1.38187
1.23666
1.14945
1.08202
1.02908
0.980085
0.936684
0.904732
0.879123
0.856282
0.833784
0.8106
0.785267
0.757782
0.728665
0.698339
0.667026
0.634744
0.601578
0.568313
0.537529
0.512833
0.496981
0.490723
0.492619
0.500102
0.512213
0.527555
0.545431
0.565835
0.586748
0.606799
0.62511
0.641493
0.655846
0.667978
0.677727
0.68465
0.690477
0.696456
0.704768
0.719517
0.745069
0.782738
0.832537
0.897547
0.98165
1.10579
1.45307
1.51733
1.45978
1.52125
1.55287
1.52678
1.31678
1.06397
0.983698
0.460971
1.16489
0.48407
1.12884
2.00687
1.17361
0.971435
18.4544
2.13251
0.683594
2.70237
2.61157
2.44685
2.19925
1.4502
1.56587
1.73766
1.69132
1.77562
1.97196
2.78815
3.20136
2.904
2.28583
1.58769
1.1621
1.02201
0.982274
0.943044
0.907926
0.878445
0.8536
0.830899
0.809005
0.786862
0.763345
0.738433
0.712397
0.685386
0.657644
0.629474
0.601258
0.573827
0.548832
0.528536
0.51496
0.508927
0.509462
0.514495
0.523971
0.535109
0.548701
0.565576
0.583639
0.601337
0.617513
0.632027
0.644592
0.654987
0.66302
0.668623
0.673114
0.678046
0.68532
0.697737
0.718192
0.747074
0.788393
0.850383
1.0766
1.75961
2.31729
2.44697
2.11054
1.51625
1.47993
1.39749
1.15241
0.75306
0.628996
1.4527
1.54791
1.65677
2.02082
2.47953
1.6581
0.974729
15.0141
0.866177
0.809756
1.57266
1.58702
0.59315
0.507843
0.635511
0.972343
1.30642
1.53453
1.85318
3.2034
3.43503
3.30283
3.07209
2.86514
2.25007
1.14536
0.957047
0.921249
0.896256
0.870686
0.846361
0.824595
0.804203
0.784153
0.763776
0.742389
0.719967
0.696647
0.672633
0.648159
0.623561
0.599316
0.576185
0.555395
0.53861
0.527399
0.522025
0.521676
0.524395
0.531567
0.539707
0.55116
0.565774
0.581343
0.597169
0.611324
0.623968
0.63475
0.643354
0.649534
0.65323
0.655199
0.656586
0.658996
0.664736
0.6755
0.69393
0.727552
1.01661
1.94438
2.16098
2.26734
2.3828
2.49049
2.30624
1.38456
1.24201
1.02305
0.678053
0.284692
0.113144
0.454831
2.10577
2.44307
2.80769
1.47355
1.07849
1.28939
1.02408
0.971125
0.848396
0.715391
0.630266
0.649626
0.771713
0.956212
1.16806
1.39304
2.43969
3.42864
3.76398
2.53654
2.66304
2.21227
1.44599
1.01524
0.910259
0.873509
0.847602
0.828212
0.81039
0.793215
0.776272
0.758945
0.740881
0.721841
0.701821
0.680989
0.659613
0.637999
0.616499
0.595564
0.575828
0.558297
0.544455
0.535377
0.530708
0.530148
0.532385
0.536777
0.543135
0.553415
0.566036
0.579618
0.593288
0.605946
0.617153
0.626462
0.633407
0.637586
0.638763
0.637112
0.633271
0.628385
0.624078
0.623561
0.633812
0.72758
1.81697
1.97526
2.08457
2.18779
2.2997
2.3976
2.44528
2.27755
1.17785
0.903153
0.680635
0.443675
0.278005
0.253005
0.389349
1.78968
1.98177
1.21588
1.21373
1.4386
1.35148
1.15377
0.994012
0.840708
0.740653
0.72846
1.20045
1.1899
1.26822
1.37688
2.00134
3.29211
3.99685
1.77722
1.31794
1.14322
1.03261
0.962691
0.888695
0.83102
0.798419
0.782333
0.771673
0.760707
0.748128
0.733976
0.718433
0.701651
0.68383
0.665245
0.646212
0.627086
0.608238
0.590049
0.573029
0.558088
0.546668
0.539285
0.53554
0.535329
0.539331
0.542251
0.547657
0.554457
0.565404
0.577591
0.589859
0.601347
0.611499
0.619758
0.625484
0.628005
0.62669
0.621013
0.610702
0.59592
0.577364
0.566468
0.570261
0.910088
1.61904
1.76859
1.56289
1.32021
1.49344
2.12664
2.3741
2.30161
1.15125
0.774888
0.632137
0.526228
0.470695
0.502699
0.640008
0.872818
1.08999
1.28504
1.31878
1.75457
1.70101
1.27055
1.08281
0.916106
1.85733
7.081
7.95233
7.37047
1.84781
1.30933
1.79555
4.49473
5.90057
4.23389
2.04438
1.08904
0.9612
0.934738
1.14839
0.895413
0.74267
0.73187
0.730744
0.728019
0.720455
0.709567
0.696522
0.681841
0.665984
0.649369
0.632377
0.615381
0.598776
0.58286
0.568027
0.555138
0.545536
0.539585
0.542709
0.539108
0.543794
0.547148
0.548466
0.554022
0.564043
0.575283
0.586678
0.597489
0.607133
0.614945
0.620102
0.62163
0.618373
0.608899
0.591527
0.564036
0.526941
0.501563
0.58754
0.860803
0.633394
0.642326
0.716791
0.828118
1.11088
2.63268
2.04119
1.10672
0.825353
0.634684
0.534476
0.51247
0.53073
0.607925
0.753484
0.950779
1.1473
1.29966
1.37234
2.91029
1.83706
1.3103
1.13118
2.95133
9.12115
8.65452
8.22358
2.93972
1.1625
1.44025
5.27141
5.52442
5.56151
5.56611
5.49935
2.52338
0.874037
0.865861
1.1035
1.08262
0.68111
0.67925
0.689749
0.697043
0.694602
0.686528
0.675641
0.662699
0.648443
0.633447
0.618168
0.602924
0.58823
0.574229
0.561172
0.549882
0.541502
0.537087
0.545196
0.622093
0.544015
0.542369
0.545234
0.552294
0.561932
0.572683
0.583696
0.594366
0.604118
0.612218
0.617708
0.619329
0.61535
0.603337
0.579843
0.537744
0.479161
0.599061
0.773661
0.526678
0.50602
0.529957
0.573577
0.657586
1.59807
4.23148
4.12981
1.52101
0.661294
0.443571
2.40882
2.89833
1.02447
0.630734
0.785507
0.976606
1.16685
1.30323
1.37517
4.49148
1.62711
1.29178
1.311
6.81144
9.20315
8.77331
4.5374
1.47297
1.40256
4.43432
4.50448
4.64825
4.78782
4.90909
5.02203
5.12628
1.90874
0.719232
0.880818
1.01725
0.659539
0.633838
0.653625
0.670805
0.672283
0.665693
0.656363
0.644524
0.631351
0.617561
0.603727
0.589754
0.576779
0.56444
0.55289
0.542857
0.535429
0.532354
0.539979
0.643106
0.544101
0.537276
0.541973
0.549605
0.559214
0.569875
0.580967
0.592034
0.602545
0.611764
0.618682
0.62186
0.619121
0.60727
0.580874
0.528309
0.451462
0.736098
0.711831
0.51107
0.392835
0.380879
0.368081
0.387546
2.69546
4.06482
3.90738
3.89956
0.944261
0.0212037
2.31466
6.98842
7.68132
4.1959
0.79101
0.951512
1.13116
1.26056
1.32788
4.47523
1.50719
1.22716
1.93834
9.60159
9.21318
8.1631
0.95112
0.935653
3.35095
3.26492
3.33795
2.99282
2.44331
4.02949
4.36114
4.65605
4.82738
0.549865
0.576147
0.686494
0.637433
0.605585
0.631881
0.651896
0.654427
0.648656
0.639156
0.62743
0.614659
0.601591
0.588669
0.576175
0.564505
0.553629
0.543525
0.534622
0.528254
0.526365
0.52965
0.642348
0.542842
0.533252
0.538322
0.546215
0.555961
0.56681
0.578374
0.590338
0.602253
0.613461
0.623031
0.629537
0.630736
0.62332
0.600245
0.549051
0.46644
0.520813
0.570308
0.317677
0.26779
0.183496
0.0856322
0.190135
1.6307
3.76705
3.14255
2.96163
2.79531
-0.362503
0.401727
7.19714
7.94842
8.51637
3.12938
0.892456
1.04304
1.16824
1.23125
4.43037
1.5891
1.11596
2.50398
9.97392
9.11921
6.35223
0.151521
-0.460145
2.01717
2.08305
1.43514
0.762351
0.845683
0.830587
3.25955
4.22684
5.04129
1.77303
0.522649
0.567625
0.609105
0.610085
0.631561
0.644128
0.643466
0.635072
0.623828
0.611206
0.598204
0.585405
0.573159
0.561692
0.55122
0.541728
0.533091
0.525623
0.520898
0.520356
0.522219
0.640207
0.563395
0.528317
0.533938
0.542107
0.552021
0.563241
0.575581
0.588855
0.60274
0.616745
0.630172
0.64182
0.649798
0.651436
0.639873
0.603631
0.543402
0.453754
0.360654
0.255826
0.124989
-0.0329042
0.166299
0.911039
3.76835
3.65005
1.94405
1.80779
1.97583
-0.432025
0.269231
5.01057
8.04691
8.48439
5.87026
0.881042
0.89398
1.02873
1.09354
4.22204
2.27459
0.931028
1.89763
10.047
9.37989
2.26349
-0.520768
-1.34475
-1.87042
-1.93906
-0.463123
3.80815
1.70241
-0.670834
-0.568004
2.52418
5.18784
6.21622
0.526887
0.597145
0.638177
0.644744
0.649437
0.647611
0.638189
0.624242
0.609722
0.595316
0.581556
0.568711
0.556911
0.546252
0.536835
0.528674
0.521614
0.515878
0.513149
0.514353
0.51693
0.63786
0.614025
0.524382
0.528426
0.536839
0.546969
0.558727
0.572073
0.586943
0.603176
0.620515
0.638652
0.656729
0.673582
0.687583
0.693569
0.680629
0.639558
0.563398
0.4489
0.281586
0.234116
0.425282
0.589783
6.29213
6.61283
3.55358
-0.654257
0.0936209
0.900035
0.435857
-0.576651
0.363078
7.8761
8.42948
8.20771
1.0066
0.694355
0.858975
0.938229
4.4387
1.63852
0.608741
1.87482
10.3819
9.62063
-0.128122
-1.01272
-1.90663
-2.59681
-2.97802
3.36453
6.34853
7.18325
4.0117
-1.2892
-1.04897
3.6175
6.46029
1.67709
0.663348
0.701169
0.695729
0.677345
0.656936
0.635146
0.614057
0.595433
0.578822
0.564092
0.551079
0.539633
0.529672
0.521173
0.514161
0.508446
0.503982
0.53168
0.638215
0.658569
0.630455
0.569713
0.514115
0.520882
0.52962
0.540151
0.552607
0.567087
0.583677
0.602434
0.623405
0.646581
0.671608
0.698067
0.725472
0.750345
0.762071
0.745634
0.679477
0.548391
1.30291
2.08437
1.75409
2.30218
7.05635
6.29565
5.4503
-1.78355
-2.64607
-2.09003
-1.96126
-1.23552
-0.361137
4.91591
8.45482
8.84112
1.54646
0.461306
0.676361
0.801353
5.93473
0.735492
0.349567
1.4131
10.2658
9.83116
1.09494
-1.30127
-2.18992
-2.96483
-3.54597
2.50283
5.91974
6.87204
7.98559
1.06848
-1.23481
-0.552756
6.94087
7.81688
0.747648
0.764452
0.745303
0.704085
0.663865
0.62948
0.601528
0.579074
0.560535
0.545051
0.53202
0.521011
0.511746
0.504059
0.497908
0.493095
0.49172
0.62049
0.676563
0.679379
0.559744
0.501179
0.502859
0.510696
0.519934
0.53105
0.54427
0.55986
0.578084
0.599207
0.623495
0.651273
0.682775
0.71807
0.757627
0.799362
0.833007
0.836433
0.781355
0.947883
3.24761
2.59242
-0.383128
2.24615
7.1357
6.19636
5.2771
-0.0615255
-3.27716
-2.92589
-2.36299
-1.57578
-0.738029
4.8656
8.39956
8.74109
1.24722
0.241993
0.515671
0.702454
6.01519
2.86076
0.113479
-0.0387846
10.2859
9.74778
9.1401
-1.40957
-2.21186
-2.97663
-3.58875
-1.96194
6.00303
6.8297
7.3099
1.04409
-1.2894
-0.734159
5.94792
8.57522
1.29032
0.808076
0.773483
0.712784
0.658745
0.615846
0.583421
0.558662
0.539203
0.523643
0.511034
0.500733
0.492311
0.485488
0.480092
0.475953
0.472594
0.547993
0.663319
0.666992
0.567982
0.480655
0.490202
0.497891
0.507713
0.519383
0.533228
0.549675
0.56914
0.592072
0.619002
0.650544
0.687217
0.729396
0.778069
0.83203
0.881718
0.898394
0.85506
3.7091
3.27212
1.44921
-0.619156
1.43789
1.45203
6.2511
5.29778
0.890421
-3.32018
-2.94705
-2.38924
-1.63421
0.210765
7.85266
8.27769
7.94952
0.125829
0.0157136
0.396134
0.62273
5.87511
5.77105
0.0960282
-0.334407
5.12984
9.74323
9.27408
5.46763
-2.07776
-2.72551
-3.25762
4.56451
6.34791
7.0346
-1.40849
-1.98087
-1.25534
-0.664597
1.25748
8.89982
4.44216
0.849567
0.766637
0.694819
0.635128
0.59012
0.557199
0.532675
0.513913
0.499319
0.487808
0.478645
0.471336
0.465554
0.461066
0.457706
0.455152
0.455719
0.516556
0.654895
0.647523
0.46619
0.475258
0.48262
0.493025
0.505003
0.519159
0.536034
0.556147
0.580105
0.608608
0.642432
0.682302
0.728653
0.782555
0.843161
0.902225
0.93212
1.44444
4.05666
2.78846
-0.237635
-0.623343
-1.44828
-2.26736
5.12656
5.64046
5.39686
-1.45605
-2.70402
-2.18448
1.76572
7.31435
7.77708
8.2684
0.869632
-0.617081
-0.205075
0.385433
4.34985
5.78852
5.57893
1.42953
-0.226081
-0.838335
9.90423
9.32489
8.95189
7.7631
2.60354
5.29266
6.75773
6.84317
0.251781
-2.69659
-1.82088
-1.10998
-0.528191
2.54381
9.36169
7.14534
0.898322
0.713803
0.646444
0.591308
0.551021
0.522049
0.500574
0.484332
0.471893
0.462254
0.454731
0.448867
0.444358
0.440994
0.43864
0.437215
0.43656
0.467187
0.642576
0.528272
0.450045
0.457969
0.466175
0.476197
0.488001
0.501959
0.51868
0.538683
0.562677
0.591446
0.625895
0.666802
0.714801
0.770758
0.834208
0.898443
1.05821
3.31821
4.08093
0.253212
-0.142347
-0.650813
-1.35427
-2.20422
-0.319585
6.19925
5.8618
6.02678
4.37051
6.23968
6.97758
7.37649
7.83189
6.57394
-1.17551
-0.683686
-0.444887
0.527448
5.96058
1.99064
5.55411
2.10746
-0.0478768
-0.706849
0.613909
8.74551
9.04868
8.49181
8.18261
7.79033
7.59931
6.37756
-2.50016
-2.29531
-1.50259
-0.87699
-0.347994
6.49715
9.76852
7.75806
0.841978
0.619365
0.569142
0.529368
0.499827
0.478826
0.462846
0.450771
0.441591
0.434554
0.429154
0.425055
0.422037
0.419956
0.418738
0.418374
0.419229
0.527707
0.607713
0.425474
0.432452
0.439491
0.447622
0.457137
0.468362
0.481676
0.497593
0.516657
0.539556
0.567089
0.600303
0.63989
0.686536
0.740756
0.802113
0.870591
1.25941
3.82229
3.37659
0.297009
-0.0458599
-0.500341
-1.10945
-1.85159
-1.15997
6.27489
6.65295
6.64009
6.83067
7.15952
7.48396
7.72211
3.68357
-0.949895
-1.02178
-0.627253
-0.478965
3.30111
4.74735
-0.0893404
2.21326
1.04964
0.216938
-0.245908
-0.844692
-0.590261
1.85316
3.55798
5.5526
8.86814
5.14266
-3.02191
-2.43846
-1.75869
-1.11625
-0.600426
-0.13052
9.35142
9.99383
5.60698
0.535453
0.492222
0.472272
0.45461
0.440161
0.429387
0.420777
0.414131
0.409032
0.405154
0.402252
0.400162
0.398788
0.398063
0.397967
0.398536
0.428404
0.556921
0.4535
0.407398
0.41346
0.419816
0.42738
0.436105
0.446358
0.458472
0.472915
0.490183
0.510886
0.535806
0.565645
0.601399
0.643648
0.692106
0.747797
0.816133
1.41126
4.31978
1.58345
0.31783
0.0127687
-0.373451
-0.868153
-1.4586
-2.07581
-2.62437
-0.966091
2.39024
3.2931
2.02045
0.91716
-0.30805
-1.39582
-1.07877
-0.701708
-0.444426
0.0633614
3.25157
-0.317006
-0.21835
1.47411
1.55278
0.574121
0.283451
-0.162751
-0.69842
-1.22701
-1.6905
-1.8603
-1.99802
-2.15721
-1.92569
-1.5602
-1.14717
-0.749264
-0.333842
3.48386
10.5476
10.3632
3.04997
0.316944
0.35163
0.367921
0.374291
0.376223
0.37691
0.376387
0.375734
0.37514
0.374707
0.374499
0.374541
0.37487
0.375507
0.376466
0.377846
0.415289
0.540472
0.401672
0.388255
0.393404
0.399087
0.405762
0.413424
0.422337
0.432775
0.445104
0.459744
0.477168
0.497926
0.522632
0.55205
0.586582
0.625166
0.669371
0.726717
1.87504
5.95495
2.02165
0.297017
0.0213004
-0.295888
-0.670324
-1.08785
-1.50916
-1.8033
-1.93875
-1.96003
-1.82843
-1.69412
-1.44326
-1.16226
-0.86827
-0.573599
-0.320556
-0.17599
0.400249
2.77599
-0.227833
-0.219464
-0.200912
1.66165
1.70436
0.622764
0.400196
0.0233508
-0.41753
-0.79115
-1.03058
-1.13053
-1.11823
-1.00077
-0.825917
-0.612097
-0.32073
1.31392
10.8956
10.897
9.88254
0.774716
0.134858
0.220173
0.268422
0.296234
0.313148
0.324365
0.331841
0.3371
0.340979
0.343991
0.346471
0.348637
0.350642
0.352595
0.354551
0.356651
0.389144
0.523704
0.449823
0.368273
0.372598
0.377458
0.383035
0.389395
0.396672
0.405068
0.414796
0.426134
0.439388
0.454849
0.47278
0.493478
0.516907
0.541392
0.565984
0.595233
2.14659
6.28121
4.90339
0.240074
-0.00345099
-0.232558
-0.517301
-0.807233
-1.04264
-1.17693
-1.21085
-1.14464
-1.02277
-0.882617
-0.71875
-0.542209
-0.343989
-0.152223
-0.000186505
0.368391
0.625708
0.231866
-0.190331
-0.148399
-0.107776
0.109497
0.603858
1.59045
1.84384
1.72361
1.53764
1.03131
0.0268272
-0.337933
-0.356266
-0.321973
-0.256122
0.713657
6.32997
11.1648
11.1361
11.1565
3.65289
-0.160539
0.00412605
0.116232
0.184075
0.226858
0.255312
0.275106
0.289273
0.299705
0.307606
0.313775
0.318751
0.322898
0.326466
0.329638
0.332519
0.335239
0.345477
0.482477
0.532512
0.34766
0.351115
0.355101
0.359464
0.36436
0.369793
0.375879
0.382694
0.390305
0.398777
0.408113
0.418149
0.428479
0.438223
0.444958
0.443517
0.427135
0.500582
6.46107
10.3113
0.204117
0.0124898
4.5919
8.33351
4.41274
0.779026
-0.225316
-0.565599
-0.520631
-0.406526
0.301725
1.93452
1.72123
0.168367
0.141977
0.324226
0.560404
0.643124
-0.0147803
-0.052775
-0.115128
-0.094011
-0.0612464
-0.0285244
0.248024
3.31966
3.72834
3.77831
3.76651
3.64567
2.61857
0.240831
1.00459
4.84817
11.7217
11.5161
11.4732
11.3792
4.27897
-0.397198
-0.226648
-0.0651755
0.0466421
0.120009
0.170133
0.205519
0.231189
0.250262
0.264727
0.275908
0.284731
0.291851
0.297722
0.302658
0.306892
0.31059
0.313815
0.316893
0.38632
0.516597
0.379192
0.329033
0.332223
0.335372
0.338753
0.342255
0.345897
0.349633
0.353345
0.356817
0.3597
0.361373
0.360736
0.355844
0.343154
0.315095
0.257005
0.177433
4.86944
13.1208
8.20968
1.68822
11.8216
13.7611
13.7985
13.8246
11.9795
8.07133
4.92481
3.03538
2.38387
2.56958
2.65781
2.68705
1.23365
0.1298
0.217731
0.241112
0.0965641
0.0420544
-0.10444
-0.101911
-0.0977597
-0.0816696
-0.057472
0.258
2.93063
3.97886
3.96618
3.61542
2.48253
4.95999
12.426
12.3182
12.1962
11.6368
8.15591
-0.118205
-0.488541
-0.361822
-0.21274
-0.0858388
0.00791914
0.0763797
0.127035
0.164952
0.19368
0.215758
0.232959
0.246533
0.257393
0.266213
0.273477
0.279527
0.28462
0.288964
0.292622
0.29602
0.334934
0.499271
0.445609
0.306596
0.309016
0.311079
0.312993
0.314617
0.315851
0.31654
0.316419
0.315045
0.311727
0.305415
0.294437
0.275994
0.24527
0.193224
0.100824
-0.0535031
1.3991
13.5765
14.4158
14.0377
13.6106
13.9157
13.9842
14.0362
14.0186
13.7865
13.2947
12.9649
8.61093
0.981952
1.66202
2.32741
0.382183
0.120136
0.16188
0.166993
0.124752
0.0825747
-0.101052
-0.106685
-0.113656
-0.105613
-0.0833094
-0.0746046
0.514065
0.590523
0.961026
12.2808
12.2812
12.2705
12.3053
10.4972
5.22551
-0.414582
-0.447295
-0.429509
-0.365589
-0.273019
-0.173282
-0.0841441
-0.0105109
0.0488291
0.0959493
0.13319
0.162636
0.186036
0.204758
0.219843
0.232097
0.242143
0.250442
0.257334
0.263072
0.267871
0.271872
0.275287
0.291274
0.4819
0.342907
0.284121
0.285769
0.286894
0.287463
0.287358
0.286376
0.284256
0.280617
0.274869
0.266095
0.252941
0.233406
0.204299
0.160144
0.0924061
-0.0185387
-0.191576
-0.357618
7.1641
14.3505
14.1387
13.8463
14.0856
14.0951
13.2304
8.84791
4.30249
4.30391
6.18905
6.20886
0.714101
0.059536
0.198816
0.0688833
0.0775019
0.0956358
0.109819
0.101781
0.0843167
-0.0972601
-0.102927
-0.10908
-0.102294
-0.0894526
-0.0856149
-0.0998887
-0.122569
1.22117
2.19604
2.84821
4.20057
0.537155
-0.275147
-0.305949
-0.325669
-0.332472
-0.311126
-0.265802
-0.206088
-0.1398
-0.0756498
-0.0178281
0.0321482
0.0741301
0.108884
0.137455
0.160889
0.18012
0.195933
0.208982
0.219793
0.228775
0.236239
0.242416
0.247499
0.2517
0.254938
0.258833
0.36786
0.267601
0.263609
0.263751
0.26319
0.262564
0.260922
0.257996
0.253445
0.246806
0.237418
0.224277
0.205903
0.180229
0.144578
0.0926673
0.0217888
-0.0889272
-0.25647
-0.507051
-0.667041
1.46822
4.02832
9.4836
6.25446
0.538263
-0.527572
-0.564441
-0.38522
-0.267544
-0.186776
-0.109695
0.290552
0.0473504
0.051808
0.0553471
0.0458215
0.0477581
0.065793
0.0768825
0.075869
-0.0914532
-0.0955522
-0.0985984
-0.0400866
-0.030295
-0.0278429
-0.0813429
-0.112339
-0.0814199
-0.147648
-0.16086
-0.17317
-0.190312
-0.216585
-0.238978
-0.251695
-0.253451
-0.237841
-0.205866
-0.162562
-0.114373
-0.0656517
-0.0194928
0.0222927
0.0589389
0.090454
0.117241
0.139841
0.158825
0.174738
0.188067
0.199231
0.208569
0.216347
0.222763
0.227971
0.232189
0.239622
0.238556
0.239413
0.243202
0.257255
0.255906
0.241316
0.238654
0.23571
0.231158
0.224625
0.215613
0.203456
0.18719
0.165399
0.135862
0.0991632
0.046023
-0.0250268
-0.122826
-0.256258
-0.436478
-0.658882
-0.870054
-1.02123
-1.05687
-0.971986
-0.803561
-0.6075
-0.418033
-0.268175
-0.163602
-0.0867379
-0.0218322
0.0281743
0.0600184
0.0646203
0.0585504
0.0423601
0.0350245
0.0472622
0.0626332
0.0654277
-0.0857524
-0.0883407
-0.0930123
-0.0646201
-0.0248428
-0.0243098
-0.0784606
-0.0976633
-0.104776
-0.117225
-0.129427
-0.14282
-0.160055
-0.178106
-0.193259
-0.20163
-0.199689
-0.186315
-0.162408
-0.130372
-0.0937881
-0.055634
-0.0182942
0.0166565
0.0483544
0.0764738
0.101047
0.122297
0.140529
0.156083
0.169293
0.180472
0.189886
0.197748
0.204218
0.209456
0.219573
0.226393
0.219924
0.220187
0.224227
0.23649
0.236918
0.223296
0.216025
0.212025
0.206183
0.19814
0.187427
0.173422
0.155282
0.132217
0.102004
0.0636588
0.0135319
-0.0507116
-0.132362
-0.233456
-0.354015
-0.488132
-0.611532
-0.694751
-0.734288
-0.692655
-0.587008
-0.450819
-0.312781
-0.194794
-0.104281
-0.0337869
0.0230732
0.0652647
0.0834559
0.0833299
0.0710125
0.0528108
0.0417594
0.0452284
0.056738
0.0592653
-0.0815937
-0.0831204
-0.0856288
-0.0869824
-0.0869314
-0.0829845
-0.0886297
-0.0914536
-0.0966819
-0.105323
-0.115387
-0.126444
-0.139444
-0.151932
-0.160868
-0.16439
-0.160764
-0.149189
-0.130237
-0.105429
-0.0767736
-0.0462977
-0.0157449
0.013602
0.0409253
0.0657818
0.0880167
0.107656
0.124824
0.139705
0.152509
0.163453
0.172732
0.1805
0.18688
0.192515
0.206203
0.208589
0.204085
0.202068
0.21554
0.215296
0.217196
0.199181
0.194944
0.190096
0.183284
0.174179
0.16241
0.147459
0.128548
0.104889
0.0752363
0.0384331
-0.00719218
-0.0629278
-0.129757
-0.20726
-0.292789
-0.380258
-0.458267
-0.514511
-0.533772
-0.506118
-0.438216
-0.347066
-0.249826
-0.158286
-0.0830894
-0.0214277
0.0275898
0.0620818
0.0814525
0.0837996
0.0739804
0.0584263
0.0483567
0.0476944
0.05289
0.0543866
-0.0786917
-0.0796802
-0.0810275
-0.082203
-0.0832062
-0.0844761
-0.0862901
-0.0888569
-0.0931837
-0.0995189
-0.107099
-0.115526
-0.124011
-0.131385
-0.136095
-0.136614
-0.13187
-0.121512
-0.105879
-0.0858862
-0.0628274
-0.0380134
-0.0127074
0.0120808
0.0356328
0.0574986
0.0774427
0.0953775
0.111311
0.125318
0.137516
0.148045
0.157037
0.164596
0.170808
0.175811
0.185778
0.192155
0.187568
0.194341
0.19561
0.184278
0.196348
0.179701
0.175583
0.170044
0.162552
0.152812
0.140477
0.125124
0.1062
0.0830487
0.0548857
0.0209545
-0.019511
-0.0669796
-0.121417
-0.181647
-0.245004
-0.306557
-0.359043
-0.394045
-0.404101
-0.385524
-0.340906
-0.278905
-0.210749
-0.136337
-0.0779086
-0.0270767
0.0142882
0.0439307
0.062143
0.0678645
0.0641492
0.0552178
0.0487869
0.0470765
0.0482559
0.048903
-0.0761751
-0.0769174
-0.077945
-0.0788815
-0.0798995
-0.081276
-0.0831968
-0.0858152
-0.0894586
-0.0941528
-0.099551
-0.105233
-0.11052
-0.114544
-0.116301
-0.11489
-0.109632
-0.100274
-0.0870235
-0.0704669
-0.0514443
-0.0308718
-0.00965264
0.0114308
0.0317782
0.0509776
0.068773
0.08502
0.0996548
0.112678
0.12414
0.134123
0.142715
0.149983
0.155988
0.160758
0.16541
0.175097
0.169852
0.174829
0.171683
0.167544
0.165852
0.162695
0.158045
0.15192
0.143948
0.133888
0.121418
0.106194
0.0878187
0.0658401
0.0397829
0.00923671
-0.0260631
-0.066091
-0.110323
-0.157429
-0.205062
-0.249599
-0.28653
-0.308695
-0.314276
-0.301015
-0.270289
-0.226882
-0.176916
-0.123568
-0.0766462
-0.0355723
-0.00169272
0.023632
0.0404483
0.0483972
0.0495496
0.0467393
0.0437478
0.0422095
0.0422605
0.0426546
-0.0735729
-0.0741704
-0.0750308
-0.0758855
-0.0768736
-0.0781558
-0.0798718
-0.0821152
-0.0849642
-0.0883304
-0.0919872
-0.095558
-0.0985294
-0.100299
-0.100204
-0.0976402
-0.0921661
-0.0836227
-0.0721445
-0.0581248
-0.0421377
-0.0248153
-0.00682559
0.0112351
0.0288779
0.0457409
0.0615755
0.0762172
0.0895635
0.101566
0.112226
0.121582
0.129691
0.136599
0.142354
0.146987
0.150492
0.15334
0.154962
0.156208
0.15576
0.153752
0.1507
0.147132
0.142134
0.135622
0.127414
0.117301
0.105024
0.0903128
0.0728841
0.0524695
0.028808
0.001727
-0.0287471
-0.0623173
-0.0982853
-0.135384
-0.171651
-0.204401
-0.230421
-0.246204
-0.249814
-0.240248
-0.21845
-0.187272
-0.150451
-0.111192
-0.0744751
-0.0416851
-0.0140599
0.00745846
0.0226017
0.0315232
0.0354409
0.0360772
0.035298
0.0350902
0.0356158
0.0360865
-0.0708012
-0.0713008
-0.0720184
-0.0727526
-0.0736221
-0.0747219
-0.0761259
-0.0778719
-0.0799448
-0.0822443
-0.0845593
-0.0865904
-0.0879561
-0.0882193
-0.0869235
-0.0836637
-0.0781575
-0.0703069
-0.0602138
-0.04815
-0.0345184
-0.019739
-0.00433441
0.0112435
0.026602
0.0414318
0.0555037
0.0686527
0.0807606
0.0917512
0.101592
0.110289
0.11787
0.124368
0.129818
0.134256
0.137703
0.140243
0.142113
0.143039
0.142431
0.140426
0.137092
0.132978
0.127699
0.121022
0.112807
0.102879
0.0910385
0.0770909
0.0608547
0.042184
0.0209722
-0.00279765
-0.0289415
-0.0570457
-0.0863957
-0.115881
-0.143939
-0.168609
-0.187734
-0.199274
-0.20185
-0.194941
-0.179214
-0.156471
-0.129153
-0.0997454
-0.0709762
-0.0448653
-0.0223565
-0.00416996
0.0094389
0.0186882
0.0243017
0.0266972
0.0277513
0.0283167
0.0291562
0.0296656
-0.0678681
-0.0682781
-0.068854
-0.0694497
-0.0701508
-0.0710128
-0.0720772
-0.0733425
-0.0747535
-0.0762019
-0.0775013
-0.0784104
-0.0786424
-0.0778789
-0.0758055
-0.07215
-0.0667353
-0.0595055
-0.0505398
-0.0400219
-0.0282154
-0.0155133
-0.0022162
0.0113089
0.024735
0.0377992
0.0502972
0.0620735
0.0730085
0.0830149
0.092042
0.100074
0.107115
0.113179
0.118286
0.122462
0.125731
0.12813
0.129696
0.130279
0.129515
0.127476
0.124195
0.119976
0.114619
0.107978
0.0999421
0.0903831
0.0791539
0.0661238
0.0511957
0.0343088
0.0154583
-0.00527086
-0.0276299
-0.0511723
-0.0752387
-0.098901
-0.120945
-0.139954
-0.154453
-0.163173
-0.165207
-0.160255
-0.148803
-0.132051
-0.111678
-0.0895833
-0.0665286
-0.0458685
-0.0275268
-0.0121883
-0.000140117
0.00869007
0.01468
0.0183159
0.0205061
0.0218409
0.0231379
0.0235722
-0.0647912
-0.0651098
-0.0655456
-0.0659983
-0.0665209
-0.0671427
-0.0678848
-0.0687196
-0.0695785
-0.0703511
-0.0708802
-0.0709681
-0.0703993
-0.0689445
-0.0663858
-0.0625452
-0.0573114
-0.0506553
-0.0426349
-0.0333857
-0.0231053
-0.012047
-0.000468983
0.0113463
0.0231339
0.0346693
0.0457713
0.0562979
0.0661356
0.0751968
0.0834241
0.0907895
0.0972838
0.102904
0.107652
0.111529
0.114539
0.116683
0.117948
0.118249
0.117383
0.115327
0.112196
0.108042
0.102788
0.0963411
0.0886261
0.0795614
0.069056
0.0570261
0.0434308
0.0282795
0.0116309
-0.00637694
-0.0254746
-0.0452331
-0.065077
-0.08425
-0.101815
-0.116736
-0.128052
-0.134873
-0.136623
-0.133136
-0.124758
-0.112318
-0.0969709
-0.0799781
-0.0623207
-0.045467
-0.030456
-0.017573
-0.00704273
0.00111538
0.00710384
0.0112548
0.0140592
0.0159181
0.0172102
0.0178038
-0.0615849
-0.0618138
-0.0621346
-0.0624545
-0.0628072
-0.0632049
-0.0636523
-0.0641111
-0.0645117
-0.0647543
-0.0647028
-0.064198
-0.0630747
-0.0611725
-0.0583398
-0.0544597
-0.0494648
-0.0433404
-0.0361294
-0.0279344
-0.018902
-0.00921117
0.000934158
0.0113108
0.0217005
0.0319104
0.0417807
0.0511837
0.0600142
0.0681874
0.0756435
0.0823486
0.0882873
0.0934507
0.0978258
0.101393
0.104128
0.106013
0.107033
0.107133
0.106207
0.104209
0.101184
0.0971685
0.0921208
0.0859723
0.0786766
0.0701908
0.060468
0.0494679
0.0371824
0.0236687
0.00902786
-0.00658268
-0.0228995
-0.0395352
-0.0559975
-0.0716817
-0.0858792
-0.0978372
-0.106859
-0.112356
-0.113954
-0.111565
-0.105441
-0.0961555
-0.0845304
-0.0715046
-0.0580614
-0.0437677
-0.031716
-0.0209742
-0.0118649
-0.00449634
0.00120562
0.00543864
0.00847416
0.010556
0.0119195
0.0125696
-0.0582859
-0.0584422
-0.0586713
-0.0588724
-0.0590697
-0.0592627
-0.0594446
-0.0595804
-0.0596075
-0.0594373
-0.0589569
-0.0580375
-0.05655
-0.0543801
-0.0514255
-0.0476067
-0.0428828
-0.0372478
-0.0307374
-0.0234323
-0.0154426
-0.00690158
0.0020332
0.0111836
0.0203672
0.0294186
0.0382001
0.0465994
0.0545209
0.0618822
0.0686192
0.0746907
0.0800775
0.0847716
0.0887598
0.0920106
0.094479
0.0961308
0.0969555
0.0969179
0.0959604
0.0940304
0.0911339
0.0873058
0.0825277
0.076748
0.0699346
0.0620765
0.0531595
0.0431774
0.0321466
0.0201453
0.00730076
-0.00622112
-0.0201819
-0.0342462
-0.0479948
-0.0609485
-0.0725718
-0.082314
-0.0896658
-0.0942202
-0.0957328
-0.0941641
-0.089701
-0.0827474
-0.0738842
-0.063771
-0.0530558
-0.0421211
-0.0319689
-0.0229462
-0.0151133
-0.00857599
-0.00332713
0.0007351
0.0037627
0.00589362
0.007292
0.0079648
-0.0549366
-0.0550444
-0.0551957
-0.0552887
-0.0553462
-0.0553554
-0.0553052
-0.0551702
-0.0548999
-0.0544195
-0.0536339
-0.052438
-0.0507313
-0.0484289
-0.0454585
-0.0417653
-0.0373248
-0.0321388
-0.0262404
-0.0196959
-0.0125908
-0.00502702
0.00287237
0.0109638
0.0190958
0.0271272
0.0349402
0.0424389
0.04954
0.0561666
0.0622501
0.0677382
0.0726022
0.0768338
0.0804275
0.0833564
0.0855673
0.0870114
0.087673
0.087537
0.0865712
0.0847273
0.0819879
0.0783805
0.0739082
0.0685398
0.0622449
0.0550305
0.0469129
0.0379092
0.0280531
0.0174295
0.00617425
-0.0055446
-0.0175136
-0.0294537
-0.041017
-0.0518158
-0.0614414
-0.0694896
-0.075591
-0.0794552
-0.0809171
-0.0799595
-0.0767258
-0.0715089
-0.0647273
-0.0568608
-0.0483955
-0.0397716
-0.0314806
-0.0238764
-0.0171839
-0.0114619
-0.00674241
-0.00298514
-0.000111049
0.00195167
0.00336747
0.00403229
-0.0515762
-0.0516516
-0.0517293
-0.051727
-0.0516609
-0.0515108
-0.0512672
-0.0509158
-0.0504204
-0.0497179
-0.048728
-0.0473638
-0.0455436
-0.0432016
-0.0402845
-0.0367545
-0.0325986
-0.027826
-0.02247
-0.0165864
-0.010244
-0.00352196
0.00348311
0.0106558
0.0178696
0.0250034
0.0319545
0.0386406
0.044993
0.0509459
0.0564331
0.0613929
0.0657814
0.0695811
0.0727919
0.0754001
0.0773601
0.0786161
0.079141
0.0789297
0.0779708
0.0762258
0.0736648
0.0703019
0.0661524
0.0612081
0.0554456
0.0488724
0.0415249
0.0334419
0.024669
0.015291
0.00543707
-0.00473077
-0.0150182
-0.0251928
-0.0349753
-0.0440544
-0.0521109
-0.0588423
-0.06398
-0.0673167
-0.0687369
-0.068234
-0.0659179
-0.0620078
-0.0568102
-0.0506837
-0.0440024
-0.0371288
-0.0304183
-0.0240892
-0.0183607
-0.0133837
-0.00921896
-0.00583473
-0.00320145
-0.00132402
0.000185777
0.000769649
-0.0482321
-0.0482733
-0.0482807
-0.0482005
-0.0480299
-0.0477498
-0.0473578
-0.0468471
-0.0461925
-0.0453409
-0.0442232
-0.0427665
-0.0409041
-0.0385834
-0.0357633
-0.0324187
-0.0285453
-0.0241583
-0.019291
-0.0139924
-0.00831954
-0.00233423
0.00389003
0.0102618
0.0166754
0.0230246
0.0292157
0.0351737
0.0408404
0.0461654
0.0510944
0.0555667
0.0595252
0.0629362
0.0657943
0.068098
0.069818
0.0709019
0.0713136
0.0710468
0.0701035
0.068462
0.0660877
0.0629812
0.0591618
0.054636
0.0493958
0.0434482
0.0368341
0.0296066
0.0218212
0.013562
0.00494568
-0.00388214
-0.0127473
-0.0214503
-0.0297679
-0.0374556
-0.0442623
-0.049955
-0.0543338
-0.0572495
-0.058623
-0.0584551
-0.0568291
-0.0539095
-0.0499274
-0.0451536
-0.0398751
-0.0343763
-0.0289232
-0.0237231
-0.0189628
-0.0144928
-0.010902
-0.00791366
-0.00553234
-0.00378453
-0.00248243
-0.00190548
-0.0449071
-0.0449082
-0.0448625
-0.0447212
-0.0444694
-0.0440944
-0.0435997
-0.0429822
-0.0422218
-0.041275
-0.040083
-0.038584
-0.0367251
-0.0344639
-0.0317691
-0.0286252
-0.0250334
-0.0210115
-0.0165917
-0.0118181
-0.00674024
-0.00140725
0.00412603
0.0097901
0.0154996
0.0211614
0.0266866
0.0320007
0.0370484
0.0417902
0.0461894
0.0501984
0.0537586
0.056821
0.0593658
0.0613943
0.062894
0.063824
0.0641442
0.0638428
0.062926
0.0613891
0.0592009
0.0563515
0.05286
0.0487421
0.0440021
0.0386505
0.0327278
0.0262919
0.019402
0.0121399
0.00461191
-0.00305456
-0.0107107
-0.018185
-0.0252928
-0.0318412
-0.0376345
-0.0424921
-0.046262
-0.0488342
-0.0501544
-0.050229
-0.0491206
-0.0469555
-0.0439092
-0.0401881
-0.0360123
-0.0316036
-0.0271653
-0.0228692
-0.0188555
-0.0151801
-0.0119778
-0.00936421
-0.00722471
-0.00565843
-0.00453651
-0.00400971
-0.0416018
-0.0415715
-0.0414934
-0.0413085
-0.0410023
-0.0405677
-0.0400087
-0.0393234
-0.0384959
-0.0374913
-0.0362608
-0.0347538
-0.0329281
-0.030751
-0.0282015
-0.0252707
-0.0219613
-0.0182891
-0.0142833
-0.00998463
-0.00543755
-0.000683743
0.00423414
0.00926394
0.0143404
0.0193862
0.0243194
0.0290647
0.0335629
0.0377762
0.0416803
0.0452465
0.0484284
0.0511713
0.0534395
0.055227
0.056532
0.0573284
0.0575773
0.0572615
0.0563859
0.054955
0.0529493
0.0503537
0.0471817
0.0434565
0.0391915
0.0343999
0.0291199
0.0234095
0.0173283
0.0109517
0.00437601
-0.00228634
-0.00890978
-0.0153501
-0.0214524
-0.02706
-0.0320198
-0.0361926
-0.0394632
-0.0417485
-0.0430091
-0.0432529
-0.042531
-0.0409402
-0.0386147
-0.0357135
-0.0324065
-0.0288666
-0.0252556
-0.0217165
-0.018366
-0.0152887
-0.012592
-0.0103436
-0.00836154
-0.00702382
-0.00606632
-0.00560464
-0.0383332
-0.0382918
-0.0381977
-0.0379852
-0.0376498
-0.0371834
-0.0365873
-0.0358613
-0.0349942
-0.0339587
-0.0327156
-0.0312248
-0.0294537
-0.0273801
-0.024992
-0.022284
-0.0192573
-0.0159221
-0.0123024
-0.00843473
-0.00436052
-0.000118969
0.00425247
0.00871234
0.0132114
0.0176901
0.0220806
0.0263126
0.0303234
0.0340689
0.0375258
0.0406793
0.0435015
0.0459446
0.0479632
0.0495394
0.0506738
0.051354
0.0515473
0.0512314
0.0504091
0.0490883
0.0472596
0.0449111
0.0420486
0.038697
0.0348782
0.0306085
0.0259226
0.020873
0.0155187
0.00992783
0.00418558
-0.00160768
-0.00734405
-0.0129038
-0.0181591
-0.0229812
-0.0272475
-0.0308498
-0.0337007
-0.0357374
-0.0369308
-0.0372881
-0.0368522
-0.0356988
-0.0339304
-0.03167
-0.0290528
-0.0262136
-0.0232826
-0.0203795
-0.0176033
-0.0150388
-0.0127585
-0.0108137
-0.00917738
-0.00798816
-0.00716001
-0.00675841
-0.0351333
-0.0350938
-0.0349882
-0.0347631
-0.0344164
-0.0339358
-0.0333234
-0.0325792
-0.0316951
-0.0306512
-0.0294173
-0.0279627
-0.0262647
-0.0243109
-0.0220958
-0.0196155
-0.016868
-0.0138572
-0.0106002
-0.00712779
-0.00347835
0.000309264
0.00419778
0.00814991
0.0121256
0.0160803
0.0199641
0.0237207
0.0272907
0.0306229
0.0336863
0.0364686
0.0389558
0.0411148
0.0429015
0.0442875
0.0452689
0.045844
0.0459905
0.0456825
0.0449181
0.0437085
0.0420505
0.0399382
0.0373731
0.0343769
0.0309754
0.027188
0.0230471
0.0185988
0.0138985
0.0090078
0.0040008
-0.001034
-0.00600261
-0.0108048
-0.0153357
-0.0194906
-0.0231705
-0.0262893
-0.0287801
-0.0305959
-0.0317156
-0.0321455
-0.0319209
-0.0311018
-0.0297679
-0.0280152
-0.0259512
-0.023683
-0.0213158
-0.0189478
-0.0166639
-0.0145379
-0.0126278
-0.010982
-0.00961192
-0.00858683
-0.00787322
-0.0075248
-0.0320199
-0.0319805
-0.0318637
-0.0316353
-0.0312879
-0.0308073
-0.0301971
-0.0294571
-0.0285792
-0.0275482
-0.0263431
-0.0249432
-0.023335
-0.0215131
-0.0194762
-0.0172217
-0.0147448
-0.0120442
-0.00912984
-0.00602578
-0.00276612
0.000611403
0.00406943
0.00757121
0.0110801
0.0145602
0.017976
0.0212885
0.0244501
0.0274091
0.0301254
0.0325795
0.0347625
0.0366552
0.038223
0.0394337
0.0402763
0.0407531
0.0408554
0.0405593
0.0398546
0.0387535
0.0372593
0.0353699
0.033086
0.0304253
0.0274134
0.0240713
0.0204297
0.0165287
0.012418
0.00815393
0.00380092
-0.000564862
-0.00486214
-0.00900581
-0.0129096
-0.0164887
-0.0196635
-0.0223655
-0.0245431
-0.026161
-0.0272043
-0.027678
-0.0276106
-0.02705
-0.0260592
-0.0247136
-0.0230974
-0.0212968
-0.0193964
-0.0174761
-0.0156082
-0.0138548
-0.0122676
-0.0108856
-0.00973556
-0.00886161
-0.00824891
-0.00794734
-0.0289827
-0.0289355
-0.0288106
-0.0285846
-0.0282446
-0.0277797
-0.0271924
-0.026479
-0.0256295
-0.0246321
-0.0234744
-0.0221454
-0.0206391
-0.0189555
-0.0170964
-0.0150604
-0.0128416
-0.0104347
-0.00784374
-0.00508609
-0.00219103
0.000806902
0.00387242
0.00696998
0.0100641
0.0131215
0.0161137
0.0190145
0.0217917
0.0244022
0.0268019
0.0289624
0.0308722
0.0325205
0.0338838
0.0349336
0.0356538
0.0360441
0.0361058
0.035824
0.0351828
0.034189
0.0328514
0.0311722
0.0291523
0.026806
0.0241559
0.0212231
0.0180362
0.0146309
0.0110521
0.00734981
0.0035803
-0.000191267
-0.00389547
-0.00746066
-0.0108157
-0.0138923
-0.0166271
-0.018966
-0.0208687
-0.0223087
-0.023275
-0.0237721
-0.0238221
-0.0234627
-0.0227437
-0.021724
-0.02047
-0.0190498
-0.0175323
-0.0159829
-0.0144614
-0.013021
-0.0117066
-0.0105528
-0.00958762
-0.0088476
-0.00832479
-0.00806565
-0.0260029
-0.0259433
-0.0258171
-0.0255976
-0.025275
-0.0248442
-0.0243012
-0.023635
-0.0228334
-0.0218879
-0.0207933
-0.019547
-0.01815
-0.0166066
-0.0149215
-0.0130951
-0.0111209
-0.0089908
-0.006703
-0.00426937
-0.00171475
0.000929441
0.00363108
0.0063579
0.00907651
0.011754
0.0143628
0.016883
0.0192953
0.0215702
0.0236685
0.025557
0.0272194
0.0286477
0.029827
0.0307349
0.0313542
0.0316799
0.0317146
0.0314531
0.0308811
0.0299977
0.0288119
0.0273298
0.025554
0.023497
0.0211783
0.018618
0.0158421
0.0128837
0.00978356
0.00658533
0.00333772
9.59948e-05
-0.00308116
-0.00613445
-0.00900583
-0.0116405
-0.0139888
-0.0160086
-0.0176674
-0.0189452
-0.0198341
-0.020337
-0.0204711
-0.0202652
-0.0197578
-0.0189954
-0.0180296
-0.0169153
-0.0157085
-0.014463
-0.013228
-0.0120492
-0.0109651
-0.0100079
-0.00920216
-0.0085813
-0.00814206
-0.00792276
-0.023072
-0.0230043
-0.0228832
-0.0226762
-0.022384
-0.0220028
-0.0215199
-0.0209162
-0.0201776
-0.0192981
-0.0182785
-0.0171235
-0.0158404
-0.0144379
-0.0129235
-0.0112988
-0.00955736
-0.00768776
-0.00568288
-0.00354907
-0.00130791
0.00101017
0.00337422
0.00575517
0.00812355
0.0104486
0.0127029
0.014868
0.0169325
0.0188809
0.0206853
0.022315
0.0237501
0.0249823
0.0260019
0.0267915
0.0273335
0.0276193
0.027648
0.0274174
0.0269177
0.0261454
0.0251066
0.0238089
0.0222563
0.0204616
0.0184429
0.0162197
0.0138159
0.011261
0.0085914
0.00584636
0.00306751
0.000300435
-0.00240647
-0.00500482
-0.00744744
-0.00969042
-0.0116956
-0.0134305
-0.0148693
-0.0159952
-0.0168029
-0.0172943
-0.0174815
-0.0173862
-0.0170383
-0.0164742
-0.0157347
-0.0148644
-0.0139087
-0.012912
-0.0119151
-0.0109564
-0.0100698
-0.00928349
-0.00862003
-0.00810788
-0.0077462
-0.00756686
-0.0201989
-0.0201326
-0.0200212
-0.0198339
-0.0195822
-0.0192586
-0.0188418
-0.0183076
-0.0176405
-0.016837
-0.0159024
-0.0148476
-0.0136849
-0.0124263
-0.011081
-0.0096511
-0.00813039
-0.00650548
-0.00476486
-0.00290968
-0.000958495
0.0010579
0.00310739
0.00516211
0.00719735
0.00918748
0.0111077
0.0129406
0.0146784
0.0163156
0.0178376
0.0192212
0.0204465
0.0215032
0.0223837
0.023074
0.023556
0.0238176
0.0238546
0.0236631
0.0232362
0.0225703
0.0216713
0.0205459
0.0191993
0.0176447
0.0158992
0.0139831
0.011919
0.00973178
0.00745321
0.00511814
0.00276218
0.000422469
-0.00186228
-0.00405331
-0.0061129
-0.00800601
-0.00970302
-0.0111795
-0.0124138
-0.0133936
-0.0141135
-0.0145754
-0.0147875
-0.0147662
-0.0145346
-0.0141214
-0.0135593
-0.0128842
-0.0121333
-0.0113425
-0.0105458
-0.00977524
-0.00905977
-0.00842476
-0.0078885
-0.00747634
-0.00718498
-0.00704368
-0.0174019
-0.017346
-0.0172459
-0.0170819
-0.0168721
-0.0166028
-0.0162485
-0.015783
-0.0151915
-0.0144723
-0.0136344
-0.0126924
-0.0116609
-0.0105521
-0.00937423
-0.00813019
-0.00681542
-0.00541856
-0.00392746
-0.0023393
-0.000668212
0.00105763
0.00280553
0.00454856
0.00626615
0.00793926
0.0095482
0.0110774
0.0125199
0.0138747
0.0151369
0.0162926
0.0173245
0.0182205
0.0189728
0.0195706
0.019996
0.0202344
0.0202798
0.0201271
0.0197694
0.0192034
0.0184359
0.0174729
0.0163202
0.0149903
0.0135
0.0118692
0.0101191
0.00827163
0.00635328
0.00439323
0.00242182
0.000469365
-0.0014337
-0.00325702
-0.00497111
-0.00654827
-0.00796493
-0.00920263
-0.0102451
-0.0110818
-0.0117083
-0.0121257
-0.0123406
-0.0123651
-0.0122171
-0.0119194
-0.011498
-0.0109815
-0.0103996
-0.00978145
-0.00915509
-0.00854677
-0.00798042
-0.00747808
-0.00705345
-0.00673109
-0.00650053
-0.00639261
-0.0146931
-0.0146505
-0.0145599
-0.0144172
-0.0142411
-0.0140144
-0.013713
-0.0133132
-0.0128012
-0.0121767
-0.0114498
-0.0106354
-0.00974656
-0.00879221
-0.00777837
-0.00670884
-0.00558433
-0.00440084
-0.0031507
-0.00182921
-0.000443104
0.000987695
0.00243632
0.00387868
0.00529749
0.00667854
0.00800679
0.00926816
0.0104546
0.0115644
0.0125969
0.0135449
0.0143961
0.0151385
0.0157642
0.0162652
0.0166268
0.0168335
0.016879
0.0167585
0.0164642
0.0159925
0.0153491
0.0145411
0.0135743
0.0124604
0.0112144
0.0098542
0.00839942
0.00687023
0.00528783
0.00367505
0.00205705
0.000458526
-0.00109689
-0.00258607
-0.00398631
-0.0052756
-0.00643541
-0.00745167
-0.00831267
-0.00901042
-0.00954085
-0.0099047
-0.0101074
-0.0101583
-0.010071
-0.00986304
-0.00955494
-0.00916891
-0.00872816
-0.0082559
-0.00777448
-0.00730512
-0.00686741
-0.00647897
-0.00614759
-0.00590392
-0.00572331
-0.0056418
-0.0120653
-0.0120317
-0.0119475
-0.0118187
-0.0116647
-0.0114691
-0.0112144
-0.0108807
-0.0104554
-0.00993696
-0.00933323
-0.00865622
-0.00791553
-0.00711642
-0.00626298
-0.00536122
-0.00441928
-0.00344304
-0.0024319
-0.00138044
-0.000285956
0.000845058
0.001997
0.00315178
0.00429387
0.00541028
0.00648766
0.00751213
0.00847354
0.00936796
0.0101947
0.0109512
0.01163
0.0122217
0.01272
0.0131206
0.0134128
0.013582
0.0136204
0.0135245
0.0132879
0.0129058
0.0123826
0.0117247
0.0109384
0.0100348
0.00902627
0.00792726
0.00675483
0.00552731
0.00426145
0.00297373
0.00168315
0.000409938
-0.000826624
-0.00200926
-0.00312168
-0.00414705
-0.00507049
-0.00588125
-0.00657117
-0.00713596
-0.00757125
-0.00787752
-0.00805912
-0.00812317
-0.00807988
-0.00794236
-0.00772611
-0.00744788
-0.00712522
-0.00677581
-0.00641695
-0.00606531
-0.00573611
-0.00544353
-0.00518277
-0.00501479
-0.00487019
-0.0048083
-0.00949241
-0.00945881
-0.00938034
-0.00925912
-0.00912108
-0.00895403
-0.0087479
-0.00848588
-0.00815445
-0.0077482
-0.00727075
-0.00673091
-0.00613667
-0.00549207
-0.00480297
-0.00407673
-0.00332554
-0.002561
-0.0017869
-0.000997217
-0.000183112
0.000661126
0.00153069
0.0024134
0.00329475
0.0041614
0.00500057
0.00579925
0.00654681
0.00723787
0.00787136
0.00844729
0.00896313
0.00941318
0.00979209
0.0100961
0.010318
0.0104472
0.0104769
0.0104032
0.0102202
0.00992375
0.00951795
0.00900787
0.00839877
0.00770083
0.00692516
0.00608178
0.00518229
0.00424146
0.00327393
0.0022927
0.0013103
0.000340619
-0.000600989
-0.00150041
-0.00234601
-0.0031264
-0.00383059
-0.00445003
-0.00497755
-0.0054166
-0.00575844
-0.00600471
-0.00615879
-0.00622611
-0.00621365
-0.0061309
-0.00598879
-0.00579935
-0.00557516
-0.00532887
-0.00507328
-0.00482082
-0.00458289
-0.00436938
-0.00418498
-0.00405283
-0.0039493
-0.00390364
-0.0069425
-0.00689982
-0.00683246
-0.00671957
-0.00660312
-0.00647223
-0.00632111
-0.00613464
-0.00589694
-0.00559875
-0.00524125
-0.00483325
-0.00438533
-0.00390116
-0.00339372
-0.00286398
-0.00232015
-0.0017715
-0.00122227
-0.000666948
-0.000102961
0.000482018
0.00108794
0.00170728
0.00232903
0.00294256
0.00353809
0.00410614
0.00463872
0.00513152
0.005583
0.00599205
0.00635646
0.00667304
0.00694023
0.00715624
0.00731407
0.00740396
0.00742254
0.0073694
0.00723882
0.00702591
0.00673578
0.0063739
0.00594202
0.00544595
0.00489541
0.00429949
0.00366595
0.00300319
0.00232076
0.00162925
0.000938473
0.000257029
-0.000405521
-0.00103877
-0.00163383
-0.0021833
-0.00268037
-0.00311981
-0.00349901
-0.00380871
-0.0040562
-0.00423951
-0.00436036
-0.00442216
-0.00442952
-0.00438859
-0.00430609
-0.00418997
-0.00404838
-0.00388976
-0.00372281
-0.00355622
-0.00339781
-0.00325468
-0.00313132
-0.00304223
-0.00296679
-0.00294014
-0.00439434
-0.0043411
-0.00428651
-0.00420233
-0.00411818
-0.00403139
-0.00393622
-0.00381898
-0.00366483
-0.00346558
-0.00322382
-0.00295068
-0.00265899
-0.00235628
-0.00204567
-0.00172445
-0.00139243
-0.00105421
-0.000716563
-0.000369256
-3.14104e-05
0.000312552
0.000663385
0.00102066
0.00138125
0.00174124
0.00209519
0.00243598
0.0027566
0.00305269
0.00332445
0.00357355
0.00379691
0.00398836
0.00414611
0.00427374
0.00436932
0.00442293
0.00443022
0.00439605
0.0043192
0.00419271
0.00401695
0.00379849
0.00354128
0.00324693
0.00291927
0.00256391
0.00218659
0.00179281
0.00138791
0.000976969
0.000566265
0.000161537
-0.000232057
-0.000608752
-0.00096293
-0.00129007
-0.00158644
-0.00184934
-0.00207811
-0.00226638
-0.00241975
-0.00253653
-0.00261863
-0.00266734
-0.0026856
-0.00267619
-0.00264255
-0.00258873
-0.00251913
-0.00243828
-0.00235116
-0.00226287
-0.00217789
-0.00210037
-0.00203357
-0.00198493
-0.0019408
-0.00193708
-0.00182455
-0.00175321
-0.00173017
-0.00168977
-0.00164809
-0.00160409
-0.00155437
-0.00149277
-0.00141411
-0.00131736
-0.00120663
-0.001089
-0.000970349
-0.000852158
-0.000732216
-0.000607265
-0.00047759
-0.00034786
-0.000224024
-0.000107479
2.8005e-07
0.000108311
0.000216746
0.000330107
0.000447297
0.000566173
0.000684725
0.00080096
0.000912161
0.00101486
0.00110725
0.00119048
0.00126552
0.0013303
0.00138219
0.00142219
0.00145224
0.00146965
0.00147087
0.00145761
0.00143107
0.00138994
0.00133216
0.00125932
0.00117328
0.00107509
0.000966357
0.000848994
0.000724252
0.000593793
0.000459869
0.000324206
0.000188746
5.53602e-05
-7.42838e-05
-0.000198322
-0.000314871
-0.000422338
-0.000519234
-0.000604366
-0.000680618
-0.000744151
-0.000802959
-0.000852309
-0.000892257
-0.000923287
-0.000946097
-0.000961294
-0.000969472
-0.000971328
-0.000967723
-0.00095975
-0.000948525
-0.000935359
-0.000921495
-0.000908089
-0.000895745
-0.000886817
-0.000872978
-0.000910891
)
;

boundaryField
{
    lowerWall
    {
        type            fixedFluxPressure;
        gradient        uniform 0;
        value           nonuniform List<scalar> 
80
(
7315.91
7315.8
7315.57
7315.26
7314.89
7314.5
7314.11
7313.74
7313.45
7313.23
7313.1
7313.1
7313.22
7313.48
7313.87
7314.4
7315.07
7315.88
7316.81
7317.88
7319.06
7320.36
7321.78
7323.29
7324.9
7326.58
7328.33
7330.12
7331.93
7333.74
7335.52
7337.24
7338.87
7340.37
7341.72
7342.89
7343.85
7344.58
7345.06
7345.28
7345.23
7344.9
7344.31
7343.46
7342.37
7341.07
7339.56
7337.89
7336.08
7334.16
7332.17
7330.12
7328.06
7325.99
7323.96
7321.97
7320.05
7318.21
7316.47
7314.83
7313.31
7311.92
7310.66
7309.54
7308.57
7307.76
7307.12
7306.63
7306.3
7306.13
7306.1
7306.19
7306.39
7306.67
7306.99
7307.34
7307.66
7307.94
7308.14
7308.25
)
;
    }
    rightWall
    {
        type            zeroGradient;
    }
    atmosphere
    {
        type            totalPressure;
        rho             rho;
        psi             none;
        gamma           1;
        p0              uniform 0;
        value           nonuniform List<scalar> 
80
(
-0.000542235
-0.000443061
-0.000447441
-0.000430679
-0.00040666
-0.000377989
-0.000345359
-0.000309645
-0.000271844
-0.00023297
-0.000194075
-0.000156262
-0.000120643
-8.82396e-05
-5.99894e-05
-3.66849e-05
-1.89371e-05
-7.05945e-06
-1.01013e-06
0
0
0
0
0
0
0
0
0
0
0
0
0
0
0
0
0
0
0
0
0
0
0
0
0
0
0
0
0
0
0
0
0
0
0
0
0
0
0
0
0
0
-3.4634e-07
-4.41337e-06
-1.33882e-05
-2.72464e-05
-4.56079e-05
-6.77438e-05
-9.2877e-05
-0.000120091
-0.000148462
-0.000177074
-0.000205075
-0.000231784
-0.000256347
-0.000278414
-0.000297479
-0.000313204
-0.000323639
-0.000316801
-0.000403088
)
;
    }
    leftWall
    {
        type            zeroGradient;
    }
    frontAndBack
    {
        type            empty;
    }
}


// ************************************************************************* //
