/*--------------------------------*- C++ -*----------------------------------*\
| =========                 |                                                 |
| \\      /  F ield         | OpenFOAM: The Open Source CFD Toolbox           |
|  \\    /   O peration     | Version:  2412                                  |
|   \\  /    A nd           | Website:  www.openfoam.com                      |
|    \\/     M anipulation  |                                                 |
\*---------------------------------------------------------------------------*/
FoamFile
{
    version     2.0;
    format      ascii;
    arch        "LSB;label=32;scalar=64";
    class       volScalarField;
    location    "9.4";
    object      p_rgh;
}
// * * * * * * * * * * * * * * * * * * * * * * * * * * * * * * * * * * * * * //

dimensions      [1 -1 -2 0 0 0 0];

internalField   nonuniform List<scalar> 
6400
(
12411.8
12411.8
12411.8
12411.9
12412
12412.2
12412.4
12412.6
12412.9
12413.2
12413.5
12413.8
12414.1
12414.4
12414.8
12415.1
12415.5
12415.8
12416.1
12416.4
12416.6
12416.7
12416.7
12416.7
12416.4
12416.1
12415.5
12414.7
12413.8
12412.7
12411.3
12409.9
12408.4
12406.8
12405.2
12403.8
12402.6
12401.6
12400.9
12400.6
12400.6
12401.1
12401.8
12402.9
12404.2
12405.7
12407.3
12408.9
12410.4
12411.8
12413.1
12414.2
12415.1
12415.9
12416.4
12416.7
12416.9
12417
12417
12416.8
12416.6
12416.3
12416
12415.7
12415.4
12415
12414.7
12414.4
12414.1
12413.8
12413.5
12413.2
12412.9
12412.7
12412.5
12412.3
12412.2
12412.1
12412.1
12412.1
12411.8
12411.8
12411.8
12411.9
12412
12412.2
12412.4
12412.6
12412.8
12413.1
12413.4
12413.7
12414
12414.3
12414.6
12414.9
12415.2
12415.5
12415.8
12416
12416.2
12416.3
12416.3
12416.2
12416
12415.6
12415.1
12414.4
12413.5
12412.4
12411.2
12409.9
12408.6
12407.2
12405.8
12404.6
12403.5
12402.6
12402
12401.7
12401.8
12402.2
12402.8
12403.8
12404.9
12406.2
12407.6
12409
12410.4
12411.7
12412.9
12413.9
12414.7
12415.4
12415.9
12416.3
12416.5
12416.6
12416.6
12416.5
12416.3
12416.1
12415.8
12415.5
12415.2
12414.9
12414.6
12414.2
12413.9
12413.7
12413.4
12413.1
12412.9
12412.7
12412.5
12412.3
12412.2
12412.1
12412.1
12412.1
12411.8
12411.7
12411.8
12411.9
12412
12412.1
12412.3
12412.5
12412.7
12413
12413.2
12413.5
12413.8
12414.1
12414.4
12414.7
12415
12415.3
12415.5
12415.7
12415.9
12416
12416
12415.8
12415.6
12415.2
12414.7
12414.1
12413.3
12412.3
12411.2
12410.1
12408.8
12407.6
12406.4
12405.3
12404.3
12403.5
12403
12402.8
12402.8
12403.2
12403.8
12404.6
12405.6
12406.7
12408
12409.2
12410.5
12411.6
12412.7
12413.6
12414.4
12415.1
12415.6
12415.9
12416.1
12416.2
12416.2
12416.1
12416
12415.8
12415.5
12415.3
12415
12414.7
12414.4
12414.1
12413.8
12413.5
12413.3
12413
12412.8
12412.6
12412.4
12412.3
12412.1
12412.1
12412
12412
12411.7
12411.7
12411.7
12411.8
12411.9
12412
12412.2
12412.4
12412.6
12412.9
12413.1
12413.4
12413.7
12414
12414.3
12414.5
12414.8
12415.1
12415.3
12415.5
12415.7
12415.7
12415.7
12415.6
12415.4
12415
12414.6
12413.9
12413.2
12412.3
12411.3
12410.2
12409.1
12407.9
12406.8
12405.8
12404.9
12404.2
12403.7
12403.5
12403.5
12403.8
12404.4
12405.1
12406.1
12407.2
12408.3
12409.5
12410.6
12411.7
12412.7
12413.6
12414.3
12414.9
12415.3
12415.7
12415.9
12416
12416
12415.9
12415.8
12415.6
12415.3
12415.1
12414.8
12414.5
12414.2
12413.9
12413.7
12413.4
12413.2
12412.9
12412.7
12412.5
12412.3
12412.2
12412.1
12412
12412
12412
12411.6
12411.5
12411.6
12411.7
12411.8
12411.9
12412.1
12412.3
12412.5
12412.7
12413
12413.2
12413.5
12413.8
12414.1
12414.4
12414.7
12414.9
12415.1
12415.3
12415.5
12415.6
12415.6
12415.5
12415.3
12415
12414.5
12414
12413.3
12412.4
12411.5
12410.4
12409.3
12408.2
12407.1
12406.1
12405.3
12404.6
12404.1
12403.9
12403.9
12404.2
12404.8
12405.5
12406.4
12407.5
12408.6
12409.7
12410.8
12411.9
12412.8
12413.6
12414.3
12414.9
12415.3
12415.6
12415.8
12415.8
12415.8
12415.7
12415.6
12415.4
12415.2
12414.9
12414.6
12414.4
12414.1
12413.8
12413.5
12413.3
12413
12412.8
12412.6
12412.4
12412.2
12412.1
12412
12411.9
12411.8
12411.8
12411.4
12411.4
12411.5
12411.5
12411.7
12411.8
12412
12412.2
12412.4
12412.6
12412.8
12413.1
12413.3
12413.6
12413.9
12414.2
12414.5
12414.8
12415
12415.2
12415.4
12415.5
12415.5
12415.5
12415.3
12415
12414.6
12414.1
12413.4
12412.6
12411.7
12410.7
12409.6
12408.5
12407.4
12406.4
12405.5
12404.8
12404.3
12404.1
12404.1
12404.4
12405
12405.7
12406.7
12407.7
12408.9
12410
12411.1
12412.1
12413
12413.8
12414.4
12414.9
12415.3
12415.6
12415.7
12415.8
12415.7
12415.6
12415.5
12415.3
12415
12414.7
12414.5
12414.2
12413.9
12413.6
12413.4
12413.1
12412.9
12412.6
12412.4
12412.3
12412.1
12411.9
12411.8
12411.7
12411.7
12411.6
12411.2
12411.2
12411.3
12411.4
12411.5
12411.7
12411.8
12412
12412.2
12412.4
12412.6
12412.9
12413.2
12413.5
12413.8
12414.1
12414.3
12414.6
12414.9
12415.1
12415.3
12415.5
12415.6
12415.6
12415.4
12415.2
12414.9
12414.4
12413.8
12413
12412.1
12411
12409.9
12408.7
12407.6
12406.5
12405.5
12404.7
12404.2
12404
12404
12404.4
12405
12405.8
12406.8
12408
12409.1
12410.3
12411.5
12412.5
12413.4
12414.1
12414.7
12415.2
12415.5
12415.7
12415.8
12415.8
12415.7
12415.6
12415.4
12415.2
12414.9
12414.6
12414.3
12414
12413.7
12413.4
12413.2
12412.9
12412.7
12412.5
12412.3
12412.1
12411.9
12411.8
12411.7
12411.6
12411.5
12411.4
12410.9
12411
12411.1
12411.2
12411.3
12411.5
12411.6
12411.8
12412
12412.2
12412.5
12412.7
12413
12413.3
12413.6
12413.9
12414.2
12414.5
12414.8
12415.1
12415.4
12415.6
12415.7
12415.7
12415.7
12415.5
12415.2
12414.8
12414.2
12413.4
12412.5
12411.4
12410.2
12409
12407.7
12406.4
12405.3
12404.5
12403.9
12403.6
12403.6
12404
12404.7
12405.7
12406.8
12408.1
12409.4
12410.7
12411.9
12413
12413.9
12414.6
12415.2
12415.6
12415.8
12416
12416
12415.9
12415.8
12415.6
12415.4
12415.1
12414.8
12414.5
12414.2
12413.8
12413.5
12413.3
12413
12412.7
12412.5
12412.3
12412.1
12411.9
12411.7
12411.6
12411.5
12411.4
12411.2
12411.2
12410.7
12410.8
12410.9
12411
12411.1
12411.3
12411.4
12411.6
12411.8
12412
12412.3
12412.5
12412.8
12413.1
12413.4
12413.8
12414.1
12414.5
12414.8
12415.1
12415.4
12415.7
12415.9
12416
12416.1
12416
12415.8
12415.4
12414.8
12414.1
12413.1
12412
12410.6
12409.2
12407.7
12406.3
12405
12403.9
12403.2
12402.8
12402.9
12403.4
12404.2
12405.4
12406.7
12408.2
12409.7
12411.1
12412.4
12413.6
12414.5
12415.2
12415.7
12416.1
12416.3
12416.3
12416.3
12416.1
12415.9
12415.7
12415.4
12415
12414.7
12414.4
12414
12413.7
12413.4
12413.1
12412.8
12412.5
12412.3
12412.1
12411.9
12411.7
12411.6
12411.4
12411.3
12411.2
12411
12410.9
12410.4
12410.5
12410.7
12410.8
12411
12411.1
12411.2
12411.4
12411.6
12411.8
12412
12412.3
12412.6
12412.9
12413.3
12413.6
12414
12414.4
12414.8
12415.2
12415.6
12415.9
12416.2
12416.4
12416.6
12416.6
12416.5
12416.2
12415.7
12414.9
12413.9
12412.7
12411.2
12409.5
12407.7
12405.9
12404.3
12403
12402.1
12401.6
12401.7
12402.3
12403.4
12404.8
12406.4
12408.2
12410
12411.6
12413.1
12414.3
12415.3
12416
12416.5
12416.7
12416.8
12416.8
12416.6
12416.4
12416.1
12415.8
12415.4
12415
12414.6
12414.3
12413.9
12413.5
12413.2
12412.9
12412.6
12412.3
12412.1
12411.9
12411.7
12411.5
12411.4
12411.3
12411.1
12411
12410.8
12410.7
12410.2
12410.3
12410.5
12410.6
12410.8
12410.9
12411
12411.2
12411.4
12411.6
12411.8
12412.1
12412.4
12412.7
12413.1
12413.5
12413.9
12414.3
12414.8
12415.3
12415.7
12416.2
12416.6
12416.9
12417.2
12417.3
12417.3
12417.2
12416.7
12416
12415
12413.6
12411.9
12409.9
12407.7
12405.4
12403.4
12401.6
12400.5
12399.9
12400
12400.7
12402.1
12403.9
12406
12408.2
12410.3
12412.3
12413.9
12415.3
12416.3
12416.9
12417.3
12417.5
12417.5
12417.3
12417.1
12416.7
12416.3
12415.9
12415.5
12415
12414.6
12414.1
12413.7
12413.3
12413
12412.7
12412.4
12412.1
12411.9
12411.7
12411.5
12411.4
12411.2
12411.1
12410.9
12410.8
12410.6
12410.5
12410
12410.1
12410.3
12410.4
12410.6
12410.7
12410.8
12410.9
12411.1
12411.2
12411.5
12411.7
12412
12412.4
12412.8
12413.2
12413.7
12414.2
12414.7
12415.3
12415.9
12416.4
12417
12417.5
12417.9
12418.2
12418.4
12418.4
12418.1
12417.4
12416.4
12414.9
12412.9
12410.4
12407.6
12404.8
12402.2
12400
12398.4
12397.6
12397.8
12398.8
12400.5
12402.9
12405.6
12408.4
12411
12413.3
12415.2
12416.6
12417.6
12418.2
12418.5
12418.5
12418.3
12418
12417.5
12417.1
12416.5
12416
12415.5
12414.9
12414.4
12413.9
12413.5
12413.1
12412.7
12412.4
12412.1
12411.8
12411.6
12411.4
12411.3
12411.1
12411
12410.9
12410.8
12410.6
12410.4
12410.2
12409.8
12410
12410.1
12410.3
12410.3
12410.4
12410.5
12410.5
12410.7
12410.8
12411
12411.3
12411.6
12412
12412.4
12412.9
12413.4
12414
12414.6
12415.2
12415.9
12416.6
12417.3
12418
12418.6
12419.2
12419.6
12419.8
12419.7
12419.2
12418.2
12416.6
12414.2
12411.3
12407.8
12404.2
12400.7
12397.9
12395.8
12394.8
12395
12396.3
12398.6
12401.8
12405.3
12408.9
12412.2
12415
12417.1
12418.5
12419.4
12419.8
12419.9
12419.6
12419.2
12418.7
12418.1
12417.4
12416.7
12416
12415.4
12414.8
12414.2
12413.6
12413.1
12412.7
12412.3
12411.9
12411.6
12411.4
12411.2
12411
12410.9
12410.8
12410.7
12410.6
12410.6
12410.4
12410.3
12410
12409.7
12409.9
12410
12410.1
12410.1
12410.1
12410.1
12410.1
12410.2
12410.3
12410.4
12410.7
12411
12411.4
12411.8
12412.3
12412.9
12413.5
12414.2
12415
12415.8
12416.6
12417.5
12418.4
12419.3
12420.1
12420.9
12421.4
12421.7
12421.4
12420.6
12418.9
12416.3
12412.6
12408.3
12403.6
12399.2
12395.4
12392.8
12391.4
12391.6
12393.3
12396.3
12400.5
12405.3
12410
12414.3
12417.6
12419.9
12421.2
12421.9
12422
12421.7
12421.1
12420.3
12419.4
12418.6
12417.7
12416.8
12416
12415.2
12414.5
12413.8
12413.1
12412.6
12412.1
12411.6
12411.3
12411
12410.7
12410.6
12410.4
12410.4
12410.3
12410.3
12410.3
12410.3
12410.2
12410.1
12409.9
12409.6
12409.9
12410
12410
12410
12409.9
12409.8
12409.7
12409.7
12409.7
12409.8
12410
12410.3
12410.7
12411.2
12411.7
12412.4
12413.1
12413.9
12414.7
12415.7
12416.7
12417.7
12418.9
12420.1
12421.2
12422.4
12423.4
12424.1
12424.3
12423.7
12422.2
12419.2
12414.7
12409.1
12403
12397.1
12392.3
12388.8
12386.9
12387
12389
12393.1
12398.6
12405.1
12411.6
12417.1
12421.2
12423.6
12424.8
12425
12424.6
12423.8
12422.7
12421.6
12420.3
12419.1
12418
12416.9
12415.9
12415
12414.1
12413.3
12412.6
12412
12411.4
12411
12410.6
12410.3
12410
12409.9
12409.8
12409.8
12409.9
12409.9
12410
12410.1
12410.1
12409.9
12409.8
12409.8
12410
12410.1
12410
12409.9
12409.8
12409.6
12409.5
12409.4
12409.4
12409.5
12409.7
12410
12410.4
12411
12411.5
12412.2
12413
12413.9
12414.9
12416
12417.1
12418.4
12419.8
12421.2
12422.8
12424.4
12425.9
12427.1
12427.9
12428
12426.7
12423.3
12417.8
12410.3
12401.9
12393.9
12387.3
12382.7
12380.1
12379.9
12382.4
12387.6
12395.1
12403.9
12412.9
12420.3
12425.4
12428.1
12428.9
12428.5
12427.5
12426.1
12424.6
12423
12421.4
12419.9
12418.6
12417.3
12416.2
12415.1
12414.2
12413.3
12412.5
12411.8
12411.2
12410.7
12410.3
12410
12409.8
12409.6
12409.6
12409.6
12409.7
12409.9
12410
12410.2
12410.2
12410.1
12409.9
12410.1
12410.5
12410.3
12410.2
12410
12409.8
12409.6
12409.4
12409.4
12409.4
12409.5
12409.7
12410.1
12410.5
12411.1
12411.8
12412.5
12413.4
12414.4
12415.5
12416.7
12418
12419.4
12421
12422.8
12424.7
12426.8
12428.9
12431
12432.7
12433.7
12433.1
12429.5
12422
12411.3
12398.9
12387.3
12378
12372.1
12368.8
12368.6
12372
12379
12389.2
12401.5
12414
12424.1
12430.5
12433.2
12433.3
12432.1
12430.3
12428.3
12426.3
12424.3
12422.5
12420.8
12419.3
12417.9
12416.7
12415.6
12414.6
12413.6
12412.8
12412.1
12411.4
12410.9
12410.5
12410.1
12409.9
12409.8
12409.8
12409.9
12410
12410.2
12410.5
12410.7
12410.8
12410.7
12410.5
12410.8
12411.2
12410.8
12410.4
12410
12409.7
12409.4
12409.2
12409.1
12409.1
12409.2
12409.5
12409.9
12410.4
12411
12411.8
12412.6
12413.6
12414.6
12415.8
12417.2
12418.6
12420.3
12422.1
12424.2
12426.6
12429.4
12432.4
12435.7
12439
12442.2
12443.8
12440.3
12429.4
12412.9
12393.1
12376
12363.5
12356
12351.9
12351.9
12356.7
12366.2
12380.1
12398
12417.2
12432.2
12440.8
12442.6
12440.5
12437.4
12434.2
12431.1
12428.3
12425.7
12423.5
12421.5
12419.8
12418.4
12417.1
12415.9
12414.8
12413.8
12412.9
12412.1
12411.4
12410.8
12410.3
12410
12409.7
12409.6
12409.7
12409.8
12410.1
12410.4
12410.8
12411.1
12411.4
12411.5
12411.2
12411.8
12412.1
12411.5
12410.7
12409.9
12409.2
12408.6
12408.1
12407.8
12407.7
12407.7
12408
12408.3
12408.9
12409.5
12410.3
12411.2
12412.2
12413.4
12414.7
12416.2
12417.8
12419.6
12421.7
12424.1
12427.2
12430.9
12435.2
12440.2
12446
12453.3
12460.3
12459.2
12445.5
12421.5
12393.2
12369.8
12354
12346.1
12340.9
12340.8
12346.8
12358
12375.7
12399.8
12429
12450
12459.8
12458.3
12450.8
12444.1
12438.8
12434.2
12430.2
12426.7
12423.7
12421.3
12419.3
12417.7
12416.3
12414.9
12413.7
12412.5
12411.5
12410.6
12409.9
12409.2
12408.7
12408.4
12408.2
12408.1
12408.2
12408.5
12409
12409.6
12410.3
12411
12411.7
12412.3
12412.1
12344.9
12204.9
12101
12016.5
11950.9
11901.4
11864.7
11838.1
11819.7
11807.7
11800.8
11797.8
11797.9
11800.3
11804.3
11809.4
11815.1
11820.8
11826.4
11831.8
11837
11842.2
11847.6
11853.9
11861.9
11871.8
11883.7
11896
11906.3
11910.8
11896.6
11835
11716
11344.5
10053.2
8572.47
7468.76
6657.28
6378.36
6152.99
6151.76
6406.07
6883.74
7730.22
8865.14
10551.6
11522.7
11731.9
11844.7
11896
11905
11900.3
11891.4
11881.1
11871.6
11863.4
11856.5
11851.1
11847
11843.4
11839.5
11835
11830
11824.6
11819.3
11814.4
11810.4
11808.1
11808
11810.9
11817.8
11829.7
11848
11874.4
11910.9
11959.9
12024.8
12108.2
12210.4
12347.6
1271.99
1544.38
1676.4
1739.96
1768.75
1780.32
1783.75
1783.68
1782.19
1780.41
1778.98
1778.18
1778.23
1779.28
1781.44
1784.95
1790.1
1796.98
1805.6
1815.85
1827.66
1840.88
1855.11
1870.12
1886.02
1903.93
1924.6
1948.67
1975.96
2008
2039.46
2041.61
2062.13
2005.72
1692.93
1745.86
1780.33
1792.15
1800.06
1802.25
1801.59
1798.16
1791.75
1779.37
1727.38
1619.25
1901.41
2042.44
2061.02
2041.46
2008.68
1978.37
1950.87
1926.5
1903.81
1884.12
1867.49
1852.72
1839.5
1826.61
1814.84
1804.65
1796.2
1789.52
1784.56
1781.18
1779.25
1778.52
1778.82
1779.98
1781.76
1783.84
1785.56
1785.8
1782.46
1770.93
1742.04
1678.21
1545.87
1272.57
0.00193899
0.00173667
0.00163795
0.00147088
0.00123004
0.000902657
0.000472028
-0.000101986
-0.000764726
-0.00141619
-0.00212111
-0.00337674
-0.00295993
0.0170242
0.0904921
0.164638
0.14119
0.0599634
0.00379046
-0.0068299
-0.00591746
0.0160249
0.375467
0.929206
1.16688
1.26118
1.30435
1.54906
2.05056
3.0744
3.66626
4.25108
7.05659
495.333
3186.25
3577.71
3601.47
3617.43
3625.41
3623.7
3622.91
3623.02
3614.66
3598.32
3570.12
2675.86
194.726
5.0034
3.64415
3.27883
2.61091
1.52585
1.00955
0.922021
1.23497
1.61298
1.44875
1.17896
0.641732
0.11192
0.00883505
0.00626552
-0.00139758
0.00766935
0.0307961
0.039774
0.0380822
0.0294288
0.0141927
0.00398065
0.00280354
0.00347212
0.00364348
0.00380381
0.00421718
0.00459749
0.00489595
0.00511555
0.00524929
0.00547057
0.00168306
0.00161105
0.00148511
0.00129696
0.0010443
0.000723288
0.000332288
-0.000129107
-0.000645639
-0.00112718
-0.00155014
-0.00248617
-0.00384238
0.0135953
0.115157
0.175563
0.160898
0.0924499
0.021092
-0.00493361
-0.00552571
-0.0034182
0.330172
4.15375
4.95385
4.99278
2.08353
1.6395
2.71358
7.12432
7.78307
4.41281
4.67722
78.5887
928.185
1768.1
2339
2839.55
3178.1
2777.56
2778.98
3085.33
2790.24
2327.93
1672.68
680.344
11.7216
5.89636
6.10101
10.2337
9.92899
3.75882
0.988257
0.989512
4.04988
6.58186
6.56616
6.45606
2.97158
0.0110171
0.00724791
0.00798105
0.0057968
0.0173375
0.0289081
0.031039
0.0280785
0.0153576
0.00743138
0.00586577
0.00526457
0.00472533
0.00427985
0.00419369
0.00433139
0.00454797
0.00477134
0.0049568
0.00508709
0.00516933
0.00171958
0.00165773
0.00154836
0.00137681
0.00113218
0.000801305
0.00036942
-0.000190739
-0.000860606
-0.00153615
-0.00231331
-0.00348541
-0.00414268
0.0720364
0.253814
0.256552
0.253329
0.240752
0.0256912
-0.00645081
-0.0062746
-0.00706623
0.174715
3.56983
4.97135
5.04308
3.91236
1.57722
4.00909
34.5071
38.3992
38.4575
38.257
12.2725
0.011082
0.08228
0.0508889
0.0169627
0.00757424
0.0084275
0.00723996
0.00647326
0.00627755
0.00634393
0.00655289
-0.0527036
10.5704
40.3815
40.4953
40.4334
31.9907
2.08853
0.906009
3.7778
6.65429
6.6442
6.59676
5.91316
1.07575
0.00695721
0.00772852
0.00567469
0.055803
0.182583
0.198379
0.19671
0.190974
0.149007
0.0475891
0.0042831
0.00242653
0.00292596
0.00335962
0.00369382
0.00409875
0.00448851
0.00479765
0.0050286
0.00518121
0.00526862
0.00179059
0.00173886
0.00163315
0.00146652
0.00123239
0.000919775
0.000518947
5.23926e-07
-0.000638528
-0.00127971
-0.00195398
-0.00297222
-0.00417984
-0.0032943
0.116548
0.257496
0.237403
0.0447516
-0.00868963
-0.00703968
-0.00644215
-0.006952
-0.00736622
-0.00801564
0.457012
3.88757
4.78101
4.77612
2.72148
0.00606717
1.89859
4.54009
4.7898
1.16518
0.267943
1.14479
1.14164
0.18835
0.009065
0.00889061
0.00800575
0.0078399
0.00760611
0.00750058
0.00749254
0.00758106
2.71179
6.6747
5.14847
0.960271
0.129251
1.00384
2.22521
3.25506
4.2783
3.84377
1.5503
0.00519057
0.00569966
0.00726059
0.00882031
0.00707648
0.169336
0.202878
0.207168
0.207345
0.207231
0.206919
0.204968
0.0477385
0.00202873
0.00191937
0.00278861
0.00356422
0.00410596
0.00451463
0.00483984
0.00508182
0.00523764
0.0053138
0.00186065
0.00182243
0.00173114
0.00158469
0.00137621
0.00109424
0.000726106
0.000239352
-0.000366765
-0.00101255
-0.00178862
-0.00294117
-0.00401907
-0.00467841
-0.00627808
-0.00928993
-0.00479222
-0.00992401
-0.0087552
-0.00732588
-0.00629597
-0.00651614
-0.00828583
-0.0111795
-0.0117669
-0.00604243
0.000911055
0.00136166
0.00639299
0.00803959
0.00758601
0.00860141
0.00631705
0.00674098
0.159075
0.823825
0.902286
0.23704
0.00775511
0.00833401
0.00702468
0.00650286
0.00633832
0.0062888
0.00635666
0.00718886
0.00723201
0.00731647
0.00835499
0.00835437
0.00855795
0.393917
0.733777
0.371262
0.00753713
0.00699587
0.00191609
0.00306463
0.00525946
0.00758863
0.010926
0.0115272
0.0605674
0.185343
0.097907
0.053988
0.136884
0.207945
0.209439
0.0949015
0.000835625
0.00122388
0.00240306
0.00346705
0.00411194
0.00455541
0.00489155
0.0051307
0.00527956
0.00534058
0.00195051
0.0019194
0.00184379
0.00172313
0.00154989
0.00131361
0.00100178
0.000583165
4.01006e-05
-0.000575759
-0.00133266
-0.00251709
-0.00364514
-0.00487743
-0.00632297
-0.00827726
-0.0106992
-0.0114281
-0.0108318
-0.0102762
-0.00973576
-0.00938961
-0.00952077
-0.00966842
-0.00834006
-0.00484696
-0.000886006
0.00223696
0.00457433
0.00578841
0.00660978
0.00721626
0.00697166
0.00625491
0.00550389
0.00432746
0.00534046
0.008666
0.00924377
0.0078193
0.00698797
0.00681514
0.00699057
0.00690162
0.00683983
0.00747199
0.00794353
0.00822718
0.0086574
0.00858703
0.0096756
0.00898929
0.00480331
0.00279567
0.00293934
0.00372631
0.00389436
0.00390942
0.00467695
0.00596261
0.00824133
0.0109606
0.00437529
0.0032657
-0.00743651
-0.0142808
-0.0147451
0.0614453
0.182079
0.0672382
-0.000341815
0.000963058
0.00222132
0.00339678
0.00414043
0.00460368
0.00493038
0.00515594
0.00529447
0.0053473
0.00205075
0.00202488
0.00196683
0.00187525
0.00174345
0.00156339
0.00132493
0.00100016
0.000562948
7.3168e-05
-0.000445798
-0.00115258
-0.00240367
-0.00420993
-0.00658337
-0.00899835
-0.0115922
-0.0138777
-0.015508
-0.0164802
-0.0167363
-0.0163719
-0.0150106
-0.0128226
-0.00938361
-0.00514471
-0.00134137
0.00194015
0.00448078
0.00596854
0.00658622
0.00682458
0.0068208
0.00679402
0.00674365
0.0063154
0.00571506
0.0060273
0.00725378
0.00710117
0.00689392
0.00673216
0.00654856
0.00661615
0.00688731
0.0074159
0.00773663
0.00782342
0.00836411
0.00856257
0.00857097
0.00805698
0.00715648
0.0061399
0.00546318
0.00505229
0.00395758
0.00250615
0.00133559
0.000336174
-0.000702513
-0.00216683
-0.00740964
-0.015804
-0.0183344
-0.0165063
-0.0159609
-0.0150102
-0.0112093
0.0221789
0.00306027
0.00120697
0.00263277
0.00357966
0.00423516
0.00466832
0.00496006
0.00515811
0.00528038
0.00532897
0.00214744
0.00212942
0.00209085
0.00203024
0.00194297
0.0018236
0.00166511
0.00144333
0.00112389
0.000761638
0.00036716
-0.000174489
-0.00143386
-0.00346876
-0.00638002
-0.00984014
-0.0137584
-0.0175607
-0.0207855
-0.0228304
-0.0232935
-0.0221657
-0.0198653
-0.0162266
-0.0115466
-0.00662092
-0.00234601
0.00106366
0.00356054
0.0051744
0.00608657
0.00653801
0.00667258
0.0066113
0.00652353
0.00638517
0.00609461
0.00598371
0.00631013
0.00666532
0.00684331
0.00663793
0.00643781
0.00644391
0.00673431
0.00715971
0.00748973
0.00770424
0.00795568
0.00808366
0.00814235
0.00794226
0.00712133
0.0058164
0.0044923
0.0032153
0.00158796
-0.000773913
-0.00408456
-0.00836849
-0.0131768
-0.0179081
-0.0223646
-0.0254633
-0.0236025
-0.0193005
-0.0173131
-0.0157445
-0.0113644
0.00491683
0.0235179
0.00621362
0.00389908
0.00415894
0.00444635
0.0047652
0.00498731
0.00513892
0.00523526
0.00527626
0.00223294
0.00222414
0.00220524
0.00217548
0.00213237
0.00207269
0.00199219
0.0018734
0.00168372
0.00145599
0.00120812
0.00096925
-0.000294246
-0.00291943
-0.00666166
-0.0115328
-0.01729
-0.0233229
-0.0289883
-0.0332462
-0.0349333
-0.0334757
-0.029225
-0.0228819
-0.0157204
-0.00907375
-0.00377272
0.000111255
0.002816
0.00456325
0.0055996
0.00619333
0.00651793
0.00665406
0.00661799
0.00638022
0.00597136
0.00569303
0.00576814
0.00626054
0.00665468
0.00646173
0.0062406
0.00621676
0.00643429
0.00673455
0.00696437
0.00711671
0.00726265
0.00732722
0.00724693
0.00690346
0.00615893
0.00499486
0.00352003
0.00169836
-0.000961554
-0.00546042
-0.0127456
-0.0227106
-0.0333273
-0.0414951
-0.0453231
-0.0436413
-0.0364546
-0.0267846
-0.0189963
-0.0133382
-0.00840898
0.0129805
0.0338265
0.0207729
0.00431811
0.00471114
0.00469721
0.00485546
0.00499325
0.0050884
0.00515223
0.0051806
0.00230173
0.00230146
0.00230048
0.00229906
0.00229633
0.00229103
0.0022813
0.00225812
0.00219767
0.0021079
0.00202082
0.00206882
0.000821921
-0.00258181
-0.0076341
-0.0143474
-0.0226251
-0.0311978
-0.0406736
-0.0489483
-0.0535297
-0.0519281
-0.0449849
-0.0348604
-0.0233914
-0.0133611
-0.00597983
-0.0011904
0.00188382
0.00385915
0.00505766
0.00577113
0.00619048
0.00642408
0.0064997
0.00639948
0.00613109
0.00573458
0.00561241
0.00591682
0.00636684
0.00623958
0.00601008
0.00594697
0.00608064
0.00626335
0.00640513
0.00649475
0.00653755
0.00649038
0.00629153
0.00584758
0.00502028
0.00369129
0.00180272
-0.000843202
-0.00509075
-0.0127411
-0.0257828
-0.0438101
-0.0621686
-0.0747909
-0.078224
-0.0715995
-0.0569243
-0.0386458
-0.0220163
-0.0101144
-0.00272935
0.00147379
0.0370254
0.0155435
0.00426184
0.00496996
0.00482099
0.00487102
0.00494074
0.00498654
0.00502054
0.00503569
0.00234773
0.00235455
0.00236853
0.00239082
0.00242174
0.00246164
0.0025105
0.00256579
0.00261111
0.00263853
0.00267921
0.00290194
0.00173101
-0.00245705
-0.00903112
-0.018058
-0.0290576
-0.0437133
-0.0596366
-0.0731312
-0.0804844
-0.0769694
-0.0655843
-0.0495998
-0.0343028
-0.0200418
-0.00916207
-0.00270522
0.000903343
0.00314871
0.00449949
0.0053139
0.00580007
0.00608242
0.00621277
0.00618031
0.00597156
0.00566376
0.0054429
0.00557505
0.00598772
0.00595174
0.00573151
0.00566302
0.00570806
0.00577964
0.00582408
0.00582272
0.00575907
0.00559123
0.00525445
0.00465218
0.00364043
0.00206104
-0.000254382
-0.00373885
-0.0096876
-0.0211006
-0.0408601
-0.0676261
-0.0939887
-0.111054
-0.11426
-0.102778
-0.0799003
-0.0521984
-0.0264399
-0.00742256
0.00348329
0.00910005
0.0315977
0.0215078
0.00459387
0.00513704
0.00484511
0.0047922
0.00480706
0.00481712
0.00482981
0.00483512
0.00236665
0.00237869
0.00240376
0.00244351
0.00249893
0.00257128
0.00266117
0.00276852
0.00288006
0.00297399
0.00308541
0.00319478
0.00209464
-0.00259562
-0.0106431
-0.0224425
-0.0375646
-0.0582634
-0.0807743
-0.10052
-0.110896
-0.108795
-0.0914783
-0.0659615
-0.042175
-0.0232578
-0.0131397
-0.00432393
-4.32392e-05
0.00244783
0.00393144
0.00481478
0.00534554
0.00565653
0.00582646
0.00586699
0.0057492
0.00552292
0.00529098
0.00528156
0.0055912
0.00560283
0.00542048
0.0053464
0.00531855
0.00529586
0.00525134
0.00516168
0.00499714
0.00471284
0.00424437
0.00349307
0.00230196
0.000475532
-0.00223568
-0.0064551
-0.0138299
-0.0284214
-0.0535793
-0.087098
-0.119084
-0.139185
-0.142419
-0.127738
-0.0986899
-0.0636508
-0.0307723
-0.00586959
0.00930849
0.00979946
0.125255
0.0505759
0.00400898
0.00505312
0.00470204
0.00459557
0.0045786
0.00457145
0.00457443
0.00457538
0.00235718
0.00237219
0.00240383
0.00245388
0.00252331
0.00261335
0.0027239
0.00285332
0.00298893
0.00309469
0.00318531
0.00314973
0.00191883
-0.00276008
-0.0120393
-0.0260251
-0.0455384
-0.0698899
-0.0975719
-0.121587
-0.13294
-0.130226
-0.110029
-0.080183
-0.0507849
-0.0262002
-0.0103399
-0.00577132
-0.000733725
0.00182674
0.00338208
0.00429727
0.00485398
0.00518277
0.00537162
0.00545601
0.00541698
0.00527611
0.00508404
0.00501345
0.00518973
0.00523086
0.00507442
0.00499214
0.00491312
0.00481812
0.00469922
0.00452976
0.00427499
0.00388969
0.00331008
0.0024376
0.00111235
-0.000874748
-0.0038144
-0.0083851
-0.0163302
-0.0320267
-0.0592984
-0.0954792
-0.129521
-0.150533
-0.153922
-0.13832
-0.107032
-0.0690888
-0.0333771
-0.00498558
0.0106754
0.0592173
0.146454
0.0853151
0.00365482
0.0044783
0.00428922
0.00424528
0.00424458
0.00424863
0.00425705
0.00426083
0.00232052
0.00233602
0.00236973
0.00242294
0.00249606
0.00258942
0.00270132
0.00282646
0.00294969
0.00303113
0.00303914
0.0028913
0.00181243
-0.00254724
-0.0100455
-0.0241873
-0.0477189
-0.0750449
-0.10409
-0.127939
-0.139573
-0.136157
-0.114938
-0.0887067
-0.0594317
-0.0275303
-0.00900419
-0.00485942
-0.00105373
0.00132775
0.00286047
0.00377529
0.00433744
0.00468115
0.00488761
0.0050052
0.00502891
0.00496296
0.00480977
0.004733
0.0048093
0.00483627
0.00470988
0.00461373
0.00449857
0.00435258
0.00417641
0.00394189
0.00361492
0.0031521
0.00249291
0.00154433
0.000154857
-0.00187673
-0.00484049
-0.00930364
-0.0167153
-0.0310707
-0.0565907
-0.0909931
-0.123582
-0.14365
-0.146905
-0.132102
-0.102516
-0.0663118
-0.0330201
-0.00413659
0.0106589
0.14821
0.148222
0.0665681
0.00267138
0.00353153
0.00365426
0.003755
0.00382032
0.00386308
0.00389158
0.00390622
0.00225974
0.00227306
0.00230504
0.0023552
0.00242318
0.00250805
0.00260579
0.00270773
0.00279406
0.00282419
0.00275533
0.00247297
0.00143183
-0.00186322
-0.00824233
-0.0199765
-0.0399939
-0.0688523
-0.097135
-0.118939
-0.129407
-0.126167
-0.10951
-0.0844308
-0.0550699
-0.0239946
-0.00734422
-0.00380703
-0.00109056
0.00103906
0.0023898
0.00326681
0.00381009
0.00416549
0.00438946
0.00453226
0.00460122
0.00459516
0.00448899
0.00442191
0.00444184
0.00443704
0.00433906
0.00422838
0.00408707
0.00390737
0.00369008
0.00340722
0.00302867
0.00251397
0.00180805
0.000829798
-0.000555964
-0.00253388
-0.00536336
-0.00939325
-0.0154289
-0.0269287
-0.0472224
-0.0753961
-0.103184
-0.120784
-0.123663
-0.110925
-0.0857953
-0.0557785
-0.0298144
-0.00441699
0.137168
0.148108
0.121342
0.0116191
0.00158812
0.0025259
0.00295504
0.00320444
0.00335423
0.00344691
0.00350222
0.00353519
0.00217956
0.00218704
0.00221501
0.00225726
0.00231346
0.00238164
0.00245493
0.00252226
0.00255965
0.00251685
0.00240339
0.00203451
0.00109455
-0.00126202
-0.00766529
-0.01437
-0.0316964
-0.0524826
-0.0750947
-0.0928608
-0.102609
-0.102721
-0.0895194
-0.0686095
-0.0401784
-0.0171202
-0.00376928
-0.00403775
-0.0010123
0.00081442
0.00195415
0.00275928
0.00329189
0.00365249
0.00389377
0.00405719
0.00415906
0.00419724
0.0041373
0.00408715
0.00407889
0.00405338
0.00396946
0.00384989
0.00369057
0.00348997
0.0032456
0.00293096
0.00252093
0.00197934
0.00125739
0.000288982
-0.00104282
-0.00287768
-0.00544147
-0.00884928
-0.0136636
-0.0216567
-0.0350703
-0.054021
-0.0739116
-0.08726
-0.0893205
-0.079386
-0.0607425
-0.0400352
-0.0241056
0.0290953
0.137231
0.118616
0.0118824
-0.00080937
0.000738041
0.00174917
0.00233625
0.00268321
0.00290136
0.00303833
0.00311492
0.00317612
0.00208558
0.00208167
0.00210535
0.00213653
0.0021761
0.00222364
0.0022671
0.00229594
0.00228887
0.00220791
0.00200606
0.00157876
0.000726099
-0.000919654
-0.00506615
-0.0123214
-0.0209394
-0.0357618
-0.0517129
-0.0646184
-0.0710427
-0.0689818
-0.0636802
-0.047721
-0.0228444
-0.00944729
-0.00192171
-0.00385231
-0.000930737
0.000556221
0.00153247
0.00226926
0.00278659
0.00315193
0.00340981
0.00359257
0.00371928
0.00378859
0.0037703
0.00374107
0.0037229
0.00368676
0.00361258
0.00348734
0.00331755
0.00310581
0.00284617
0.0025149
0.00209119
0.00154443
0.000832985
-8.74892e-05
-0.00131564
-0.00297228
-0.00519626
-0.00808836
-0.0119196
-0.0173371
-0.0250944
-0.0354186
-0.0461699
-0.053365
-0.0536909
-0.0471803
-0.0359704
-0.0242747
-0.0129836
0.0154906
0.0145486
0.00215309
-0.0022402
-0.00108464
0.000273163
0.00124536
0.00185192
0.00224055
0.0024988
0.00266571
0.00275254
0.00285172
0.00197633
0.00196568
0.00198288
0.0020013
0.0020239
0.00204548
0.00205742
0.00204702
0.00199434
0.00186651
0.00161447
0.00115612
0.000384284
-0.000855244
-0.0032903
-0.0082276
-0.0158613
-0.0245424
-0.031876
-0.0407435
-0.0454496
-0.0445153
-0.0356827
-0.0213472
-0.0114432
-0.00300172
-0.000883946
-0.00328371
-0.000989302
0.000233844
0.0011101
0.00179704
0.00230309
0.00267456
0.00294769
0.00314818
0.00329409
0.00338625
0.00340223
0.00339589
0.00337867
0.00334039
0.00327365
0.00314628
0.00297283
0.00275759
0.00249257
0.0021577
0.00173597
0.00120389
0.00052816
-0.000331564
-0.00143821
-0.00287795
-0.00475361
-0.00716655
-0.0102519
-0.0141981
-0.0190764
-0.0243665
-0.0287614
-0.0311953
-0.03026
-0.0263601
-0.0200211
-0.01425
-0.0105555
-0.00999122
-0.00670089
-0.00427978
-0.0027303
-0.00124086
4.56669e-05
0.000910145
0.00149441
0.00189417
0.00216401
0.00234537
0.00244041
0.00255805
0.00185648
0.00184373
0.00185154
0.00185723
0.00186183
0.00185901
0.00184037
0.00179321
0.00169881
0.00152905
0.00124284
0.000778018
6.29092e-05
-0.000976282
-0.00259222
-0.00540531
-0.00979794
-0.0154774
-0.0211059
-0.0255402
-0.024385
-0.0176716
-0.0148419
-0.00966455
-0.00387716
0.00134758
-0.00224378
-0.00291736
-0.00120291
-0.000130984
0.000696479
0.00135228
0.0018515
0.00222959
0.00251561
0.00273096
0.00289183
0.00300117
0.00304449
0.00306106
0.00305065
0.00301669
0.00295522
0.00282959
0.00265826
0.00244578
0.00218395
0.00185707
0.00145119
0.00094591
0.000317036
-0.000466813
-0.00144656
-0.00267457
-0.00421667
-0.00615162
-0.00856784
-0.0115307
-0.0149665
-0.0184835
-0.0212296
-0.0222738
-0.0214483
-0.019068
-0.0160191
-0.0132827
-0.0113247
-0.00891848
-0.00650088
-0.00449489
-0.00267888
-0.00115871
-7.00525e-05
0.000697049
0.0012435
0.00162973
0.00189647
0.00208055
0.00218479
0.00229674
0.00173088
0.00171757
0.00171615
0.00170963
0.0016972
0.00167217
0.00162625
0.00154732
0.0014181
0.00121452
0.000903516
0.000438328
-0.000234431
-0.00116309
-0.00243266
-0.00427121
-0.00687096
-0.010154
-0.0135053
-0.0077777
-0.00720182
-0.00730357
-0.00567003
-0.00286233
0.000551121
-0.00136236
-0.00477917
-0.00282274
-0.00148343
-0.000481458
0.000317124
0.000950357
0.00144333
0.00182539
0.00212033
0.00234657
0.00251835
0.00264029
0.00270531
0.00274367
0.00274198
0.00271657
0.00265858
0.00253815
0.00237381
0.00216978
0.00191934
0.00160774
0.00122543
0.000756599
0.000182928
-0.00051816
-0.00137338
-0.0024128
-0.0036704
-0.00518586
-0.00700168
-0.00913716
-0.011515
-0.0138705
-0.0157658
-0.0167826
-0.0167367
-0.0154337
-0.0135628
-0.0116213
-0.00976858
-0.00767256
-0.00557003
-0.00369531
-0.00214535
-0.000961912
-8.0313e-05
0.000585785
0.00107838
0.00143686
0.00169052
0.00186891
0.00197751
0.00207294
0.00160287
0.00158986
0.00158012
0.00156267
0.00153522
0.00149101
0.0014222
0.00131755
0.00116158
0.000933669
0.000607478
0.000147854
-0.000484166
-0.00132641
-0.00241491
-0.0038299
-0.0056478
-0.00781087
-0.00973801
-0.0105945
-0.00327299
-0.00140454
-0.000526657
0.00118031
-0.00528256
-0.00617077
-0.00434227
-0.00288421
-0.0017063
-0.000760254
-9.11055e-07
0.000606326
0.00108804
0.0014682
0.00176652
0.00199874
0.0021771
0.00230746
0.00238958
0.00244766
0.00245475
0.00243972
0.002384
0.00227182
0.00211896
0.00192787
0.00169282
0.00140265
0.00104986
0.000622899
0.000108646
-0.000508193
-0.00124457
-0.00211772
-0.00314341
-0.00433458
-0.00569741
-0.00721618
-0.00881782
-0.0103336
-0.0115211
-0.0121607
-0.0121169
-0.0114717
-0.0103185
-0.00893123
-0.0074128
-0.00578495
-0.0042005
-0.00280944
-0.00166909
-0.000755121
-2.77573e-05
0.000541831
0.000976614
0.00130136
0.00153612
0.00170315
0.00181118
0.0018878
0.00147505
0.00146279
0.00144623
0.00141949
0.00137955
0.0013198
0.00123309
0.00110936
0.000935182
0.000693363
0.000362948
-8.14793e-05
-0.000667963
-0.00142419
-0.00237194
-0.00353323
-0.00491784
-0.00646379
-0.00808984
-0.00954463
-0.00934865
-0.00788743
-0.0077492
-0.00845175
-0.00694928
-0.00548701
-0.0040884
-0.00284346
-0.00180255
-0.000946477
-0.000244255
0.000327718
0.000789959
0.00116087
0.00145636
0.00168926
0.00186967
0.00200453
0.00209986
0.0021747
0.00218901
0.00218571
0.00213136
0.00203023
0.00189167
0.00171593
0.0015
0.00123498
0.000915325
0.000532826
7.85961e-05
-0.000456994
-0.00108367
-0.00181017
-0.00264241
-0.00358078
-0.00461536
-0.00571603
-0.00681776
-0.00781099
-0.00855433
-0.00891423
-0.00881949
-0.00836077
-0.00759302
-0.00661751
-0.0055027
-0.00432959
-0.00320102
-0.00218396
-0.00130315
-0.000560374
4.88984e-05
0.000536543
0.000917857
0.00120837
0.0014219
0.00157528
0.00167808
0.00173675
0.00134981
0.00133824
0.00131658
0.00128246
0.00123272
0.00116128
0.00106177
0.000925525
0.000741281
0.000495179
0.000170882
-0.000249726
-0.000785504
-0.00145423
-0.00226907
-0.00323277
-0.00433275
-0.0055153
-0.0066616
-0.00760798
-0.00818414
-0.00826506
-0.00785395
-0.00707778
-0.00600731
-0.0048325
-0.00370674
-0.00269094
-0.00180607
-0.00105073
-0.000415289
0.000113071
0.000548084
0.000902823
0.00118958
0.00141814
0.00159639
0.00173215
0.0018371
0.00192523
0.0019449
0.00195315
0.0019004
0.00181211
0.00168921
0.00153087
0.00133625
0.00109834
0.000813319
0.000475606
7.95476e-05
-0.000380449
-0.000909121
-0.00150949
-0.00218144
-0.00291949
-0.00370899
-0.00451983
-0.00530022
-0.00597685
-0.00646632
-0.0066995
-0.00665078
-0.00629365
-0.00572982
-0.00501649
-0.00419856
-0.00333126
-0.00247884
-0.00168633
-0.000979502
-0.000370236
0.000139725
0.000556288
0.000888585
0.00114605
0.00133796
0.00147704
0.00157102
0.00161374
0.00122898
0.00121791
0.00119273
0.00115316
0.00109632
0.00101687
0.000909334
0.000766489
0.000579194
0.000336625
2.65456e-05
-0.000363781
-0.000846079
-0.00142973
-0.00211927
-0.00290963
-0.00377979
-0.00468182
-0.00553021
-0.00619771
-0.00660247
-0.00667165
-0.00639156
-0.00581869
-0.00504639
-0.00418415
-0.00331548
-0.0024904
-0.00174347
-0.00108808
-0.000523535
-4.4177e-05
0.000357736
0.000690782
0.000963938
0.00118393
0.00135653
0.00149031
0.00160128
0.00169897
0.00172259
0.00174091
0.00169051
0.00161558
0.00150942
0.00136951
0.00119711
0.000986856
0.000736347
0.000442017
0.000100619
-0.000290641
-0.000733308
-0.00122693
-0.00176792
-0.00234803
-0.00295197
-0.0035541
-0.00411582
-0.00458736
-0.00491675
-0.0050654
-0.00501844
-0.00477157
-0.00436142
-0.003828
-0.00320937
-0.00254729
-0.00188519
-0.00125813
-0.00068912
-0.000189833
0.000236182
0.000590776
0.000878637
0.00110507
0.00127596
0.00140069
0.00148431
0.00151299
0.00111368
0.00110317
0.00107578
0.00103258
0.000971143
0.000887025
0.00077563
0.00063115
0.000446433
0.000213306
-7.69909e-05
-0.000432958
-0.000861372
-0.00136566
-0.00194399
-0.00258621
-0.00326958
-0.00395366
-0.00457652
-0.00506582
-0.00536333
-0.00542157
-0.00523228
-0.0048284
-0.00426433
-0.00360863
-0.00292487
-0.00225782
-0.00163643
-0.00107587
-0.000581582
-0.000153385
0.000212035
0.000519696
0.000775699
0.000984013
0.00114856
0.00127841
0.00139192
0.00149523
0.0015222
0.00154581
0.00150284
0.00143985
0.00135018
0.00122871
0.00107842
0.000895311
0.000678048
0.000424541
0.000133263
-0.000196695
-0.000564892
-0.000968973
-0.0014038
-0.00186038
-0.00232452
-0.00277535
-0.00318487
-0.00351981
-0.00374718
-0.00384273
-0.00379635
-0.00360763
-0.00329868
-0.00289346
-0.00241993
-0.00190939
-0.00139282
-0.000895894
-0.000436877
-2.67074e-05
0.000329543
0.000631065
0.000879579
0.00107769
0.00122886
0.00133959
0.00141248
0.00142991
0.00100479
0.000994969
0.000966447
0.000921232
0.000857435
0.000771498
0.000659707
0.000517541
0.000339617
0.000120024
-0.000147208
-0.000467327
-0.000843672
-0.00127612
-0.00175951
-0.00228164
-0.0028213
-0.00334666
-0.00381518
-0.00417862
-0.00440173
-0.00444868
-0.00431398
-0.00401722
-0.00359562
-0.00309474
-0.00255801
-0.0020198
-0.00150519
-0.00102994
-0.000602066
-0.000224393
0.000103346
0.00038361
0.000620197
0.000814872
0.0009701
0.00109487
0.00120825
0.0013132
0.00134477
0.00136746
0.00133566
0.00128333
0.00120909
0.00110538
0.000976387
0.000819181
0.000633179
0.000417286
0.000171149
-0.000104946
-0.000409389
-0.000738875
-0.0010878
-0.00144758
-0.00180592
-0.00214625
-0.00244809
-0.00268885
-0.00284734
-0.00290818
-0.0028647
-0.00271583
-0.00247618
-0.00216273
-0.00179573
-0.00139763
-0.000990611
-0.000593676
-0.00022129
0.00011683
0.000415134
0.000671341
0.000885338
0.001058
0.00119103
0.00128844
0.00135094
0.00136025
0.000902965
0.000893875
0.000865095
0.000819265
0.00075501
0.000669596
0.000560144
0.000423259
0.000255064
5.15014e-05
-0.000191228
-0.000475987
-0.000803761
-0.00117246
-0.00157568
-0.00200149
-0.00243157
-0.00284105
-0.003199
-0.0034705
-0.00363813
-0.00367398
-0.00357514
-0.00335382
-0.00303427
-0.00264696
-0.00222268
-0.00178796
-0.00136335
-0.000963124
-0.000595972
-0.000266323
2.41751e-05
0.000276341
0.000492242
0.000672229
0.000817817
0.000937231
0.00104836
0.00115199
0.00118785
0.00120726
0.00118643
0.00114365
0.00108339
0.000996379
0.000887523
0.000754624
0.000597555
0.000415811
0.000209806
-1.94618e-05
-0.000269776
-0.000537475
-0.00081706
-0.00110082
-0.0013785
-0.00163721
-0.00186193
-0.00203695
-0.00214814
-0.0021855
-0.00214479
-0.00202561
-0.00183702
-0.0015911
-0.00130272
-0.000988214
-0.00066376
-0.000343734
-3.96467e-05
0.000240167
0.000490325
0.000707906
0.000891787
0.00104178
0.00115831
0.00124333
0.00129629
0.00130009
0.000808594
0.000800206
0.000771865
0.000726571
0.000663397
0.000580343
0.000475281
0.000345771
0.000189161
2.86034e-06
-0.000215285
-0.000466447
-0.000750087
-0.00106309
-0.00139888
-0.00174672
-0.00209147
-0.00241391
-0.00269202
-0.00290457
-0.0030261
-0.0030516
-0.0029766
-0.00280814
-0.00256213
-0.00225953
-0.00192233
-0.00157052
-0.00122063
-0.000885021
-0.000572115
-0.000286934
-3.21909e-05
0.000192027
0.000386539
0.000551219
0.000687233
0.00080144
0.000908626
0.00100884
0.00104677
0.00106536
0.00105238
0.00101756
0.000969826
0.000898577
0.000808751
0.000698508
0.000567986
0.000416947
0.000246283
5.73877e-05
-0.00014726
-0.000363985
-0.00058769
-0.000811662
-0.00102749
-0.00122518
-0.00139367
-0.00152187
-0.00160012
-0.0016217
-0.00158384
-0.00148653
-0.00133588
-0.00114048
-0.000911148
-0.0006599
-0.000398775
-0.000138749
0.000111007
0.000343441
0.000553594
0.000738368
0.000896134
0.00102608
0.00112773
0.00120147
0.001246
0.00124623
0.000721815
0.000714062
0.000686699
0.000642842
0.000581936
0.000502612
0.000403389
0.000282607
0.000138579
-3.01642e-05
-0.000224575
-0.000444668
-0.000688984
-0.00095398
-0.00123345
-0.00151816
-0.00179581
-0.0020516
-0.00226943
-0.00243373
-0.00252654
-0.00254517
-0.0024871
-0.00235682
-0.00216509
-0.00192646
-0.0016568
-0.00137126
-0.00108296
-0.000802365
-0.000537149
-0.000292387
-7.13048e-05
0.000125579
0.000298174
0.000446839
0.000572885
0.000681517
0.000783489
0.000878582
0.000917329
0.000936169
0.000929282
0.000901128
0.000865043
0.000809145
0.000737604
0.000648518
0.000542247
0.00041862
0.000278839
0.000124513
-4.18093e-05
-0.00021661
-0.000395295
-0.000572131
-0.000740268
-0.000891942
-0.00101891
-0.00111322
-0.00116811
-0.00117899
-0.00114405
-0.00106338
-0.000941317
-0.000784091
-0.000599659
-0.000396937
-0.000184984
2.77433e-05
0.000233924
0.000427653
0.000604504
0.000761452
0.000896662
0.00100898
0.00109734
0.001161
0.00119829
0.00119633
0.000642557
0.000635374
0.000609382
0.000567629
0.000509855
0.000435219
0.000342771
0.00023147
0.00010037
-5.11756e-05
-0.000223275
-0.000415193
-0.000624966
-0.000848997
-0.0010817
-0.00131529
-0.00153991
-0.00174406
-0.0019156
-0.00204289
-0.00211572
-0.00212986
-0.00208425
-0.00198213
-0.00183098
-0.00164111
-0.00142412
-0.00119154
-0.000953791
-0.000719601
-0.000495792
-0.000287235
-9.73591e-05
7.3065e-05
0.00022322
0.000354717
0.000468986
0.000569791
0.000665661
0.00075881
0.000791993
0.0008108
0.000810602
0.00079036
0.000766302
0.000726067
0.000672515
0.000603257
0.000519031
0.000419687
0.000306667
0.000181726
4.73967e-05
-9.30275e-05
-0.000235466
-0.000375054
-0.000506221
-0.0006229
-0.000718883
-0.00078836
-0.000826515
-0.000830117
-0.000797956
-0.000730281
-0.000630167
-0.000502224
-0.000352369
-0.000187295
-1.38969e-05
0.000161247
0.000332272
0.000494264
0.00064335
0.000776711
0.000892492
0.000989384
0.00106595
0.00112072
0.00115193
0.00114874
0.00057059
0.000563938
0.000539577
0.000500384
0.000446327
0.000376986
0.000291833
0.000190304
7.19984e-05
-6.31426e-05
-0.000214666
-0.000381384
-0.000561112
-0.000750411
-0.000944375
-0.00113655
-0.00131905
-0.00148296
-0.00161905
-0.00171889
-0.00177623
-0.00178714
-0.0017509
-0.00166988
-0.00154947
-0.0013971
-0.00122139
-0.00103118
-0.000834765
-0.000639429
-0.000451173
-0.000274599
-0.000113195
3.19121e-05
0.000159236
0.000271879
0.00037019
0.000456869
0.000543861
0.000630066
0.000663633
0.000678744
0.000688723
0.000682274
0.000672323
0.00064861
0.000612997
0.000562271
0.000497845
0.000419742
0.000329639
0.000229442
0.000121643
9.29983e-06
-0.000103982
-0.000214082
-0.000316462
-0.000406342
-0.000478979
-0.000530058
-0.000556085
-0.000554754
-0.000525278
-0.0004679
-0.000384901
-0.00027973
-0.00015684
-2.13103e-05
0.000121553
0.000266591
0.000409088
0.000544961
0.000670864
0.000784244
0.000883322
0.000966759
0.00103293
0.00107997
0.00110611
0.00110238
0.000505574
0.000499432
0.000476856
0.000440506
0.000390517
0.000326791
0.000249124
0.000157306
5.13319e-05
-6.84627e-05
-0.000201273
-0.000345674
-0.000499445
-0.00065941
-0.000821329
-0.000979879
-0.0011288
-0.00126121
-0.00137013
-0.00144939
-0.00149461
-0.00150293
-0.00147373
-0.00140874
-0.00131185
-0.00118855
-0.00104534
-0.000889056
-0.000726357
-0.000563317
-0.000405227
-0.000256453
-0.000120506
8.26629e-07
0.000105417
0.000197123
0.000272955
0.000334942
0.000408839
0.000496091
0.000519767
0.000528144
0.000557168
0.0005752
0.000583628
0.000577597
0.00055967
0.000525923
0.00047882
0.000418884
0.000348052
0.000268416
0.000182424
9.29068e-05
3.04085e-06
-8.36848e-05
-0.000163556
-0.000232781
-0.000287695
-0.00032504
-0.000342232
-0.000337601
-0.00031063
-0.000261556
-0.000192091
-0.000104855
-3.23857e-06
0.000108858
0.000227313
0.00034805
0.000467258
0.00058155
0.000688058
0.000784508
0.000869252
0.000940991
0.000998062
0.00103841
0.00106038
0.00105652
0.000447096
0.000441455
0.000420732
0.000387367
0.000341608
0.000283593
0.000213353
0.000130938
3.66114e-05
-6.90373e-05
-0.000185008
-0.000309784
-0.000441224
-0.000576464
-0.000711871
-0.000843065
-0.000965062
-0.00107257
-0.00116041
-0.00122388
-0.00125984
-0.00126612
-0.00124225
-0.00118953
-0.00111082
-0.00101024
-0.000892736
-0.000763654
-0.000628365
-0.000491958
-0.000359099
-0.000233954
-0.000120075
-2.02505e-05
6.26326e-05
0.000131422
0.000177337
0.000202386
0.00025894
0.000356917
0.000358752
0.000357826
0.000415749
0.000470706
0.000503431
0.000515817
0.000514222
0.000495155
0.000462428
0.000417433
0.000362372
0.000299521
0.000231262
0.000160189
8.90883e-05
2.09076e-05
-4.1305e-05
-9.45224e-05
-0.000135888
-0.000162908
-0.000173643
-0.000166855
-0.000142203
-9.99155e-05
-4.12964e-05
3.1642e-05
0.000116287
0.000209614
0.000308388
0.000409365
0.000509453
0.000605842
0.000696084
0.00077818
0.000850634
0.000912231
0.000961364
0.000995954
0.00101449
0.00101077
0.000394699
0.000389547
0.000370686
0.000340339
0.000298826
0.000246445
0.000183396
0.000109905
2.64124e-05
-6.63469e-05
-0.000167285
-0.000274891
-0.000387169
-0.000501583
-0.000615044
-0.000723958
-0.000824351
-0.000912117
-0.000983345
-0.0010345
-0.00106321
-0.00106786
-0.0010481
-0.00100488
-0.000940358
-0.000857658
-0.000760588
-0.000653353
-0.000540299
-0.00042567
-0.000313552
-0.000207868
-0.000112151
-3.02269e-05
3.39116e-05
8.01999e-05
9.23365e-05
6.8859e-05
0.000104239
0.000215989
0.000205218
0.000184088
0.00027807
0.000380716
0.000439419
0.000467895
0.000478903
0.000470902
0.000449022
0.000415607
0.000373006
0.000323577
0.000269571
0.000213315
0.000157223
0.000103769
5.54539e-05
1.47042e-05
-1.62359e-05
-3.54434e-05
-4.14431e-05
-3.33039e-05
-1.07925e-05
2.58776e-05
7.56981e-05
0.000137107
0.000208071
0.000286218
0.000368991
0.000453788
0.000538091
0.000619566
0.000696133
0.000766048
0.00082797
0.000880793
0.000923027
0.000952678
0.000968381
0.000964946
0.000347898
0.000343224
0.000326188
0.000298808
0.000261447
0.000214504
0.000158286
9.31358e-05
1.95978e-05
-6.15226e-05
-0.000149123
-0.000241761
-0.000337619
-0.000434476
-0.000529723
-0.000620413
-0.000703372
-0.000775384
-0.000833441
-0.000874875
-0.000897859
-0.000901199
-0.000884623
-0.000848849
-0.000795511
-0.000726995
-0.000646265
-0.000556632
-0.000461605
-0.000364676
-0.000269343
-0.000179133
-9.73188e-05
-2.82496e-05
2.29682e-05
5.41809e-05
4.22766e-05
-3.34393e-05
-1.27737e-05
0.000114353
9.47419e-05
4.65631e-05
0.000181601
0.000328666
0.000400709
0.000437515
0.00045488
0.000453137
0.000438301
0.000413221
0.000380123
0.000341243
0.000298597
0.000254198
0.000210101
0.00016836
0.000131019
0.000100023
7.71465e-05
6.38835e-05
6.136e-05
7.02848e-05
9.08431e-05
0.000122807
0.000165408
0.000217421
0.000277246
0.000343009
0.000412669
0.000484128
0.000555329
0.00062433
0.000689369
0.000748932
0.00080183
0.000847077
0.000883333
0.000908752
0.000922116
0.000919041
0.000306203
0.000301992
0.000286709
0.000262188
0.000228807
0.000187019
0.000137196
7.97476e-05
1.52698e-05
-5.54145e-05
-0.000131237
-0.000210859
-0.00029265
-0.000374685
-0.000454766
-0.000530473
-0.000599261
-0.000658593
-0.000706121
-0.000739821
-0.000758267
-0.000760559
-0.000746498
-0.00071663
-0.000672196
-0.000615041
-0.000547475
-0.000472107
-0.00039175
-0.000309224
-0.000227411
-0.000149255
-7.7433e-05
-1.59515e-05
2.96798e-05
5.76058e-05
4.44753e-05
-5.56112e-05
-3.151e-05
9.27441e-05
8.2166e-05
2.13843e-05
0.000165759
0.000321377
0.000390925
0.000423794
0.000440343
0.000440145
0.00042903
0.000409611
0.000383645
0.000353017
0.000319417
0.000284515
0.000250022
0.000217623
0.000188975
0.00016564
0.000149028
0.000140316
0.000140373
0.000149738
0.000168446
0.000196417
0.000233033
0.000277315
0.00032799
0.000383564
0.000442399
0.000502795
0.000563064
0.00062159
0.000676882
0.000727635
0.000772804
0.000811519
0.000842604
0.000864398
0.000875819
0.000873128
0.000269135
0.000265366
0.000251742
0.000229931
0.000200302
0.000163335
0.000119426
6.90194e-05
1.27245e-05
-4.86548e-05
-0.000114114
-0.000182434
-0.000252171
-0.000321667
-0.000389073
-0.000452398
-0.000509591
-0.000558637
-0.000597691
-0.000625165
-0.000639994
-0.00064147
-0.000629434
-0.000604308
-0.000567046
-0.00051908
-0.000462217
-0.00039851
-0.000330196
-0.000259519
-0.000188769
-0.000120219
-5.57734e-05
1.72042e-06
4.81694e-05
8.67719e-05
8.66133e-05
1.26624e-05
3.79111e-05
0.000158859
0.000176684
0.000111648
0.000232388
0.00035215
0.000400841
0.000419818
0.0004301
0.000428687
0.000419358
0.000403891
0.00038341
0.000359332
0.000332997
0.000305746
0.000278976
0.000254056
0.000232325
0.000215032
0.0002033
0.00019807
0.000200019
0.00020955
0.000226541
0.000251123
0.000282744
0.000320611
0.000363708
0.000410837
0.000460677
0.000511842
0.000562945
0.000612641
0.000659673
0.000702918
0.000741464
0.000774553
0.000801174
0.000819859
0.000829658
0.000827347
0.000236229
0.00023288
0.000220807
0.000201527
0.000175393
0.000142878
0.000104386
6.03648e-05
1.1413e-05
-4.17087e-05
-9.80751e-05
-0.000156592
-0.000215994
-0.000274859
-0.000331634
-0.000384677
-0.000432325
-0.000472968
-0.000505142
-0.000527595
-0.000539527
-0.000540362
-0.000529978
-0.0005087
-0.000477275
-0.000436817
-0.00038874
-0.000334663
-0.000276353
-0.000215589
-0.000154154
-9.37587e-05
-3.56889e-05
1.8405e-05
6.61757e-05
0.000115787
0.000144605
0.000142046
0.000184473
0.000308411
0.000351906
0.000292874
0.000333772
0.000387843
0.000407082
0.000413965
0.000418118
0.000415572
0.000407696
0.000395418
0.000379401
0.000360666
0.000340245
0.00031921
0.000298687
0.000279785
0.000263579
0.000251073
0.000243156
0.000240567
0.000243826
0.000253197
0.000268794
0.000290495
0.000317911
0.000350413
0.000387187
0.000427268
0.000469586
0.000513009
0.000556394
0.000598622
0.000638635
0.000675473
0.000708344
0.000736593
0.000759364
0.00077538
0.000783815
0.000781862
0.000207051
0.000204096
0.000193458
0.000176518
0.0001536
0.000125158
9.15827e-05
5.33112e-05
1.09121e-05
-3.49099e-05
-8.33171e-05
-0.000133338
-0.000183874
-0.000233708
-0.000281535
-0.000326001
-0.000365749
-0.000399485
-0.000426037
-0.000444426
-0.000454008
-0.00045434
-0.000445323
-0.000427208
-0.000400581
-0.000366314
-0.000325518
-0.00027947
-0.000229567
-0.00017722
-0.000123818
-7.06671e-05
-1.86939e-05
3.11706e-05
7.80528e-05
0.00012629
0.000171036
0.000212614
0.000279102
0.000381496
0.000403815
0.000377084
0.000375198
0.000389761
0.000396081
0.000399901
0.000401823
0.000399525
0.000393444
0.000384066
0.000371861
0.000357586
0.000342046
0.0003261
0.000310659
0.000296614
0.000284833
0.000276121
0.000271186
0.000270607
0.000274788
0.000283942
0.000298207
0.000317417
0.000341262
0.000369244
0.000400707
0.000434871
0.000470864
0.000507764
0.000544626
0.00058052
0.000614557
0.000645921
0.000673927
0.000698017
0.000717468
0.000731191
0.000738472
0.000736844
0.000181198
0.000178609
0.000169286
0.000154488
0.000134503
0.000109753
8.06085e-05
4.74819e-05
1.09018e-05
-2.84904e-05
-6.99457e-05
-0.000112611
-0.000155534
-0.000197681
-0.000237956
-0.000275238
-0.000308417
-0.000336446
-0.000358382
-0.000373448
-0.000381124
-0.000381063
-0.00037319
-0.000357699
-0.000335053
-0.000305936
-0.000271222
-0.000231923
-0.000189146
-0.000144016
-9.76257e-05
-5.09921e-05
-4.84694e-06
4.01654e-05
8.35646e-05
0.000126586
0.000168199
0.000211492
0.000265314
0.000335234
0.000351769
0.000352405
0.00035615
0.000367621
0.000375221
0.00037991
0.000382007
0.00038089
0.000376815
0.000370133
0.000361241
0.000350732
0.000339249
0.000327492
0.000316194
0.00030608
0.000297847
0.000292144
0.000289537
0.000290484
0.000295308
0.000304176
0.000317192
0.000334225
0.000355017
0.000379164
0.000406138
0.000435306
0.000465959
0.00049734
0.00052867
0.000559179
0.00058812
0.000614802
0.000638639
0.000659154
0.000675748
0.000687498
0.000693795
0.000692456
0.000158303
0.00015605
0.000147924
0.000135068
0.000117736
9.63085e-05
7.11289e-05
4.25803e-05
1.11447e-05
-2.26025e-05
-5.79988e-05
-9.42995e-05
-0.000130686
-0.00016628
-0.000200162
-0.000231403
-0.000259095
-0.000282385
-0.000300512
-0.000312841
-0.000318963
-0.000318606
-0.000311708
-0.00029842
-0.000279101
-0.000254294
-0.000224691
-0.0001911
-0.0001544
-0.000115492
-7.52461e-05
-3.4467e-05
6.23828e-06
4.63834e-05
8.56439e-05
0.0001245
0.000162019
0.000201371
0.000240949
0.000294129
0.00031186
0.000323829
0.000333233
0.000343661
0.000351721
0.000357147
0.000360113
0.000360441
0.000358343
0.000354106
0.000348081
0.000340751
0.000332644
0.000324332
0.000316415
0.00030948
0.000304093
0.000300775
0.000299978
0.000302069
0.000307304
0.00031582
0.000327691
0.000342814
0.000360978
0.000381854
0.000405015
0.000429946
0.00045607
0.000482766
0.000509394
0.000535314
0.000559903
0.00058258
0.000602843
0.00062029
0.000634424
0.000644474
0.000649928
0.00064884
0.000138036
0.000136088
0.000129043
0.000117936
0.000102982
8.4524e-05
6.28725e-05
3.83768e-05
1.14702e-05
-1.73367e-05
-4.7463e-05
-7.82636e-05
-0.000109037
-0.00013904
-0.000167501
-0.00019365
-0.000216736
-0.000236065
-0.00025102
-0.0002611
-0.000265959
-0.00026538
-0.000259315
-0.000247881
-0.000231362
-0.000210187
-0.000184907
-0.000156167
-0.000124671
-9.11427e-05
-5.62837e-05
-2.07423e-05
1.49591e-05
5.04044e-05
8.52908e-05
0.000119671
0.000153112
0.000186839
0.000217451
0.000262261
0.000279251
0.000294681
0.000306885
0.000317882
0.000326686
0.000333025
0.000337102
0.000338889
0.000338601
0.000336507
0.000332924
0.000328255
0.000322939
0.00031745
0.000312279
0.000307906
0.00030479
0.000303348
0.000303946
0.000306877
0.000312349
0.000320466
0.000331286
0.000344726
0.000360614
0.000378686
0.000398593
0.000419917
0.000442189
0.000464898
0.00048752
0.000509525
0.000530395
0.000549642
0.000566843
0.000581656
0.000593676
0.000602259
0.000606986
0.000606111
0.000120101
0.000118429
0.000112351
0.000102808
8.9973e-05
7.41516e-05
5.56216e-05
3.46967e-05
1.17617e-05
-1.27347e-05
-3.82875e-05
-6.4341e-05
-9.02968e-05
-0.000115526
-0.000139383
-0.00016123
-0.000180447
-0.000196461
-0.000208776
-0.000216982
-0.000220801
-0.000220058
-0.00021471
-0.00020485
-0.000190702
-0.000172604
-0.000150995
-0.000126393
-9.93651e-05
-7.04946e-05
-4.03505e-05
-9.46182e-06
2.172e-05
5.28295e-05
8.3586e-05
0.000113883
0.000143602
0.000173095
0.000200096
0.00023236
0.000251281
0.000267707
0.000281112
0.000292432
0.000301659
0.00030874
0.000313783
0.000316837
0.000318096
0.000317808
0.000316256
0.00031378
0.000310748
0.000307552
0.000304595
0.000302272
0.000300953
0.000300974
0.000302629
0.000306157
0.000311728
0.000319414
0.000329264
0.000341215
0.000355126
0.000370782
0.000387902
0.000406146
0.000425131
0.000444441
0.000463645
0.000482305
0.000499995
0.000516307
0.000530883
0.000543438
0.00055364
0.000560957
0.000565055
0.000564357
0.000104236
0.000102811
9.75943e-05
8.94377e-05
7.84794e-05
6.49857e-05
4.92033e-05
3.14101e-05
1.19445e-05
-8.80254e-06
-3.03951e-05
-5.23572e-05
-7.41804e-05
-9.53341e-05
-0.000115279
-0.000133483
-0.000149436
-0.000162668
-0.000172776
-0.000179427
-0.000182398
-0.00018154
-0.000176816
-0.0001683
-0.000156167
-0.000140685
-0.000122205
-0.000101144
-7.79585e-05
-5.31214e-05
-2.70952e-05
-3.14418e-07
2.68338e-05
5.40341e-05
8.10274e-05
0.000107644
0.000133769
0.000159305
0.000183467
0.000208222
0.000226871
0.000242899
0.000256407
0.000267843
0.000277316
0.000284884
0.000290653
0.000294707
0.000297214
0.00029839
0.000298484
0.000297781
0.000296589
0.000295232
0.00029404
0.000293336
0.000293421
0.000294566
0.000297008
0.000300939
0.000306497
0.000313724
0.000322679
0.000333306
0.000345491
0.00035906
0.000373785
0.000389391
0.000405566
0.000421972
0.000438256
0.000454059
0.000469028
0.000482827
0.000495155
0.000505774
0.000514415
0.00052064
0.000524189
0.000523636
9.02071e-05
8.90009e-05
8.45469e-05
7.76141e-05
6.83075e-05
5.68579e-05
4.34818e-05
2.84233e-05
1.19771e-05
-5.51906e-06
-2.36911e-05
-4.21333e-05
-6.04154e-05
-7.80914e-05
-9.47111e-05
-0.000109831
-0.000123031
-0.00013393
-0.000142194
-0.000147556
-0.000149826
-0.000148888
-0.000144709
-0.000137344
-0.000126931
-0.000113682
-9.78799e-05
-7.98591e-05
-5.99875e-05
-3.86452e-05
-1.62115e-05
6.9552e-06
3.05276e-05
5.42363e-05
7.78416e-05
0.00010115
0.000124016
0.000146244
0.000167467
0.000187871
0.000205178
0.000220245
0.000233295
0.000244473
0.00025393
0.000261733
0.000267982
0.000272762
0.00027622
0.000278538
0.000279927
0.000280624
0.000280886
0.000280978
0.000281171
0.000281727
0.000282889
0.000284876
0.000287876
0.000292045
0.000297505
0.000304262
0.000312391
0.000321837
0.00033251
0.000344268
0.000356929
0.00037027
0.000384039
0.000397961
0.000411749
0.000425108
0.000437751
0.000449398
0.000459802
0.000468763
0.000476062
0.000481343
0.000484413
0.000483975
7.78081e-05
7.67957e-05
7.30127e-05
6.71538e-05
5.92934e-05
4.96298e-05
3.83516e-05
2.56711e-05
1.18427e-05
-2.84382e-06
-1.80693e-05
-3.34898e-05
-4.87426e-05
-6.34541e-05
-7.72491e-05
-8.97603e-05
-0.000100641
-0.00010958
-0.0001163
-0.000120582
-0.000122281
-0.000121295
-0.000117597
-0.000111226
-0.000102289
-9.09579e-05
-7.74565e-05
-6.20533e-05
-4.5045e-05
-2.67379e-05
-7.44124e-06
1.25514e-05
3.29651e-05
5.35682e-05
7.41453e-05
9.45012e-05
0.000114476
0.000133871
0.000152415
0.000169923
0.00018557
0.000199457
0.000211716
0.000222394
0.000231602
0.000239409
0.0002459
0.000251153
0.000255289
0.000258456
0.000260828
0.000262601
0.000263984
0.000265193
0.000266447
0.000267961
0.000269928
0.000272524
0.000275896
0.000280159
0.000285378
0.000291731
0.000299104
0.000307495
0.000316836
0.000327019
0.000337895
0.000349287
0.000360992
0.000372787
0.000384438
0.000395708
0.00040636
0.000416166
0.000424922
0.000432463
0.000438611
0.000443078
0.000445727
0.000445379
6.68559e-05
6.60143e-05
6.28194e-05
5.78979e-05
5.12975e-05
4.31871e-05
3.37301e-05
2.3109e-05
1.15422e-05
-7.23754e-07
-1.34181e-05
-2.62506e-05
-3.89169e-05
-5.11051e-05
-6.25027e-05
-7.28061e-05
-8.17292e-05
-8.90143e-05
-9.44382e-05
-9.78449e-05
-9.90852e-05
-9.80813e-05
-9.48083e-05
-8.92988e-05
-8.16386e-05
-7.19615e-05
-6.04456e-05
-4.73049e-05
-3.27781e-05
-1.71133e-05
-5.59066e-07
1.66462e-05
3.427e-05
5.21144e-05
6.99895e-05
8.77101e-05
0.000105114
0.000122027
0.000138231
0.000153505
0.000167488
0.000180131
0.000191445
0.000201474
0.000210278
0.000217912
0.000224448
0.000229955
0.000234527
0.000238286
0.000241373
0.000243943
0.000246162
0.000248206
0.000250252
0.000252468
0.000255011
0.000258023
0.000261619
0.000265894
0.00027092
0.000276759
0.000283408
0.000290841
0.000299004
0.000307809
0.000317138
0.000326849
0.00033678
0.00034675
0.000356572
0.000366053
0.000375002
0.000383233
0.000390579
0.000396904
0.000402065
0.000405828
0.000408107
0.000407827
5.71879e-05
5.64963e-05
5.38146e-05
4.97079e-05
4.42001e-05
3.74347e-05
2.95519e-05
2.07077e-05
1.10877e-05
9.00661e-07
-9.62548e-06
-2.02471e-05
-3.071e-05
-4.07544e-05
-5.01208e-05
-5.85597e-05
-6.58385e-05
-7.17465e-05
-7.6098e-05
-7.87722e-05
-7.9641e-05
-7.86411e-05
-7.57539e-05
-7.10006e-05
-6.44497e-05
-5.62076e-05
-4.6415e-05
-3.52415e-05
-2.28761e-05
-9.51678e-06
4.63549e-06
1.93853e-05
3.4539e-05
4.99305e-05
6.53934e-05
8.07557e-05
9.58705e-05
0.00011059
0.000124731
0.000138112
0.000150537
0.000161932
0.000172265
0.00018156
0.00018985
0.00019718
0.000203604
0.000209184
0.000213994
0.000218127
0.000221697
0.000224825
0.00022764
0.000230282
0.00023289
0.000235597
0.000238528
0.000241794
0.00024549
0.000249691
0.000254447
0.000259803
0.00026577
0.000272333
0.000279447
0.000287042
0.000295025
0.000303283
0.000311685
0.000320088
0.000328342
0.000336292
0.000343783
0.000350666
0.000356804
0.000362089
0.000366403
0.000369557
0.000371511
0.00037128
4.86591e-05
4.80988e-05
4.58629e-05
4.24616e-05
3.78972e-05
3.22916e-05
2.57644e-05
1.84477e-05
1.0498e-05
2.0907e-06
-6.58326e-06
-1.53208e-05
-2.39108e-05
-3.2138e-05
-3.97897e-05
-4.66605e-05
-5.25624e-05
-5.73236e-05
-6.07835e-05
-6.28595e-05
-6.34311e-05
-6.24558e-05
-5.99187e-05
-5.58359e-05
-5.02587e-05
-4.3271e-05
-3.49825e-05
-2.55281e-05
-1.50557e-05
-3.71905e-06
8.31923e-06
2.08984e-05
3.38598e-05
4.70661e-05
6.0371e-05
7.36203e-05
8.66892e-05
9.94515e-05
0.000111755
0.000123468
0.000134449
0.000144631
0.000153978
0.000162496
0.000170202
0.000177131
0.000183323
0.000188831
0.000193712
0.000198039
0.000201897
0.00020538
0.000208588
0.000211626
0.000214603
0.000217624
0.000220785
0.000224174
0.000227865
0.000231915
0.000236368
0.000241242
0.000246571
0.000252341
0.000258518
0.000265046
0.000271853
0.000278849
0.000285931
0.000292986
0.000299893
0.00030653
0.000312773
0.000318501
0.000323607
0.000328
0.000331588
0.000334216
0.000335882
0.000335686
4.11385e-05
4.06933e-05
3.88431e-05
3.60501e-05
3.22972e-05
2.7688e-05
2.23238e-05
1.63156e-05
9.79435e-06
2.90628e-06
-4.18996e-06
-1.13262e-05
-1.8328e-05
-2.50181e-05
-3.12232e-05
-3.67783e-05
-4.15312e-05
-4.53546e-05
-4.81585e-05
-4.96723e-05
-4.99996e-05
-4.90698e-05
-4.68586e-05
-4.33764e-05
-3.86618e-05
-3.27793e-05
-2.58141e-05
-1.78703e-05
-9.06238e-06
4.89769e-07
1.06567e-05
2.13093e-05
3.23181e-05
4.35688e-05
5.49353e-05
6.62846e-05
7.75138e-05
8.85156e-05
9.91666e-05
0.000109367
0.000119012
0.000128037
0.000136413
0.000144136
0.000151216
0.000157675
0.000163545
0.000168866
0.000173686
0.000178057
0.000182042
0.000185713
0.000189144
0.000192414
0.000195603
0.000198791
0.00020205
0.000205449
0.000209047
0.000212889
0.000216996
0.000221398
0.000226123
0.000231165
0.000236499
0.000242081
0.000247856
0.000253753
0.000259692
0.000265583
0.000271332
0.000276841
0.000282013
0.000286753
0.000290972
0.000294603
0.000297567
0.000299739
0.000301152
0.000300977
3.45071e-05
3.41625e-05
3.26445e-05
3.03747e-05
2.73172e-05
2.35613e-05
1.9192e-05
1.43016e-05
8.9986e-06
3.40394e-06
-2.35159e-06
-8.12998e-06
-1.37878e-05
-1.91806e-05
-2.41681e-05
-2.86183e-05
-3.24097e-05
-3.54333e-05
-3.75946e-05
-3.87589e-05
-3.89329e-05
-3.80761e-05
-3.61756e-05
-3.32399e-05
-2.92995e-05
-2.44026e-05
-1.86133e-05
-1.20083e-05
-4.673e-06
3.29691e-06
1.17991e-05
2.07323e-05
2.99919e-05
3.94838e-05
4.9102e-05
5.87349e-05
6.82997e-05
7.7705e-05
8.68547e-05
9.567e-05
0.00010407
0.000111998
0.000119429
0.000126357
0.000132784
0.000138725
0.000144205
0.000149252
0.000153904
0.0001582
0.000162183
0.000165905
0.000169419
0.000172783
0.000176054
0.000179286
0.000182532
0.000185848
0.000189282
0.000192877
0.000196597
0.000200525
0.000204676
0.000209046
0.000213616
0.000218355
0.000223219
0.000228155
0.000233099
0.000237983
0.000242732
0.000247271
0.000251523
0.000255414
0.000258874
0.000261849
0.000264277
0.000266055
0.000267244
0.000267082
2.86548e-05
2.83981e-05
2.71655e-05
2.53444e-05
2.28811e-05
1.98542e-05
1.6334e-05
1.23964e-05
8.13019e-06
3.63454e-06
-9.83889e-07
-5.61245e-06
-1.01342e-05
-1.44342e-05
-1.84006e-05
-2.19264e-05
-2.49124e-05
-2.72702e-05
-2.89223e-05
-2.9803e-05
-2.98758e-05
-2.9118e-05
-2.75211e-05
-2.50929e-05
-2.18563e-05
-1.7846e-05
-1.31081e-05
-7.697e-06
-1.67793e-06
4.87535e-06
1.18848e-05
1.92721e-05
2.69541e-05
3.48554e-05
4.28881e-05
5.09614e-05
5.901e-05
6.69576e-05
7.47314e-05
8.22673e-05
8.95027e-05
9.63895e-05
0.000102906
0.000109045
0.000114805
0.000120197
0.000125235
0.000129942
0.000134343
0.000138467
0.000142343
0.000146005
0.000149489
0.000152834
0.000156075
0.000159249
0.000162393
0.000165548
0.000168757
0.000172095
0.000175375
0.000178829
0.000182432
0.000186176
0.00019005
0.00019403
0.000198085
0.000202175
0.00020625
0.000210258
0.000214142
0.000217843
0.000221303
0.000224463
0.00022727
0.000229682
0.000231651
0.000233086
0.000234077
0.000233919
2.34786e-05
2.32986e-05
2.23104e-05
2.08736e-05
1.89173e-05
1.65121e-05
1.37158e-05
1.05893e-05
7.20472e-06
3.64197e-06
-1.28588e-08
-3.66845e-06
-7.23276e-06
-1.06158e-05
-1.37274e-05
-1.64821e-05
-1.8801e-05
-2.06117e-05
-2.18539e-05
-2.25129e-05
-2.25298e-05
-2.189e-05
-2.05897e-05
-1.86356e-05
-1.6044e-05
-1.28403e-05
-9.05251e-06
-4.71878e-06
1.11763e-07
5.38578e-06
1.10465e-05
1.70344e-05
2.32845e-05
2.97381e-05
3.63246e-05
4.29728e-05
4.96315e-05
5.62395e-05
6.27421e-05
6.90871e-05
7.52267e-05
8.11223e-05
8.67535e-05
9.21144e-05
9.72011e-05
0.000102019
0.000106578
0.000110891
0.000114976
0.000118851
0.000122534
0.000126044
0.000129405
0.000132638
0.000135762
0.000138796
0.000141762
0.000144682
0.000147569
0.000150395
0.000153437
0.000156463
0.000159545
0.000162703
0.000165936
0.00016923
0.000172561
0.000175901
0.000179213
0.000182456
0.000185587
0.000188562
0.000191337
0.000193867
0.000196111
0.000198039
0.000199611
0.000200748
0.000201565
0.000201405
1.88809e-05
1.87678e-05
1.79889e-05
1.68812e-05
1.53569e-05
1.34823e-05
1.13031e-05
8.86759e-06
6.23299e-06
3.46261e-06
6.24679e-07
-2.20893e-06
-4.96675e-06
-7.5777e-06
-9.97253e-06
-1.20843e-05
-1.38521e-05
-1.52179e-05
-1.61236e-05
-1.66285e-05
-1.66248e-05
-1.61167e-05
-1.51061e-05
-1.3599e-05
-1.16073e-05
-9.14615e-06
-6.22928e-06
-2.88021e-06
8.6738e-07
4.97686e-06
9.40824e-06
1.41181e-05
1.90584e-05
2.41852e-05
2.94434e-05
3.47805e-05
4.0156e-05
4.55237e-05
5.08425e-05
5.60719e-05
6.11748e-05
6.61228e-05
7.08967e-05
7.54911e-05
7.99009e-05
8.41278e-05
8.81763e-05
9.2054e-05
9.57696e-05
9.93332e-05
0.000102754
0.000106041
0.000109202
0.000112245
0.000115179
0.00011801
0.000120744
0.000123391
0.000125963
0.000128484
0.000131033
0.000133577
0.00013614
0.000138739
0.000141376
0.000144043
0.000146723
0.000149395
0.000152031
0.000154602
0.000157076
0.000159419
0.0001616
0.000163584
0.000165341
0.00016685
0.000168081
0.000168957
0.000169621
0.000169454
1.47682e-05
1.4713e-05
1.41139e-05
1.3288e-05
1.21326e-05
1.07118e-05
9.06037e-06
7.21511e-06
5.22036e-06
3.12494e-06
9.81375e-07
-1.15563e-06
-3.23116e-06
-5.19074e-06
-6.98233e-06
-8.55705e-06
-9.87133e-06
-1.08923e-05
-1.16076e-05
-1.19289e-05
-1.19181e-05
-1.15514e-05
-1.08274e-05
-9.74922e-06
-8.32312e-06
-6.55314e-06
-4.44217e-06
-2.00298e-06
7.44211e-07
3.77725e-06
7.07106e-06
1.05973e-05
1.43235e-05
1.8218e-05
2.22413e-05
2.63567e-05
3.05335e-05
3.47395e-05
3.89445e-05
4.31194e-05
4.7237e-05
5.1276e-05
5.52197e-05
5.90628e-05
6.2799e-05
6.64269e-05
6.99464e-05
7.33595e-05
7.66688e-05
7.98766e-05
8.29843e-05
8.5991e-05
8.8894e-05
9.16908e-05
9.43783e-05
9.69499e-05
9.94008e-05
0.000101734
0.000103957
0.000106091
0.000108182
0.00011024
0.000112294
0.000114359
0.00011644
0.000118531
0.00012062
0.000122692
0.000124728
0.000126705
0.0001286
0.000130391
0.000132053
0.000133562
0.000134897
0.000136042
0.000136978
0.000137627
0.000138154
0.00013798
1.10513e-05
1.10453e-05
1.06023e-05
1.00178e-05
9.17882e-06
8.14869e-06
6.95121e-06
5.61338e-06
4.16807e-06
2.65161e-06
1.10298e-06
-4.38765e-07
-1.93376e-06
-3.34162e-06
-4.62475e-06
-5.749e-06
-6.68488e-06
-7.40957e-06
-7.90581e-06
-8.15811e-06
-8.1785e-06
-7.97027e-06
-7.53425e-06
-6.87306e-06
-5.98549e-06
-4.86662e-06
-3.51249e-06
-1.92589e-06
-1.14051e-07
1.91376e-06
4.14524e-06
6.56423e-06
9.15223e-06
1.18902e-05
1.47528e-05
1.7718e-05
2.07638e-05
2.3871e-05
2.70185e-05
3.01869e-05
3.33587e-05
3.65185e-05
3.96526e-05
4.27555e-05
4.58205e-05
4.88433e-05
5.18201e-05
5.47476e-05
5.76219e-05
6.04387e-05
6.31927e-05
6.5875e-05
6.8474e-05
7.09774e-05
7.33717e-05
7.56408e-05
7.77711e-05
7.97556e-05
8.15979e-05
8.32924e-05
8.49171e-05
8.64946e-05
8.80535e-05
8.96105e-05
9.11703e-05
9.27298e-05
9.42807e-05
9.58115e-05
9.73089e-05
9.87577e-05
0.000100142
0.000101446
0.000102654
0.000103748
0.000104714
0.000105542
0.000106223
0.000106673
0.000107078
0.000106898
7.64142e-06
7.67322e-06
7.36841e-06
6.99012e-06
6.42567e-06
5.73527e-06
4.93246e-06
4.03561e-06
3.06752e-06
2.05345e-06
1.01946e-06
-8.31843e-09
-1.00251e-06
-1.93692e-06
-2.78636e-06
-3.52917e-06
-4.14678e-06
-4.62573e-06
-4.95867e-06
-5.1432e-06
-5.21812e-06
-5.17833e-06
-5.02949e-06
-4.77384e-06
-4.40396e-06
-3.90559e-06
-3.26758e-06
-2.48295e-06
-1.5487e-06
-4.64146e-07
7.69515e-07
2.14875e-06
3.66718e-06
5.31675e-06
7.08551e-06
8.9633e-06
1.09376e-05
1.29991e-05
1.51355e-05
1.73363e-05
1.95916e-05
2.18923e-05
2.42279e-05
2.65928e-05
2.89804e-05
3.13843e-05
3.37979e-05
3.62133e-05
3.86216e-05
4.10112e-05
4.3369e-05
4.56796e-05
4.79274e-05
5.00926e-05
5.2152e-05
5.40798e-05
5.58535e-05
5.74611e-05
5.89264e-05
6.01061e-05
6.12379e-05
6.23411e-05
6.34273e-05
6.45057e-05
6.55802e-05
6.6649e-05
6.77069e-05
6.87464e-05
6.97588e-05
7.07346e-05
7.16641e-05
7.25369e-05
7.33428e-05
7.40717e-05
7.47136e-05
7.52635e-05
7.57211e-05
7.60013e-05
7.62929e-05
7.61166e-05
4.46058e-06
4.52178e-06
4.34306e-06
4.13868e-06
3.81713e-06
3.42711e-06
2.97329e-06
2.46638e-06
1.91982e-06
1.34811e-06
7.66129e-07
1.88889e-07
-3.68566e-07
-8.9179e-07
-1.36555e-06
-1.78038e-06
-2.1242e-06
-2.39512e-06
-2.59578e-06
-2.69446e-06
-2.82884e-06
-2.96565e-06
-3.11175e-06
-3.26152e-06
-3.39787e-06
-3.5001e-06
-3.55184e-06
-3.53818e-06
-3.44466e-06
-3.26028e-06
-2.97664e-06
-2.58734e-06
-2.08827e-06
-1.47714e-06
-7.53893e-07
8.1397e-08
1.02633e-06
2.07983e-06
3.23863e-06
4.50015e-06
5.86144e-06
7.31803e-06
8.86337e-06
1.04918e-05
1.21966e-05
1.397e-05
1.58026e-05
1.76831e-05
1.95978e-05
2.15305e-05
2.34623e-05
2.5372e-05
2.72349e-05
2.90249e-05
3.0713e-05
3.22624e-05
3.36336e-05
3.4786e-05
3.56538e-05
3.64742e-05
3.71552e-05
3.78044e-05
3.84395e-05
3.90671e-05
3.9689e-05
4.03041e-05
4.09094e-05
4.15009e-05
4.20742e-05
4.26244e-05
4.31467e-05
4.3636e-05
4.40867e-05
4.44937e-05
4.4851e-05
4.51565e-05
4.54175e-05
4.55597e-05
4.57427e-05
4.55673e-05
1.39271e-06
1.41771e-06
1.36648e-06
1.31588e-06
1.22043e-06
1.10701e-06
9.74512e-07
8.26188e-07
6.66331e-07
4.99437e-07
3.30362e-07
1.64865e-07
8.30223e-09
-1.35996e-07
-2.65429e-07
-3.75486e-07
-4.61771e-07
-5.12676e-07
-5.12247e-07
-6.3794e-07
-8.81123e-07
-1.21078e-06
-1.64791e-06
-2.19444e-06
-2.8273e-06
-3.52038e-06
-4.24869e-06
-4.98951e-06
-5.72005e-06
-6.42033e-06
-7.07184e-06
-7.65748e-06
-8.1625e-06
-8.57397e-06
-8.88091e-06
-9.07293e-06
-9.14323e-06
-9.08404e-06
-8.89014e-06
-8.55608e-06
-8.07761e-06
-7.45477e-06
-6.69174e-06
-5.7938e-06
-4.76826e-06
-3.62446e-06
-2.37429e-06
-1.03257e-06
3.82619e-07
1.84966e-06
3.3436e-06
4.83648e-06
6.29716e-06
7.69159e-06
8.98427e-06
1.01414e-05
1.11376e-05
1.19766e-05
1.25238e-05
1.26379e-05
1.27808e-05
1.29485e-05
1.31269e-05
1.33073e-05
1.34856e-05
1.366e-05
1.38298e-05
1.39941e-05
1.4152e-05
1.43022e-05
1.44429e-05
1.45727e-05
1.46907e-05
1.47961e-05
1.48877e-05
1.49648e-05
1.50363e-05
1.50528e-05
1.51019e-05
1.50607e-05
)
;

boundaryField
{
    lowerWall
    {
        type            fixedFluxPressure;
        gradient        uniform 0;
        value           nonuniform List<scalar> 
80
(
12411.8
12411.8
12411.8
12411.9
12412
12412.2
12412.4
12412.6
12412.9
12413.2
12413.5
12413.8
12414.1
12414.4
12414.8
12415.1
12415.5
12415.8
12416.1
12416.4
12416.6
12416.7
12416.7
12416.7
12416.4
12416.1
12415.5
12414.7
12413.8
12412.7
12411.3
12409.9
12408.4
12406.8
12405.2
12403.8
12402.6
12401.6
12400.9
12400.6
12400.6
12401.1
12401.8
12402.9
12404.2
12405.7
12407.3
12408.9
12410.4
12411.8
12413.1
12414.2
12415.1
12415.9
12416.4
12416.7
12416.9
12417
12417
12416.8
12416.6
12416.3
12416
12415.7
12415.4
12415
12414.7
12414.4
12414.1
12413.8
12413.5
12413.2
12412.9
12412.7
12412.5
12412.3
12412.2
12412.1
12412.1
12412.1
)
;
    }
    rightWall
    {
        type            zeroGradient;
    }
    atmosphere
    {
        type            totalPressure;
        rho             rho;
        psi             none;
        gamma           1;
        p0              uniform 0;
        value           nonuniform List<scalar> 
80
(
0
0
0
0
0
0
0
0
0
0
0
0
0
0
0
0
0
0
0
-2.62079e-08
-2.02955e-07
-5.63895e-07
-1.11977e-06
-1.85455e-06
-2.73257e-06
-3.71944e-06
-4.78585e-06
-5.90505e-06
-7.05115e-06
-8.19949e-06
-9.32579e-06
-1.04067e-05
-1.14218e-05
-1.23526e-05
-1.31825e-05
-1.3895e-05
-1.44796e-05
-1.49232e-05
-1.52164e-05
-1.53494e-05
-1.53133e-05
-1.51056e-05
-1.47304e-05
-1.41929e-05
-1.35005e-05
-1.26636e-05
-1.16955e-05
-1.06131e-05
-9.43736e-06
-8.19317e-06
-6.90956e-06
-5.61938e-06
-4.35955e-06
-3.16984e-06
-2.09373e-06
-1.18185e-06
-4.9565e-07
-9.53629e-08
0
0
0
0
0
0
0
0
0
0
0
0
0
0
0
0
0
0
0
0
0
0
)
;
    }
    leftWall
    {
        type            zeroGradient;
    }
    frontAndBack
    {
        type            empty;
    }
}


// ************************************************************************* //
