/*--------------------------------*- C++ -*----------------------------------*\
| =========                 |                                                 |
| \\      /  F ield         | OpenFOAM: The Open Source CFD Toolbox           |
|  \\    /   O peration     | Version:  2412                                  |
|   \\  /    A nd           | Website:  www.openfoam.com                      |
|    \\/     M anipulation  |                                                 |
\*---------------------------------------------------------------------------*/
FoamFile
{
    version     2.0;
    format      ascii;
    arch        "LSB;label=32;scalar=64";
    class       volScalarField;
    location    "1.3";
    object      p;
}
// * * * * * * * * * * * * * * * * * * * * * * * * * * * * * * * * * * * * * //

dimensions      [1 -1 -2 0 0 0 0];

internalField   nonuniform List<scalar> 
6400
(
7170.56
7169.65
7167.81
7165.04
7161.33
7156.67
7151.06
7144.48
7136.94
7128.44
7118.98
7108.59
7097.29
7085.13
7072.17
7058.47
7044.13
7029.26
7013.99
6998.47
6982.84
6967.29
6951.99
6937.14
6922.92
6909.51
6897.07
6885.74
6875.62
6866.79
6859.26
6853.01
6847.99
6844.07
6841.14
6839.02
6837.55
6836.56
6835.93
6835.55
6835.37
6835.37
6835.62
6836.2
6837.25
6838.93
6841.41
6844.85
6849.41
6855.2
6862.3
6870.74
6880.51
6891.54
6903.74
6916.96
6931.04
6945.8
6961.05
6976.59
6992.23
7007.79
7023.12
7038.06
7052.48
7066.27
7079.33
7091.59
7102.98
7113.47
7123.02
7131.61
7139.23
7145.87
7151.55
7156.26
7160.02
7162.82
7164.69
7165.62
6808.51
6807.59
6805.76
6802.99
6799.29
6794.64
6789.03
6782.45
6774.9
6766.38
6756.9
6746.47
6735.12
6722.89
6709.84
6696.05
6681.6
6666.6
6651.18
6635.5
6619.7
6603.98
6588.5
6573.48
6559.09
6545.53
6532.96
6521.53
6511.35
6502.5
6495
6488.82
6483.9
6480.13
6477.36
6475.41
6474.1
6473.26
6472.74
6472.41
6472.23
6472.19
6472.34
6472.78
6473.67
6475.17
6477.47
6480.77
6485.21
6490.92
6497.98
6506.43
6516.25
6527.38
6539.71
6553.08
6567.33
6582.27
6597.7
6613.42
6629.23
6644.97
6660.44
6675.52
6690.05
6703.94
6717.09
6729.41
6740.86
6751.39
6760.96
6769.57
6777.2
6783.85
6789.53
6794.23
6797.98
6800.78
6802.64
6803.57
6447.38
6446.46
6444.63
6441.88
6438.19
6433.55
6427.95
6421.37
6413.81
6405.27
6395.74
6385.24
6373.79
6361.43
6348.22
6334.23
6319.55
6304.29
6288.59
6272.58
6256.44
6240.36
6224.52
6209.14
6194.42
6180.55
6167.72
6156.09
6145.79
6136.89
6129.44
6123.39
6118.68
6115.17
6112.7
6111.06
6110.05
6109.47
6109.14
6108.92
6108.75
6108.62
6108.59
6108.78
6109.36
6110.54
6112.53
6115.54
6119.75
6125.31
6132.3
6140.77
6150.71
6162.03
6174.61
6188.3
6202.9
6218.21
6234.01
6250.1
6266.27
6282.33
6298.11
6313.45
6328.23
6342.31
6355.62
6368.08
6379.63
6390.23
6399.86
6408.5
6416.14
6422.79
6428.46
6433.16
6436.89
6439.68
6441.54
6442.47
6087.17
6086.25
6084.44
6081.71
6078.04
6073.43
6067.85
6061.28
6053.71
6045.13
6035.53
6024.93
6013.34
6000.8
5987.35
5973.07
5958.05
5942.39
5926.24
5909.75
5893.08
5876.45
5860.05
5844.11
5828.86
5814.51
5801.26
5789.32
5778.81
5769.84
5762.45
5756.6
5752.2
5749.1
5747.1
5745.96
5745.42
5745.25
5745.21
5745.16
5745
5744.73
5744.42
5744.22
5744.33
5745
5746.5
5749.06
5752.92
5758.24
5765.13
5773.64
5783.77
5795.4
5808.4
5822.58
5837.72
5853.61
5869.99
5886.65
5903.36
5919.93
5936.17
5951.92
5967.04
5981.43
5994.98
6007.63
6019.33
6030.04
6039.73
6048.4
6056.06
6062.72
6068.37
6073.03
6076.75
6079.52
6081.37
6082.29
5727.87
5726.95
5725.16
5722.47
5718.84
5714.28
5708.73
5702.17
5694.6
5685.99
5676.32
5665.59
5653.82
5641.04
5627.28
5612.61
5597.13
5580.94
5564.18
5547.02
5529.64
5512.25
5495.08
5478.36
5462.36
5447.32
5433.49
5421.08
5410.27
5401.2
5393.88
5388.3
5384.35
5381.84
5380.52
5380.1
5380.26
5380.68
5381.08
5381.28
5381.15
5380.68
5379.96
5379.18
5378.6
5378.53
5379.3
5381.23
5384.59
5389.57
5396.33
5404.89
5415.3
5427.39
5440.98
5455.85
5471.77
5488.45
5505.65
5523.09
5540.55
5557.81
5574.67
5590.96
5606.56
5621.34
5635.21
5648.12
5660
5670.83
5680.61
5689.32
5696.99
5703.63
5709.28
5713.85
5717.55
5720.3
5722.12
5723.04
5369.46
5368.56
5366.81
5364.17
5360.6
5356.09
5350.59
5344.08
5336.53
5327.89
5318.14
5307.28
5295.29
5282.21
5268.06
5252.92
5236.86
5220
5202.48
5184.46
5166.15
5147.78
5129.58
5111.84
5094.85
5078.89
5064.27
5051.22
5039.97
5030.75
5023.53
5018.32
5014.97
5013.27
5012.9
5013.49
5014.62
5015.88
5016.91
5017.46
5017.36
5016.61
5015.31
5013.72
5012.17
5011.07
5010.84
5011.89
5014.55
5019.09
5025.66
5034.29
5045.13
5057.84
5072.23
5088.05
5104.99
5122.74
5141
5159.46
5177.88
5196.02
5213.67
5230.66
5246.84
5262.11
5276.38
5289.59
5301.69
5312.67
5322.53
5331.27
5338.93
5345.52
5351.11
5355.69
5359.31
5362.01
5363.8
5364.7
5011.96
5011.12
5009.37
5006.79
5003.31
4998.89
4993.47
4987.03
4979.5
4970.87
4961.06
4950.05
4937.83
4924.41
4909.81
4894.08
4877.33
4859.65
4841.19
4822.12
4802.66
4783.05
4763.56
4744.51
4726.24
4709.08
4693.39
4679.52
4667.72
4658.22
4651.11
4646.37
4643.83
4643.23
4644.16
4646.12
4648.59
4651.01
4652.92
4653.95
4653.91
4652.77
4650.68
4647.97
4645.09
4642.57
4640.97
4640.82
4642.55
4646.5
4652.89
4661.81
4673.04
4686.54
4702
4719.06
4737.33
4756.45
4776.06
4795.81
4815.43
4834.65
4853.26
4871.09
4887.99
4903.84
4918.58
4932.13
4944.47
4955.61
4965.56
4974.26
4981.91
4988.46
4993.96
4998.46
5002.01
5004.63
5006.4
5007.27
4655.29
4654.51
4652.88
4650.31
4646.97
4642.67
4637.38
4631.05
4623.6
4614.99
4605.12
4594.01
4581.54
4567.73
4552.61
4536.22
4518.65
4500
4480.42
4460.09
4439.23
4418.1
4397.01
4376.32
4356.41
4337.7
4320.64
4305.63
4293.07
4283.2
4276.2
4272.07
4270.61
4271.47
4274.15
4277.99
4282.28
4286.3
4289.41
4291.12
4291.15
4289.48
4286.3
4282.06
4277.37
4272.93
4269.48
4267.71
4268.2
4271.36
4277.46
4286.6
4298.59
4313.22
4330.09
4348.76
4368.75
4389.6
4410.88
4432.22
4453.28
4473.81
4493.57
4512.38
4530.11
4546.64
4561.9
4575.85
4588.43
4599.7
4609.69
4618.42
4625.98
4632.42
4637.81
4642.2
4645.64
4648.22
4649.89
4650.71
4299.56
4298.75
4297.2
4294.85
4291.57
4287.43
4282.33
4276.17
4268.87
4260.33
4250.47
4239.21
4226.53
4212.32
4196.61
4179.47
4160.95
4141.18
4120.29
4098.47
4075.95
4053
4029.96
4007.22
3985.26
3964.56
3945.69
3929.18
3915.54
3905.14
3898.27
3894.91
3894.85
3897.66
3902.67
3909.05
3915.83
3922.04
3926.79
3929.42
3929.56
3927.17
3922.52
3916.2
3909.03
3901.99
3896.06
3892.15
3890.98
3893.12
3898.86
3908.37
3921.38
3937.52
3956.26
3977.02
3999.19
4022.19
4045.54
4068.79
4091.58
4113.64
4134.73
4154.68
4173.36
4190.65
4206.5
4220.88
4233.62
4245.06
4255.06
4263.74
4271.17
4277.44
4282.65
4286.87
4290.18
4292.61
4294.21
4295
3944.46
3943.73
3942.29
3940.09
3937.06
3933.16
3928.32
3922.42
3915.35
3906.97
3897.18
3885.85
3872.91
3858.3
3841.98
3823.99
3804.41
3783.35
3760.96
3737.41
3712.94
3687.83
3662.43
3637.19
3612.65
3589.42
3568.2
3549.68
3534.55
3523.35
3516.57
3514.17
3515.92
3521.29
3529.44
3539.26
3549.43
3558.61
3565.61
3569.51
3569.8
3566.43
3559.77
3550.62
3540.11
3529.55
3520.3
3513.54
3510.21
3511
3516.27
3526.44
3540.87
3559.04
3580.25
3603.7
3628.61
3654.3
3680.14
3705.66
3730.48
3754.31
3776.93
3798.17
3817.91
3836.04
3852.51
3867.26
3880.33
3891.81
3901.75
3910.27
3917.49
3923.52
3928.47
3932.45
3935.56
3937.83
3939.32
3940.06
3590.06
3589.42
3588.12
3586.15
3583.41
3579.8
3575.35
3569.82
3563.09
3555
3545.37
3534.06
3520.92
3505.87
3488.89
3469.97
3449.2
3426.7
3402.6
3377.09
3350.37
3322.72
3294.52
3266.23
3238.48
3212.03
3187.73
3166.52
3149.34
3136.89
3130.14
3128.88
3132.94
3141.68
3154.03
3168.51
3183.3
3196.55
3206.61
3212.24
3212.74
3208.03
3198.65
3185.65
3170.6
3155.3
3141.6
3131.07
3124.94
3124.05
3128.67
3139.97
3156.35
3177.26
3201.72
3228.65
3257.04
3286
3314.84
3343.03
3370.19
3396.03
3420.36
3443.04
3463.95
3482.99
3500.1
3515.29
3528.58
3540.05
3549.84
3558.09
3564.98
3570.65
3575.25
3578.94
3581.76
3583.81
3585.15
3585.82
3236.27
3235.72
3234.63
3232.94
3230.59
3227.5
3223.44
3218.39
3212.15
3204.5
3195.2
3184.01
3170.76
3155.29
3137.57
3117.64
3095.55
3071.45
3045.45
3017.72
2988.44
2957.86
2926.34
2894.38
2862.66
2832.08
2803.76
2778.94
2758.93
2744.88
2737.71
2737.71
2744.66
2757.81
2775.81
2796.64
2817.76
2836.56
2850.78
2858.77
2859.55
2853.03
2839.95
2821.73
2800.49
2778.76
2759.08
2743.6
2733.9
2731.13
2736.16
2747.99
2766.92
2791.55
2820.35
2851.79
2884.53
2917.49
2949.88
2981.16
3010.96
3039.04
3065.26
3089.5
3111.68
3131.71
3149.54
3165.15
3178.57
3189.93
3199.42
3207.25
3213.65
3218.83
3223
3226.24
3228.71
3230.48
3231.64
3232.21
2882.97
2882.55
2881.7
2880.37
2878.48
2875.91
2872.49
2868.12
2862.58
2855.58
2846.81
2835.94
2822.68
2806.82
2788.32
2767.22
2743.67
2717.84
2689.75
2659.56
2627.41
2593.49
2558.11
2521.75
2485.15
2449.34
2415.73
2385.98
2361.94
2345.36
2337.3
2338.75
2349.3
2368.19
2393.81
2423.39
2453.26
2479.67
2499.51
2510.66
2511.84
2502.88
2484.79
2459.46
2429.74
2399.2
2371.46
2349.46
2335.12
2329.72
2334.32
2348.42
2371.3
2401.19
2435.84
2473.13
2511.3
2549.07
2585.6
2620.38
2653.11
2683.64
2711.9
2737.77
2761.34
2782.47
2801.07
2817.07
2830.53
2841.61
2850.59
2857.79
2863.51
2868.01
2871.58
2874.3
2876.32
2877.76
2878.68
2879.14
2530.04
2529.77
2529.23
2528.34
2527.01
2525.11
2522.51
2518.98
2514.38
2508.35
2500.43
2490.14
2477.03
2460.81
2441.44
2419.02
2393.74
2366.18
2335.76
2302.92
2267.63
2229.98
2190.19
2148.65
2106.09
2063.72
2023.16
1986.62
1956.8
1936.25
1926.42
1929.6
1944.36
1970.59
2006.54
2048.23
2090.18
2127.01
2154.47
2169.89
2171.59
2159.3
2134.49
2099.44
2058.06
2015.41
1976.84
1946.43
1926.29
1917.32
1922.34
1939.56
1968.11
2005.46
2048.07
2092.89
2137.77
2181.25
2222.51
2261.16
2297.03
2330.14
2360.6
2388
2413.18
2435.55
2454.98
2471.36
2484.72
2495.29
2503.47
2509.73
2514.53
2518.24
2520.98
2523.03
2524.5
2525.51
2526.15
2526.46
2177.29
2177.22
2177.05
2176.7
2176.05
2174.96
2173.31
2170.92
2167.54
2162.9
2156.3
2146.97
2134.24
2117.68
2097.27
2073.32
2046.26
2016.44
1983.77
1948.22
1909.61
1867.9
1823.18
1775.63
1725.82
1675.01
1625.07
1578.9
1540.73
1514.4
1500.73
1506.47
1525.52
1561.3
1612.2
1671.42
1730.2
1780.86
1818.2
1839.18
1841.43
1824.8
1791.26
1743.42
1686
1626.1
1572.17
1530.74
1503.97
1489.47
1496.12
1517.71
1554.41
1602.81
1656.66
1711.46
1764.67
1814.8
1861.31
1904.12
1943.25
1978.88
2011.32
2040.78
2067.51
2091.26
2111.68
2128.44
2141.51
2151.21
2158.15
2163.04
2166.62
2169.21
2171.03
2172.28
2173.11
2173.61
2173.89
2174.03
1824.52
1824.7
1825
1825.31
1825.46
1825.31
1824.76
1823.72
1821.86
1819.29
1814.69
1806.97
1794.98
1778.02
1756.22
1730.32
1701.14
1669.11
1634.15
1595.96
1553.89
1507.86
1457.79
1403.3
1344.39
1282.72
1220.28
1160.55
1110.72
1078.54
1065.78
1066.84
1085.49
1132.21
1204.31
1288.81
1371.97
1442.21
1493.06
1521.25
1524.26
1501.96
1456.64
1390.94
1310.54
1225.75
1150.28
1096.05
1066.41
1053.01
1054.82
1079.87
1127.26
1191.69
1261.3
1329.26
1393.05
1450.78
1502.84
1549.93
1592.33
1630.28
1664.65
1695.95
1724.46
1749.93
1771.68
1788.93
1801.43
1809.7
1814.73
1817.54
1819.62
1820.83
1821.55
1821.91
1821.99
1821.88
1821.72
1821.63
1471.46
1471.96
1472.89
1474.01
1475.09
1475.96
1476.62
1477.18
1477.77
1477.55
1475.94
1470.86
1460.17
1442.61
1418.65
1389.98
1358.18
1323.89
1286.66
1246.22
1200.54
1149.98
1094.11
1031.39
961.624
888.783
812.345
732.072
662.208
620.599
606.479
610.049
621.14
684.059
791.21
909.168
1020.73
1113.27
1180.86
1218.32
1222.2
1192.47
1132.17
1045.69
938.816
821.985
713.339
640.004
611.368
583.637
584.989
619.408
684.357
776.547
866.094
947.463
1023.39
1089.79
1147.51
1198.8
1244.42
1284.14
1320.27
1353.25
1383.87
1411.8
1435.65
1453.71
1465.25
1471.19
1473.41
1473.92
1473.35
1472.84
1472.34
1471.75
1471
1470.15
1469.42
1469.01
1117.71
1118.68
1120.45
1122.63
1124.77
1126.65
1128.39
1130.38
1133.2
1136.87
1140.21
1139.74
1131.35
1112.47
1084.53
1051.52
1016.59
980.576
942.183
899.483
850.307
794.839
733.273
660.762
580.585
501.359
411.495
305.518
210.025
147.588
121.561
116.751
129.538
202.081
338.058
514.574
673.928
793.215
881.053
931.019
936.151
896.149
817.229
706.267
558.876
379.235
234.611
155.064
123.812
112.042
116.145
153.904
240.032
373.116
483.54
571.966
656.704
732.663
795.674
851.509
899.993
941.507
978.103
1011.96
1044.89
1076.6
1104.35
1124.16
1134.06
1135.99
1133.44
1129.86
1126.79
1124.65
1123.06
1121.59
1119.97
1118.2
1116.68
1115.81
762.907
764.566
767.574
771.285
774.667
777.43
779.836
782.685
787.764
796.851
808.032
815.585
811.475
789.428
753.982
714.505
676.67
641.16
604.385
560.094
505.75
446.108
388.144
310.842
224.388
158.289
102.155
40.5487
10.1966
0.534437
-2.18381
-2.66422
-1.3152
8.16008
52.8085
184.634
351.261
493.079
601.397
664.351
671.057
620.555
523.488
390.607
235.726
73.75
16.5814
0.0636197
-2.17716
-1.94733
-1.36692
1.83431
15.1549
72.8519
154.686
223.598
314.338
393.708
450.743
510.862
563.829
606.353
640.371
672.435
707.091
744.288
779.337
803.083
809.926
804.732
794.948
785.303
779.235
775.864
773.599
771.535
769.052
765.979
763.242
761.662
406.121
408.884
413.836
420.122
425.058
428.476
430.765
432.659
438.28
454.819
483.052
502.979
510.297
482.329
431.172
379.223
338.249
308.238
279.705
238.025
184.765
141.599
118.971
83.6294
25.7806
-5.45707
-7.8358
-6.78239
-5.84468
-5.01614
-4.58489
-4.33172
-3.80344
-3.79054
3.98589
35.1382
127.512
255.109
370.896
437.752
445.323
390.892
290.255
160.491
45.3426
7.28725
-3.65372
-4.49622
-4.30373
-4.27244
-4.19473
-4.6347
-5.82957
-7.42525
-5.80402
24.1711
93.8812
128.138
149.792
191.022
243.754
284.757
309.864
334.318
369.964
417.797
468.428
499.951
498.153
483.287
456.375
437.198
428.947
425.945
423.881
421.799
418.598
413.28
408.452
405.629
118.415
121.075
126.816
136
141.662
144.35
144.865
141.603
139.561
156.48
205.761
262.855
284.779
239.701
161.057
105.051
78.2838
64.7489
55.1268
37.6173
12.5134
-5.26591
-9.75675
-10.0708
-9.92193
-10.6724
-10.4298
-8.87685
-7.72274
-6.97179
-6.61695
-6.48031
-6.33271
-5.49717
-2.39901
0.782145
27.3822
106.959
204.777
269.987
278.567
229.323
135.812
47.8141
1.23602
-1.67373
-4.7824
-6.23755
-6.44143
-6.35234
-6.4051
-6.93107
-8.21568
-10.6434
-12.2545
-11.2781
-10.8112
-10.2369
-2.23293
14.8838
39.1316
57.3655
66.0377
76.2631
98.0737
145.563
220.105
270.503
258.577
210.186
162.445
138.43
135.962
138.561
138.803
138.482
135.878
127.594
121.255
118.306
7.11363
8.7574
10.7539
13.9886
17.2424
19.2047
15.6603
10.6802
4.80611
8.07222
30.2
64.033
82.6846
62.1872
11.8805
-7.31568
-10.6315
-10.7077
-10.2688
-10.0281
-9.94697
-10.0893
-10.2115
-10.3971
-10.4496
-10.3999
-10.3338
-9.91687
-9.23353
-8.63703
-8.29786
-8.1556
-8.05136
-7.70571
-7.4702
-9.28071
-10.4697
21.6299
100.256
162.958
172.711
129.614
57.0941
7.39687
-6.93921
-7.38442
-7.48889
-7.87778
-7.99932
-8.03104
-8.22193
-8.71355
-9.59321
-10.686
-11.3155
-11.3964
-11.188
-10.9053
-10.7154
-10.487
-10.2964
-10.33
-10.7168
-10.7855
-8.52294
5.08987
49.0764
77.9508
65.464
35.7944
11.9442
2.96045
6.13311
10.5334
13.7542
14.8029
13.7954
10.3876
8.58941
6.99943
4.10212
0.931966
-3.43567
-7.97917
-10.1463
-9.48172
-5.71608
-7.39557
-12.9998
-14.0776
-12.9623
-11.9434
-11.7853
-11.4648
-11.0984
-10.9376
-10.9771
-11.0065
-10.8631
-10.7044
-10.6164
-10.6389
-10.6694
-10.6767
-10.773
-10.9099
-11.0345
-11.0169
-10.6867
-10.2771
-9.98995
-9.83388
-9.70547
-9.59453
-10.0285
-11.5147
-11.1399
25.1219
60.9243
100.87
110.65
73.3273
20.7833
-8.51141
-12.2054
-10.4663
-9.68357
-9.55188
-9.5807
-9.66266
-9.8562
-10.2369
-10.7929
-11.3259
-11.648
-11.6372
-11.4815
-11.4399
-11.236
-11.0079
-10.8892
-10.9337
-11.0765
-11.1331
-11.2274
-11.4634
-11.7439
-11.9609
-11.959
-12.376
-13.4234
-13.7569
-11.2145
-7.74739
-9.27638
-10.2327
-8.39712
-4.46286
0.120589
3.62708
-1.31415
-3.68459
-6.36042
-9.69842
-12.4972
-14.2407
-15.1081
-15.5951
-15.1885
-14.2976
-13.3553
-12.605
-12.2576
-11.9564
-11.7062
-11.5569
-11.4958
-11.4387
-11.3341
-11.1984
-11.0688
-10.9999
-10.9975
-11.0285
-11.1874
-11.5778
-12.0397
-12.2527
-12.1188
-11.851
-11.6273
-11.474
-11.3567
-11.3092
-11.5557
-12.0119
-12.4954
-9.36822
57.6747
81.0642
91.8624
81.2795
14.0544
-12.529
-12.6986
-11.997
-11.5205
-11.2771
-11.2187
-11.2719
-11.4255
-11.7084
-12.08
-12.3602
-12.3485
-12.0509
-11.785
-11.6305
-11.4621
-11.3477
-11.3541
-11.4608
-11.5853
-11.6608
-11.734
-11.8845
-12.089
-12.317
-12.5641
-13.0581
-13.816
-14.6781
-15.4256
-15.0674
-14.0307
-12.4848
-10.3441
-7.06976
-4.16213
-1.68549
-6.14941
-7.6548
-9.37679
-11.5638
-13.8935
-15.4396
-16.3808
-16.5522
-15.925
-14.9155
-13.9751
-13.2782
-12.8229
-12.4755
-12.2225
-12.0788
-12.0061
-11.933
-11.8182
-11.6637
-11.496
-11.3611
-11.3015
-11.3764
-11.6645
-12.2645
-12.9997
-13.4348
-13.451
-13.3048
-13.1811
-13.0596
-12.9169
-12.7629
-12.5924
-12.5194
-12.2048
-11.3305
-9.99423
14.1436
27.7239
-3.58391
-11.6172
-12.3369
-12.8338
-12.9613
-12.9388
-12.861
-12.7824
-12.7851
-12.9013
-13.1281
-13.3635
-13.4304
-13.1456
-12.5823
-12.0708
-11.7622
-11.6456
-11.6259
-11.7375
-11.9067
-12.0569
-12.152
-12.2068
-12.2888
-12.4754
-12.7685
-13.1409
-13.6745
-14.4476
-15.3756
-16.1447
-16.2197
-15.3803
-13.9688
-12.0289
-9.74926
-7.82044
-6.40521
-9.39249
-10.524
-11.7708
-13.6578
-15.4863
-16.8207
-17.7409
-17.8125
-17.1438
-16.0605
-14.9514
-14.0681
-13.4652
-13.0655
-12.8046
-12.6412
-12.531
-12.4281
-12.3047
-12.154
-11.9867
-11.83
-11.7428
-11.8093
-12.1662
-12.9137
-13.8508
-14.4831
-14.6202
-14.5563
-14.5411
-14.5426
-14.3959
-13.979
-13.4851
-13.07
-12.3624
-11.3833
-10.33
-9.86816
-9.84892
-10.38
-11.3513
-12.3396
-13.1808
-13.8745
-14.2184
-14.2615
-14.1578
-14.0952
-14.1423
-14.2926
-14.4439
-14.3881
-13.9221
-13.1397
-12.4169
-11.9998
-11.8643
-11.9548
-12.1332
-12.3314
-12.503
-12.6363
-12.7476
-12.8692
-13.0498
-13.3342
-13.7828
-14.4914
-15.4878
-16.5979
-17.4377
-17.6222
-16.9331
-15.6465
-13.8383
-11.9742
-10.6317
-9.69643
-11.5965
-12.5994
-13.7689
-15.5095
-16.9019
-18.0791
-18.8622
-18.8562
-18.1507
-17.007
-15.7922
-14.791
-14.0942
-13.6494
-13.3714
-13.1912
-13.0612
-12.9473
-12.8288
-12.6981
-12.5683
-12.4465
-12.3762
-12.4384
-12.773
-13.5165
-14.5073
-15.2717
-15.5278
-15.5198
-15.5646
-15.6729
-15.5796
-14.9881
-14.3079
-13.8751
-13.0947
-11.9889
-11.1212
-10.5648
-10.4842
-11.0458
-11.9
-12.887
-14.0147
-14.9095
-15.287
-15.3134
-15.2074
-15.1065
-15.0925
-15.1882
-15.2803
-15.1389
-14.5672
-13.701
-12.9437
-12.544
-12.4557
-12.5436
-12.6907
-12.8434
-12.9949
-13.1277
-13.2534
-13.3976
-13.6025
-13.9286
-14.4672
-15.3118
-16.45
-17.6568
-18.5507
-18.8198
-18.2589
-17.1536
-15.6444
-13.9816
-12.8328
-11.9228
-13.1633
-14.1243
-15.3792
-16.7984
-17.905
-18.7888
-19.372
-19.3279
-18.6258
-17.5051
-16.3096
-15.3212
-14.6286
-14.1884
-13.9154
-13.7307
-13.5944
-13.4806
-13.375
-13.2747
-13.1759
-13.1011
-13.0779
-13.1642
-13.4608
-14.0833
-14.9605
-15.7531
-16.1243
-16.1953
-16.2579
-16.3896
-16.3413
-15.7615
-15.0665
-14.7269
-14.0896
-12.9921
-12.2421
-11.8235
-11.7725
-12.1408
-12.8191
-13.8251
-14.9831
-15.6524
-15.9508
-16.0346
-15.9684
-15.8397
-15.7942
-15.868
-15.8896
-15.6557
-15.0462
-14.251
-13.6038
-13.2615
-13.1589
-13.1918
-13.2878
-13.4101
-13.5267
-13.6453
-13.7712
-13.9231
-14.1364
-14.4697
-15.02
-15.8758
-17.018
-18.2172
-19.0904
-19.3912
-18.956
-18.0675
-17.1244
-15.8218
-14.5889
-13.4838
-14.2045
-15.0557
-16.2532
-17.4896
-18.3669
-18.9417
-19.2994
-19.1788
-18.5621
-17.5724
-16.5308
-15.676
-15.0739
-14.6778
-14.439
-14.2578
-14.1234
-14.0154
-13.9234
-13.845
-13.7826
-13.749
-13.7665
-13.8745
-14.1342
-14.615
-15.3058
-16.0074
-16.443
-16.609
-16.6562
-16.8345
-16.8665
-16.4327
-15.8696
-15.5696
-15.1264
-14.1431
-13.4611
-13.1114
-13.0571
-13.3158
-13.8773
-14.8693
-15.7452
-16.091
-16.4103
-16.5916
-16.5335
-16.3661
-16.3019
-16.3292
-16.259
-15.959
-15.3979
-14.7602
-14.2615
-13.9733
-13.8531
-13.8404
-13.888
-13.9666
-14.0597
-14.1642
-14.2841
-14.4315
-14.6363
-14.9438
-15.4367
-16.1904
-17.1993
-18.2701
-19.0573
-19.3558
-19.0678
-18.4448
-17.8747
-16.8856
-15.5992
-14.5179
-14.8433
-15.4278
-16.4099
-17.4336
-18.1251
-18.5702
-18.7807
-18.6124
-18.1145
-17.359
-16.5771
-15.932
-15.4662
-15.1469
-14.9296
-14.7741
-14.6501
-14.5528
-14.4755
-14.417
-14.3811
-14.3773
-14.4215
-14.5396
-14.7539
-15.1207
-15.6241
-16.1731
-16.6001
-16.8501
-16.9861
-17.1703
-17.4066
-17.2196
-16.7088
-16.3222
-16.0126
-15.2177
-14.6266
-14.3269
-14.2631
-14.4557
-14.9361
-15.7812
-16.3581
-16.4963
-16.9023
-17.1529
-16.9922
-16.7714
-16.6777
-16.6041
-16.4477
-16.1365
-15.6909
-15.2299
-14.8631
-14.6257
-14.507
-14.4665
-14.4804
-14.5288
-14.5994
-14.6883
-14.7985
-14.9258
-15.1088
-15.3699
-15.763
-16.3435
-17.1127
-17.9362
-18.5696
-18.8471
-18.7085
-18.299
-17.8473
-17.0105
-15.8735
-15.1242
-15.276
-15.5463
-16.1884
-16.9555
-17.5515
-17.9231
-18.0738
-17.9416
-17.6187
-17.1287
-16.6147
-16.176
-15.8412
-15.5959
-15.4158
-15.2798
-15.1733
-15.0901
-15.0276
-14.9863
-14.9692
-14.9847
-15.0435
-15.1542
-15.342
-15.6205
-15.9859
-16.3982
-16.7744
-17.074
-17.3078
-17.5917
-18.0153
-18.1344
-17.6276
-17.1109
-16.8274
-16.2037
-15.6652
-15.4117
-15.3323
-15.483
-15.9189
-16.5489
-16.9187
-17.075
-17.5959
-17.7497
-17.4311
-17.1713
-17.0095
-16.8503
-16.6428
-16.3583
-16.0219
-15.6933
-15.424
-15.2343
-15.1213
-15.0694
-15.0628
-15.0894
-15.1405
-15.212
-15.3036
-15.4176
-15.5691
-15.7754
-16.065
-16.4671
-16.9789
-17.5229
-17.959
-18.1638
-18.0745
-17.767
-17.3493
-16.6639
-15.8758
-15.5136
-15.6688
-15.7279
-16.0742
-16.5925
-17.0595
-17.3786
-17.5268
-17.4937
-17.3172
-17.0409
-16.7338
-16.4525
-16.2203
-16.037
-15.8936
-15.7809
-15.6922
-15.6243
-15.5763
-15.5492
-15.5435
-15.5703
-15.6334
-15.7402
-15.901
-16.1223
-16.4012
-16.7199
-17.0428
-17.3521
-17.6525
-18.0161
-18.5548
-18.905
-18.566
-17.9824
-17.6362
-17.1058
-16.5677
-16.3359
-16.2444
-16.3682
-16.7713
-17.2334
-17.4401
-17.7431
-18.3078
-18.2537
-17.8515
-17.5634
-17.3534
-17.1502
-16.9289
-16.6784
-16.4151
-16.168
-15.9618
-15.8075
-15.7055
-15.6494
-15.6309
-15.6423
-15.6773
-15.7323
-15.806
-15.9003
-16.0213
-16.178
-16.3825
-16.6443
-16.9541
-17.2662
-17.5094
-17.61
-17.5196
-17.2576
-16.8773
-16.382
-15.9518
-15.8654
-16.0724
-16.0495
-16.2283
-16.5527
-16.8866
-17.1455
-17.2945
-17.3269
-17.2575
-17.1184
-16.9446
-16.7689
-16.6107
-16.4766
-16.366
-16.2764
-16.2054
-16.1519
-16.1163
-16.0995
-16.1042
-16.1355
-16.1977
-16.2956
-16.4339
-16.6153
-16.8373
-17.0913
-17.3619
-17.6443
-17.9468
-18.3053
-18.8065
-19.198
-19.1134
-18.6842
-18.3356
-17.8737
-17.3317
-17.089
-16.9837
-17.0909
-17.4696
-17.8686
-18.0011
-18.358
-18.7776
-18.5855
-18.1999
-17.9099
-17.6811
-17.4702
-17.2606
-17.0454
-16.8335
-16.6395
-16.4758
-16.3489
-16.2596
-16.2051
-16.181
-16.1824
-16.205
-16.2454
-16.3026
-16.3766
-16.4698
-16.5852
-16.726
-16.8912
-17.0687
-17.229
-17.3401
-17.351
-17.2438
-17.0213
-16.7146
-16.3891
-16.1903
-16.2308
-16.4973
-16.4535
-16.552
-16.7619
-16.9986
-17.2
-17.3354
-17.3956
-17.387
-17.3217
-17.2264
-17.1188
-17.0133
-16.9176
-16.8351
-16.7664
-16.7117
-16.6712
-16.6458
-16.637
-16.6473
-16.6798
-16.7378
-16.8243
-16.9419
-17.091
-17.2693
-17.4713
-17.6891
-17.9208
-18.1716
-18.4538
-18.83
-19.1713
-19.2641
-19.1111
-18.7924
-18.422
-17.9191
-17.6489
-17.5352
-17.6459
-17.9937
-18.4161
-18.5498
-18.8416
-18.9885
-18.7617
-18.4321
-18.1822
-17.973
-17.7826
-17.6002
-17.4216
-17.2514
-17.0975
-16.9668
-16.8631
-16.7871
-16.7377
-16.7123
-16.7078
-16.7212
-16.7499
-16.7924
-16.8482
-16.9172
-16.9994
-17.0936
-17.1951
-17.2931
-17.3742
-17.4024
-17.3655
-17.2523
-17.0686
-16.8416
-16.6333
-16.5465
-16.6172
-16.9439
-16.9032
-16.9629
-17.1067
-17.2773
-17.432
-17.547
-17.6132
-17.632
-17.6108
-17.5604
-17.4962
-17.4278
-17.3616
-17.3022
-17.2515
-17.2108
-17.1814
-17.1643
-17.1612
-17.1741
-17.2053
-17.2572
-17.3314
-17.4292
-17.5501
-17.6917
-17.8497
-18.0185
-18.1949
-18.3795
-18.5736
-18.8164
-19.0837
-19.2388
-19.1979
-19.0021
-18.6876
-18.2833
-17.9856
-17.8816
-18.0157
-18.3648
-18.8079
-18.9802
-19.1228
-19.0828
-18.8635
-18.607
-18.4155
-18.2478
-18.0927
-17.9442
-17.801
-17.6663
-17.5449
-17.4411
-17.3572
-17.2941
-17.2511
-17.2268
-17.2192
-17.2262
-17.2455
-17.2759
-17.3161
-17.3652
-17.4214
-17.4819
-17.5421
-17.5942
-17.6221
-17.6136
-17.5594
-17.4552
-17.3083
-17.1425
-17.0055
-16.9636
-17.0262
-17.4121
-17.3823
-17.4229
-17.5236
-17.6474
-17.7652
-17.8595
-17.9223
-17.9526
-17.9537
-17.9323
-17.8964
-17.8535
-17.8092
-17.7683
-17.7324
-17.7034
-17.6828
-17.6722
-17.6729
-17.6867
-17.7152
-17.7599
-17.8218
-17.9012
-17.9972
-18.1074
-18.2281
-18.3545
-18.4824
-18.6095
-18.7331
-18.8708
-19.0282
-19.1401
-19.1326
-19.0035
-18.7336
-18.4211
-18.1414
-18.0487
-18.2045
-18.5715
-19.0082
-19.2093
-19.2491
-19.1468
-18.957
-18.7816
-18.6486
-18.5264
-18.4095
-18.2955
-18.1851
-18.0808
-17.9864
-17.9048
-17.8378
-17.7862
-17.7498
-17.7277
-17.7187
-17.7212
-17.7335
-17.7541
-17.7817
-17.8149
-17.8514
-17.8883
-17.9205
-17.9418
-17.9434
-17.918
-17.8609
-17.7716
-17.6572
-17.536
-17.4416
-17.4155
-17.4609
-17.8954
-17.8761
-17.9063
-17.9785
-18.0689
-18.1582
-18.234
-18.2898
-18.3233
-18.336
-18.3313
-18.3141
-18.2898
-18.2626
-18.2349
-18.2101
-18.1902
-18.1767
-18.1708
-18.174
-18.1875
-18.2124
-18.2498
-18.3
-18.3629
-18.4372
-18.5206
-18.6098
-18.7005
-18.7885
-18.8699
-18.9405
-19.0051
-19.0684
-19.1052
-19.0685
-18.9366
-18.7212
-18.4477
-18.1991
-18.1149
-18.2684
-18.624
-19.0376
-19.2514
-19.2806
-19.1979
-19.0758
-18.9776
-18.8977
-18.8183
-18.7377
-18.656
-18.5747
-18.4968
-18.425
-18.362
-18.3093
-18.2679
-18.2377
-18.2183
-18.2088
-18.2081
-18.215
-18.2281
-18.2459
-18.2668
-18.2886
-18.3086
-18.3226
-18.326
-18.3138
-18.2819
-18.2283
-18.1544
-18.0662
-17.9772
-17.9096
-17.8894
-17.9191
-18.3874
-18.3758
-18.3994
-18.4524
-18.5192
-18.5872
-18.6476
-18.6954
-18.7282
-18.7462
-18.751
-18.7456
-18.7335
-18.7177
-18.7008
-18.685
-18.6723
-18.6641
-18.6617
-18.6663
-18.6787
-18.6999
-18.7302
-18.7698
-18.8181
-18.8739
-18.9348
-18.9978
-19.0594
-19.1153
-19.161
-19.1922
-19.2081
-19.21
-19.1856
-19.1065
-18.957
-18.7499
-18.4998
-18.28
-18.1976
-18.3193
-18.618
-18.9666
-19.204
-19.2782
-19.2679
-19.2321
-19.2029
-19.1699
-19.1285
-19.0802
-19.0269
-18.971
-18.9154
-18.8628
-18.8154
-18.775
-18.7423
-18.7177
-18.7011
-18.6918
-18.6891
-18.692
-18.6992
-18.7094
-18.7211
-18.7324
-18.7407
-18.7432
-18.7366
-18.7178
-18.6848
-18.6373
-18.5771
-18.5092
-18.4431
-18.3931
-18.3758
-18.394
-18.8836
-18.877
-18.8961
-18.9358
-18.9859
-19.038
-19.0861
-19.1264
-19.1567
-19.1763
-19.1862
-19.1881
-19.1841
-19.1764
-19.1671
-19.1581
-19.1508
-19.1465
-19.1465
-19.1517
-19.1626
-19.18
-19.2038
-19.2341
-19.27
-19.3102
-19.3526
-19.3946
-19.4329
-19.4643
-19.4827
-19.4861
-19.4712
-19.4372
-19.3755
-19.2675
-19.1034
-18.8973
-18.6718
-18.4858
-18.4088
-18.4851
-18.697
-18.9705
-19.1928
-19.324
-19.3958
-19.4397
-19.4642
-19.4702
-19.4607
-19.4394
-19.4098
-19.375
-19.3379
-19.3012
-19.267
-19.2368
-19.2118
-19.1923
-19.1784
-19.1698
-19.1658
-19.1658
-19.1687
-19.1733
-19.1784
-19.1822
-19.1829
-19.1783
-19.1664
-19.1452
-19.114
-19.073
-19.0242
-18.9717
-18.9218
-18.8839
-18.8687
-18.8793
-19.3815
-19.378
-19.3936
-19.4239
-19.4619
-19.5022
-19.5407
-19.5743
-19.6013
-19.6208
-19.6331
-19.6392
-19.6404
-19.6383
-19.6343
-19.63
-19.6267
-19.6253
-19.6268
-19.6319
-19.6411
-19.6549
-19.673
-19.6953
-19.7209
-19.7484
-19.776
-19.8013
-19.8213
-19.8326
-19.8335
-19.8186
-19.7856
-19.7331
-19.6546
-19.5366
-19.3736
-19.1822
-18.9918
-18.8476
-18.786
-18.8277
-18.9604
-19.1566
-19.3492
-19.5085
-19.6303
-19.7165
-19.772
-19.8036
-19.8168
-19.8164
-19.8054
-19.7874
-19.7652
-19.7414
-19.7181
-19.6967
-19.6782
-19.6632
-19.6519
-19.6441
-19.6396
-19.6377
-19.6375
-19.6382
-19.6386
-19.6374
-19.6333
-19.6247
-19.6103
-19.5891
-19.5607
-19.5259
-19.4865
-19.4455
-19.4073
-19.378
-19.3647
-19.3706
-19.8795
-19.8779
-19.8907
-19.914
-19.9433
-19.9748
-20.0057
-20.0337
-20.0573
-20.0756
-20.0887
-20.097
-20.1014
-20.1029
-20.1026
-20.1016
-20.1009
-20.1014
-20.1037
-20.1085
-20.116
-20.1263
-20.1396
-20.1552
-20.1723
-20.1897
-20.2058
-20.2185
-20.2254
-20.2239
-20.2116
-20.1851
-20.1427
-20.0834
-20.0023
-19.89
-19.7439
-19.5816
-19.4329
-19.3297
-19.2863
-19.3097
-19.3914
-19.5255
-19.6822
-19.8341
-19.9621
-20.0584
-20.1257
-20.1708
-20.1982
-20.2115
-20.2139
-20.2087
-20.1981
-20.1846
-20.17
-20.1557
-20.1428
-20.1317
-20.1229
-20.1162
-20.1116
-20.1085
-20.1063
-20.1043
-20.1017
-20.0974
-20.0905
-20.0799
-20.0648
-20.0446
-20.0195
-19.9902
-19.9582
-19.9259
-19.8963
-19.8733
-19.8618
-19.8648
-20.3768
-20.3763
-20.3867
-20.405
-20.4278
-20.4526
-20.4776
-20.5008
-20.5212
-20.5379
-20.5509
-20.5601
-20.5663
-20.57
-20.5721
-20.5733
-20.5743
-20.5759
-20.5786
-20.5827
-20.5885
-20.5959
-20.605
-20.6151
-20.6255
-20.635
-20.6424
-20.6459
-20.6436
-20.6335
-20.6132
-20.5807
-20.5349
-20.4757
-20.4004
-20.3027
-20.1822
-20.0546
-19.9448
-19.8726
-19.8426
-19.8572
-19.9119
-20.0061
-20.1261
-20.2511
-20.3626
-20.4517
-20.5189
-20.5682
-20.6025
-20.624
-20.6352
-20.6386
-20.6368
-20.6313
-20.6236
-20.6151
-20.6067
-20.5991
-20.5924
-20.587
-20.5826
-20.5789
-20.5756
-20.572
-20.5675
-20.5615
-20.5531
-20.5417
-20.5269
-20.5084
-20.4865
-20.4619
-20.4359
-20.4102
-20.387
-20.3688
-20.3589
-20.3602
-20.8731
-20.8731
-20.8817
-20.8961
-20.914
-20.9338
-20.954
-20.9733
-20.9908
-21.0058
-21.018
-21.0275
-21.0344
-21.0394
-21.0429
-21.0453
-21.0474
-21.0496
-21.0523
-21.0556
-21.0598
-21.0647
-21.0703
-21.076
-21.0812
-21.0848
-21.0859
-21.083
-21.0745
-21.059
-21.0347
-21.0002
-20.955
-20.8997
-20.8334
-20.7528
-20.6586
-20.5629
-20.4832
-20.4314
-20.4094
-20.419
-20.4588
-20.5276
-20.6176
-20.7144
-20.8044
-20.8806
-20.942
-20.9901
-21.0263
-21.0517
-21.0682
-21.0777
-21.0818
-21.0821
-21.0797
-21.0757
-21.071
-21.0661
-21.0615
-21.0572
-21.0533
-21.0496
-21.0457
-21.0413
-21.0358
-21.0289
-21.0199
-21.0086
-20.9947
-20.9782
-20.9593
-20.9387
-20.9174
-20.8968
-20.8783
-20.8637
-20.8554
-20.8558
-21.3682
-21.3686
-21.3755
-21.387
-21.4012
-21.4171
-21.4336
-21.4497
-21.4646
-21.4778
-21.489
-21.4981
-21.5053
-21.5108
-21.515
-21.5181
-21.5207
-21.5231
-21.5255
-21.528
-21.5307
-21.5336
-21.5365
-21.5388
-21.5399
-21.5393
-21.5359
-21.5287
-21.5164
-21.498
-21.4723
-21.4385
-21.3962
-21.3464
-21.2894
-21.2242
-21.1523
-21.0815
-21.0235
-20.9851
-20.9682
-20.9749
-21.0048
-21.0562
-21.1235
-21.1974
-21.2688
-21.3323
-21.3862
-21.4306
-21.4658
-21.4925
-21.5117
-21.5248
-21.5328
-21.5371
-21.5386
-21.538
-21.5362
-21.5337
-21.5308
-21.5277
-21.5244
-21.5208
-21.5168
-21.5121
-21.5063
-21.4991
-21.4903
-21.4795
-21.4668
-21.4522
-21.436
-21.4187
-21.4013
-21.3846
-21.3698
-21.358
-21.3511
-21.3509
-21.8622
-21.8627
-21.8684
-21.8776
-21.889
-21.9018
-21.9153
-21.9287
-21.9414
-21.9529
-21.963
-21.9715
-21.9785
-21.9841
-21.9884
-21.9918
-21.9946
-21.9969
-21.9989
-22.0006
-22.0021
-22.0033
-22.004
-22.0037
-22.002
-21.9983
-21.9919
-21.9819
-21.9676
-21.9481
-21.9227
-21.8909
-21.8527
-21.809
-21.7605
-21.7079
-21.6526
-21.5999
-21.5569
-21.5279
-21.5152
-21.5202
-21.5431
-21.5819
-21.6328
-21.6895
-21.7461
-21.7986
-21.8451
-21.8848
-21.9177
-21.9439
-21.9641
-21.979
-21.9895
-21.9964
-22.0004
-22.0025
-22.0029
-22.0023
-22.0008
-21.9987
-21.9961
-21.9929
-21.9891
-21.9844
-21.9787
-21.9718
-21.9634
-21.9535
-21.9421
-21.9293
-21.9155
-21.901
-21.8867
-21.8731
-21.8611
-21.8516
-21.8458
-21.8453
-22.3553
-22.3559
-22.3605
-22.3679
-22.377
-22.3875
-22.3985
-22.4097
-22.4205
-22.4305
-22.4394
-22.4471
-22.4536
-22.459
-22.4633
-22.4666
-22.4693
-22.4713
-22.4728
-22.4738
-22.4743
-22.4741
-22.4731
-22.471
-22.4672
-22.4615
-22.4532
-22.4418
-22.4266
-22.4071
-22.383
-22.3539
-22.3202
-22.2823
-22.2415
-22.1986
-22.1555
-22.1156
-22.083
-22.0607
-22.0515
-22.0558
-22.0737
-22.1035
-22.1425
-22.1865
-22.2317
-22.2748
-22.3143
-22.3493
-22.3791
-22.4039
-22.4238
-22.4394
-22.4512
-22.4597
-22.4656
-22.4694
-22.4715
-22.4722
-22.4719
-22.4707
-22.4688
-22.4661
-22.4627
-22.4583
-22.4529
-22.4465
-22.4388
-22.4299
-22.4198
-22.4088
-22.397
-22.3849
-22.373
-22.3619
-22.3522
-22.3444
-22.3396
-22.339
-22.8476
-22.8481
-22.8519
-22.8578
-22.8653
-22.8738
-22.8829
-22.8922
-22.9014
-22.9099
-22.9177
-22.9246
-22.9305
-22.9355
-22.9395
-22.9426
-22.9449
-22.9466
-22.9476
-22.948
-22.9476
-22.9464
-22.9442
-22.9407
-22.9357
-22.9287
-22.9193
-22.9072
-22.892
-22.8733
-22.8509
-22.8248
-22.7953
-22.763
-22.7287
-22.6937
-22.6595
-22.6285
-22.6033
-22.5864
-22.5799
-22.5836
-22.598
-22.6211
-22.6514
-22.6861
-22.7222
-22.7576
-22.7909
-22.8212
-22.8479
-22.8707
-22.8897
-22.9052
-22.9174
-22.9268
-22.9338
-22.9387
-22.9419
-22.9437
-22.9444
-22.944
-22.9427
-22.9406
-22.9376
-22.9337
-22.9288
-22.9229
-22.9161
-22.9082
-22.8994
-22.8899
-22.88
-22.8699
-22.86
-22.8509
-22.8429
-22.8366
-22.8326
-22.832
-23.3391
-23.3396
-23.3427
-23.3475
-23.3536
-23.3606
-23.3681
-23.3759
-23.3836
-23.3909
-23.3976
-23.4036
-23.4089
-23.4133
-23.4169
-23.4196
-23.4217
-23.423
-23.4235
-23.4232
-23.4222
-23.4202
-23.4172
-23.4129
-23.407
-23.3993
-23.3895
-23.3774
-23.3627
-23.3451
-23.3247
-23.3016
-23.276
-23.2486
-23.22
-23.1913
-23.1637
-23.1393
-23.119
-23.1065
-23.1021
-23.1052
-23.1171
-23.1353
-23.1591
-23.1866
-23.2156
-23.2447
-23.2727
-23.2987
-23.3222
-23.3429
-23.3606
-23.3754
-23.3876
-23.3973
-23.4048
-23.4104
-23.4144
-23.417
-23.4184
-23.4186
-23.418
-23.4164
-23.4138
-23.4105
-23.4062
-23.401
-23.3949
-23.3881
-23.3805
-23.3724
-23.364
-23.3556
-23.3474
-23.3399
-23.3333
-23.3281
-23.3248
-23.3243
-23.8301
-23.8306
-23.8331
-23.837
-23.842
-23.8477
-23.8539
-23.8604
-23.8668
-23.873
-23.8788
-23.884
-23.8886
-23.8924
-23.8955
-23.8979
-23.8995
-23.9004
-23.9005
-23.8997
-23.8982
-23.8957
-23.8921
-23.8872
-23.8809
-23.8729
-23.8632
-23.8514
-23.8375
-23.8214
-23.803
-23.7827
-23.7607
-23.7375
-23.7137
-23.6901
-23.6678
-23.6482
-23.6315
-23.6222
-23.6189
-23.6219
-23.6319
-23.6465
-23.6654
-23.6873
-23.7107
-23.7346
-23.758
-23.7803
-23.8008
-23.8193
-23.8355
-23.8494
-23.8611
-23.8707
-23.8784
-23.8844
-23.8889
-23.892
-23.8939
-23.8947
-23.8945
-23.8934
-23.8914
-23.8886
-23.8849
-23.8804
-23.8752
-23.8693
-23.8629
-23.856
-23.8489
-23.8418
-23.835
-23.8288
-23.8235
-23.8192
-23.8165
-23.816
-24.3207
-24.321
-24.3231
-24.3263
-24.3304
-24.3351
-24.3402
-24.3456
-24.351
-24.3562
-24.3611
-24.3655
-24.3694
-24.3727
-24.3753
-24.3772
-24.3785
-24.3789
-24.3786
-24.3775
-24.3756
-24.3727
-24.3687
-24.3636
-24.3571
-24.3492
-24.3397
-24.3286
-24.3157
-24.301
-24.2847
-24.267
-24.2481
-24.2285
-24.2088
-24.1895
-24.1715
-24.1558
-24.1426
-24.1349
-24.1323
-24.1353
-24.1434
-24.1552
-24.1702
-24.1877
-24.2066
-24.2262
-24.2459
-24.2648
-24.2827
-24.299
-24.3137
-24.3265
-24.3375
-24.3468
-24.3544
-24.3605
-24.3652
-24.3687
-24.3709
-24.3722
-24.3724
-24.3718
-24.3702
-24.3679
-24.3649
-24.3611
-24.3566
-24.3516
-24.3462
-24.3404
-24.3344
-24.3285
-24.3229
-24.3178
-24.3134
-24.3099
-24.3076
-24.3072
-24.8108
-24.8111
-24.8128
-24.8155
-24.8188
-24.8226
-24.8268
-24.8313
-24.8358
-24.8401
-24.8442
-24.848
-24.8513
-24.8539
-24.8561
-24.8576
-24.8585
-24.8586
-24.8579
-24.8566
-24.8544
-24.8512
-24.8471
-24.8419
-24.8355
-24.8278
-24.8188
-24.8083
-24.7965
-24.7834
-24.769
-24.7535
-24.7374
-24.7209
-24.7046
-24.6889
-24.6745
-24.6621
-24.6524
-24.6458
-24.6436
-24.6465
-24.6527
-24.6619
-24.6737
-24.6875
-24.7028
-24.719
-24.7354
-24.7515
-24.7669
-24.7813
-24.7944
-24.8062
-24.8164
-24.8252
-24.8326
-24.8386
-24.8433
-24.8469
-24.8495
-24.851
-24.8516
-24.8513
-24.8503
-24.8485
-24.846
-24.8428
-24.8391
-24.8349
-24.8303
-24.8255
-24.8205
-24.8156
-24.8109
-24.8067
-24.8031
-24.8002
-24.7984
-24.798
-25.3007
-25.3009
-25.3023
-25.3045
-25.3072
-25.3104
-25.3138
-25.3175
-25.3212
-25.3248
-25.3282
-25.3313
-25.334
-25.3362
-25.3379
-25.339
-25.3395
-25.3393
-25.3384
-25.3368
-25.3344
-25.3311
-25.327
-25.3218
-25.3156
-25.3083
-25.2998
-25.2902
-25.2795
-25.2678
-25.2551
-25.2417
-25.228
-25.2142
-25.2007
-25.1879
-25.1765
-25.1668
-25.1597
-25.1545
-25.153
-25.1555
-25.1601
-25.1667
-25.1757
-25.1867
-25.199
-25.2123
-25.226
-25.2397
-25.253
-25.2656
-25.2773
-25.2879
-25.2973
-25.3055
-25.3125
-25.3183
-25.323
-25.3267
-25.3294
-25.3311
-25.332
-25.3321
-25.3314
-25.3301
-25.3281
-25.3255
-25.3225
-25.319
-25.3152
-25.3111
-25.307
-25.3029
-25.2991
-25.2956
-25.2926
-25.2903
-25.2887
-25.2884
-25.7903
-25.7905
-25.7916
-25.7934
-25.7956
-25.7982
-25.801
-25.804
-25.807
-25.81
-25.8128
-25.8154
-25.8175
-25.8193
-25.8206
-25.8213
-25.8215
-25.821
-25.82
-25.8182
-25.8157
-25.8124
-25.8082
-25.8032
-25.7973
-25.7904
-25.7826
-25.7738
-25.7642
-25.7538
-25.7427
-25.7311
-25.7193
-25.7077
-25.6966
-25.6862
-25.6772
-25.6699
-25.6644
-25.6602
-25.6599
-25.6624
-25.6655
-25.6698
-25.6764
-25.685
-25.6949
-25.7058
-25.7173
-25.7289
-25.7405
-25.7515
-25.7619
-25.7714
-25.78
-25.7875
-25.7941
-25.7996
-25.8042
-25.8078
-25.8105
-25.8125
-25.8136
-25.8139
-25.8136
-25.8127
-25.8111
-25.8091
-25.8066
-25.8037
-25.8006
-25.7973
-25.7939
-25.7905
-25.7873
-25.7845
-25.782
-25.7801
-25.7788
-25.7786
-26.2797
-26.2799
-26.2808
-26.2822
-26.284
-26.2861
-26.2884
-26.2909
-26.2933
-26.2957
-26.298
-26.3
-26.3017
-26.3031
-26.3041
-26.3045
-26.3044
-26.3037
-26.3025
-26.3006
-26.2981
-26.2948
-26.2907
-26.286
-26.2804
-26.274
-26.2668
-26.2589
-26.2502
-26.241
-26.2312
-26.2212
-26.2112
-26.2014
-26.1921
-26.1837
-26.1767
-26.1714
-26.167
-26.1638
-26.1641
-26.1669
-26.1687
-26.1711
-26.1757
-26.1824
-26.1904
-26.1994
-26.209
-26.219
-26.2289
-26.2386
-26.2478
-26.2563
-26.264
-26.271
-26.277
-26.2823
-26.2866
-26.2902
-26.2929
-26.2949
-26.2962
-26.2968
-26.2967
-26.2961
-26.295
-26.2934
-26.2914
-26.2891
-26.2866
-26.2839
-26.2811
-26.2783
-26.2757
-26.2733
-26.2713
-26.2697
-26.2687
-26.2685
-26.769
-26.7691
-26.7698
-26.771
-26.7724
-26.7741
-26.776
-26.778
-26.78
-26.7819
-26.7837
-26.7853
-26.7866
-26.7877
-26.7883
-26.7884
-26.7881
-26.7873
-26.7859
-26.784
-26.7814
-26.7782
-26.7744
-26.7699
-26.7647
-26.7588
-26.7522
-26.745
-26.7373
-26.7291
-26.7206
-26.7119
-26.7033
-26.695
-26.6873
-26.6804
-26.6749
-26.6711
-26.6678
-26.6653
-26.6656
-26.6682
-26.6694
-26.6705
-26.6735
-26.6788
-26.6854
-26.6929
-26.701
-26.7096
-26.7182
-26.7266
-26.7347
-26.7423
-26.7493
-26.7556
-26.7612
-26.7661
-26.7702
-26.7736
-26.7763
-26.7783
-26.7797
-26.7805
-26.7807
-26.7804
-26.7796
-26.7784
-26.7769
-26.775
-26.773
-26.7708
-26.7685
-26.7663
-26.7641
-26.7622
-26.7605
-26.7592
-26.7584
-26.7582
-27.2581
-27.2582
-27.2588
-27.2597
-27.2609
-27.2622
-27.2638
-27.2654
-27.2669
-27.2685
-27.2699
-27.2711
-27.2721
-27.2728
-27.2731
-27.2731
-27.2726
-27.2716
-27.2702
-27.2682
-27.2657
-27.2626
-27.259
-27.2548
-27.2499
-27.2445
-27.2386
-27.2321
-27.2252
-27.218
-27.2105
-27.203
-27.1956
-27.1885
-27.182
-27.1762
-27.1719
-27.1692
-27.1666
-27.1643
-27.1646
-27.1664
-27.1677
-27.168
-27.1702
-27.1745
-27.1799
-27.1862
-27.1932
-27.2005
-27.208
-27.2154
-27.2225
-27.2293
-27.2355
-27.2413
-27.2464
-27.2509
-27.2548
-27.258
-27.2606
-27.2626
-27.2641
-27.265
-27.2654
-27.2653
-27.2648
-27.264
-27.2628
-27.2614
-27.2598
-27.258
-27.2562
-27.2544
-27.2527
-27.2511
-27.2497
-27.2486
-27.2479
-27.2478
-27.7472
-27.7473
-27.7477
-27.7485
-27.7494
-27.7505
-27.7517
-27.7529
-27.7542
-27.7554
-27.7564
-27.7573
-27.758
-27.7585
-27.7586
-27.7583
-27.7577
-27.7567
-27.7552
-27.7532
-27.7508
-27.7478
-27.7444
-27.7405
-27.736
-27.7311
-27.7257
-27.7199
-27.7138
-27.7074
-27.7008
-27.6943
-27.6879
-27.6818
-27.6762
-27.6714
-27.6678
-27.6657
-27.6634
-27.6617
-27.6616
-27.6628
-27.664
-27.6641
-27.6659
-27.6695
-27.6741
-27.6795
-27.6855
-27.6918
-27.6982
-27.7047
-27.711
-27.717
-27.7226
-27.7278
-27.7325
-27.7366
-27.7402
-27.7433
-27.7458
-27.7478
-27.7492
-27.7502
-27.7508
-27.7509
-27.7507
-27.7501
-27.7493
-27.7482
-27.747
-27.7456
-27.7441
-27.7427
-27.7412
-27.74
-27.7388
-27.738
-27.7374
-27.7373
-28.2362
-28.2363
-28.2366
-28.2372
-28.2379
-28.2388
-28.2397
-28.2407
-28.2416
-28.2425
-28.2433
-28.244
-28.2444
-28.2446
-28.2446
-28.2442
-28.2435
-28.2424
-28.2409
-28.2389
-28.2365
-28.2338
-28.2306
-28.2269
-28.2228
-28.2184
-28.2135
-28.2083
-28.2028
-28.1971
-28.1914
-28.1857
-28.1802
-28.175
-28.1701
-28.166
-28.1628
-28.1611
-28.159
-28.1577
-28.1573
-28.1579
-28.1589
-28.1595
-28.161
-28.1641
-28.1681
-28.1727
-28.1778
-28.1833
-28.1889
-28.1945
-28.2
-28.2054
-28.2104
-28.215
-28.2193
-28.2231
-28.2264
-28.2293
-28.2317
-28.2336
-28.235
-28.2361
-28.2368
-28.237
-28.237
-28.2367
-28.2361
-28.2354
-28.2344
-28.2333
-28.2322
-28.231
-28.2299
-28.2289
-28.228
-28.2273
-28.2268
-28.2268
-28.7252
-28.7252
-28.7255
-28.726
-28.7265
-28.7272
-28.7278
-28.7286
-28.7293
-28.7299
-28.7305
-28.7309
-28.7312
-28.7312
-28.731
-28.7305
-28.7297
-28.7286
-28.7271
-28.7252
-28.7229
-28.7203
-28.7174
-28.714
-28.7103
-28.7062
-28.7018
-28.6971
-28.6923
-28.6873
-28.6822
-28.6773
-28.6725
-28.668
-28.6638
-28.6603
-28.6575
-28.6557
-28.654
-28.6529
-28.6525
-28.6527
-28.6534
-28.6542
-28.6557
-28.6583
-28.6618
-28.6657
-28.6702
-28.6749
-28.6798
-28.6847
-28.6895
-28.6942
-28.6987
-28.7029
-28.7067
-28.7102
-28.7133
-28.7159
-28.7182
-28.72
-28.7215
-28.7226
-28.7233
-28.7237
-28.7238
-28.7237
-28.7234
-28.7228
-28.7221
-28.7213
-28.7204
-28.7195
-28.7186
-28.7178
-28.7171
-28.7165
-28.7162
-28.7161
-29.2141
-29.2141
-29.2143
-29.2147
-29.2151
-29.2156
-29.2161
-29.2167
-29.2172
-29.2176
-29.218
-29.2182
-29.2183
-29.2182
-29.2178
-29.2173
-29.2164
-29.2152
-29.2137
-29.212
-29.2099
-29.2074
-29.2047
-29.2016
-29.1982
-29.1945
-29.1905
-29.1864
-29.1821
-29.1777
-29.1732
-29.1689
-29.1647
-29.1609
-29.1573
-29.1542
-29.1518
-29.15
-29.1486
-29.1477
-29.1473
-29.1473
-29.1478
-29.1486
-29.1501
-29.1524
-29.1553
-29.1587
-29.1625
-29.1666
-29.1708
-29.1751
-29.1794
-29.1835
-29.1875
-29.1913
-29.1947
-29.1979
-29.2007
-29.2032
-29.2053
-29.207
-29.2084
-29.2095
-29.2103
-29.2108
-29.2111
-29.2111
-29.2109
-29.2106
-29.2101
-29.2095
-29.2088
-29.2081
-29.2074
-29.2068
-29.2062
-29.2058
-29.2055
-29.2055
-29.703
-29.703
-29.7032
-29.7034
-29.7037
-29.7041
-29.7045
-29.7049
-29.7052
-29.7055
-29.7057
-29.7058
-29.7057
-29.7055
-29.7051
-29.7044
-29.7035
-29.7023
-29.7009
-29.6992
-29.6973
-29.695
-29.6924
-29.6896
-29.6865
-29.6832
-29.6796
-29.6759
-29.6721
-29.6682
-29.6644
-29.6606
-29.657
-29.6536
-29.6506
-29.6479
-29.6458
-29.6442
-29.643
-29.6422
-29.6418
-29.6417
-29.6421
-29.6429
-29.6442
-29.6462
-29.6487
-29.6516
-29.6549
-29.6584
-29.662
-29.6658
-29.6695
-29.6732
-29.6767
-29.6801
-29.6832
-29.686
-29.6886
-29.6909
-29.6928
-29.6945
-29.6959
-29.697
-29.6978
-29.6983
-29.6987
-29.6988
-29.6988
-29.6986
-29.6982
-29.6978
-29.6973
-29.6968
-29.6963
-29.6958
-29.6954
-29.695
-29.6948
-29.6948
-30.192
-30.1919
-30.192
-30.1922
-30.1924
-30.1927
-30.1929
-30.1931
-30.1933
-30.1935
-30.1936
-30.1936
-30.1934
-30.1931
-30.1926
-30.1919
-30.191
-30.1899
-30.1885
-30.1869
-30.185
-30.1829
-30.1806
-30.178
-30.1752
-30.1722
-30.169
-30.1657
-30.1624
-30.159
-30.1556
-30.1523
-30.1492
-30.1462
-30.1436
-30.1413
-30.1395
-30.138
-30.1369
-30.1362
-30.1358
-30.1358
-30.1361
-30.1368
-30.138
-30.1397
-30.1418
-30.1443
-30.1471
-30.1502
-30.1534
-30.1566
-30.1599
-30.1631
-30.1662
-30.1692
-30.172
-30.1746
-30.1769
-30.179
-30.1808
-30.1824
-30.1837
-30.1848
-30.1856
-30.1862
-30.1866
-30.1869
-30.1869
-30.1868
-30.1866
-30.1863
-30.186
-30.1856
-30.1852
-30.1849
-30.1846
-30.1843
-30.1841
-30.1841
-30.6809
-30.6808
-30.6809
-30.681
-30.6811
-30.6813
-30.6814
-30.6816
-30.6817
-30.6817
-30.6817
-30.6816
-30.6813
-30.6809
-30.6804
-30.6797
-30.6788
-30.6777
-30.6764
-30.6749
-30.6731
-30.6712
-30.669
-30.6667
-30.6642
-30.6615
-30.6587
-30.6557
-30.6528
-30.6498
-30.6468
-30.644
-30.6412
-30.6387
-30.6364
-30.6344
-30.6328
-30.6315
-30.6306
-30.6299
-30.6296
-30.6295
-30.6298
-30.6305
-30.6315
-30.6329
-30.6348
-30.6369
-30.6393
-30.642
-30.6447
-30.6475
-30.6504
-30.6532
-30.656
-30.6586
-30.6611
-30.6634
-30.6656
-30.6675
-30.6692
-30.6707
-30.6719
-30.673
-30.6738
-30.6744
-30.6749
-30.6751
-30.6753
-30.6753
-30.6752
-30.675
-30.6748
-30.6745
-30.6742
-30.674
-30.6738
-30.6736
-30.6734
-30.6735
-31.1698
-31.1697
-31.1697
-31.1698
-31.1699
-31.17
-31.1701
-31.1701
-31.1701
-31.1701
-31.17
-31.1698
-31.1695
-31.1691
-31.1685
-31.1678
-31.1669
-31.1658
-31.1646
-31.1632
-31.1616
-31.1598
-31.1578
-31.1557
-31.1534
-31.151
-31.1485
-31.1459
-31.1433
-31.1407
-31.1381
-31.1356
-31.1332
-31.131
-31.129
-31.1273
-31.1259
-31.1248
-31.1239
-31.1233
-31.123
-31.1229
-31.1232
-31.1238
-31.1247
-31.1259
-31.1275
-31.1294
-31.1314
-31.1337
-31.1361
-31.1385
-31.141
-31.1435
-31.1459
-31.1483
-31.1505
-31.1526
-31.1545
-31.1563
-31.1578
-31.1592
-31.1604
-31.1614
-31.1622
-31.1629
-31.1633
-31.1637
-31.1639
-31.1639
-31.1639
-31.1638
-31.1637
-31.1635
-31.1633
-31.1631
-31.163
-31.1628
-31.1628
-31.1628
-31.6587
-31.6586
-31.6587
-31.6587
-31.6587
-31.6588
-31.6588
-31.6588
-31.6587
-31.6586
-31.6585
-31.6582
-31.6579
-31.6574
-31.6568
-31.6561
-31.6552
-31.6542
-31.653
-31.6517
-31.6502
-31.6486
-31.6468
-31.6448
-31.6428
-31.6407
-31.6385
-31.6362
-31.6339
-31.6316
-31.6294
-31.6272
-31.6251
-31.6231
-31.6214
-31.6199
-31.6187
-31.6177
-31.6169
-31.6164
-31.6161
-31.6161
-31.6163
-31.6168
-31.6176
-31.6187
-31.62
-31.6216
-31.6234
-31.6254
-31.6274
-31.6296
-31.6318
-31.6339
-31.6361
-31.6381
-31.6401
-31.642
-31.6437
-31.6453
-31.6467
-31.648
-31.6492
-31.6501
-31.6509
-31.6515
-31.652
-31.6524
-31.6526
-31.6527
-31.6528
-31.6528
-31.6527
-31.6526
-31.6525
-31.6524
-31.6522
-31.6522
-31.6521
-31.6521
-32.1476
-32.1476
-32.1476
-32.1476
-32.1476
-32.1476
-32.1476
-32.1475
-32.1474
-32.1473
-32.1471
-32.1468
-32.1464
-32.1459
-32.1453
-32.1446
-32.1438
-32.1428
-32.1417
-32.1405
-32.1391
-32.1376
-32.136
-32.1342
-32.1324
-32.1305
-32.1286
-32.1266
-32.1246
-32.1226
-32.1206
-32.1187
-32.1168
-32.1152
-32.1136
-32.1123
-32.1113
-32.1104
-32.1097
-32.1093
-32.109
-32.1089
-32.1092
-32.1096
-32.1103
-32.1112
-32.1124
-32.1138
-32.1153
-32.117
-32.1188
-32.1207
-32.1225
-32.1244
-32.1263
-32.1281
-32.1299
-32.1316
-32.1331
-32.1346
-32.136
-32.1371
-32.1381
-32.139
-32.1398
-32.1404
-32.1409
-32.1412
-32.1415
-32.1417
-32.1418
-32.1418
-32.1418
-32.1418
-32.1417
-32.1416
-32.1416
-32.1415
-32.1415
-32.1415
-32.6366
-32.6366
-32.6366
-32.6365
-32.6365
-32.6365
-32.6364
-32.6364
-32.6362
-32.636
-32.6358
-32.6355
-32.6351
-32.6346
-32.634
-32.6333
-32.6325
-32.6316
-32.6306
-32.6294
-32.6282
-32.6268
-32.6253
-32.6238
-32.6222
-32.6205
-32.6188
-32.617
-32.6153
-32.6135
-32.6118
-32.6101
-32.6085
-32.607
-32.6057
-32.6046
-32.6037
-32.6029
-32.6023
-32.6019
-32.6017
-32.6016
-32.6018
-32.6022
-32.6028
-32.6036
-32.6046
-32.6058
-32.6071
-32.6086
-32.6101
-32.6117
-32.6134
-32.615
-32.6167
-32.6183
-32.6199
-32.6213
-32.6227
-32.6241
-32.6253
-32.6263
-32.6273
-32.6281
-32.6288
-32.6294
-32.6299
-32.6303
-32.6305
-32.6308
-32.6309
-32.631
-32.631
-32.631
-32.631
-32.6309
-32.6309
-32.6309
-32.6309
-32.6309
-33.1256
-33.1256
-33.1256
-33.1255
-33.1255
-33.1254
-33.1253
-33.1252
-33.1251
-33.1249
-33.1246
-33.1243
-33.1239
-33.1234
-33.1228
-33.1222
-33.1214
-33.1206
-33.1196
-33.1186
-33.1174
-33.1162
-33.1149
-33.1135
-33.112
-33.1106
-33.109
-33.1075
-33.106
-33.1044
-33.1029
-33.1014
-33.1001
-33.0988
-33.0977
-33.0967
-33.0959
-33.0952
-33.0947
-33.0943
-33.0941
-33.0941
-33.0943
-33.0946
-33.0951
-33.0958
-33.0967
-33.0977
-33.0988
-33.1001
-33.1014
-33.1028
-33.1042
-33.1057
-33.1071
-33.1085
-33.1099
-33.1112
-33.1125
-33.1137
-33.1147
-33.1157
-33.1166
-33.1174
-33.118
-33.1186
-33.119
-33.1194
-33.1197
-33.1199
-33.1201
-33.1202
-33.1203
-33.1203
-33.1203
-33.1203
-33.1203
-33.1203
-33.1203
-33.1204
-33.6147
-33.6146
-33.6146
-33.6146
-33.6145
-33.6144
-33.6143
-33.6142
-33.614
-33.6138
-33.6135
-33.6132
-33.6128
-33.6123
-33.6118
-33.6111
-33.6104
-33.6097
-33.6088
-33.6079
-33.6068
-33.6057
-33.6045
-33.6033
-33.602
-33.6007
-33.5994
-33.598
-33.5967
-33.5953
-33.594
-33.5927
-33.5916
-33.5905
-33.5895
-33.5887
-33.588
-33.5874
-33.5869
-33.5866
-33.5864
-33.5864
-33.5865
-33.5868
-33.5873
-33.5879
-33.5886
-33.5895
-33.5904
-33.5915
-33.5927
-33.5939
-33.5951
-33.5964
-33.5976
-33.5989
-33.6001
-33.6013
-33.6024
-33.6034
-33.6044
-33.6053
-33.606
-33.6067
-33.6074
-33.6079
-33.6083
-33.6087
-33.609
-33.6092
-33.6094
-33.6095
-33.6096
-33.6096
-33.6097
-33.6097
-33.6098
-33.6098
-33.6098
-33.6098
-34.1037
-34.1037
-34.1036
-34.1036
-34.1035
-34.1034
-34.1033
-34.1032
-34.103
-34.1028
-34.1025
-34.1022
-34.1018
-34.1014
-34.1008
-34.1002
-34.0996
-34.0989
-34.0981
-34.0973
-34.0964
-34.0954
-34.0943
-34.0932
-34.0921
-34.0909
-34.0897
-34.0886
-34.0874
-34.0862
-34.0851
-34.084
-34.083
-34.0821
-34.0813
-34.0805
-34.0799
-34.0794
-34.079
-34.0787
-34.0785
-34.0785
-34.0787
-34.0789
-34.0793
-34.0798
-34.0804
-34.0812
-34.082
-34.0829
-34.0839
-34.0849
-34.086
-34.0871
-34.0882
-34.0893
-34.0903
-34.0914
-34.0923
-34.0933
-34.0941
-34.0949
-34.0956
-34.0963
-34.0968
-34.0973
-34.0977
-34.0981
-34.0983
-34.0985
-34.0987
-34.0989
-34.099
-34.0991
-34.0991
-34.0992
-34.0992
-34.0993
-34.0993
-34.0994
-34.5928
-34.5927
-34.5927
-34.5927
-34.5926
-34.5925
-34.5924
-34.5923
-34.5921
-34.5919
-34.5916
-34.5913
-34.5909
-34.5905
-34.59
-34.5895
-34.5889
-34.5882
-34.5875
-34.5868
-34.586
-34.5851
-34.5842
-34.5832
-34.5822
-34.5812
-34.5802
-34.5791
-34.5781
-34.5771
-34.5762
-34.5753
-34.5744
-34.5736
-34.5729
-34.5723
-34.5717
-34.5712
-34.5709
-34.5707
-34.5705
-34.5705
-34.5706
-34.5709
-34.5712
-34.5716
-34.5722
-34.5728
-34.5735
-34.5743
-34.5751
-34.576
-34.5769
-34.5778
-34.5788
-34.5797
-34.5807
-34.5815
-34.5824
-34.5832
-34.584
-34.5847
-34.5853
-34.5859
-34.5864
-34.5868
-34.5872
-34.5875
-34.5878
-34.588
-34.5881
-34.5883
-34.5884
-34.5885
-34.5886
-34.5887
-34.5888
-34.5888
-34.5888
-34.5889
-35.0819
-35.0818
-35.0818
-35.0818
-35.0817
-35.0816
-35.0815
-35.0814
-35.0812
-35.081
-35.0807
-35.0804
-35.0801
-35.0797
-35.0793
-35.0788
-35.0782
-35.0777
-35.077
-35.0764
-35.0757
-35.0749
-35.0741
-35.0733
-35.0724
-35.0715
-35.0706
-35.0697
-35.0689
-35.068
-35.0672
-35.0665
-35.0658
-35.0651
-35.0645
-35.0639
-35.0634
-35.063
-35.0627
-35.0625
-35.0624
-35.0624
-35.0625
-35.0627
-35.063
-35.0634
-35.0638
-35.0643
-35.0649
-35.0656
-35.0663
-35.067
-35.0678
-35.0686
-35.0694
-35.0702
-35.071
-35.0718
-35.0725
-35.0732
-35.0739
-35.0745
-35.0751
-35.0756
-35.0761
-35.0764
-35.0768
-35.077
-35.0773
-35.0775
-35.0776
-35.0778
-35.0779
-35.078
-35.0781
-35.0782
-35.0783
-35.0784
-35.0784
-35.0785
-35.571
-35.571
-35.5709
-35.5709
-35.5708
-35.5707
-35.5706
-35.5705
-35.5704
-35.5702
-35.5699
-35.5696
-35.5693
-35.569
-35.5686
-35.5682
-35.5677
-35.5672
-35.5667
-35.5661
-35.5654
-35.5648
-35.5641
-35.5634
-35.5626
-35.5619
-35.5611
-35.5604
-35.5596
-35.5589
-35.5582
-35.5576
-35.557
-35.5564
-35.5559
-35.5554
-35.555
-35.5547
-35.5544
-35.5542
-35.5542
-35.5542
-35.5543
-35.5545
-35.5547
-35.555
-35.5554
-35.5558
-35.5563
-35.5569
-35.5574
-35.5581
-35.5587
-35.5594
-35.56
-35.5607
-35.5614
-35.562
-35.5627
-35.5633
-35.5639
-35.5644
-35.5649
-35.5654
-35.5658
-35.5661
-35.5664
-35.5667
-35.5669
-35.567
-35.5672
-35.5673
-35.5675
-35.5676
-35.5677
-35.5678
-35.5679
-35.5679
-35.568
-35.568
-36.0601
-36.0601
-36.0601
-36.06
-36.06
-36.0599
-36.0598
-36.0597
-36.0596
-36.0594
-36.0592
-36.0589
-36.0586
-36.0583
-36.058
-36.0576
-36.0572
-36.0568
-36.0563
-36.0558
-36.0553
-36.0547
-36.0542
-36.0536
-36.0529
-36.0523
-36.0516
-36.051
-36.0504
-36.0498
-36.0492
-36.0487
-36.0482
-36.0477
-36.0473
-36.0469
-36.0465
-36.0462
-36.046
-36.0459
-36.0459
-36.0459
-36.046
-36.0461
-36.0463
-36.0466
-36.0469
-36.0472
-36.0476
-36.0481
-36.0486
-36.0491
-36.0496
-36.0501
-36.0507
-36.0512
-36.0518
-36.0524
-36.0529
-36.0534
-36.0539
-36.0544
-36.0548
-36.0552
-36.0556
-36.0559
-36.0561
-36.0563
-36.0565
-36.0567
-36.0568
-36.0569
-36.0571
-36.0572
-36.0573
-36.0574
-36.0575
-36.0575
-36.0576
-36.0576
-36.5493
-36.5493
-36.5492
-36.5492
-36.5492
-36.5491
-36.549
-36.5489
-36.5488
-36.5486
-36.5485
-36.5482
-36.548
-36.5477
-36.5474
-36.5471
-36.5468
-36.5464
-36.546
-36.5456
-36.5451
-36.5447
-36.5442
-36.5437
-36.5432
-36.5427
-36.5421
-36.5416
-36.5411
-36.5406
-36.5402
-36.5398
-36.5394
-36.539
-36.5386
-36.5383
-36.538
-36.5378
-36.5376
-36.5375
-36.5375
-36.5375
-36.5376
-36.5377
-36.5379
-36.5381
-36.5383
-36.5386
-36.5389
-36.5393
-36.5396
-36.54
-36.5405
-36.5409
-36.5413
-36.5418
-36.5422
-36.5427
-36.5431
-36.5436
-36.544
-36.5444
-36.5448
-36.5451
-36.5454
-36.5456
-36.5459
-36.546
-36.5462
-36.5463
-36.5465
-36.5466
-36.5467
-36.5468
-36.5469
-36.547
-36.5471
-36.5471
-36.5471
-36.5472
-37.0385
-37.0384
-37.0384
-37.0384
-37.0384
-37.0383
-37.0383
-37.0382
-37.0381
-37.0379
-37.0378
-37.0376
-37.0374
-37.0372
-37.0369
-37.0367
-37.0364
-37.036
-37.0357
-37.0353
-37.035
-37.0347
-37.0343
-37.0339
-37.0335
-37.0331
-37.0326
-37.0322
-37.0318
-37.0315
-37.0312
-37.0308
-37.0305
-37.0302
-37.0299
-37.0297
-37.0295
-37.0293
-37.0292
-37.0291
-37.0291
-37.0291
-37.0292
-37.0292
-37.0294
-37.0295
-37.0297
-37.0299
-37.0301
-37.0304
-37.0307
-37.031
-37.0313
-37.0317
-37.032
-37.0324
-37.0327
-37.0331
-37.0334
-37.0338
-37.0341
-37.0344
-37.0347
-37.035
-37.0353
-37.0355
-37.0356
-37.0358
-37.0359
-37.036
-37.0362
-37.0363
-37.0363
-37.0364
-37.0365
-37.0366
-37.0367
-37.0367
-37.0367
-37.0368
-37.5277
-37.5277
-37.5277
-37.5277
-37.5276
-37.5276
-37.5276
-37.5275
-37.5274
-37.5273
-37.5271
-37.527
-37.5269
-37.5267
-37.5265
-37.5262
-37.526
-37.5257
-37.5255
-37.5252
-37.5249
-37.5247
-37.5244
-37.5241
-37.5238
-37.5235
-37.5232
-37.5229
-37.5226
-37.5223
-37.5221
-37.5219
-37.5216
-37.5214
-37.5212
-37.521
-37.5209
-37.5207
-37.5207
-37.5206
-37.5206
-37.5206
-37.5207
-37.5207
-37.5208
-37.5209
-37.521
-37.5212
-37.5213
-37.5215
-37.5217
-37.522
-37.5222
-37.5224
-37.5227
-37.5229
-37.5232
-37.5235
-37.5237
-37.524
-37.5243
-37.5245
-37.5247
-37.525
-37.5252
-37.5253
-37.5255
-37.5256
-37.5257
-37.5258
-37.5259
-37.526
-37.526
-37.5261
-37.5262
-37.5262
-37.5263
-37.5263
-37.5263
-37.5263
-38.0169
-38.0169
-38.0169
-38.0169
-38.0169
-38.0168
-38.0168
-38.0168
-38.0167
-38.0166
-38.0165
-38.0164
-38.0163
-38.0162
-38.016
-38.0159
-38.0157
-38.0155
-38.0153
-38.0151
-38.0149
-38.0148
-38.0146
-38.0144
-38.0142
-38.0139
-38.0137
-38.0135
-38.0134
-38.0132
-38.013
-38.0129
-38.0127
-38.0126
-38.0125
-38.0123
-38.0122
-38.0122
-38.0121
-38.0121
-38.0121
-38.0121
-38.0121
-38.0121
-38.0122
-38.0122
-38.0123
-38.0124
-38.0125
-38.0127
-38.0128
-38.0129
-38.0131
-38.0132
-38.0134
-38.0135
-38.0137
-38.0139
-38.0141
-38.0143
-38.0144
-38.0146
-38.0148
-38.0149
-38.0151
-38.0152
-38.0153
-38.0154
-38.0155
-38.0155
-38.0156
-38.0157
-38.0157
-38.0158
-38.0158
-38.0159
-38.0159
-38.0159
-38.0159
-38.016
-38.5061
-38.5061
-38.5061
-38.5061
-38.5061
-38.5061
-38.5061
-38.506
-38.506
-38.5059
-38.5059
-38.5058
-38.5058
-38.5057
-38.5056
-38.5055
-38.5054
-38.5053
-38.5052
-38.5051
-38.505
-38.5049
-38.5048
-38.5046
-38.5045
-38.5044
-38.5043
-38.5042
-38.5041
-38.504
-38.5039
-38.5039
-38.5038
-38.5037
-38.5037
-38.5036
-38.5036
-38.5036
-38.5035
-38.5035
-38.5035
-38.5035
-38.5035
-38.5035
-38.5036
-38.5036
-38.5036
-38.5037
-38.5037
-38.5038
-38.5038
-38.5039
-38.5039
-38.504
-38.5041
-38.5042
-38.5042
-38.5043
-38.5044
-38.5045
-38.5046
-38.5047
-38.5048
-38.5049
-38.505
-38.5051
-38.5052
-38.5052
-38.5053
-38.5053
-38.5054
-38.5054
-38.5054
-38.5055
-38.5055
-38.5055
-38.5055
-38.5055
-38.5056
-38.5056
-38.9954
-38.9954
-38.9954
-38.9954
-38.9954
-38.9954
-38.9953
-38.9953
-38.9953
-38.9953
-38.9953
-38.9953
-38.9953
-38.9952
-38.9952
-38.9952
-38.9951
-38.9951
-38.9951
-38.995
-38.995
-38.995
-38.9949
-38.9949
-38.9949
-38.9949
-38.9948
-38.9948
-38.9948
-38.9949
-38.9949
-38.9949
-38.9949
-38.9949
-38.9949
-38.9949
-38.9949
-38.9949
-38.9949
-38.995
-38.995
-38.995
-38.995
-38.9949
-38.9949
-38.9949
-38.9949
-38.9949
-38.9949
-38.9949
-38.9949
-38.9948
-38.9948
-38.9948
-38.9948
-38.9948
-38.9948
-38.9948
-38.9948
-38.9948
-38.9949
-38.9949
-38.9949
-38.995
-38.995
-38.995
-38.995
-38.9951
-38.9951
-38.9951
-38.9951
-38.9951
-38.9951
-38.9951
-38.9952
-38.9952
-38.9952
-38.9952
-38.9952
-38.9952
)
;

boundaryField
{
    lowerWall
    {
        type            calculated;
        value           nonuniform List<scalar> 
80
(
7352.05
7351.13
7349.29
7346.52
7342.81
7338.16
7332.54
7325.97
7318.43
7309.93
7300.47
7290.08
7278.78
7266.62
7253.65
7239.95
7225.62
7210.75
7195.48
7179.95
7164.33
7148.77
7133.48
7118.63
7104.41
7091
7078.55
7067.23
7057.11
7048.27
7040.74
7034.5
7029.47
7025.56
7022.62
7020.5
7019.03
7018.05
7017.42
7017.04
7016.85
7016.86
7017.11
7017.69
7018.74
7020.41
7022.89
7026.33
7030.89
7036.68
7043.79
7052.23
7062
7073.03
7085.22
7098.45
7112.53
7127.29
7142.53
7158.07
7173.71
7189.28
7204.61
7219.55
7233.97
7247.75
7260.81
7273.07
7284.47
7294.95
7304.5
7313.09
7320.71
7327.36
7333.04
7337.75
7341.5
7344.31
7346.17
7347.1
)
;
    }
    rightWall
    {
        type            calculated;
        value           nonuniform List<scalar> 
80
(
7165.62
6803.57
6442.47
6082.29
5723.04
5364.7
5007.27
4650.71
4295
3940.06
3585.82
3232.21
2879.14
2526.46
2174.03
1821.63
1469.01
1115.81
761.662
405.629
118.306
6.99943
3.62708
-1.68549
-6.40521
-9.69643
-11.9228
-13.4838
-14.5179
-15.1242
-15.5136
-15.8654
-16.2308
-16.6172
-17.0262
-17.4609
-17.9191
-18.394
-18.8793
-19.3706
-19.8648
-20.3602
-20.8558
-21.3509
-21.8453
-22.339
-22.832
-23.3243
-23.816
-24.3072
-24.798
-25.2884
-25.7786
-26.2685
-26.7582
-27.2478
-27.7373
-28.2268
-28.7161
-29.2055
-29.6948
-30.1841
-30.6735
-31.1628
-31.6521
-32.1415
-32.6309
-33.1204
-33.6098
-34.0994
-34.5889
-35.0785
-35.568
-36.0576
-36.5472
-37.0368
-37.5263
-38.016
-38.5056
-38.9952
)
;
    }
    atmosphere
    {
        type            calculated;
        value           nonuniform List<scalar> 
80
(
-39.24
-39.24
-39.24
-39.24
-39.24
-39.24
-39.24
-39.24
-39.24
-39.24
-39.24
-39.24
-39.24
-39.24
-39.24
-39.24
-39.24
-39.24
-39.24
-39.24
-39.24
-39.24
-39.24
-39.24
-39.2401
-39.2401
-39.2401
-39.2402
-39.2402
-39.2403
-39.2403
-39.2404
-39.2404
-39.2405
-39.2405
-39.2406
-39.2406
-39.2407
-39.2407
-39.2407
-39.2407
-39.2407
-39.2407
-39.2407
-39.2406
-39.2406
-39.2406
-39.2405
-39.2405
-39.2404
-39.2404
-39.2403
-39.2403
-39.2402
-39.2402
-39.2401
-39.2401
-39.24
-39.24
-39.24
-39.24
-39.24
-39.24
-39.24
-39.24
-39.24
-39.24
-39.24
-39.24
-39.24
-39.24
-39.24
-39.24
-39.24
-39.24
-39.24
-39.24
-39.24
-39.24
-39.24
)
;
    }
    leftWall
    {
        type            calculated;
        value           nonuniform List<scalar> 
80
(
7170.56
6808.51
6447.38
6087.17
5727.87
5369.46
5011.96
4655.29
4299.56
3944.46
3590.06
3236.27
2882.97
2530.04
2177.29
1824.52
1471.46
1117.71
762.907
406.121
118.415
7.11363
4.10212
-1.31415
-6.14941
-9.39249
-11.5965
-13.1633
-14.2045
-14.8433
-15.276
-15.6688
-16.0724
-16.4973
-16.9439
-17.4121
-17.8954
-18.3874
-18.8836
-19.3815
-19.8795
-20.3768
-20.8731
-21.3682
-21.8622
-22.3553
-22.8476
-23.3391
-23.8301
-24.3207
-24.8108
-25.3007
-25.7903
-26.2797
-26.769
-27.2581
-27.7472
-28.2362
-28.7252
-29.2141
-29.703
-30.192
-30.6809
-31.1698
-31.6587
-32.1476
-32.6366
-33.1256
-33.6147
-34.1037
-34.5928
-35.0819
-35.571
-36.0601
-36.5493
-37.0385
-37.5277
-38.0169
-38.5061
-38.9954
)
;
    }
    frontAndBack
    {
        type            empty;
    }
}


// ************************************************************************* //
