/*--------------------------------*- C++ -*----------------------------------*\
| =========                 |                                                 |
| \\      /  F ield         | OpenFOAM: The Open Source CFD Toolbox           |
|  \\    /   O peration     | Version:  2412                                  |
|   \\  /    A nd           | Website:  www.openfoam.com                      |
|    \\/     M anipulation  |                                                 |
\*---------------------------------------------------------------------------*/
FoamFile
{
    version     2.0;
    format      ascii;
    arch        "LSB;label=32;scalar=64";
    class       volScalarField;
    location    "1.25";
    object      p_rgh;
}
// * * * * * * * * * * * * * * * * * * * * * * * * * * * * * * * * * * * * * //

dimensions      [1 -1 -2 0 0 0 0];

internalField   nonuniform List<scalar> 
6400
(
13920.3
13920.3
13920.3
13920.3
13920.3
13920.3
13920.3
13920.3
13920.3
13920.3
13920.3
13920.3
13920.3
13920.3
13920.3
13920.3
13920.3
13920.3
13920.3
13920.3
13920.3
13920.3
13920.3
13920.3
13920.3
13920.3
13920.3
13920.3
13920.3
13920.3
13920.3
13920.3
13920.3
13920.3
13920.3
13920.3
13920.3
13920.3
13920.3
13920.3
13920.3
13920.3
13920.3
13920.3
13920.3
13920.3
13920.3
13920.3
13920.3
13920.3
13920.3
13920.3
13920.3
13920.3
13920.3
13920.3
13920.3
13920.3
13920.3
13920.3
13920.3
13920.3
13920.3
13920.3
13920.3
13920.3
13920.3
13920.3
13920.3
13920.3
13920.3
13920.3
13920.3
13920.3
13920.3
13920.3
13920.3
13920.3
13920.3
13920.3
13920.3
13920.3
13920.3
13920.3
13920.3
13920.3
13920.3
13920.3
13920.3
13920.3
13920.3
13920.3
13920.3
13920.3
13920.3
13920.3
13920.3
13920.3
13920.3
13920.3
13920.3
13920.3
13920.3
13920.3
13920.3
13920.3
13920.3
13920.3
13920.3
13920.3
13920.3
13920.3
13920.3
13920.3
13920.3
13920.3
13920.3
13920.3
13920.3
13920.3
13920.3
13920.3
13920.3
13920.3
13920.3
13920.3
13920.3
13920.3
13920.3
13920.3
13920.3
13920.3
13920.3
13920.3
13920.3
13920.3
13920.3
13920.3
13920.3
13920.3
13920.3
13920.3
13920.3
13920.3
13920.3
13920.3
13920.3
13920.3
13920.3
13920.3
13920.3
13920.3
13920.3
13920.3
13920.3
13920.3
13920.3
13920.3
13920.3
13920.3
13920.3
13920.3
13920.3
13920.3
13920.3
13920.3
13920.3
13920.3
13920.3
13920.3
13920.3
13920.3
13920.3
13920.3
13920.3
13920.3
13920.3
13920.3
13920.3
13920.3
13920.3
13920.3
13920.3
13920.3
13920.3
13920.3
13920.3
13920.3
13920.3
13920.3
13920.3
13920.3
13920.3
13920.3
13920.3
13920.3
13920.3
13920.3
13920.3
13920.3
13920.3
13920.3
13920.3
13920.3
13920.3
13920.3
13920.3
13920.3
13920.3
13920.3
13920.3
13920.3
13920.3
13920.3
13920.3
13920.3
13920.3
13920.3
13920.3
13920.3
13920.3
13920.3
13920.3
13920.3
13920.3
13920.3
13920.3
13920.3
13920.3
13920.3
13920.3
13920.3
13920.3
13920.3
13920.3
13920.3
13920.3
13920.3
13920.3
13920.3
13920.3
13920.3
13920.3
13920.3
13920.3
13920.3
13920.3
13920.3
13920.3
13920.3
13920.3
13920.3
13920.3
13920.3
13920.3
13920.3
13920.3
13920.3
13920.3
13920.3
13920.3
13920.3
13920.3
13920.3
13920.3
13920.3
13920.3
13920.3
13920.3
13920.3
13920.3
13920.3
13920.3
13920.3
13920.3
13920.3
13920.3
13920.3
13920.3
13920.3
13920.3
13920.3
13920.3
13920.3
13920.3
13920.3
13920.3
13920.3
13920.3
13920.3
13920.3
13920.3
13920.3
13920.3
13920.3
13920.3
13920.3
13920.3
13920.3
13920.3
13920.3
13920.3
13920.3
13920.3
13920.3
13920.3
13920.3
13920.3
13920.3
13920.3
13920.3
13920.3
13920.3
13920.3
13920.3
13920.3
13920.3
13920.3
13920.3
13920.3
13920.3
13920.3
13920.3
13920.3
13920.3
13920.3
13920.3
13920.3
13920.3
13920.3
13920.3
13920.3
13920.3
13920.3
13920.3
13920.3
13920.3
13920.3
13920.3
13920.3
13920.3
13920.3
13920.3
13920.3
13920.3
13920.3
13920.3
13920.3
13920.3
13920.3
13920.3
13920.3
13920.3
13920.3
13920.3
13920.3
13920.3
13920.3
13920.3
13920.3
13920.3
13920.3
13920.3
13920.3
13920.3
13920.3
13920.3
13920.3
13920.3
13920.3
13920.3
13920.3
13920.3
13920.3
13920.3
13920.3
13920.3
13920.3
13920.3
13920.3
13920.3
13920.3
13920.3
13920.3
13920.3
13920.3
13920.3
13920.3
13920.3
13920.3
13920.3
13920.3
13920.3
13920.3
13920.3
13920.3
13920.3
13920.3
13920.3
13920.3
13920.3
13920.3
13920.3
13920.3
13920.3
13920.3
13920.3
13920.3
13920.3
13920.3
13920.3
13920.3
13920.3
13920.3
13920.3
13920.3
13920.3
13920.3
13920.3
13920.3
13920.3
13920.3
13920.3
13920.3
13920.3
13920.3
13920.3
13920.3
13920.3
13920.3
13920.3
13920.3
13920.3
13920.3
13920.3
13920.3
13920.3
13920.3
13920.3
13920.3
13920.3
13920.3
13920.3
13920.3
13920.3
13920.3
13920.3
13920.3
13920.3
13920.3
13920.3
13920.3
13920.3
13920.3
13920.3
13920.3
13920.3
13920.3
13920.3
13920.3
13920.3
13920.3
13920.3
13920.3
13920.3
13920.3
13920.3
13920.3
13920.3
13920.3
13920.3
13920.3
13920.3
13920.3
13920.3
13920.3
13920.3
13920.3
13920.3
13920.3
13920.3
13920.3
13920.3
13920.3
13920.3
13920.3
13920.3
13920.3
13920.3
13920.3
13920.3
13920.3
13920.3
13920.3
13920.3
13920.3
13920.3
13920.3
13920.3
13920.3
13920.3
13920.3
13920.3
13920.3
13920.3
13920.3
13920.3
13920.3
13920.3
13920.3
13920.3
13920.3
13920.3
13920.3
13920.3
13920.3
13920.3
13920.3
13920.3
13920.3
13920.3
13920.3
13920.3
13920.3
13920.3
13920.3
13920.3
13920.3
13920.3
13920.3
13920.3
13920.3
13920.3
13920.3
13920.3
13920.3
13920.3
13920.3
13920.3
13920.3
13920.3
13920.3
13920.3
13920.3
13920.3
13920.3
13920.3
13920.3
13920.3
13920.3
13920.3
13920.3
13920.3
13920.3
13920.3
13920.3
13920.3
13920.3
13920.3
13920.3
13920.3
13920.3
13920.3
13920.3
13920.3
13920.3
13920.3
13920.3
13920.3
13920.3
13920.3
13920.3
13920.3
13920.3
13920.3
13920.3
13920.3
13920.3
13920.3
13920.3
13920.3
13920.3
13920.3
13920.3
13920.3
13920.3
13920.3
13920.3
13920.3
13920.3
13920.3
13920.3
13920.3
13920.3
13920.3
13920.3
13920.3
13920.3
13920.3
13920.3
13920.3
13920.3
13920.3
13920.3
13920.3
13920.3
13920.3
13920.3
13920.3
13920.3
13920.3
13920.3
13920.3
13920.3
13920.3
13920.3
13920.3
13920.3
13920.3
13920.3
13920.3
13920.3
13920.3
13920.3
13920.3
13920.3
13920.3
13920.3
13920.3
13920.3
13920.3
13920.3
13920.3
13920.3
13920.3
13920.3
13920.3
13920.3
13920.3
13920.3
13920.3
13920.3
13920.3
13920.3
13920.3
13920.3
13920.3
13920.3
13920.3
13920.3
13920.3
13920.3
13920.3
13920.3
13920.3
13920.3
13920.3
13920.3
13920.3
13920.3
13920.3
13920.3
13920.3
13920.3
13920.3
13920.3
13920.3
13920.3
13920.3
13920.3
13920.3
13920.3
13920.3
13920.3
13920.3
13920.3
13920.3
13920.3
13920.3
13920.3
13920.3
13920.3
13920.3
13920.3
13920.3
13920.3
13920.3
13920.3
13920.3
13920.3
13920.3
13920.3
13920.3
13920.3
13920.3
13920.3
13920.3
13920.3
13920.3
13920.3
13920.3
13920.3
13920.3
13920.3
13920.3
13920.3
13920.3
13920.3
13920.3
13920.3
13920.3
13920.3
13920.3
13920.3
13920.3
13920.3
13920.3
13920.3
13920.3
13920.3
13920.3
13920.3
13920.3
13920.3
13920.3
13920.3
13920.3
13920.3
13920.3
13920.3
13920.3
13920.3
13920.3
13920.3
13920.3
13920.3
13920.3
13920.3
13920.3
13920.3
13920.3
13920.3
13920.3
13920.3
13920.3
13920.3
13920.3
13920.3
13920.3
13920.3
13920.3
13920.3
13920.3
13920.3
13920.3
13920.3
13920.3
13920.3
13920.3
13920.3
13920.3
13920.3
13920.3
13920.3
13920.3
13920.3
13920.3
13920.3
13920.3
13920.3
13920.3
13920.3
13920.3
13920.3
13920.3
13920.3
13920.3
13920.3
13920.3
13920.3
13920.3
13920.3
13920.3
13920.3
13920.3
13920.3
13920.3
13920.3
13920.3
13920.3
13920.3
13920.3
13920.3
13920.3
13920.3
13920.3
13920.3
13920.3
13920.3
13920.3
13920.3
13920.3
13920.3
13920.3
13920.3
13920.3
13920.3
13920.3
13920.3
13920.3
13920.3
13920.3
13920.3
13920.3
13920.3
13920.3
13920.3
13920.3
13920.3
13920.3
13920.3
13920.3
13920.3
13920.3
13920.3
13920.3
13920.3
13920.3
13920.3
13920.3
13920.3
13920.3
13920.3
13920.3
13920.3
13920.3
13920.3
13920.3
13920.3
13920.3
13920.3
13920.3
13920.3
13920.3
13920.3
13920.3
13920.3
13920.3
13920.3
13920.3
13920.3
13920.3
13920.3
13920.3
13920.3
13920.3
13920.3
13920.3
13920.3
13920.3
13920.3
13920.3
13920.3
13920.3
13920.3
13920.3
13920.3
13920.3
13920.3
13920.3
13920.3
13920.3
13920.3
13920.3
13920.3
13920.3
13920.3
13920.3
13920.3
13920.3
13920.3
13920.3
13920.3
13920.3
13920.3
13920.3
13920.3
13920.3
13920.3
13920.3
13920.3
13920.3
13920.3
13920.3
13920.3
13920.3
13920.3
13920.3
13920.3
13920.3
13920.3
13920.3
13920.3
13920.3
13920.3
13920.3
13920.3
13920.3
13920.3
13920.3
13920.3
13920.3
13920.3
13920.3
13920.3
13920.3
13920.3
13920.3
13920.3
13920.3
13920.3
13920.3
13920.3
13920.3
13920.3
13920.3
13920.3
13920.3
13920.3
13920.3
13920.3
13920.3
13920.3
13920.3
13920.3
13920.3
13920.3
13920.3
13920.3
13920.3
13920.3
13920.3
13920.3
13920.3
13920.3
13920.3
13920.3
13920.3
13920.3
13920.3
13920.3
13920.3
13920.3
13920.3
13920.3
13920.3
13920.3
13920.3
13920.3
13920.3
13920.3
13920.3
13920.3
13920.3
13920.3
13920.3
13920.3
13920.3
13920.3
13920.3
13920.3
13920.3
13920.3
13920.3
13920.3
13920.3
13920.3
13920.3
13920.3
13920.3
13920.3
13920.3
13920.3
13920.3
13920.3
13920.3
13920.3
13920.3
13920.3
13920.3
13920.3
13920.3
13920.3
13920.3
13920.3
13920.3
13920.3
13920.3
13920.3
13920.3
13920.3
13920.3
13920.3
13920.3
13920.3
13920.3
13920.3
13920.3
13920.3
13920.3
13920.3
13920.3
13920.3
13920.3
13920.3
13920.3
13920.3
13920.3
13920.3
13920.3
13920.3
13920.3
13920.3
13920.3
13920.3
13920.3
13920.3
13920.3
13920.3
13920.3
13920.3
13920.3
13920.3
13920.3
13920.3
13920.3
13920.3
13920.3
13920.3
13920.3
13920.3
13920.3
13920.3
13920.3
13920.3
13920.3
13920.3
13920.3
13920.3
13920.3
13920.3
13920.3
13920.3
13920.3
13920.3
13920.3
13920.3
13920.3
13920.3
13920.3
13920.3
13920.3
13920.3
13920.3
13920.3
13920.3
13920.3
13920.3
13920.3
13920.3
13920.3
13920.3
13920.3
13920.3
13920.3
13920.3
13920.3
13920.3
13920.3
13920.3
13920.3
13920.3
13920.3
13920.3
13920.3
13920.3
13920.3
13920.3
13920.3
13920.3
13920.3
13920.3
13920.3
13920.3
13920.3
13920.3
13920.3
13920.3
13920.3
13920.3
13920.3
13920.3
13920.3
13920.3
13920.3
13920.3
13920.3
13920.3
13920.3
13920.3
13920.3
13920.3
13920.3
13920.3
13920.3
13920.3
13920.3
13920.3
13920.3
13920.3
13920.4
13920.4
13920.4
13920.4
13920.4
13920.4
13920.4
13920.4
13920.4
13920.4
13920.4
13920.4
13920.4
13920.4
13920.4
13920.4
13920.4
13920.4
13920.4
13920.4
13920.4
13920.4
13920.4
13920.4
13920.4
13920.4
13920.4
13920.4
13920.4
13920.4
13920.4
13920.4
13920.4
13920.4
13920.4
13920.4
13920.4
13920.4
13920.4
13920.4
13920.4
13920.4
13920.4
13920.4
13920.4
13920.4
13920.4
13920.4
13920.4
13920.4
13920.4
13920.4
13920.4
13920.4
13920.4
13920.4
13920.4
13920.4
13920.4
13920.4
13920.4
13920.4
13920.4
13920.4
13920.4
13920.4
13920.4
13920.4
13920.4
13920.4
13920.4
13920.4
13920.4
13920.4
13920.4
13920.4
13920.4
13920.4
13920.4
13920.4
13920.4
13920.4
13920.4
13920.4
13920.4
13920.4
13920.4
13920.4
13920.4
13920.4
13920.4
13920.4
13920.4
13920.4
13920.4
13920.4
13920.4
13920.4
13920.4
13920.4
13920.4
13920.4
13920.4
13920.4
13920.4
13920.4
13920.4
13920.4
13920.4
13920.4
13920.4
13920.4
13920.4
13920.4
13920.4
13920.4
13920.4
13920.4
13920.4
13920.4
13920.4
13920.4
13920.4
13920.4
13920.4
13920.4
13920.4
13920.4
13920.4
13920.4
13920.4
13920.4
13920.4
13920.4
13920.4
13920.4
13920.4
13920.4
13920.4
13920.4
13920.4
13920.4
13920.4
13920.4
13920.4
13920.4
13920.4
13920.4
13920.4
13920.4
13920.4
13920.4
13920.4
13920.4
13920.4
13920.4
13920.4
13920.4
13920.4
13920.4
13920.4
13920.4
13920.4
13920.4
13920.4
13920.4
13920.4
13920.4
13920.4
13920.4
13920.4
13920.4
13920.4
13920.4
13920.4
13920.4
13920.4
13920.4
13920.4
13920.4
13920.4
13920.4
13920.4
13920.4
13920.4
13920.4
13920.4
13920.4
13920.4
13920.4
13920.4
13920.4
13920.4
13920.4
13920.4
13920.4
13920.4
13920.4
13920.4
13920.4
13920.4
13920.4
13920.4
13920.4
13920.4
13920.4
13920.4
13920.4
13920.4
13920.4
13920.4
13920.4
13920.4
13920.4
13920.4
13920.4
13920.4
13920.4
13920.4
13920.4
13920.4
13920.4
13920.4
13920.4
13920.4
13920.4
13920.4
13920.4
13920.4
13920.4
13920.4
13920.4
13920.4
13920.4
13920.4
13920.4
13920.4
13920.4
13920.4
13920.4
13920.4
13920.4
13920.4
13920.4
13920.4
13920.4
13920.4
13920.4
13920.4
13920.4
13920.4
13920.4
13920.4
13920.4
13920.4
13920.4
13920.4
13920.4
13920.4
13920.4
13920.4
13920.4
13920.4
13920.4
13920.4
13920.4
13920.4
13920.4
13920.4
13920.4
13920.4
13920.4
13920.4
13920.4
13920.4
13920.4
13920.4
13920.4
13920.4
13920.4
13920.4
13920.4
13920.4
13920.4
13920.4
13920.4
13920.4
13920.4
13920.4
13920.4
13920.4
13920.4
13920.4
13920.4
13920.4
13920.4
13920.4
13920.4
13920.4
13920.4
13920.4
13920.4
13920.4
13920.4
13920.4
13920.4
13920.4
13920.4
13920.4
13920.4
13920.4
13920.4
13920.4
13920.4
13920.4
13920.4
13920.4
13920.4
13920.4
13920.4
13920.4
13920.4
13920.4
13920.4
13920.4
13920.4
13920.4
13920.4
13920.4
13920.4
13920.4
13920.4
13920.4
13920.4
13920.4
13920.4
13920.4
13920.4
13920.4
13920.4
13920.4
13920.4
13920.4
13920.4
13920.4
13920.4
13920.4
13920.4
13920.4
13920.4
13920.4
13920.4
13920.4
13920.4
13920.4
13920.4
13920.4
13920.4
13920.4
13920.4
13920.4
13920.4
13920.4
13920.4
13920.4
13920.4
13920.4
13920.4
13920.4
13920.4
13920.4
13920.4
13920.4
13920.4
13920.4
13920.4
13920.4
13920.4
13920.4
13920.4
13920.4
13920.4
13920.4
13920.4
13920.4
13920.4
13920.4
13920.4
13920.4
13920.4
13920.4
13920.4
13920.4
13920.4
13920.4
13920.4
13920.4
13920.4
13920.4
13920.4
13920.4
13920.4
13920.4
13920.4
13920.4
13920.4
13920.4
13920.4
13920.4
13920.4
13920.4
13920.4
13920.4
13920.4
13920.4
13920.4
13920.4
13920.4
13920.4
13920.4
13920.4
13920.4
13920.4
13920.4
13920.4
13920.4
13920.4
13920.4
13920.4
13920.4
13920.4
13920.4
13920.4
13920.4
13920.4
13920.4
13920.4
13920.4
13920.4
13920.4
13920.4
13920.4
13920.4
13920.4
13920.4
13920.4
13920.4
13920.4
13920.4
13920.4
13920.4
13920.4
13920.4
13920.4
13920.4
13920.4
13920.4
13920.4
13920.4
13920.4
13920.4
13920.4
13920.4
13920.4
13920.4
13920.4
13920.4
13920.4
13920.4
13920.4
13920.4
13920.4
13920.4
13920.4
13920.4
13920.4
13920.4
13920.4
13920.4
13920.4
0.0109051
0.0120059
0.0127206
0.0131977
0.013457
0.013572
0.0135939
0.0135371
0.0134188
0.0132578
0.0130646
0.0128489
0.0126106
0.0123528
0.0120707
0.0117669
0.0114464
0.0111834
0.0110038
0.0108462
0.0107868
0.0107447
0.0107172
0.0107467
0.0107818
0.0108288
0.0108815
0.0109394
0.0110191
0.0111137
0.0112078
0.0113003
0.0113901
0.0114758
0.0115564
0.0116306
0.0116974
0.0117557
0.0118048
0.0118441
0.011873
0.0118914
0.0118993
0.0118972
0.0118848
0.0118628
0.0118322
0.0117947
0.0117511
0.0117025
0.0116503
0.011596
0.0115407
0.0114859
0.0114327
0.011382
0.0113396
0.01136
0.0113909
0.0114399
0.0115552
0.0117523
0.0120966
0.0128124
0.0136843
0.0145209
0.0152915
0.0159698
0.0165174
0.0168967
0.0170988
0.0171317
0.016999
0.0167554
0.0164026
0.0160141
0.015589
0.0151766
0.014525
0.0134419
0.00906527
0.00907003
0.00908071
0.00909747
0.00912024
0.00914875
0.00918277
0.00922203
0.00926622
0.00931506
0.00936828
0.00942564
0.00948692
0.00955191
0.00962034
0.00969184
0.00976594
0.00984248
0.00992185
0.0100042
0.0100899
0.0101791
0.0102717
0.0103682
0.010466
0.0105671
0.0106703
0.0107747
0.0108795
0.010984
0.0110871
0.0111878
0.0112848
0.011377
0.0114633
0.0115426
0.0116139
0.0116763
0.011729
0.0117714
0.0118031
0.0118238
0.0118334
0.0118323
0.0118205
0.0117988
0.0117679
0.0117284
0.0116816
0.0116283
0.0115698
0.0115073
0.0114419
0.0113749
0.0113073
0.0112405
0.0111756
0.0111126
0.0110522
0.0109952
0.010942
0.0108925
0.0108465
0.0108017
0.0107563
0.0107111
0.0106674
0.0106258
0.0105869
0.010551
0.0105184
0.0104892
0.0104633
0.0104409
0.0104217
0.0104058
0.0103932
0.0103838
0.0103775
0.0103745
0.0090616
0.00906711
0.00907833
0.00909529
0.00911793
0.00914609
0.00917955
0.00921807
0.0092614
0.00930926
0.00936143
0.00941767
0.0094778
0.00954162
0.00960897
0.00967973
0.00975379
0.00983118
0.00991197
0.00999624
0.0100841
0.0101755
0.0102704
0.010368
0.01047
0.0105739
0.0106798
0.010787
0.0108947
0.011002
0.0111079
0.0112112
0.0113107
0.0114053
0.0114938
0.0115751
0.0116481
0.0117119
0.0117657
0.0118089
0.0118411
0.0118619
0.0118714
0.0118697
0.0118572
0.0118344
0.011802
0.0117609
0.0117121
0.0116567
0.011596
0.011531
0.0114631
0.0113934
0.0113232
0.0112534
0.0111848
0.0111185
0.011055
0.0109944
0.0109372
0.0108834
0.0108327
0.0107846
0.010739
0.0106955
0.0106545
0.0106158
0.0105797
0.0105462
0.0105154
0.0104875
0.0104624
0.0104404
0.0104213
0.0104054
0.0103926
0.0103829
0.0103761
0.0103723
0.00905394
0.00905958
0.00907085
0.00908776
0.00911026
0.00913818
0.00917134
0.00920953
0.00925253
0.0093001
0.00935205
0.00940821
0.00946841
0.00953255
0.0096005
0.00967222
0.00974764
0.0098268
0.00990977
0.00999667
0.0100875
0.0101824
0.0102811
0.0103834
0.0104894
0.0105981
0.0107089
0.0108212
0.010934
0.0110463
0.0111571
0.0112652
0.0113692
0.0114681
0.0115605
0.0116453
0.0117213
0.0117877
0.0118436
0.0118884
0.0119215
0.0119428
0.0119522
0.0119498
0.011936
0.0119113
0.0118766
0.0118327
0.0117806
0.0117215
0.0116567
0.0115873
0.0115147
0.0114401
0.0113646
0.0112894
0.0112155
0.0111437
0.0110747
0.0110091
0.0109471
0.0108889
0.0108342
0.0107829
0.0107346
0.0106892
0.0106466
0.0106071
0.0105705
0.0105369
0.0105063
0.0104787
0.0104541
0.0104324
0.0104138
0.0103982
0.0103856
0.0103759
0.0103692
0.0103652
0.00904017
0.00904591
0.00905715
0.00907393
0.00909617
0.00912374
0.0091565
0.00919427
0.00923688
0.00928417
0.009336
0.00939226
0.00945285
0.00951773
0.00958689
0.00966034
0.00973811
0.00982028
0.00990694
0.00999818
0.010094
0.0101944
0.0102992
0.0104082
0.010521
0.010637
0.0107553
0.0108753
0.0109958
0.0111158
0.0112341
0.0113493
0.0114603
0.0115655
0.0116638
0.0117538
0.0118344
0.0119047
0.0119636
0.0120107
0.0120452
0.0120671
0.0120761
0.0120725
0.0120567
0.0120292
0.0119909
0.0119426
0.0118854
0.0118206
0.0117495
0.0116733
0.0115934
0.0115111
0.0114278
0.0113445
0.0112624
0.0111824
0.0111053
0.0110319
0.0109624
0.0108972
0.0108362
0.0107795
0.0107269
0.0106782
0.0106333
0.0105922
0.0105547
0.0105208
0.0104902
0.0104629
0.0104387
0.0104176
0.0103995
0.0103844
0.0103722
0.0103628
0.0103561
0.0103521
0.00902055
0.00902636
0.00903749
0.00905405
0.00907595
0.00910312
0.00913544
0.00917279
0.00921508
0.0092622
0.0093141
0.00937075
0.00943215
0.00949835
0.0095694
0.00964542
0.00972652
0.00981282
0.00990443
0.0100014
0.0101038
0.0102115
0.0103243
0.0104419
0.0105638
0.0106892
0.0108174
0.0109472
0.0110778
0.0112077
0.0113356
0.0114601
0.0115798
0.0116933
0.0117991
0.0118958
0.0119823
0.0120574
0.0121203
0.0121702
0.0122066
0.0122291
0.0122378
0.0122327
0.0122142
0.012183
0.0121399
0.0120859
0.0120221
0.0119498
0.0118705
0.0117854
0.0116961
0.011604
0.0115105
0.0114168
0.0113242
0.0112337
0.0111464
0.011063
0.010984
0.01091
0.0108411
0.0107774
0.0107189
0.0106654
0.010617
0.0105732
0.010534
0.010499
0.010468
0.0104407
0.0104169
0.0103963
0.0103788
0.0103643
0.0103526
0.0103436
0.0103371
0.0103332
0.0089949
0.00900074
0.00901172
0.00902799
0.00904951
0.00907623
0.00910809
0.00914505
0.00918707
0.00923416
0.00928634
0.00934369
0.00940631
0.00947435
0.00954798
0.00962738
0.00971274
0.00980424
0.00990202
0.0100061
0.0101166
0.0102332
0.0103557
0.0104837
0.0106166
0.0107535
0.0108934
0.0110352
0.0111777
0.0113194
0.0114588
0.0115944
0.0117245
0.0118477
0.0119623
0.012067
0.0121604
0.0122414
0.012309
0.0123623
0.0124008
0.0124242
0.0124323
0.0124254
0.0124038
0.0123682
0.0123195
0.0122586
0.0121868
0.0121056
0.0120164
0.0119207
0.0118201
0.0117163
0.0116106
0.0115045
0.0113995
0.0112966
0.0111971
0.0111019
0.0110117
0.0109272
0.0108487
0.0107766
0.0107108
0.0106513
0.010598
0.0105506
0.0105088
0.0104721
0.0104402
0.0104125
0.0103889
0.0103688
0.0103519
0.010338
0.0103269
0.0103183
0.0103121
0.0103082
0.00896301
0.00896887
0.00897966
0.0089956
0.00901669
0.00904294
0.00907434
0.00911094
0.00915279
0.00919999
0.00925268
0.00931104
0.00937531
0.00944572
0.00952256
0.00960611
0.00969663
0.00979434
0.0098994
0.0100119
0.0101317
0.0102587
0.0103925
0.0105325
0.0106779
0.0108279
0.0109813
0.0111367
0.0112926
0.0114477
0.0116
0.011748
0.0118899
0.012024
0.0121486
0.0122622
0.0123634
0.0124509
0.0125237
0.0125809
0.0126219
0.0126463
0.0126541
0.0126452
0.0126202
0.0125797
0.0125246
0.012456
0.0123752
0.0122838
0.0121834
0.0120756
0.0119623
0.011845
0.0117256
0.0116056
0.0114864
0.0113696
0.0112564
0.0111479
0.0110451
0.0109487
0.0108593
0.0107773
0.010703
0.0106362
0.010577
0.0105249
0.0104796
0.0104405
0.0104071
0.0103788
0.010355
0.0103352
0.0103188
0.0103056
0.010295
0.0102869
0.010281
0.0102772
0.00892461
0.00893049
0.00894107
0.00895665
0.00897731
0.00900308
0.00903406
0.00907036
0.00911214
0.00915962
0.00921305
0.00927276
0.00933907
0.00941237
0.00949304
0.00958145
0.00967793
0.00978276
0.00989611
0.010018
0.0101484
0.010287
0.0104333
0.0105865
0.0107459
0.0109102
0.0110782
0.0112484
0.0114191
0.0115885
0.0117548
0.0119162
0.0120707
0.0122165
0.0123519
0.0124751
0.0125846
0.0126792
0.0127577
0.0128192
0.0128631
0.0128888
0.0128963
0.0128856
0.0128572
0.0128116
0.0127498
0.012673
0.0125826
0.0124801
0.0123675
0.0122465
0.0121191
0.0119872
0.0118528
0.0117175
0.0115831
0.0114511
0.011323
0.0112001
0.0110834
0.010974
0.0108725
0.0107796
0.0106956
0.0106205
0.0105543
0.0104966
0.010447
0.0104048
0.0103693
0.0103398
0.0103155
0.0102957
0.0102797
0.0102669
0.0102569
0.0102492
0.0102435
0.0102397
0.00887945
0.00888534
0.00889569
0.00891093
0.00893114
0.00895647
0.00898706
0.00902314
0.00906499
0.00911293
0.00916736
0.00922872
0.00929748
0.00937414
0.0094592
0.0095531
0.00965627
0.00976899
0.00989147
0.0100237
0.0101656
0.0103166
0.0104763
0.0106438
0.010818
0.0109975
0.011181
0.0113667
0.0115527
0.0117372
0.0119181
0.0120933
0.0122609
0.0124188
0.0125653
0.0126984
0.0128167
0.0129186
0.0130032
0.0130693
0.0131163
0.0131437
0.0131513
0.0131391
0.0131076
0.0130572
0.0129889
0.0129039
0.0128036
0.0126898
0.0125643
0.0124294
0.0122871
0.0121397
0.0119892
0.0118377
0.011687
0.0115391
0.0113953
0.011257
0.0111257
0.0110024
0.010888
0.0107833
0.0106886
0.0106043
0.0105302
0.010466
0.0104113
0.0103652
0.010327
0.0102958
0.0102705
0.0102504
0.0102345
0.010222
0.0102124
0.010205
0.0101996
0.0101958
0.00882723
0.00883313
0.00884325
0.00885814
0.00887794
0.00890285
0.00893313
0.0089691
0.00901115
0.00905975
0.00911543
0.00917875
0.00925032
0.00933077
0.00942069
0.00952064
0.00963106
0.00975229
0.00988452
0.0100277
0.0101817
0.0103458
0.0105195
0.0107017
0.0108911
0.0110863
0.0112856
0.011487
0.0116886
0.0118883
0.0120838
0.0122729
0.0124536
0.0126236
0.0127811
0.012924
0.0130509
0.0131603
0.0132509
0.0133217
0.0133721
0.0134015
0.0134097
0.0133967
0.0133628
0.0133084
0.0132344
0.0131419
0.0130323
0.0129074
0.0127693
0.0126202
0.0124626
0.012299
0.0121319
0.0119635
0.0117958
0.0116313
0.0114712
0.0113171
0.0111706
0.0110329
0.010905
0.0107878
0.0106818
0.0105874
0.0105047
0.0104332
0.0103726
0.010322
0.0102804
0.0102469
0.0102202
0.0101993
0.0101832
0.0101708
0.0101614
0.0101542
0.0101489
0.0101451
0.00876762
0.00877353
0.00878344
0.008798
0.00881742
0.00884198
0.00887203
0.008908
0.00895041
0.00899986
0.009057
0.00912256
0.00919726
0.00928185
0.00937703
0.00948341
0.0096015
0.00973166
0.00987403
0.0100285
0.0101949
0.0103724
0.0105602
0.0107572
0.0109619
0.0111726
0.0113875
0.0116045
0.0118213
0.0120357
0.0122454
0.012448
0.0126411
0.0128227
0.0129905
0.0131428
0.0132777
0.013394
0.0134902
0.0135656
0.0136193
0.013651
0.0136603
0.0136473
0.0136121
0.013555
0.0134768
0.0133784
0.013261
0.0131264
0.0129766
0.012814
0.0126414
0.0124617
0.0122776
0.012092
0.0119074
0.0117254
0.0115486
0.0113784
0.0112164
0.011064
0.0109223
0.0107922
0.0106745
0.0105695
0.0104775
0.0103982
0.010331
0.0102751
0.0102296
0.0101931
0.0101645
0.0101425
0.0101257
0.0101131
0.0101037
0.0100966
0.0100913
0.0100874
0.00870031
0.00870623
0.00871594
0.0087302
0.00874928
0.00877356
0.00880346
0.00883955
0.00888246
0.00893293
0.00899175
0.00905977
0.00913784
0.00922683
0.00932751
0.00944058
0.00956656
0.0097058
0.00985843
0.0100243
0.0102029
0.0103937
0.0105954
0.0108068
0.0110263
0.011252
0.0114818
0.0117135
0.0119447
0.012173
0.0123958
0.0126106
0.0128151
0.0130069
0.013184
0.0133443
0.0134861
0.0136081
0.0137091
0.0137882
0.0138447
0.0138785
0.0138892
0.0138769
0.0138418
0.0137839
0.0137039
0.0136021
0.0134797
0.013338
0.0131788
0.0130047
0.0128185
0.0126234
0.0124228
0.01222
0.0120178
0.0118188
0.0116251
0.0114388
0.0112613
0.0110941
0.0109384
0.0107954
0.0106657
0.0105499
0.0104482
0.0103604
0.0102861
0.0102244
0.0101743
0.0101345
0.0101034
0.0100797
0.010062
0.0100488
0.0100391
0.0100319
0.0100265
0.0100224
0.00862496
0.00863089
0.00864042
0.00865441
0.00867321
0.00869726
0.00872712
0.00876343
0.00880697
0.00885859
0.00891924
0.00898987
0.00907147
0.00916498
0.00927127
0.00939107
0.00952492
0.00967317
0.00983586
0.0100128
0.0102034
0.0104067
0.0106217
0.0108467
0.01108
0.0113196
0.0115632
0.0118083
0.0120524
0.0122929
0.0125272
0.0127526
0.0129666
0.0131668
0.0133511
0.0135175
0.0136643
0.0137901
0.013894
0.0139752
0.0140334
0.0140683
0.0140802
0.014069
0.0140351
0.0139786
0.0138995
0.0137981
0.0136746
0.0135301
0.0133658
0.0131838
0.012987
0.0127789
0.0125632
0.012344
0.0121248
0.0119087
0.0116983
0.0114959
0.011303
0.0111212
0.0109518
0.0107958
0.0106542
0.0105274
0.0104158
0.0103193
0.0102375
0.0101696
0.0101144
0.0100706
0.0100366
0.0100108
0.00999168
0.00997764
0.0099674
0.00995987
0.00995423
0.00994997
0.00854125
0.00854718
0.00855655
0.0085703
0.00858887
0.00861277
0.00864264
0.00867926
0.00872352
0.00877639
0.00883894
0.00891225
0.0089974
0.00909542
0.00920723
0.0093336
0.00947507
0.00963193
0.00980419
0.00999151
0.0101932
0.0104083
0.0106354
0.0108728
0.0111185
0.0113704
0.0116259
0.0118826
0.0121376
0.0123882
0.0126317
0.0128652
0.0130863
0.0132924
0.0134813
0.0136511
0.0138002
0.0139273
0.0140316
0.0141125
0.01417
0.0142044
0.0142161
0.0142056
0.0141734
0.0141198
0.0140446
0.0139476
0.0138283
0.0136867
0.0135233
0.0133394
0.0131373
0.0129204
0.0126929
0.0124594
0.0122245
0.0119921
0.0117655
0.0115472
0.0113393
0.0111433
0.0109604
0.0107918
0.0106384
0.0105008
0.0103794
0.0102741
0.0101846
0.01011
0.0100494
0.0100012
0.00996381
0.00993551
0.00991456
0.0098993
0.00988825
0.00988019
0.0098742
0.00986971
0.00844887
0.0084548
0.00846402
0.00847756
0.00849593
0.00851972
0.00854967
0.00858665
0.00863166
0.00868581
0.00875025
0.00882618
0.00891477
0.00901711
0.00913416
0.0092667
0.00941526
0.00958008
0.00976108
0.00995782
0.0101695
0.0103949
0.0106326
0.0108807
0.011137
0.0113991
0.0116644
0.0119302
0.0121935
0.0124515
0.0127013
0.0129401
0.0131652
0.0133742
0.0135649
0.0137352
0.0138837
0.0140091
0.0141108
0.0141884
0.0142424
0.0142733
0.0142823
0.0142705
0.014239
0.0141885
0.0141191
0.01403
0.0139202
0.0137882
0.0136334
0.0134556
0.013256
0.0130373
0.0128036
0.0125601
0.0123122
0.0120653
0.0118235
0.0115901
0.0113677
0.0111579
0.0109622
0.0107815
0.0106168
0.0104687
0.0103376
0.0102235
0.0101262
0.010045
0.00997859
0.00992568
0.00988456
0.00985338
0.00983028
0.00981347
0.00980135
0.00979257
0.00978611
0.00978134
0.00834754
0.00835346
0.00836253
0.00837589
0.00839408
0.00841778
0.00844782
0.00848516
0.0085309
0.00858626
0.00865249
0.00873086
0.00882262
0.0089289
0.00905069
0.00918877
0.00934362
0.00951544
0.00970403
0.00990887
0.010129
0.0103631
0.0106095
0.0108661
0.0111307
0.0114005
0.0116728
0.0119448
0.0122134
0.0124756
0.0127286
0.0129695
0.0131957
0.0134049
0.0135947
0.0137633
0.0139089
0.0140304
0.014127
0.0141986
0.0142458
0.0142698
0.0142723
0.0142553
0.0142211
0.0141714
0.014107
0.0140273
0.0139305
0.0138143
0.0136759
0.0135135
0.0133263
0.0131153
0.0128838
0.0126371
0.0123814
0.0121233
0.0118685
0.0116215
0.0113855
0.0111628
0.0109548
0.0107627
0.0105873
0.0104292
0.0102889
0.0101664
0.0100615
0.00997346
0.00990126
0.00984345
0.00979831
0.00976396
0.00973842
0.0097198
0.00970637
0.00969669
0.00968965
0.00968457
0.008237
0.0082429
0.00825183
0.00826499
0.008283
0.00830661
0.0083367
0.00837434
0.00842072
0.00847713
0.00854491
0.00862539
0.00871988
0.00882954
0.00895537
0.0090981
0.0092582
0.00943577
0.00963053
0.00984183
0.0100686
0.0103093
0.0105622
0.0108249
0.011095
0.0113696
0.0116458
0.0119207
0.0121912
0.0124543
0.0127074
0.0129477
0.0131729
0.0133806
0.0135687
0.0137351
0.013878
0.0139955
0.0140868
0.0141514
0.0141898
0.0142035
0.0141949
0.0141673
0.014124
0.0140688
0.0140043
0.0139308
0.0138469
0.0137491
0.0136331
0.0134944
0.0133299
0.0131378
0.0129195
0.0126791
0.0124231
0.0121595
0.0118956
0.0116374
0.0113897
0.0111552
0.010936
0.0107333
0.010548
0.0103807
0.0102318
0.0101013
0.00998906
0.00989448
0.00981651
0.00975374
0.00970446
0.00966673
0.00963853
0.00961788
0.00960296
0.00959223
0.00958452
0.00957911
0.00811705
0.0081229
0.00813167
0.00814462
0.00816243
0.00818588
0.00821595
0.00825377
0.00830059
0.00835779
0.00842675
0.00850888
0.00860549
0.00871777
0.0088467
0.00899299
0.00915703
0.00933886
0.00953811
0.00975398
0.00998526
0.0102303
0.010487
0.0107531
0.0110257
0.0113019
0.0115786
0.011853
0.012122
0.0123831
0.0126339
0.0128722
0.0130961
0.0133036
0.0134924
0.0136603
0.0138046
0.0139228
0.0140125
0.0140725
0.0141027
0.0141044
0.0140806
0.0140355
0.0139742
0.0139028
0.0138271
0.0137502
0.0136722
0.0135895
0.0134962
0.0133857
0.0132516
0.013089
0.0128955
0.0126729
0.0124268
0.0121656
0.0118984
0.0116332
0.0113764
0.0111321
0.0109032
0.0106911
0.0104969
0.0103213
0.0101645
0.0100267
0.00990767
0.00980689
0.00972336
0.00965573
0.0096023
0.00956112
0.00953014
0.00950731
0.00949077
0.00947888
0.00947044
0.00946467
0.00798755
0.00799332
0.0080019
0.0080146
0.00803213
0.00805533
0.00808524
0.00812302
0.00817001
0.00822761
0.00829727
0.00838042
0.00847838
0.00859233
0.00872324
0.00887176
0.00903825
0.00922263
0.00942445
0.00964278
0.00987626
0.0101231
0.0103809
0.0106473
0.0109191
0.0111935
0.0114675
0.0117378
0.0120026
0.0122596
0.0125075
0.0127449
0.0129708
0.0131835
0.0133809
0.0135599
0.0137164
0.0138459
0.0139438
0.0140068
0.0140333
0.0140239
0.013982
0.0139126
0.0138224
0.0137202
0.0136162
0.0135185
0.0134306
0.0133509
0.0132728
0.0131876
0.0130857
0.0129586
0.0127996
0.0126061
0.0123811
0.0121322
0.0118696
0.0116032
0.0113414
0.0110902
0.0108535
0.0106336
0.0104319
0.010249
0.0100854
0.00994107
0.00981597
0.00970952
0.00962083
0.00954859
0.00949113
0.00944654
0.00941274
0.00938769
0.00936944
0.00935634
0.00934712
0.009341
0.0078484
0.00785406
0.0078624
0.00787478
0.00789193
0.00791474
0.00794426
0.00798173
0.00802851
0.00808603
0.00815577
0.00823916
0.00833753
0.00845205
0.00858364
0.00873292
0.00890016
0.00908522
0.00928754
0.00950605
0.00973925
0.0099851
0.0102412
0.0105046
0.0107725
0.0110417
0.0113093
0.0115731
0.0118318
0.0120846
0.0123314
0.0125728
0.0128086
0.0130382
0.013259
0.0134662
0.0136533
0.0138121
0.0139344
0.0140131
0.014044
0.0140267
0.0139648
0.0138649
0.0137349
0.0135854
0.0134319
0.0132892
0.013167
0.0130688
0.012989
0.012917
0.0128408
0.0127481
0.0126274
0.0124709
0.0122769
0.0120506
0.0118015
0.0115411
0.0112797
0.0110255
0.0107839
0.0105584
0.0103508
0.010162
0.00999272
0.00984297
0.00971263
0.00960123
0.00950792
0.00943145
0.00937024
0.0093224
0.00928588
0.00925861
0.00923866
0.00922433
0.00921434
0.00920788
0.00769961
0.00770511
0.00771315
0.0077251
0.00774173
0.00776394
0.00779282
0.00782961
0.00787571
0.00793255
0.00800163
0.00808437
0.00818208
0.00829591
0.00842673
0.00857514
0.00874132
0.00892507
0.0091257
0.00934204
0.00957237
0.0098145
0.0100658
0.0103232
0.0105838
0.0108446
0.0111035
0.0113593
0.0116113
0.0118618
0.012113
0.0123676
0.0126273
0.012892
0.0131583
0.0134186
0.0136619
0.0138741
0.0140412
0.0141508
0.0141952
0.0141723
0.0140869
0.0139492
0.0137694
0.0135581
0.0133345
0.0131206
0.0129344
0.0127887
0.0126821
0.0126038
0.0125384
0.0124713
0.0123852
0.0122673
0.0121104
0.0119147
0.0116879
0.0114412
0.0111866
0.0109342
0.0106913
0.0104628
0.0102514
0.0100585
0.00988495
0.00973094
0.0095964
0.0094809
0.00938366
0.00930353
0.00923897
0.00918816
0.0091491
0.00911974
0.00909814
0.00908263
0.00907189
0.00906513
0.00754125
0.00754654
0.00755419
0.00756559
0.00758152
0.00760288
0.00763077
0.00766645
0.00771131
0.00776679
0.00783436
0.00791543
0.0080113
0.00812307
0.00825159
0.0083974
0.00856063
0.00874101
0.00893774
0.0091495
0.00937441
0.00961005
0.00985359
0.010102
0.0103522
0.010602
0.0108501
0.0110969
0.0113445
0.0115978
0.0118625
0.0121441
0.012447
0.0127711
0.0131112
0.0134551
0.0137844
0.0140766
0.0143086
0.0144616
0.0145234
0.0144913
0.0143721
0.0141838
0.0139436
0.0136604
0.0133535
0.0130495
0.0127728
0.0125493
0.0123869
0.0122785
0.0122065
0.0121489
0.0120875
0.0120038
0.0118843
0.0117236
0.0115254
0.0112993
0.0110579
0.0108126
0.0105726
0.0103444
0.0101317
0.00993668
0.00976053
0.00960367
0.00946611
0.00934752
0.00924721
0.00916408
0.0090967
0.00904332
0.00900201
0.00897077
0.00894767
0.00893107
0.00891965
0.00891263
0.0073735
0.00737851
0.00738567
0.00739637
0.00741137
0.00743158
0.0074581
0.00749217
0.00753516
0.00758849
0.00765362
0.00773193
0.00782469
0.00793296
0.00805757
0.00819902
0.00835739
0.00853233
0.00872296
0.0089278
0.0091448
0.00937132
0.00960438
0.00984091
0.0100783
0.0103151
0.0105516
0.0107907
0.0110382
0.0113011
0.0115908
0.0119166
0.0122851
0.0126963
0.0131413
0.013601
0.0140465
0.0144425
0.0147541
0.0149539
0.0150261
0.0149697
0.0147945
0.0145308
0.0142129
0.0138508
0.013459
0.0130639
0.0126868
0.0123651
0.0121214
0.0119583
0.0118584
0.0117971
0.0117495
0.0116923
0.0116064
0.0114809
0.0113145
0.011114
0.0108911
0.010658
0.0104254
0.0102009
0.00998976
0.00979495
0.00961811
0.00945997
0.00932075
0.00920023
0.0090978
0.00901248
0.00894293
0.0088875
0.00884433
0.00881148
0.0087871
0.00876954
0.00875755
0.00875033
0.00719661
0.00720128
0.00720785
0.00721767
0.00723149
0.00725022
0.00727492
0.00730682
0.00734724
0.0073976
0.0074593
0.00753369
0.00762201
0.00772531
0.00784438
0.00797969
0.00813132
0.00829883
0.00848125
0.00867697
0.00888374
0.00909875
0.00931889
0.00954124
0.00976376
0.00998622
0.0102111
0.0104445
0.0106962
0.0109791
0.0113062
0.011693
0.0121495
0.0126741
0.0132532
0.0138588
0.0144478
0.0149671
0.015365
0.0156044
0.0156653
0.0155575
0.0152925
0.0149137
0.0144862
0.0140314
0.0135585
0.0130913
0.0126331
0.0122181
0.0118825
0.0116459
0.0115017
0.0114233
0.0113798
0.0113419
0.0112849
0.0111924
0.0110583
0.0108862
0.0106858
0.0104692
0.0102478
0.0100308
0.00982417
0.00963202
0.00945655
0.00929889
0.0091595
0.00903831
0.00893485
0.00884825
0.00877727
0.00872039
0.00867583
0.00864175
0.00861634
0.00859803
0.00858559
0.00857824
0.00701097
0.00701523
0.00702107
0.00702981
0.00704219
0.00705907
0.00708148
0.0071106
0.00714774
0.00719424
0.00725147
0.00732076
0.00740331
0.00750015
0.00761208
0.00773954
0.00788261
0.00804081
0.00821309
0.0083977
0.0085922
0.00879363
0.00899884
0.00920516
0.00941137
0.00961887
0.00983283
0.010063
0.0103239
0.0106331
0.0110097
0.0114692
0.0120313
0.012689
0.0134251
0.0142028
0.014962
0.0156258
0.0161169
0.0163831
0.0164072
0.0162098
0.0158158
0.0152749
0.0146896
0.0141098
0.0135437
0.0130231
0.012525
0.012056
0.0116474
0.0113369
0.0111371
0.0110299
0.0109818
0.0109572
0.010925
0.0108631
0.0107609
0.0106182
0.0104427
0.0102459
0.0100394
0.00983297
0.00963391
0.00944697
0.00927504
0.00911972
0.00898175
0.00886126
0.00875794
0.00867105
0.0085995
0.00854184
0.00849644
0.00846154
0.00843544
0.00841661
0.00840387
0.00839647
0.00681706
0.00682083
0.00682581
0.00683327
0.0068439
0.00685854
0.00687816
0.00690389
0.00693698
0.00697873
0.00703046
0.00709346
0.00716892
0.00725787
0.0073611
0.0074791
0.00761193
0.00775912
0.00791954
0.00809133
0.0082719
0.00845813
0.00864688
0.00883587
0.00902486
0.0092171
0.00942073
0.0096495
0.00992247
0.0102623
0.0106912
0.0112225
0.0119006
0.012699
0.0136061
0.0145822
0.0155505
0.0163994
0.0170123
0.0173102
0.0172715
0.0169407
0.0163757
0.0156297
0.0148358
0.0140855
0.0133823
0.0127881
0.0122733
0.0118042
0.0113706
0.011013
0.010763
0.0106211
0.0105606
0.010543
0.0105312
0.0104973
0.0104258
0.0103128
0.0101638
0.0099891
0.0098002
0.00960738
0.00941858
0.00923934
0.00907315
0.00892207
0.00878717
0.00866882
0.00856688
0.00848076
0.00840951
0.00835184
0.0083062
0.00827097
0.00824453
0.00822544
0.00821258
0.00820523
0.00661544
0.00661866
0.00662265
0.0066286
0.00663719
0.00664919
0.00666551
0.00668723
0.00671551
0.00675162
0.00679683
0.0068524
0.0069195
0.00699919
0.00709228
0.00719932
0.00732041
0.00745511
0.00760225
0.00775988
0.00792527
0.00809517
0.0082665
0.00843734
0.00860849
0.00878507
0.00897804
0.00920481
0.00948867
0.00985681
0.010338
0.0109628
0.0117106
0.012635
0.0137182
0.0149298
0.0161814
0.0173066
0.0181151
0.0184862
0.0183776
0.0178573
0.0170516
0.0160438
0.0149952
0.0140467
0.0131653
0.0124374
0.0118696
0.0114032
0.0109905
0.0106331
0.0103621
0.0101954
0.010121
0.0101054
0.0101094
0.0101001
0.0100572
0.00997335
0.00985145
0.00970042
0.00953128
0.00935446
0.00917839
0.00900916
0.00885082
0.00870587
0.00857571
0.00846096
0.00836167
0.00827743
0.00820743
0.00815051
0.00810528
0.00807024
0.00804386
0.0080248
0.008012
0.0080048
0.00640681
0.00640941
0.00641226
0.0064165
0.00642275
0.0064317
0.00644423
0.00646132
0.00648408
0.0065137
0.00655141
0.00659845
0.00665601
0.00672516
0.0068068
0.00690155
0.00700961
0.00713058
0.00726335
0.00740589
0.00755535
0.00770837
0.00786182
0.00801411
0.00816686
0.00832671
0.00850676
0.008727
0.0090131
0.00939401
0.00989918
0.0105564
0.0113861
0.0124001
0.0136551
0.0151605
0.0168359
0.0184038
0.0195458
0.0200731
0.0198973
0.0191077
0.0179359
0.0165315
0.0151345
0.01398
0.0129509
0.0120809
0.0114014
0.0108964
0.0104979
0.0101667
0.00990788
0.00973947
0.00966103
0.00964835
0.00966509
0.00967686
0.00965996
0.00960379
0.00950873
0.00938211
0.00923423
0.00907533
0.00891407
0.00875695
0.00860844
0.00847143
0.00834764
0.00823793
0.00814257
0.00806131
0.00799351
0.00793816
0.00789402
0.00785969
0.00783379
0.00781507
0.00780253
0.00779557
0.00619193
0.00619384
0.00619542
0.00619775
0.00620136
0.00620691
0.00621517
0.00622705
0.0062436
0.00626593
0.00629524
0.00633275
0.00637967
0.00643715
0.00650617
0.00658748
0.00668143
0.00678776
0.00690542
0.00703238
0.00716569
0.00730179
0.00743744
0.00757107
0.00770466
0.00784561
0.008008
0.00821243
0.00848442
0.00885151
0.00934144
0.00998392
0.0108162
0.0118915
0.0132713
0.0151397
0.0174642
0.0197866
0.0214988
0.0222855
0.0220098
0.0207776
0.0190561
0.0170451
0.0150905
0.0136417
0.0125229
0.011605
0.0108775
0.0103375
0.0099369
0.00962916
0.00939733
0.00924651
0.00917761
0.0091734
0.00920282
0.00923302
0.00923917
0.00920848
0.0091392
0.00903702
0.00891122
0.00877164
0.0086269
0.00848369
0.00834679
0.0082194
0.00810352
0.00800025
0.00791006
0.00783288
0.00776823
0.00771526
0.00767286
0.00763979
0.00761479
0.00759671
0.00758464
0.00757802
0.00597164
0.00597281
0.005973
0.00597323
0.00597395
0.00597575
0.00597931
0.00598546
0.00599516
0.00600948
0.00602957
0.00605666
0.00609199
0.00613678
0.00619218
0.0062591
0.00633811
0.00642915
0.00653133
0.00664268
0.00676011
0.00687984
0.0069982
0.00711323
0.00722657
0.00734526
0.00748264
0.00765758
0.00789209
0.00820857
0.00862955
0.00918462
0.00992643
0.0109413
0.0123938
0.0145861
0.017964
0.0218205
0.0243423
0.0254066
0.0249281
0.0229671
0.0204409
0.0174129
0.0147258
0.0129001
0.0116803
0.0107998
0.0101365
0.0096488
0.00928694
0.00901951
0.0088293
0.00871296
0.00866811
0.00868091
0.00872562
0.00877308
0.00879967
0.00879198
0.0087468
0.00866839
0.00856491
0.00844552
0.00831858
0.00819077
0.00806703
0.00795078
0.00784423
0.0077487
0.00766486
0.00759281
0.00753222
0.0074824
0.0074424
0.00741112
0.00738744
0.00737031
0.0073589
0.00735272
0.00574687
0.00574724
0.00574595
0.0057439
0.00574151
0.00573925
0.00573773
0.00573769
0.00574001
0.00574569
0.00575587
0.00577176
0.00579466
0.00582593
0.00586687
0.00591864
0.00598211
0.00605751
0.00614419
0.00624029
0.00634261
0.00644695
0.00654894
0.00664559
0.00673728
0.00682934
0.00693256
0.00706154
0.00723139
0.00745493
0.00774406
0.00812129
0.00864722
0.00941121
0.0105374
0.0129005
0.0177355
0.022699
0.0274356
0.0293044
0.0281564
0.0250024
0.0220277
0.0172027
0.0135586
0.0115741
0.0104724
0.00971535
0.00917406
0.00880166
0.00852884
0.00833167
0.00820232
0.00813692
0.00813038
0.00817006
0.00823476
0.00830008
0.00834545
0.00835845
0.00833546
0.0082797
0.00819826
0.00809948
0.00799121
0.00787996
0.00777067
0.00766685
0.0075709
0.00748432
0.00740791
0.00734195
0.00728628
0.00724035
0.00720337
0.00717439
0.00715242
0.00713652
0.00712596
0.0071203
0.00551856
0.00551811
0.00551525
0.0055108
0.0055051
0.00549855
0.00549164
0.00548503
0.00547952
0.00547606
0.00547573
0.00547979
0.00548959
0.00550664
0.00553245
0.00556851
0.00561604
0.00567569
0.00574715
0.00582872
0.00591709
0.00600745
0.00609431
0.00617298
0.00624152
0.00630227
0.00636181
0.00642854
0.0065082
0.00660045
0.00669975
0.00680657
0.00697187
0.00722545
0.00718672
0.0076688
0.0137993
0.0273482
0.04208
0.0461389
0.043386
0.0267481
0.018984
0.0150779
0.0104508
0.00922819
0.0088292
0.00840597
0.00808509
0.00787212
0.00771196
0.00759895
0.00753869
0.00753138
0.00757067
0.00764371
0.00773229
0.00781652
0.00787968
0.00791149
0.00790885
0.00787444
0.00781441
0.00773625
0.00764717
0.00755331
0.00745948
0.0073692
0.00728494
0.00720832
0.00714032
0.00708133
0.00703135
0.00698999
0.0069566
0.00693039
0.00691048
0.00689608
0.00688654
0.00688147
0.00528771
0.00528642
0.00528194
0.00527499
0.00526585
0.00525481
0.00524229
0.00522883
0.00521516
0.00520215
0.00519088
0.00518262
0.0051788
0.00518108
0.00519125
0.00521118
0.00524256
0.00528655
0.0053433
0.00541136
0.00548724
0.00556535
0.00563861
0.00569995
0.00574417
0.00576954
0.00577746
0.00576941
0.00574148
0.00567966
0.00555757
0.00533601
0.00501011
0.00449082
0.00259621
-0.000807794
0.01597
0.585209
0.467269
0.324129
0.329007
0.0883099
0.0559718
0.0106828
0.00348308
0.00571194
0.00672551
0.0068154
0.00685462
0.0068742
0.00686041
0.0068482
0.00686379
0.00691659
0.00700268
0.00711011
0.00722318
0.00732598
0.00740564
0.00745448
0.00747042
0.00745596
0.00741653
0.00735873
0.00728904
0.00721312
0.00713549
0.00705959
0.00698791
0.00692215
0.00686337
0.00681211
0.0067685
0.0067323
0.00670301
0.00667996
0.00666245
0.00664979
0.00664141
0.006637
0.00505532
0.00505319
0.00504705
0.00503756
0.0050249
0.00500927
0.00499099
0.0049705
0.00494844
0.00492563
0.00490313
0.0048822
0.00486438
0.00485151
0.00484569
0.00484921
0.00486434
0.00489289
0.00493557
0.00499127
0.00505631
0.00512411
0.00518559
0.00523063
0.00525012
0.00523767
0.00518948
0.005101
0.00496122
0.00474751
0.00442157
0.00391141
0.00313427
0.00196842
-0.000622545
-0.00661179
0.000428893
3.08701
1.83552
5.7153
5.73121
0.975447
1.76575
0.00827074
-0.00296178
0.00247646
0.00440533
0.00505729
0.00553238
0.0058206
0.00597867
0.00608507
0.00618673
0.00630355
0.00643657
0.00657707
0.00671296
0.00683252
0.00692675
0.00699069
0.00702344
0.00702755
0.00700779
0.00696989
0.00691955
0.00686182
0.00680089
0.00674
0.00668158
0.00662736
0.00657848
0.00653558
0.0064989
0.00646835
0.00644357
0.00642406
0.00640921
0.00639847
0.00639139
0.00638768
0.00482237
0.00481942
0.00481163
0.00479958
0.00478338
0.00476313
0.00473904
0.00471145
0.00468091
0.00464819
0.00461429
0.00458053
0.0045485
0.00452023
0.00449816
0.00448509
0.00448396
0.00449738
0.00452666
0.00457115
0.00462703
0.00468656
0.0047383
0.00476861
0.00476402
0.00471364
0.00460941
0.004443
0.00420035
0.00385836
0.00339043
0.00271178
0.00174577
0.000257133
-0.00175793
-0.00738818
-0.00777106
3.7352
3550.48
3068.48
3068.6
3549.89
3.25695
-0.0104459
-0.00503948
0.000150857
0.00228532
0.00353355
0.0043238
0.00481721
0.00512412
0.00534069
0.00552536
0.00570388
0.00588077
0.00605087
0.00620633
0.00633985
0.00644616
0.00652314
0.00657101
0.00659234
0.00659128
0.00657269
0.00654145
0.00650196
0.00645798
0.00641249
0.00636781
0.00632563
0.00628715
0.00625308
0.00622378
0.00619927
0.00617934
0.00616362
0.00615165
0.00614299
0.00613729
0.00613432
0.00458981
0.00458606
0.00457666
0.0045621
0.00454241
0.00451759
0.00448773
0.00445309
0.00441411
0.00437148
0.0043262
0.00427962
0.00423331
0.00418953
0.00415108
0.00412128
0.00410386
0.00410253
0.00411894
0.00415326
0.00420155
0.00425482
0.00429903
0.00431669
0.00428996
0.00420407
0.00404856
0.00381435
0.00348754
0.0030438
0.0025224
0.00175689
0.000826256
-0.00052818
-0.00207723
-0.00524665
-0.00361583
0.30566
23944.1
23991.2
23991.4
23943.9
0.112821
-0.0039458
-0.00396937
-0.000683149
0.00105882
0.00246473
0.00329528
0.00391568
0.0043343
0.00464221
0.00489828
0.00512973
0.00534317
0.00553681
0.00570715
0.00585115
0.00596653
0.00605459
0.00611601
0.0061533
0.00616997
0.00617003
0.0061575
0.00613611
0.00610911
0.0060792
0.00604851
0.0060187
0.00599094
0.00596603
0.0059444
0.00592621
0.00591136
0.00589962
0.00589068
0.00588422
0.00587995
0.00587774
0.00435851
0.00435403
0.00434309
0.00432612
0.00430305
0.00427378
0.00423831
0.00419677
0.00414951
0.00409712
0.00404058
0.00398147
0.00392094
0.00386166
0.00380679
0.00376018
0.00372616
0.00371088
0.0037145
0.00373938
0.00378139
0.00383026
0.00386926
0.00387695
0.00383132
0.00371481
0.00351736
0.00323408
0.00285803
0.00237411
0.00177255
0.00100328
0.000126815
-0.00105496
-0.00214977
-0.00465507
-0.00197908
14.9589
27986.6
27989.2
27989.1
27986.5
14.8782
-0.000325786
-0.00330332
-0.000879859
0.000316265
0.00158764
0.00246864
0.00314324
0.00363053
0.00400585
0.00431745
0.00458943
0.00482933
0.00503863
0.00521824
0.0053694
0.00548967
0.00558753
0.00566118
0.00571329
0.00574678
0.00576478
0.00577046
0.00576681
0.00575663
0.00574227
0.00572564
0.00570831
0.00569142
0.00567583
0.00566204
0.00565031
0.00564068
0.00563304
0.00562721
0.00562298
0.00562018
0.00561873
0.00412927
0.00412415
0.00411179
0.00409255
0.00406626
0.00403276
0.00399193
0.00394378
0.00388852
0.00382665
0.0037589
0.00368821
0.00361346
0.00353884
0.0034677
0.00340446
0.0033544
0.00332326
0.00331481
0.00333083
0.00336754
0.00341363
0.00344974
0.00345055
0.00339013
0.00324898
0.00301907
0.00270233
0.00230133
0.00180752
0.00120149
0.00044571
-0.000440313
-0.00158618
-0.00262845
-0.00490512
-0.00509801
29.3763
23597.7
24502.2
24502.2
23597.4
29.305
-0.00459516
-0.00416102
-0.00149301
-0.000294593
0.000925528
0.00180888
0.00249822
0.00302116
0.00343976
0.0037889
0.00408694
0.00434171
0.00455804
0.00474054
0.00489357
0.00502025
0.00512493
0.00520924
0.00527507
0.00532448
0.00535969
0.00538299
0.00539654
0.00540287
0.00540383
0.00540113
0.0053962
0.00539015
0.00538388
0.00537795
0.0053727
0.0053683
0.00536479
0.00536209
0.00536011
0.00535876
0.00535806
0.00390275
0.00389716
0.00388356
0.00386222
0.00383293
0.00379548
0.00374964
0.00369528
0.00363252
0.00356178
0.0034839
0.00340039
0.00331244
0.00322302
0.00313589
0.00305604
0.00298954
0.00294298
0.0029219
0.00292895
0.00296075
0.00300524
0.0030407
0.00303817
0.00296806
0.00280955
0.00255769
0.00222198
0.00181376
0.00132964
0.000745494
1.5176e-05
-0.000953872
-0.00225902
-0.00469813
-0.00656012
-0.0253934
11.5396
794.063
366.53
366.51
793.943
11.5676
-0.025263
-0.00547841
-0.00344598
-0.000990702
0.000292787
0.00125434
0.00195752
0.00250276
0.00294533
0.00331374
0.00362244
0.00388025
0.00409519
0.00427528
0.00442755
0.00455725
0.00466819
0.0047624
0.00484118
0.00490573
0.00495735
0.00499751
0.00502785
0.00505013
0.00506597
0.00507686
0.00508408
0.0050886
0.00509151
0.0050933
0.00509444
0.00509521
0.00509575
0.00509613
0.00509635
0.00509642
0.00509644
0.00367999
0.00367372
0.00365885
0.00363562
0.00360371
0.00356273
0.00351233
0.00345226
0.00338256
0.00330352
0.00321587
0.00312081
0.00302001
0.00291626
0.0028135
0.00271716
0.00263404
0.0025718
0.00253744
0.00253488
0.00256153
0.00260507
0.00264193
0.00263983
0.00256576
0.00239781
0.00213506
0.00179627
0.00140204
0.000951157
0.000415363
-0.000237367
-0.00109285
-0.0022329
-0.00438116
-0.00727068
-0.0121981
-0.00973506
-0.0337242
-0.0244702
-0.024381
-0.0340935
-0.00988689
-0.011526
-0.00646451
-0.00361003
-0.00136811
-0.000127305
0.000827196
0.0015223
0.00207168
0.00251936
0.00288887
0.00319314
0.00344286
0.00364907
0.00382242
0.00397166
0.00410281
0.00421941
0.00432299
0.00441413
0.00449311
0.00456037
0.00461664
0.00466294
0.0047005
0.00473062
0.00475454
0.00477343
0.00478828
0.00479999
0.00480923
0.00481653
0.00482228
0.00482673
0.00483007
0.00483242
0.00483385
0.00483449
0.00346103
0.00345428
0.00343835
0.00341349
0.00337928
0.0033352
0.00328075
0.00321559
0.0031396
0.00305298
0.00295632
0.00285069
0.0027378
0.0026204
0.00250256
0.00239
0.00229019
0.00221179
0.00216321
0.00214988
0.00217048
0.00221307
0.00225304
0.00225547
0.00218383
0.00201407
0.00174778
0.00141287
0.00104149
0.000633242
0.000139447
-0.000491862
-0.00127824
-0.0022099
-0.00344216
-0.00497946
-0.00888047
-0.0130128
-0.0137326
-0.0127511
-0.0127097
-0.0136545
-0.012839
-0.0081259
-0.00434244
-0.00276807
-0.0013167
-0.000284135
0.000545395
0.00119495
0.00172254
0.00215462
0.00250753
0.0027937
0.00302602
0.00321792
0.00338167
0.00352664
0.00365872
0.00378073
0.00389341
0.00399641
0.00408912
0.00417119
0.00424267
0.00430401
0.004356
0.00439961
0.00443587
0.00446581
0.00449038
0.00451045
0.00452674
0.00453987
0.00455031
0.00455844
0.00456457
0.0045689
0.00457159
0.00457284
0.00324627
0.00323917
0.00322241
0.00319623
0.00316011
0.0031134
0.0030555
0.00298593
0.00290445
0.00281112
0.00270639
0.00259123
0.00246727
0.00233717
0.00220502
0.00207673
0.00196028
0.00186522
0.00180129
0.00177559
0.00178847
0.00182921
0.00187331
0.00188452
0.00182353
0.00166306
0.00140354
0.00107773
0.000732297
0.000387281
4.34187e-06
-0.00048829
-0.00113127
-0.00192868
-0.00283483
-0.00378414
-0.00562058
-0.00678351
-0.00847647
-0.0087771
-0.00878566
-0.00846047
-0.00670343
-0.00525813
-0.0034645
-0.00225648
-0.00117779
-0.000332892
0.00037258
0.000956737
0.00144151
0.00183897
0.00216001
0.00241733
0.0026257
0.00280005
0.00295305
0.00309367
0.00322689
0.00335449
0.00347612
0.00359051
0.00369621
0.00379216
0.0038778
0.00395312
0.0040185
0.00407462
0.00412233
0.00416252
0.0041961
0.00422391
0.00424672
0.00426522
0.00427999
0.00429152
0.0043002
0.00430634
0.00431017
0.00431194
0.00303595
0.00302862
0.00301125
0.00298407
0.00294647
0.0028977
0.00283701
0.0027638
0.0026777
0.00257866
0.00246698
0.0023435
0.0022097
0.0020681
0.0019227
0.00177947
0.00164668
0.0015346
0.00145419
0.00141423
0.00141707
0.00145385
0.00150141
0.00152376
0.00148059
0.00134209
0.00110425
0.000793985
0.000453902
0.000109633
-0.000251361
-0.000652301
-0.00108579
-0.00161484
-0.00242491
-0.00320745
-0.00427384
-0.00522421
-0.00581743
-0.00599468
-0.00594803
-0.0056887
-0.00501744
-0.0038997
-0.00278525
-0.00186166
-0.00103801
-0.000338063
0.000266549
0.000780515
0.00120897
0.00155744
0.00183555
0.00205721
0.00223847
0.00239451
0.0025373
0.00267449
0.00280965
0.0029432
0.00307369
0.00319894
0.00331676
0.00342549
0.0035241
0.00361214
0.00368969
0.00375717
0.00381526
0.00386474
0.00390645
0.00394124
0.00396993
0.00399326
0.00401191
0.00402647
0.00403743
0.00404517
0.00405001
0.00405221
0.00283015
0.0028227
0.00280496
0.00277714
0.00273853
0.00268827
0.0026255
0.0025495
0.00245977
0.00235613
0.00223876
0.00210833
0.00196614
0.00181453
0.00165728
0.00150026
0.0013518
0.00122268
0.00112487
0.00106882
0.00105905
0.00108905
0.00113773
0.00117052
0.00114786
0.00104024
0.000843548
0.000583155
0.00029546
-1.10981e-05
-0.000378938
-0.000841319
-0.00128566
-0.00153528
-0.00185376
-0.0024199
-0.0031328
-0.00375116
-0.00423759
-0.0044735
-0.00441396
-0.00411746
-0.00361111
-0.00294696
-0.00222397
-0.00153773
-0.00089191
-0.000309258
0.000203882
0.000642502
0.00100472
0.00129504
0.0015244
0.00170809
0.00186243
0.0020017
0.00213617
0.00227158
0.00240974
0.00254964
0.00268878
0.00282417
0.00295305
0.00307328
0.00318343
0.00328276
0.00337107
0.00344858
0.0035158
0.00357343
0.00362227
0.00366317
0.00369698
0.00372452
0.00374654
0.00376371
0.00377662
0.00378574
0.00379142
0.00379397
0.00262882
0.00262137
0.0026035
0.00257539
0.00253626
0.00248514
0.00242106
0.00234318
0.00225088
0.00214386
0.00202218
0.00188634
0.00173747
0.00157762
0.00141029
0.00124103
0.00107805
0.000932312
0.000816603
0.000742944
0.000718198
0.000738651
0.000785821
0.000826824
0.00082217
0.000740745
0.000576627
0.000357871
0.000135429
-5.80047e-05
-0.000269555
-0.000635556
-0.00120413
-0.00166953
-0.00184545
-0.00214765
-0.0025466
-0.0028975
-0.00317992
-0.00334855
-0.0033304
-0.00313395
-0.0027862
-0.00232121
-0.00180032
-0.00126644
-0.000745261
-0.000262853
0.000162898
0.000520964
0.000810804
0.00103943
0.00121964
0.00136733
0.00149792
0.00162371
0.00175263
0.00188817
0.00203034
0.00217678
0.00232408
0.00246863
0.00260724
0.00273743
0.0028575
0.00296646
0.00306393
0.00314994
0.00322489
0.00328941
0.00334425
0.00339027
0.00342836
0.00345939
0.0034842
0.00350353
0.00351805
0.00352828
0.00353464
0.00353745
0.0024318
0.00242446
0.00240669
0.00237866
0.00233951
0.00228818
0.00222359
0.00214478
0.00205104
0.00194195
0.00181747
0.00167794
0.00152428
0.00135827
0.001183
0.00100357
0.000827783
0.000666471
0.000532895
0.00044048
0.000398579
0.000406887
0.000450643
0.000499974
0.000516168
0.000464421
0.000328185
0.000119569
-0.000116139
-0.000308877
-0.000413512
-0.000521018
-0.000852042
-0.00136147
-0.00161233
-0.00184528
-0.00211721
-0.00234008
-0.00251145
-0.00262366
-0.0026226
-0.00248584
-0.00222486
-0.00186973
-0.00145853
-0.00102612
-0.00060268
-0.00021431
0.000121654
0.000397076
0.000613588
0.000782953
0.000918529
0.00103561
0.00114763
0.00126422
0.00139062
0.00152808
0.00167491
0.00182768
0.00198225
0.00213461
0.0022813
0.00241964
0.00254776
0.0026645
0.00276932
0.00286215
0.00294328
0.00301328
0.00307288
0.00312294
0.0031644
0.00319816
0.00322514
0.00324614
0.00326188
0.00327296
0.00327983
0.00328282
0.00223883
0.00223169
0.00221427
0.00218669
0.00214803
0.00209714
0.00203285
0.0019541
0.0018601
0.00175033
0.00162465
0.00148328
0.00132696
0.00115715
0.00097649
0.000789486
0.00060327
0.00042818
0.00027751
0.000165707
0.000104475
9.72152e-05
0.000133816
0.000189275
0.000229103
0.000220338
0.000141297
-1.59801e-05
-0.000242769
-0.000493136
-0.00067059
-0.000720235
-0.000815364
-0.00115341
-0.00140126
-0.00160596
-0.00182322
-0.00199646
-0.00211028
-0.00216695
-0.00214238
-0.00201687
-0.00179394
-0.00149738
-0.00115909
-0.000810103
-0.000477703
-0.000182809
6.29128e-05
0.00025733
0.000405468
0.000523928
0.000623028
0.000716976
0.000816522
0.000928292
0.00105485
0.00119544
0.00134701
0.00150531
0.00166578
0.0018242
0.00197698
0.00212138
0.00225542
0.00237787
0.00248807
0.00258587
0.00267149
0.00274545
0.00280848
0.00286144
0.00290529
0.00294099
0.00296948
0.00299163
0.00300822
0.00301986
0.00302705
0.00303014
0.00204956
0.00204271
0.00202586
0.00199908
0.00196141
0.00191162
0.00184846
0.00177079
0.00167775
0.00156874
0.00144355
0.00130231
0.00114561
0.000974604
0.000791482
0.000600037
0.000406517
0.000220382
5.44515e-05
-7.63511e-05
-0.000158385
-0.000184716
-0.000160825
-0.000106897
-5.29406e-05
-2.72824e-05
-4.71826e-05
-0.000123079
-0.00027106
-0.000498255
-0.000742383
-0.00087717
-0.000926459
-0.00111781
-0.0013051
-0.00146188
-0.00161888
-0.00174186
-0.0018067
-0.00181117
-0.00174905
-0.00161418
-0.00141255
-0.00116404
-0.000894729
-0.000629677
-0.000389059
-0.000185895
-2.46539e-05
9.83113e-05
0.000193382
0.00026747
0.000339409
0.000418215
0.000511133
0.000621764
0.000750316
0.0008944
0.00105001
0.00121241
0.00137688
0.00153916
0.0016957
0.00184377
0.00198139
0.00210727
0.00222072
0.00232151
0.00240982
0.00248615
0.00255121
0.00260587
0.0026511
0.0026879
0.00271724
0.00274002
0.00275705
0.00276898
0.00277633
0.00277943
0.00186357
0.0018571
0.00184102
0.0018154
0.0017792
0.00173116
0.00166995
0.00159439
0.00150353
0.00139677
0.00127382
0.00113478
0.000980089
0.0008107
0.000628339
0.000436063
0.000239072
4.56041e-05
-0.000132534
-0.000280581
-0.000383474
-0.00043088
-0.000423399
-0.000376414
-0.000316877
-0.000271449
-0.00025361
-0.000265536
-0.000321409
-0.000454429
-0.000662746
-0.000845727
-0.000932213
-0.00106011
-0.00119299
-0.00130033
-0.00139572
-0.00146337
-0.00148348
-0.00145106
-0.00136739
-0.00123618
-0.00106685
-0.000875895
-0.000682586
-0.000504102
-0.00035235
-0.000232705
-0.000143821
-7.87957e-05
-2.72957e-05
2.12444e-05
7.64362e-05
0.000147617
0.000238668
0.000350601
0.000481786
0.000628713
0.000786824
0.000951238
0.00111728
0.00128083
0.00143849
0.0015876
0.00172624
0.00185312
0.00196754
0.00206924
0.00215838
0.00223542
0.00230107
0.0023562
0.00240179
0.00243885
0.00246836
0.00249125
0.00250833
0.00252028
0.0025276
0.00253064
0.0016804
0.00167437
0.00165928
0.00163513
0.00160088
0.0015552
0.00149676
0.00142432
0.00133691
0.00123389
0.00111498
0.000980227
0.000830036
0.00066518
0.000487008
0.000297872
0.000101851
-9.43096e-05
-0.000280367
-0.000442537
-0.000565182
-0.000634983
-0.000647141
-0.000610865
-0.000549202
-0.000489296
-0.000446978
-0.000420643
-0.000411475
-0.000447432
-0.000559767
-0.000705248
-0.000800812
-0.000896319
-0.000988735
-0.00105783
-0.00110781
-0.00113428
-0.00112709
-0.00108294
-0.0010055
-0.000901988
-0.000782263
-0.000658624
-0.000543428
-0.000446226
-0.00037186
-0.000320046
-0.000285935
-0.000261479
-0.000237253
-0.000204351
-0.000155416
-8.61362e-05
6.05327e-06
0.000120163
0.00025332
0.000401404
0.000559697
0.000723432
0.000888175
0.00105006
0.00120591
0.00135322
0.00149016
0.0016155
0.00172853
0.00182899
0.00191704
0.00199311
0.0020579
0.00211228
0.0021572
0.00219368
0.0022227
0.00224519
0.00226194
0.00227363
0.00228077
0.00228369
0.00149958
0.00149405
0.00148011
0.00145774
0.00142586
0.00138316
0.00132827
0.00125996
0.00117725
0.00107948
0.000966398
0.000838066
0.000694868
0.000537489
0.000366999
0.000185153
-5.03741e-06
-0.000198435
-0.000386801
-0.000558211
-0.000697744
-0.000790369
-0.000826318
-0.000807359
-0.000749776
-0.000678945
-0.000614959
-0.000562241
-0.000514003
-0.000482721
-0.000501305
-0.000567477
-0.000626689
-0.000684248
-0.00073935
-0.000778951
-0.000802034
-0.000808411
-0.00079504
-0.000761338
-0.000711074
-0.000650755
-0.000587932
-0.00053028
-0.000484158
-0.000453151
-0.000437243
-0.000432919
-0.000434003
-0.000432898
-0.000421963
-0.000394708
-0.000346574
-0.000275327
-0.000180963
-6.54145e-05
6.78175e-05
0.000214457
0.000369943
0.000529826
0.000690045
0.000847075
0.000998004
0.00114054
0.00127297
0.00139414
0.00150338
0.00160045
0.00168549
0.00175892
0.00182141
0.00187383
0.00191709
0.00195219
0.00198008
0.00200166
0.00201773
0.00202891
0.00203572
0.00203845
0.00132062
0.00131564
0.00130302
0.00128269
0.00125359
0.00121442
0.00116384
0.00110064
0.00102384
0.000932839
0.000827379
0.000707572
0.00057383
0.000426805
0.000267402
9.69309e-05
-8.24918e-05
-0.000267239
-0.000451218
-0.000625002
-0.000775698
-0.000888489
-0.000950546
-0.000956806
-0.000914869
-0.000844127
-0.000766753
-0.000693207
-0.000620402
-0.000550328
-0.000504577
-0.000496666
-0.000502531
-0.000516031
-0.000534468
-0.000549231
-0.000557013
-0.000557759
-0.000551249
-0.000538142
-0.000521085
-0.000504128
-0.000491466
-0.000486569
-0.000491318
-0.000505388
-0.000526058
-0.000548574
-0.000566947
-0.000574915
-0.000566892
-0.00053869
-0.00048789
-0.000413944
-0.000318445
-0.000203681
-7.32974e-05
6.85942e-05
0.000217805
0.000370342
0.000522594
0.000671428
0.000814242
0.000948969
0.00107406
0.00118845
0.00129152
0.00138307
0.00146321
0.00153237
0.0015912
0.00164049
0.00168114
0.00171409
0.00174025
0.00176047
0.0017755
0.00178595
0.00179228
0.00179478
0.00114308
0.00113868
0.00112751
0.00110946
0.0010835
0.00104838
0.00100282
0.000945664
0.000875987
0.000793213
0.000697141
0.000587927
0.000466021
0.00033209
0.000186956
3.16425e-05
-0.000132399
-0.000302782
-0.000475384
-0.000643419
-0.000796832
-0.000922767
-0.0010079
-0.00104284
-0.00102725
-0.000972256
-0.000896344
-0.000813818
-0.000728258
-0.000639839
-0.00056008
-0.000503552
-0.000464896
-0.000440101
-0.000427171
-0.000421106
-0.000418546
-0.000418614
-0.000421247
-0.000426817
-0.000436344
-0.000451259
-0.000472714
-0.00050102
-0.000535201
-0.000572818
-0.000610078
-0.000642253
-0.00066431
-0.000671578
-0.000660334
-0.000628205
-0.000574319
-0.00049928
-0.000404934
-0.000294223
-0.00017028
-3.68608e-05
0.000102355
0.000243912
0.000384689
0.000521973
0.000653491
0.000777423
0.000892397
0.000997465
0.00109208
0.00117606
0.00124953
0.00131289
0.00136673
0.00141182
0.00144897
0.00147906
0.00150293
0.00152137
0.00153506
0.00154456
0.00155029
0.00155251
0.000966536
0.000962745
0.000953142
0.000937562
0.000915053
0.000884454
0.000844579
0.000794353
0.000732939
0.000659821
0.000574846
0.000478212
0.000370408
0.000252116
0.000124125
-1.27112e-05
-0.000157382
-0.000308407
-0.000463244
-0.000617464
-0.00076398
-0.000892842
-0.000992316
-0.00105171
-0.00106551
-0.00103729
-0.000978447
-0.000902728
-0.00081811
-0.000727264
-0.000636882
-0.000558206
-0.000494068
-0.000444707
-0.000410231
-0.000388706
-0.000377922
-0.000376637
-0.000384201
-0.000400127
-0.000423954
-0.000455123
-0.000492684
-0.00053502
-0.000579689
-0.000623445
-0.000662455
-0.000692649
-0.000710166
-0.000711777
-0.000695213
-0.000659347
-0.000604231
-0.000530974
-0.00044157
-0.000338697
-0.000225086
-0.000104001
2.14744e-05
0.00014846
0.000274343
0.000396837
0.000514011
0.000624307
0.000726544
0.000819904
0.000903919
0.000978437
0.00104359
0.00109973
0.00114742
0.00118731
0.00122017
0.00124676
0.00126784
0.00128411
0.00129617
0.00130454
0.00130956
0.00131147
0.000790625
0.00078746
0.000779506
0.000766563
0.000747774
0.000722108
0.000688513
0.000646044
0.000593969
0.000531851
0.00045959
0.00037741
0.000285808
0.000185461
7.7123e-05
-3.84592e-05
-0.000160546
-0.000288252
-0.000420158
-0.000553675
-0.000684303
-0.000805119
-0.000907045
-0.000980382
-0.00101773
-0.00101713
-0.000983646
-0.000926967
-0.000855817
-0.000775207
-0.000690499
-0.000609906
-0.000538701
-0.000479783
-0.000435042
-0.000404709
-0.00038794
-0.000383709
-0.000391
-0.000408664
-0.000435309
-0.00046926
-0.000508496
-0.000550558
-0.000592563
-0.0006313
-0.000663435
-0.000685777
-0.000695555
-0.000690664
-0.00066983
-0.000632669
-0.000579657
-0.000512023
-0.000431615
-0.000340811
-0.000241287
-0.000136282
-2.81137e-05
8.09294e-05
0.000188739
0.000293452
0.000393484
0.000487551
0.000574672
0.000654171
0.000725664
0.000789034
0.000844402
0.000892087
0.00093256
0.000966404
0.000994259
0.00101679
0.00103465
0.00104842
0.00105863
0.00106569
0.00106991
0.00107148
0.000615046
0.000612518
0.000606277
0.000596097
0.000581249
0.000560869
0.000534084
0.000500111
0.000458353
0.000408468
0.000350401
0.00028438
0.000210867
0.000130484
4.39112e-05
-4.82022e-05
-0.000145291
-0.000246826
-0.000352098
-0.000459789
-0.000567365
-0.00067051
-0.000762961
-0.000837175
-0.000886094
-0.000905384
-0.00089556
-0.000861781
-0.000810897
-0.00074842
-0.000679307
-0.000609758
-0.000545042
-0.000488935
-0.000444134
-0.000411999
-0.000392678
-0.000385593
-0.000389738
-0.000403764
-0.00042597
-0.00045436
-0.000486678
-0.000520431
-0.000552965
-0.000581576
-0.000603667
-0.000616923
-0.00061947
-0.000610007
-0.000587873
-0.000553051
-0.000506115
-0.000448134
-0.000380535
-0.000304832
-0.000223788
-0.000138414
-5.07628e-05
3.73502e-05
0.000124287
0.000208601
0.000289056
0.000364646
0.000434601
0.000498393
0.000555725
0.000606512
0.000650861
0.000689036
0.000721421
0.000748489
0.00077076
0.000788768
0.000803034
0.000814035
0.000822184
0.000827812
0.000831162
0.000832375
0.000439555
0.000437676
0.000433193
0.000425869
0.000415136
0.000400336
0.00038081
0.000355974
0.000325387
0.00028881
0.000246225
0.000197831
0.00014401
8.52686e-05
2.21547e-05
-4.48144e-05
-0.000115216
-0.00018873
-0.000265048
-0.000343618
-0.000423224
-0.000501498
-0.000574619
-0.000637482
-0.000684592
-0.000711533
-0.000716646
-0.000701741
-0.000671035
-0.000629014
-0.000579872
-0.000528222
-0.000478359
-0.00043371
-0.000396846
-0.000369352
-0.0003518
-0.000343965
-0.00034507
-0.000353927
-0.00036902
-0.000388593
-0.000410732
-0.000433422
-0.000454626
-0.000472382
-0.0004849
-0.00049066
-0.000488499
-0.000477671
-0.000457863
-0.000429193
-0.00039215
-0.000347536
-0.000296378
-0.000239883
-0.00017949
-0.00011637
-5.181e-05
1.29385e-05
7.67207e-05
0.000138506
0.00019741
0.00025271
0.000303855
0.000350466
0.000392333
0.000429403
0.000461758
0.000489597
0.000513206
0.000532932
0.000549159
0.000562278
0.000572671
0.000580685
0.000586618
0.00059071
0.000593131
0.000593973
0.000263966
0.000262765
0.00026007
0.000255663
0.000249172
0.00024018
0.000228276
0.000213098
0.00019438
0.000171982
0.000145909
0.000116303
8.34192e-05
4.75909e-05
9.17692e-06
-3.14873e-05
-7.41361e-05
-0.000118585
-0.000164724
-0.000212389
-0.00026113
-0.000309888
-0.000356705
-0.000398708
-0.000432529
-0.000454958
-0.000464105
-0.000460141
-0.00044513
-0.000421912
-0.000393345
-0.000362389
-0.000331835
-0.000303997
-0.000280641
-0.000262913
-0.000251304
-0.00024573
-0.000245673
-0.000250314
-0.000258613
-0.000269396
-0.000281423
-0.000293439
-0.000304225
-0.000312651
-0.000317727
-0.000318642
-0.000314803
-0.000305857
-0.000291689
-0.000272417
-0.000248356
-0.00021999
-0.000187924
-0.000152866
-0.00011559
-7.68389e-05
-3.73088e-05
2.27675e-06
4.12314e-05
7.89368e-05
0.00011486
0.000148566
0.000179722
0.000208103
0.000233583
0.000256135
0.000275811
0.000292735
0.000307084
0.000319072
0.000328933
0.000336905
0.000343222
0.000348093
0.000351698
0.000354181
0.000355638
0.000356108
8.81153e-05
8.7682e-05
8.67873e-05
8.5325e-05
8.31567e-05
8.01366e-05
7.61202e-05
7.09836e-05
6.46375e-05
5.70378e-05
4.819e-05
3.81523e-05
2.70167e-05
1.49028e-05
1.93584e-06
-1.17675e-05
-2.61347e-05
-4.10727e-05
-5.65712e-05
-7.26006e-05
-8.90656e-05
-0.00010568
-0.00012184
-0.000136597
-0.000149147
-0.000158024
-0.000162439
-0.000162334
-0.000158366
-0.000151569
-0.000143005
-0.000133713
-0.000124641
-0.000116553
-0.000110002
-0.000105314
-0.00010258
-0.000101684
-0.000102359
-0.000104248
-0.000106946
-0.000110037
-0.000113122
-0.000115832
-0.000117842
-0.000118873
-0.000118697
-0.000117142
-0.000114091
-0.000109492
-0.000103347
-9.57183e-05
-8.67159e-05
-7.64892e-05
-6.52174e-05
-5.31006e-05
-4.04022e-05
-2.73152e-05
-1.39594e-05
-5.85203e-07
1.2573e-05
2.53051e-05
3.74306e-05
4.88023e-05
5.93087e-05
6.88741e-05
7.74575e-05
8.50503e-05
9.1672e-05
9.73652e-05
0.000102191
0.000106221
0.000109535
0.000112214
0.000114337
0.000115974
0.000117185
0.000118016
0.000118494
0.00011861
)
;

boundaryField
{
    lowerWall
    {
        type            fixedFluxPressure;
        gradient        uniform 0;
        value           nonuniform List<scalar> 
80
(
13920.3
13920.3
13920.3
13920.3
13920.3
13920.3
13920.3
13920.3
13920.3
13920.3
13920.3
13920.3
13920.3
13920.3
13920.3
13920.3
13920.3
13920.3
13920.3
13920.3
13920.3
13920.3
13920.3
13920.3
13920.3
13920.3
13920.3
13920.3
13920.3
13920.3
13920.3
13920.3
13920.3
13920.3
13920.3
13920.3
13920.3
13920.3
13920.3
13920.3
13920.3
13920.3
13920.3
13920.3
13920.3
13920.3
13920.3
13920.3
13920.3
13920.3
13920.3
13920.3
13920.3
13920.3
13920.3
13920.3
13920.3
13920.3
13920.3
13920.3
13920.3
13920.3
13920.3
13920.3
13920.3
13920.3
13920.3
13920.3
13920.3
13920.3
13920.3
13920.3
13920.3
13920.3
13920.3
13920.3
13920.3
13920.3
13920.3
13920.3
)
;
    }
    rightWall
    {
        type            zeroGradient;
    }
    atmosphere
    {
        type            totalPressure;
        rho             rho;
        psi             none;
        gamma           1;
        p0              uniform 0;
        value           nonuniform List<scalar> 
80
(
0
0
0
0
0
0
0
0
0
0
0
0
0
0
0
0
0
0
0
0
0
0
0
-9.28955e-09
-1.63372e-07
-5.39317e-07
-1.17771e-06
-2.11595e-06
-3.38323e-06
-4.99638e-06
-6.95363e-06
-9.22805e-06
-1.17626e-05
-1.44667e-05
-1.72172e-05
-1.9864e-05
-2.22413e-05
-2.41834e-05
-2.55434e-05
-2.62122e-05
-2.61332e-05
-2.53104e-05
-2.38084e-05
-2.17433e-05
-1.92671e-05
-1.65492e-05
-1.37569e-05
-1.10404e-05
-8.52154e-06
-6.28839e-06
-4.39482e-06
-2.86377e-06
-1.69248e-06
-8.58922e-07
-3.28412e-07
-5.85877e-08
0
0
0
0
0
0
0
0
0
0
0
0
0
0
0
0
0
0
0
0
0
0
0
0
)
;
    }
    leftWall
    {
        type            zeroGradient;
    }
    frontAndBack
    {
        type            empty;
    }
}


// ************************************************************************* //
