/*--------------------------------*- C++ -*----------------------------------*\
| =========                 |                                                 |
| \\      /  F ield         | OpenFOAM: The Open Source CFD Toolbox           |
|  \\    /   O peration     | Version:  2412                                  |
|   \\  /    A nd           | Website:  www.openfoam.com                      |
|    \\/     M anipulation  |                                                 |
\*---------------------------------------------------------------------------*/
FoamFile
{
    version     2.0;
    format      ascii;
    arch        "LSB;label=32;scalar=64";
    class       volScalarField;
    location    "5.5";
    object      p;
}
// * * * * * * * * * * * * * * * * * * * * * * * * * * * * * * * * * * * * * //

dimensions      [1 -1 -2 0 0 0 0];

internalField   nonuniform List<scalar> 
6400
(
128953
128960
128975
128998
129030
129069
129116
129170
129231
129298
129370
129447
129526
129609
129692
129775
129857
129935
130010
130078
130140
130194
130240
130276
130302
130319
130327
130325
130316
130300
130278
130253
130225
130196
130168
130143
130122
130106
130097
130094
130099
130110
130127
130150
130178
130209
130241
130273
130303
130329
130350
130364
130370
130366
130353
130329
130295
130251
130197
130135
130065
129989
129907
129822
129735
129648
129561
129476
129394
129317
129246
129180
129120
129068
129023
128986
128957
128935
128921
128915
122308
122315
122330
122353
122385
122424
122472
122526
122588
122655
122728
122805
122886
122969
123054
123138
123221
123301
123376
123446
123509
123564
123610
123646
123673
123689
123696
123694
123684
123666
123643
123616
123586
123556
123527
123500
123478
123461
123451
123449
123453
123465
123483
123507
123536
123568
123602
123636
123668
123696
123718
123733
123740
123737
123724
123700
123666
123621
123567
123504
123432
123355
123272
123186
123097
123008
122920
122835
122752
122674
122602
122536
122476
122423
122378
122341
122311
122290
122276
122270
115654
115661
115676
115700
115732
115772
115820
115876
115938
116007
116082
116161
116244
116329
116416
116502
116588
116670
116748
116821
116885
116942
116989
117026
117052
117069
117075
117071
117058
117038
117012
116982
116949
116915
116883
116853
116829
116810
116799
116796
116800
116813
116833
116859
116891
116927
116964
117001
117036
117067
117093
117110
117119
117117
117105
117081
117047
117001
116945
116880
116806
116726
116640
116551
116460
116368
116278
116190
116106
116026
115952
115885
115825
115772
115726
115689
115659
115637
115624
115618
108992
108999
109014
109038
109071
109112
109161
109218
109283
109354
109430
109512
109598
109687
109778
109868
109958
110044
110126
110203
110270
110329
110378
110416
110443
110458
110462
110456
110440
110416
110385
110350
110312
110273
110235
110202
110173
110152
110139
110135
110140
110154
110176
110206
110243
110283
110326
110369
110409
110445
110475
110497
110508
110509
110497
110474
110438
110391
110332
110264
110186
110102
110012
109918
109823
109727
109633
109542
109454
109372
109297
109228
109166
109112
109066
109028
108998
108977
108963
108957
102321
102328
102343
102368
102401
102444
102494
102553
102620
102694
102775
102860
102950
103044
103139
103235
103330
103423
103510
103591
103663
103726
103777
103817
103844
103859
103861
103851
103830
103801
103763
103721
103675
103629
103585
103545
103511
103486
103470
103464
103470
103486
103512
103547
103590
103637
103688
103739
103787
103830
103866
103893
103908
103912
103902
103879
103842
103792
103730
103657
103574
103483
103387
103287
103186
103085
102985
102889
102798
102713
102634
102563
102499
102444
102398
102360
102330
102308
102295
102289
95640.5
95648
95663.9
95689.1
95723.3
95766.9
95819.5
95881
95951.1
96028.6
96113.1
96203.7
96299.3
96398.9
96500.9
96603.7
96706.3
96806.8
96901
96988.1
97066.1
97133.5
97188.7
97230.6
97258.4
97271.8
97271
97256.6
97229.8
97192.4
97146.5
97094.4
97039.1
96983.1
96929.7
96881.5
96840.8
96809.8
96790.4
96783.6
96789.9
96808.9
96840.6
96882.8
96932.5
96988.7
97049.9
97110.6
97168.5
97220.9
97265.3
97299.2
97320.5
97327.7
97319.9
97296.6
97258
97204.7
97137.8
97058.7
96969.2
96870.1
96766.1
96658.5
96549.3
96440.6
96334.3
96232.2
96135.6
96045.8
95963.6
95889.7
95824.5
95768.3
95721
95682.6
95653
95631.8
95618.8
95612.9
88951.4
88959
88975.3
89001.2
89036.6
89081.2
89136.2
89200
89274.4
89356.1
89445.5
89542
89644.4
89751.6
89861.8
89973.3
90084.1
90195.7
90298.5
90393.9
90479.4
90553.1
90613.2
90658
90686.8
90698.9
90694.5
90674.4
90639.8
90592.7
90535.6
90471.6
90403.8
90335.9
90270.8
90211.7
90161.5
90122.9
90098.8
90090.1
90097.6
90121.7
90158.9
90208.5
90268.5
90336.2
90411.8
90485.1
90555.7
90620.2
90675.3
90718.3
90746.8
90758.8
90753.3
90730
90689
90631.2
90558
90471
90372.4
90263.3
90149
90031.2
89912
89793.9
89679.1
89569.4
89466.4
89371.4
89285.1
89208.2
89141
89083.5
89035.6
88996.9
88967.8
88947.1
88934.6
88929
82252.8
82260.6
82277.3
82304.2
82340.7
82386.9
82444
82511
82588.3
82675.4
82770.8
82874.3
82984.8
83101.2
83221.6
83344.1
83466.6
83587.5
83702.9
83809.1
83904.4
83986.2
84052.5
84101.4
84131.6
84142.4
84133.8
84106.6
84062.2
84003.1
83931.9
83852.5
83768.7
83684.8
83604.7
83532.4
83471.5
83425.2
83395
83383.7
83392.2
83419
83463.7
83523.9
83597
83679.7
83772.1
83861.9
83948.9
84028.7
84097.5
84151.9
84189.1
84207.1
84204.4
84180.8
84136.7
84073
83991.7
83894.8
83784.8
83662.5
83535.6
83405.1
83273.6
83144.1
83018.8
82900.1
82789.4
82688.2
82597.3
82517.1
82447.8
82389.2
82340.9
82302.1
82274.1
82254.5
82242.7
82237.5
75544.6
75552.8
75570.3
75597.4
75635
75683.4
75742.1
75811.9
75893
75986
76087.9
76199.4
76319.6
76446.8
76579.4
76715
76851.2
76985
77115.4
77235.1
77342.4
77434.7
77509.1
77563.3
77595.7
77605.2
77591.6
77555.7
77499.3
77424.8
77336.3
77237.7
77133.9
77029.9
76930.7
76841.3
76766
76708.3
76671.1
76656.5
76665.8
76698.4
76752.8
76826.5
76916.1
77017.4
77131
77241.6
77349
77448
77533.9
77602.5
77650.6
77675.8
77676.3
77652.1
77603.6
77532.4
77440.7
77331.4
77207.7
77068
76925.9
76779.8
76633.4
76489.8
76352.1
76222.5
76102.9
75994.8
75898.8
75815.2
75743.7
75684.6
75637.2
75601
75573.3
75554.2
75543.3
75538.7
68826.5
68835
68852.6
68880.1
68918.3
68968.3
69028.8
69101.7
69186.9
69286.2
69395.4
69516.1
69647.2
69787.1
69934.1
70085.4
70238.2
70389.2
70535.4
70672.8
70795.4
70900.7
70985.5
71046.8
71082.4
71090.7
71071.4
71025.2
70954.1
70861
70750.7
70628.2
70499.2
70370.2
70247.2
70136.3
70042.7
69970.7
69923.9
69905.2
69916.2
69956.1
70022.8
70113.3
70223.6
70348.4
70487.6
70624.3
70757.4
70880.3
70987.4
71073.6
71135
71168.9
71172.9
71147.3
71093.1
71012.2
70907.3
70782.1
70640.3
70481.8
70320
70154.7
69990.1
69829.7
69677.1
69534.8
69405
69289.1
69187.7
69101
69026.9
68968.1
68922.1
68887.5
68862.8
68846.5
68837.1
68833.2
62098.9
62107.8
62125
62151.7
62189.3
62239.5
62302.6
62378.9
62468.9
62573.7
62691.3
62822.4
62965.9
63120.5
63284.4
63454.4
63627
63798.4
63964.3
64124.2
64265.1
64386.9
64485
64555.7
64595.9
64603.4
64577.7
64519.3
64430
64314.4
64177.3
64025
63864.8
63704.5
63551.8
63414
63297.6
63208
63149.4
63125.7
63138.4
63187.3
63269.2
63380.6
63516.6
63671.3
63840.7
64010.7
64175.7
64328.4
64461.6
64569.3
64646.9
64691.2
64698.6
64670.8
64608.9
64515.5
64394.1
64248.8
64084.4
63903.7
63717.8
63529.1
63342.3
63161.9
62991.6
62834.7
62693.2
62568.7
62461.5
62371.5
62296.6
62238.5
62194.8
62163.8
62143.6
62131.4
62124.9
62122.1
55362.7
55371.9
55386.7
55409.9
55445.7
55496
55561.6
55641.5
55736.5
55847.1
55973.5
56115.8
56273.4
56444.6
56628.4
56820.4
57016.9
57213.2
57404.5
57588.5
57753.3
57896.1
58011.5
58094.7
58141.5
58149.1
58116.3
58043.8
57932.8
57789.1
57618.8
57429.6
57230.5
57031.3
56841.5
56670.3
56525.9
56414.8
56342.6
56315.7
56328.1
56386.1
56486.4
56623.5
56791.4
56982.8
57190.7
57401.5
57606.3
57795.7
57960.9
58094.7
58191.6
58248.3
58259.1
58227.9
58155.9
58046.5
57904.1
57734.1
57542.3
57333.1
57118.2
56901.3
56688.1
56483.8
56292.8
56118.8
55964.4
55830.6
55717.6
55624.9
55549.8
55493.4
55453.1
55427.9
55414.5
55409.7
55408.7
55407.4
48620.1
48627.8
48636.5
48652.9
48685.2
48735.6
48804.2
48887.5
48987
49103.7
49239
49393.6
49567
49757.6
49964
50181.8
50406.5
50632.9
50855.2
51068.3
51262.8
51432
51569.7
51669.4
51725.7
51734.6
51694.2
51605.8
51467.9
51290
51078.8
50843.9
50596.4
50348.5
50112.6
49900
49720.9
49583.7
49498
49461.6
49478.5
49544.5
49667.4
49836
50043.2
50279.8
50536.4
50798.1
51052.1
51286.7
51491.1
51656.4
51775.7
51844.3
51860.8
51824.9
51739.6
51609.7
51441
51240.2
51015
50770.3
50520.4
50269.6
50024.8
49792.3
49577.1
49383.2
49214.7
49071.1
48952.4
48857.5
48784.2
48730.4
48694.9
48677.3
48674.7
48682
48690.1
48692.1
41873.4
41877.1
41876.6
41883.4
41909.9
41958.8
42030.7
42115.4
42218
42340.4
42484.5
42651.8
42842.6
43055.7
43287.7
43535.5
43793.9
44056.4
44316
44565.1
44796
44998.6
45165.2
45286.7
45356.2
45368.2
45319.4
45208.6
45042.3
44823.5
44562.2
44270.5
43962.5
43653.9
43360.5
43096.3
42874.2
42703.5
42597.8
42552.3
42572.5
42657.9
42804
43010.3
43266
43558.9
43876.3
44201.5
44516.7
44807.2
45059.6
45263.1
45409.7
45493.9
45513.7
45470
45367.1
45211
45009.1
44770.1
44502.8
44216.3
43923.4
43631.4
43348.8
43083
42839.8
42621.9
42439.2
42285.5
42161.6
42066.2
41996.3
41948.7
41921.7
41914.9
41928
41951.8
41972.6
41980.2
35124.4
35122.1
35112.9
35110.2
35129.2
35172.8
35238.9
35323
35426.8
35553
35705
35885.1
36094.5
36332.1
36594.2
36877.3
37175.4
37481.2
37786
38080.5
38355.3
38599.6
38804.6
38955
39043.3
39061.7
39005.2
38872.9
38668.4
38398.9
38075.6
37713.2
37329.2
36944.3
36579.1
36251
35976.9
35771.2
35634.2
35576.2
35599.4
35703.4
35881.3
36136
36451.9
36814.9
37208.2
37613.9
38005.5
38364.9
38675.9
38925.4
39104.5
39207.4
39228.4
39173.2
39046.8
38857
38613.3
38326.5
38007.4
37669.8
37324.5
36982.6
36654.8
36350.2
36076
35837.9
35632.6
35467.3
35339.2
35246.1
35183.9
35148.5
35137.5
35150.2
35183.1
35225.4
35259.7
35275.6
28372
28364.4
28348.8
28336
28344.5
28376.4
28431.8
28508.9
28609.1
28736
28893.6
29085.7
29314.5
29579.5
29876.2
30200.3
30545.6
30903.4
31263.1
31613.6
31942.9
32237.5
32496.8
32684.1
32799.6
32829.3
32765.9
32608.7
32358.9
32027.6
31627.9
31177.2
30696.6
30214.8
29759.7
29352.9
29012
28758
28590.5
28518.3
28544.9
28668.9
28883
29200
29590.5
30041.2
30530.9
31036.2
31525.4
31970.2
32352.2
32656.7
32874.2
33001.7
33018.8
32946.4
32788.6
32554.9
32258.8
31911.3
31530.8
31128.9
30719.5
30316.9
29934.5
29583.7
29272.7
29005.6
28781.5
28606.2
28476.1
28389.8
28342.8
28329.3
28344.8
28385.9
28444.9
28507.8
28556
28579.6
21612.5
21601.9
21581.9
21562.3
21553.7
21567.8
21605.9
21668.9
21759.5
21882.1
22041.6
22243.5
22492.5
22787.9
23123.1
23494
23895.1
24315.8
24743.1
25163.2
25562.3
25926.5
26241.2
26483.3
26641.1
26689.8
26621.1
26438.7
26131.5
25725.2
25231.1
24671
24062.9
23460.3
22891.5
22387.2
21969.1
21663.3
21458.6
21369.2
21400.3
21551.3
21817
22188.1
22666.7
23227.9
23842
24472
25086.4
25636.9
26105.6
26474.4
26733.2
26873.6
26898.1
26804.2
26604.4
26313.8
25950.1
25530.8
25072.7
24591
24102.4
23624.9
23175.9
22770.5
22418.5
22121.9
21872.9
21689
21558.8
21485.9
21464.6
21486.2
21541.5
21621.2
21713
21799.2
21861.9
21892.4
14841.8
14828.6
14802.9
14772
14747.7
14740
14754.6
14795.9
14869.4
14981
15136.1
15341.9
15611
15945.3
16321.9
16742.4
17208.3
17706
18217.6
18724.8
19211
19662.3
20059
20375.6
20587.5
20670.7
20593.5
20366.8
20002.9
19510.9
18896.9
18199.4
17435.3
16668.7
15953.8
15332.2
14884.9
14488.7
14224.6
14109.1
14147.9
14339.2
14667.4
15066.8
15654.7
16356.4
17133.6
17932.1
18696.6
19382
19958.8
20401.5
20709.6
20875.2
20898.7
20771.5
20513.4
20147.6
19697.5
19185.6
18631.3
18050.4
17462.9
16891.3
16359.9
15891.1
15497.5
15178.9
14916.7
14703
14569.1
14518.5
14537.3
14610.6
14721.2
14851.1
14982.4
15097.4
15177.6
15214.9
8056.89
8038.21
8002.58
7959.29
7917.09
7885.07
7872.12
7885.82
7936.83
8034.59
8182.26
8385.12
8691.2
9064.7
9454.22
9919.89
10467.5
11066.7
11685.9
12297.9
12884.7
13438.9
13941.3
14358.5
14653.3
14791
14742.5
14511.5
14007.6
13409.7
12670.3
11807.6
10835.5
9856.61
8957.85
8288.52
7659.6
7129.83
6783.06
6633.22
6681.23
6931.94
7380.32
7948.44
8560.1
9437.11
10427.3
11440.4
12396.8
13238.2
13944.4
14467.7
14835.9
15056.1
15052.7
14866.2
14522.8
14056.2
13498
12876.9
12210.9
11510.1
10796.8
10099.9
9456.14
8906.75
8473.83
8160.03
7904.66
7638.58
7487.34
7470.07
7544.26
7688.72
7873.6
8066.15
8243.62
8395
8500.56
8544.16
2394.76
2389.64
2357.43
2319.68
2276.76
2233.76
2200.07
2179.7
2179.89
2208.74
2272.04
2364.74
2525.84
2775.44
3109.76
3524.9
4027.72
4618.19
5269.94
5943.61
6615.07
7293.7
7931.29
8478.57
8885.08
9094.92
9041.4
8633.97
8111.17
7474.57
6581.12
5509.31
4424.14
3422.16
2587.53
2009.44
1654.72
1424.16
1289.91
1232.89
1245.88
1331.78
1507.56
1799.82
2283.02
3034.16
3989.14
5068.5
6202.14
7253.81
8114.11
8677.34
9019.37
9329.52
9368.16
9115.24
8664.93
8072.7
7385.38
6636.88
5875.75
5110.93
4378.21
3712.4
3135.62
2664.67
2291.59
2084.12
1952.42
1863.96
1830.09
1854.44
1932.5
2069.44
2239.71
2406.32
2551.2
2678.97
2765.4
2780.28
94.0774
98.1526
92.8561
83.4722
72.1179
60.1445
49.7418
41.0362
33.5759
28.6952
30.5638
45.2296
72.6967
122.017
199.565
317.155
491.765
741.831
1072.33
1460.92
1846.16
2313.96
2827.94
3308.38
3708.3
3982.49
4038.64
3805.55
3345.22
2686.92
1923.04
1173.15
637.458
283.62
77.9109
-5.26478
-7.04683
-6.90081
-6.81897
-6.77246
-6.75255
-6.75473
-6.71235
-5.91062
30.241
179.906
469.691
920.865
1615.78
2427.19
3209.3
3788.96
4122.39
4279.76
4209.06
3894.39
3448.97
2930.58
2388.08
1871.23
1434.4
1004.51
653.546
390.269
208.027
91.9332
16.9829
-5.20015
-5.95203
-4.59026
-1.48197
4.27064
15.9583
37.6225
68.3228
102.051
134.807
167.065
185.913
183.816
-6.31318
-6.4148
-6.1986
-6.32468
-6.60781
-6.80812
-6.8539
-6.84483
-6.83357
-6.62597
-6.22407
-6.1989
-6.26032
-6.40036
-6.66738
-6.90977
-7.01336
-7.22019
-7.60108
-7.6824
-6.74797
43.2095
190.311
384
601.189
789.841
859.077
775.398
536.596
263.065
76.6031
-0.297956
-8.48715
-8.24631
-7.77986
-7.32622
-7.52547
-7.49035
-7.43784
-7.39644
-7.36514
-7.33427
-7.27523
-7.09886
-7.08956
-7.59158
-7.41705
-5.44478
30.4762
181.373
454.602
762.92
976.474
1031.7
915.596
680.138
436.162
225.458
64.9432
-6.57192
-7.58617
-7.27586
-6.93726
-6.60084
-6.39668
-6.29341
-6.12572
-6.23408
-6.33365
-6.3749
-6.41452
-6.43544
-6.42951
-6.43961
-6.49944
-6.49732
-6.39853
-6.13138
-5.99216
-5.12623
-7.00298
-6.98775
-6.9251
-7.04067
-7.26226
-7.40497
-7.40074
-7.36658
-7.43465
-7.42786
-7.30572
-7.21222
-7.07535
-7.15346
-7.38039
-7.48203
-7.42315
-7.42017
-7.5738
-7.73093
-7.66329
-7.97119
-8.91518
-9.55004
-9.80354
-9.94433
-9.83352
-9.68365
-9.79384
-9.92649
-9.5983
-8.63526
-8.4909
-8.456
-8.32947
-8.14282
-8.1467
-8.11576
-8.05661
-8.0103
-7.98182
-7.97334
-7.93336
-7.85354
-7.90131
-7.97734
-7.9034
-8.15891
-9.19949
-10.1944
-10.4173
-9.99538
-9.42693
-9.23334
-9.24022
-9.19552
-9.27662
-9.13752
-8.24893
-7.58703
-7.57277
-7.43243
-7.26108
-6.96986
-6.71011
-6.66238
-6.75705
-6.84498
-6.93083
-7.01399
-7.0519
-7.06973
-7.07041
-7.09231
-7.17896
-7.27731
-7.2617
-7.02866
-6.68358
-6.38436
-7.52725
-7.52895
-7.60834
-7.87299
-8.1275
-8.24771
-8.17008
-8.05238
-8.05707
-8.0269
-7.79687
-7.70425
-7.69922
-7.88729
-8.13922
-8.25853
-8.25643
-8.20659
-8.23211
-8.37848
-8.6068
-9.05724
-9.24467
-9.39471
-9.57937
-9.7213
-9.71265
-9.61972
-9.60784
-9.67047
-9.64142
-9.32839
-9.0575
-9.08031
-9.01347
-8.8538
-8.78891
-8.74349
-8.68982
-8.64548
-8.61771
-8.60624
-8.59578
-8.60651
-8.71777
-8.85319
-8.98111
-9.26447
-9.85668
-10.1568
-9.99328
-9.62659
-9.28092
-9.1105
-9.05786
-9.07044
-9.1095
-9.02457
-8.75464
-8.33841
-8.24256
-8.17068
-7.9884
-7.65754
-7.3415
-7.18813
-7.21113
-7.38094
-7.58132
-7.68659
-7.69928
-7.70463
-7.73877
-7.80949
-7.89849
-7.92328
-7.85958
-7.69029
-7.41988
-7.19882
-8.10711
-8.22459
-8.6945
-9.24794
-9.55198
-9.54291
-9.31997
-8.99807
-8.74575
-8.57713
-8.40882
-8.3573
-8.39943
-8.58109
-8.79747
-8.9234
-9.00776
-9.0113
-9.08698
-9.35544
-9.7545
-10.035
-10.1199
-10.1678
-10.2578
-10.2974
-10.2043
-10.0599
-9.9724
-9.95863
-9.92305
-9.80912
-9.74908
-9.69259
-9.60772
-9.50552
-9.42987
-9.36083
-9.30198
-9.25818
-9.22933
-9.21587
-9.23512
-9.32186
-9.49909
-9.71452
-9.96753
-10.3409
-10.8118
-10.9175
-10.6061
-10.2604
-10.0304
-9.9136
-9.91565
-9.96582
-9.8892
-9.59332
-9.16685
-8.83276
-8.73562
-8.7307
-8.65345
-8.38698
-8.02792
-7.81226
-7.82903
-8.00311
-8.20784
-8.35451
-8.39449
-8.39427
-8.42462
-8.48257
-8.56979
-8.60363
-8.5774
-8.49915
-8.34341
-8.13279
-8.93745
-9.28338
-10.0393
-10.6114
-10.8439
-10.8087
-10.5359
-10.0475
-9.52309
-9.16648
-9.06347
-9.06224
-9.16638
-9.33129
-9.52026
-9.74299
-9.90852
-9.99147
-10.0495
-10.285
-10.6123
-10.7075
-10.6539
-10.6485
-10.7197
-10.743
-10.6156
-10.4236
-10.2996
-10.2991
-10.3401
-10.3291
-10.283
-10.2343
-10.1623
-10.0894
-10.0257
-9.96733
-9.91859
-9.88062
-9.85344
-9.84667
-9.87162
-9.9726
-10.1663
-10.4433
-10.8244
-11.3877
-11.8503
-11.7243
-11.222
-10.8098
-10.543
-10.3881
-10.3374
-10.352
-10.3258
-10.1223
-9.80308
-9.50958
-9.36713
-9.33624
-9.29415
-9.16813
-8.92748
-8.72521
-8.6497
-8.73343
-8.86656
-8.97153
-9.01753
-9.0287
-9.05931
-9.09907
-9.16262
-9.21042
-9.20771
-9.19455
-9.18016
-9.0068
-9.99378
-10.4822
-11.168
-11.6123
-11.7787
-11.7654
-11.5164
-10.9902
-10.3526
-9.88395
-9.87371
-9.82528
-9.93729
-10.0947
-10.2977
-10.5261
-10.673
-10.7602
-10.8328
-10.9994
-11.1845
-11.2338
-11.2313
-11.2929
-11.4319
-11.5092
-11.3923
-11.1686
-10.9073
-10.7753
-10.8232
-10.8594
-10.8192
-10.7679
-10.7116
-10.6583
-10.609
-10.5637
-10.526
-10.4967
-10.4766
-10.475
-10.5132
-10.6226
-10.8173
-11.1056
-11.537
-12.0989
-12.3944
-12.1833
-11.6923
-11.2569
-10.9534
-10.7718
-10.694
-10.6749
-10.6441
-10.4987
-10.2907
-10.099
-9.9891
-9.94977
-9.92691
-9.93501
-9.85604
-9.74957
-9.63575
-9.55982
-9.57381
-9.61327
-9.64285
-9.65962
-9.67494
-9.69238
-9.71445
-9.72885
-9.72558
-9.72593
-9.75854
-9.68572
-11.039
-11.4993
-12.0087
-12.3741
-12.5164
-12.5001
-12.2647
-11.7655
-11.1397
-10.7308
-10.7517
-10.632
-10.721
-10.8557
-11.0456
-11.2293
-11.3455
-11.4111
-11.4774
-11.5925
-11.6197
-11.6614
-11.7324
-11.9142
-12.2065
-12.4558
-12.4945
-12.2468
-11.8217
-11.5114
-11.4035
-11.4465
-11.3896
-11.3199
-11.264
-11.2197
-11.1835
-11.1537
-11.1311
-11.1157
-11.1089
-11.1194
-11.1674
-11.2771
-11.4609
-11.7364
-12.1267
-12.5311
-12.6427
-12.3871
-11.9655
-11.567
-11.2654
-11.0808
-10.9823
-10.9459
-10.9164
-10.8534
-10.7553
-10.6731
-10.6478
-10.6355
-10.6238
-10.6635
-10.6906
-10.6828
-10.6222
-10.4543
-10.3132
-10.2603
-10.2542
-10.2651
-10.2725
-10.275
-10.2683
-10.2456
-10.2183
-10.1955
-10.1877
-10.2041
-11.9264
-12.2741
-12.6637
-12.9681
-13.0992
-13.0703
-12.8322
-12.3679
-11.8363
-11.6132
-11.5484
-11.4402
-11.5219
-11.6485
-11.8028
-11.9378
-12.0458
-12.1368
-12.2084
-12.3237
-12.2389
-12.1419
-12.2004
-12.4828
-12.9358
-13.3921
-13.607
-13.3396
-12.8271
-12.4073
-12.136
-12.0622
-11.9681
-11.8705
-11.8089
-11.771
-11.7471
-11.7331
-11.7277
-11.7297
-11.7415
-11.7729
-11.8407
-11.9596
-12.1414
-12.3989
-12.7217
-12.9748
-12.9525
-12.6508
-12.2412
-11.868
-11.5828
-11.4018
-11.3144
-11.2838
-11.3051
-11.2923
-11.2583
-11.2316
-11.2339
-11.2303
-11.2231
-11.232
-11.2677
-11.295
-11.2716
-11.1671
-10.9873
-10.865
-10.8307
-10.8298
-10.8308
-10.8273
-10.8095
-10.7707
-10.7172
-10.6648
-10.6162
-10.6229
-12.6225
-12.8507
-13.1378
-13.3496
-13.4658
-13.4418
-13.2186
-12.8201
-12.4357
-12.3739
-12.2979
-12.2715
-12.3651
-12.4839
-12.6089
-12.7279
-12.854
-13.0075
-13.2052
-13.2691
-13.1051
-12.8537
-12.7913
-13.0275
-13.5261
-14.0776
-14.3865
-14.2268
-13.7133
-13.222
-12.8868
-12.6644
-12.5118
-12.3942
-12.3297
-12.3028
-12.295
-12.3004
-12.3168
-12.3434
-12.3832
-12.4468
-12.5488
-12.6997
-12.8996
-13.1418
-13.3939
-13.5379
-13.4525
-13.1396
-12.7213
-12.3373
-12.0524
-11.8813
-11.8006
-11.7767
-11.781
-11.7709
-11.759
-11.7461
-11.7291
-11.7149
-11.7063
-11.703
-11.7016
-11.6943
-11.669
-11.61
-11.5084
-11.4176
-11.3875
-11.3844
-11.3808
-11.3699
-11.349
-11.3086
-11.2423
-11.1667
-11.0926
-11.0635
-13.1614
-13.2884
-13.4531
-13.554
-13.6342
-13.6329
-13.4773
-13.2074
-13.0157
-13.0428
-13.0302
-13.1132
-13.2407
-13.3434
-13.4443
-13.5475
-13.6683
-13.8486
-14.1146
-14.2227
-14.0617
-13.7919
-13.5892
-13.6417
-14.0124
-14.4957
-14.815
-14.7893
-14.4174
-13.8509
-13.3903
-13.1412
-12.9781
-12.8718
-12.8194
-12.8118
-12.8268
-12.8561
-12.8995
-12.9582
-13.0383
-13.1521
-13.3129
-13.5211
-13.7559
-13.987
-14.1619
-14.2043
-14.0494
-13.7238
-13.3227
-12.9431
-12.6462
-12.4504
-12.3409
-12.2888
-12.2641
-12.2439
-12.2304
-12.2235
-12.2133
-12.2028
-12.1947
-12.1845
-12.1666
-12.1361
-12.0913
-12.0358
-11.9824
-11.9489
-11.9416
-11.9471
-11.9485
-11.9373
-11.9151
-11.8768
-11.8116
-11.7278
-11.6476
-11.6091
-13.6101
-13.666
-13.7167
-13.7233
-13.7723
-13.8161
-13.7707
-13.6625
-13.6228
-13.6787
-13.7348
-13.8814
-14.0318
-14.1183
-14.1768
-14.2501
-14.3538
-14.5347
-14.7888
-14.9473
-14.9065
-14.7033
-14.4672
-14.3522
-14.4731
-14.7923
-15.0673
-15.1157
-14.9247
-14.4181
-13.7665
-13.5012
-13.3927
-13.3103
-13.2782
-13.2976
-13.3417
-13.4006
-13.4763
-13.5747
-13.7078
-13.8966
-14.1552
-14.463
-14.7594
-14.9807
-15.0871
-15.0286
-14.7898
-14.4101
-13.9748
-13.5609
-13.2299
-13.0027
-12.8687
-12.7951
-12.7518
-12.7254
-12.7127
-12.709
-12.7066
-12.7022
-12.6954
-12.6833
-12.6623
-12.6305
-12.5905
-12.5514
-12.5225
-12.5114
-12.5175
-12.5283
-12.5314
-12.5223
-12.5025
-12.47
-12.4171
-12.3451
-12.2741
-12.2313
-14.032
-14.0526
-14.0342
-13.992
-14.0254
-14.14
-14.2227
-14.2222
-14.2307
-14.2997
-14.3658
-14.5299
-14.6861
-14.7503
-14.7594
-14.803
-14.9084
-15.0811
-15.3118
-15.4915
-15.5145
-15.4154
-15.2529
-15.0665
-15.0151
-15.1067
-15.2844
-15.3499
-15.2391
-14.8938
-14.2352
-13.8521
-13.7991
-13.7464
-13.7235
-13.7701
-13.8429
-13.9333
-14.0449
-14.1908
-14.3938
-14.6907
-15.0985
-15.5566
-15.9414
-16.1942
-16.286
-16.157
-15.8148
-15.3364
-14.8232
-14.3212
-13.8903
-13.5922
-13.4175
-13.325
-13.2662
-13.2303
-13.2131
-13.2091
-13.2118
-13.2149
-13.2125
-13.2035
-13.1864
-13.1612
-13.1328
-13.1104
-13.1024
-13.1096
-13.1234
-13.1311
-13.1245
-13.106
-13.082
-13.051
-13.0169
-12.9789
-12.9297
-12.8926
-14.4561
-14.4886
-14.4806
-14.4693
-14.4868
-14.6396
-14.7962
-14.8145
-14.8136
-14.8471
-14.9032
-15.0735
-15.2304
-15.2937
-15.3046
-15.3099
-15.3887
-15.554
-15.7622
-15.9515
-16.0325
-15.9759
-15.8576
-15.7175
-15.6095
-15.5365
-15.5707
-15.5976
-15.5193
-15.3384
-14.8827
-14.3289
-14.2306
-14.2217
-14.2086
-14.2484
-14.3393
-14.4562
-14.6043
-14.8019
-15.0887
-15.527
-16.1375
-16.7996
-17.3717
-17.7328
-17.7934
-17.6094
-17.1783
-16.5814
-15.9671
-15.3708
-14.8019
-14.3555
-14.0642
-13.9015
-13.8106
-13.7565
-13.7311
-13.7273
-13.736
-13.746
-13.7502
-13.7473
-13.739
-13.7269
-13.7167
-13.7156
-13.7267
-13.7449
-13.7587
-13.7535
-13.7273
-13.6888
-13.6529
-13.618
-13.6094
-13.6062
-13.5797
-13.5564
-14.8806
-14.9802
-15.0559
-15.1203
-15.1496
-15.265
-15.3952
-15.3904
-15.3462
-15.3129
-15.3695
-15.5572
-15.6916
-15.7857
-15.8232
-15.8274
-15.876
-15.9991
-16.1683
-16.354
-16.4703
-16.4541
-16.3618
-16.2587
-16.1489
-16.1132
-16.0577
-15.9856
-15.9162
-15.8489
-15.6138
-15.0779
-14.7411
-14.7383
-14.7504
-14.7592
-14.8384
-14.9715
-15.1517
-15.4002
-15.772
-16.3576
-17.1861
-18.1279
-18.9892
-19.3475
-19.3012
-19.0591
-18.5739
-17.9046
-17.2177
-16.585
-15.9161
-15.3054
-14.8919
-14.6529
-14.4908
-14.3593
-14.2823
-14.2656
-14.284
-14.3008
-14.3097
-14.3147
-14.3186
-14.3258
-14.3421
-14.3699
-14.4035
-14.4292
-14.4374
-14.4117
-14.3585
-14.2976
-14.2542
-14.2243
-14.2329
-14.2383
-14.2184
-14.2072
-15.2829
-15.4568
-15.681
-15.8154
-15.8881
-15.92
-15.9828
-15.9429
-15.8567
-15.7928
-15.8346
-15.9903
-16.1224
-16.233
-16.3023
-16.3435
-16.3943
-16.4705
-16.5805
-16.7086
-16.8201
-16.8425
-16.7878
-16.7107
-16.6959
-16.7135
-16.6507
-16.533
-16.4899
-16.4856
-16.3831
-16.0162
-15.4526
-15.3023
-15.3436
-15.3318
-15.3632
-15.4908
-15.6923
-15.9816
-16.4196
-17.1236
-18.1576
-19.4346
-20.4781
-20.7898
-20.6097
-20.1785
-19.617
-18.8961
-18.1871
-17.6233
-16.9688
-16.2565
-15.7801
-15.532
-15.3344
-15.1224
-14.9467
-14.8552
-14.8615
-14.8801
-14.8892
-14.9001
-14.9178
-14.9493
-15.0003
-15.0648
-15.1264
-15.1654
-15.1655
-15.1186
-15.0376
-14.9541
-14.9035
-14.883
-14.8858
-14.8773
-14.8479
-14.8302
-15.5999
-15.8532
-16.2494
-16.5099
-16.5956
-16.553
-16.5216
-16.4517
-16.3566
-16.2933
-16.2978
-16.4023
-16.5379
-16.6617
-16.7882
-16.8804
-16.9302
-16.9708
-17.0219
-17.079
-17.1393
-17.1645
-17.1544
-17.1284
-17.116
-17.1306
-17.157
-17.1327
-17.0774
-17.043
-16.9625
-16.721
-16.3095
-16.0108
-15.9571
-15.9643
-16.0001
-16.0662
-16.2389
-16.5509
-17.0123
-17.7798
-18.9052
-20.3278
-21.4935
-21.8447
-21.4925
-20.9114
-20.2761
-19.5137
-18.8193
-18.3186
-17.8101
-17.1076
-16.5963
-16.3996
-16.2387
-15.9894
-15.7344
-15.5437
-15.4764
-15.47
-15.4748
-15.492
-15.5233
-15.5797
-15.6666
-15.7683
-15.8597
-15.9161
-15.9181
-15.8586
-15.7564
-15.6512
-15.5857
-15.5609
-15.5406
-15.5023
-15.4751
-15.4435
-15.7678
-16.1162
-16.6811
-17.0722
-17.1917
-17.1367
-17.0278
-16.9221
-16.8314
-16.7733
-16.7581
-16.817
-16.9435
-17.114
-17.3023
-17.4291
-17.4691
-17.4704
-17.4738
-17.4777
-17.4746
-17.4927
-17.5136
-17.5225
-17.5249
-17.5294
-17.5454
-17.5389
-17.5079
-17.4521
-17.3536
-17.1801
-16.9508
-16.7207
-16.6022
-16.6355
-16.6691
-16.7088
-16.8505
-17.1242
-17.572
-18.2951
-19.3417
-20.6405
-21.7204
-22.0917
-21.8183
-21.2775
-20.6424
-19.9287
-19.2584
-18.7845
-18.3714
-17.8018
-17.3154
-17.122
-17.0105
-16.8278
-16.5271
-16.2609
-16.1016
-16.0448
-16.0417
-16.0684
-16.1157
-16.1939
-16.309
-16.4383
-16.5545
-16.6313
-16.6462
-16.5879
-16.4762
-16.3559
-16.2697
-16.2357
-16.1928
-16.1326
-16.1149
-16.0784
-15.7676
-16.2174
-16.9314
-17.4402
-17.66
-17.6524
-17.5303
-17.4052
-17.3074
-17.2534
-17.243
-17.2944
-17.4216
-17.6221
-17.8194
-17.9432
-17.9731
-17.9498
-17.9129
-17.8767
-17.8543
-17.8695
-17.8992
-17.9206
-17.9272
-17.9239
-17.9262
-17.9352
-17.9086
-17.8448
-17.7609
-17.6498
-17.514
-17.3664
-17.2545
-17.2495
-17.2924
-17.3748
-17.5123
-17.7413
-18.1338
-18.7252
-19.5403
-20.5233
-21.3513
-21.7044
-21.6421
-21.2683
-20.775
-20.2016
-19.6311
-19.183
-18.8011
-18.346
-17.9158
-17.6951
-17.6025
-17.5146
-17.2701
-16.9179
-16.6632
-16.5745
-16.5764
-16.61
-16.6725
-16.7696
-16.9024
-17.0475
-17.1819
-17.277
-17.3091
-17.2622
-17.1538
-17.0296
-16.9226
-16.8696
-16.829
-16.7688
-16.7503
-16.7199
-15.6328
-16.1687
-17.0236
-17.6829
-18.031
-18.1107
-18.0384
-17.9325
-17.8457
-17.8018
-17.8061
-17.8665
-17.985
-18.1483
-18.3032
-18.3953
-18.4117
-18.3797
-18.3369
-18.3004
-18.2843
-18.2937
-18.3155
-18.3325
-18.3352
-18.3268
-18.3202
-18.3215
-18.3099
-18.2715
-18.2134
-18.1426
-18.0629
-17.98
-17.9122
-17.8906
-17.9198
-18.0051
-18.1524
-18.3749
-18.7078
-19.1709
-19.7758
-20.4582
-21.0397
-21.372
-21.4215
-21.2253
-20.8853
-20.4521
-20.0219
-19.636
-19.2723
-18.8438
-18.4667
-18.2612
-18.1618
-18.0827
-17.9233
-17.5286
-17.1711
-17.0527
-17.081
-17.1224
-17.1866
-17.2948
-17.436
-17.589
-17.7389
-17.8488
-17.8938
-17.8604
-17.7633
-17.6469
-17.5294
-17.4501
-17.4126
-17.3793
-17.3578
-17.3489
-15.4392
-16.0684
-17.0731
-17.9092
-18.3984
-18.5852
-18.5948
-18.5372
-18.4742
-18.4403
-18.4509
-18.5039
-18.5889
-18.6904
-18.7776
-18.826
-18.8321
-18.8116
-18.7838
-18.7601
-18.7489
-18.7519
-18.7616
-18.7713
-18.7708
-18.7624
-18.7538
-18.7486
-18.7382
-18.7138
-18.6771
-18.634
-18.59
-18.5485
-18.5134
-18.4973
-18.5173
-18.5877
-18.7255
-18.9481
-19.2514
-19.6415
-20.1013
-20.5735
-21.0091
-21.3265
-21.4294
-21.3267
-21.0654
-20.724
-20.369
-20.0577
-19.7487
-19.3669
-19.0228
-18.8233
-18.7357
-18.6672
-18.5116
-18.1737
-17.7737
-17.5623
-17.57
-17.6229
-17.6765
-17.7789
-17.9157
-18.0653
-18.2289
-18.3478
-18.3998
-18.3811
-18.2973
-18.2045
-18.0956
-18.0087
-17.9508
-17.9552
-17.9278
-17.9237
-15.5034
-16.1366
-17.2056
-18.2386
-18.8722
-19.1518
-19.239
-19.2181
-19.1517
-19.1065
-19.1145
-19.1589
-19.21
-19.2587
-19.2932
-19.3059
-19.2987
-19.2803
-19.2591
-19.2419
-19.2326
-19.2321
-19.236
-19.2355
-19.2314
-19.2235
-19.2145
-19.2057
-19.1936
-19.1746
-19.1492
-19.1207
-19.0927
-19.0674
-19.0479
-19.0419
-19.0592
-19.1167
-19.2351
-19.4305
-19.7066
-20.047
-20.4199
-20.8012
-21.1699
-21.4122
-21.4798
-21.4083
-21.2239
-20.9468
-20.6382
-20.3686
-20.1214
-19.8293
-19.5403
-19.3752
-19.3189
-19.2737
-19.1006
-18.8471
-18.458
-18.1794
-18.091
-18.1325
-18.1699
-18.2527
-18.3725
-18.5109
-18.6569
-18.7665
-18.8222
-18.8181
-18.7724
-18.7121
-18.6336
-18.5721
-18.516
-18.5149
-18.4652
-18.4412
-16.121
-16.749
-17.7867
-18.8628
-19.6325
-20.0345
-20.1449
-20.0798
-19.9541
-19.865
-19.8303
-19.8342
-19.8409
-19.8468
-19.8386
-19.8191
-19.7941
-19.7708
-19.7493
-19.7329
-19.7225
-19.7174
-19.7136
-19.7084
-19.7011
-19.6918
-19.6816
-19.6708
-19.6582
-19.6428
-19.6249
-19.6063
-19.589
-19.5744
-19.5637
-19.5614
-19.5774
-19.6266
-19.7242
-19.8848
-20.1127
-20.3944
-20.7015
-21.0083
-21.2842
-21.4609
-21.5111
-21.4668
-21.3383
-21.1306
-20.9101
-20.6981
-20.4805
-20.2497
-20.0419
-19.9219
-19.9023
-19.883
-19.7353
-19.4941
-19.1239
-18.8508
-18.6972
-18.6783
-18.6884
-18.749
-18.8488
-18.9647
-19.0816
-19.1611
-19.2003
-19.2029
-19.1948
-19.1778
-19.1568
-19.1372
-19.1173
-19.0828
-18.9986
-18.9689
-17.4166
-18.0828
-19.1175
-20.1742
-21.0146
-21.5062
-21.6507
-21.5487
-21.3353
-21.0752
-20.8236
-20.6309
-20.5235
-20.4569
-20.4036
-20.356
-20.3144
-20.2776
-20.2497
-20.2296
-20.2153
-20.2053
-20.1966
-20.1874
-20.1769
-20.165
-20.1526
-20.1399
-20.127
-20.1139
-20.1015
-20.0908
-20.0834
-20.08
-20.0802
-20.0871
-20.1083
-20.1532
-20.2351
-20.3681
-20.5546
-20.7811
-21.0221
-21.2505
-21.4379
-21.5524
-21.5829
-21.5468
-21.4654
-21.3477
-21.2128
-21.0668
-20.9028
-20.7308
-20.5801
-20.489
-20.4813
-20.4602
-20.3772
-20.1056
-19.7571
-19.5035
-19.3439
-19.2624
-19.2401
-19.2837
-19.3714
-19.4698
-19.5711
-19.6423
-19.6625
-19.6546
-19.6504
-19.6576
-19.6825
-19.6989
-19.7154
-19.6794
-19.5655
-19.5381
-19.0946
-19.8413
-20.9119
-21.9433
-22.8021
-23.3763
-23.6361
-23.6105
-23.3299
-22.8766
-22.3266
-21.7509
-21.327
-21.1013
-20.9817
-20.8997
-20.8381
-20.7913
-20.7565
-20.7313
-20.7125
-20.6978
-20.6845
-20.6712
-20.6572
-20.6421
-20.6267
-20.6119
-20.5981
-20.5863
-20.5776
-20.5736
-20.5762
-20.5864
-20.6037
-20.6297
-20.6665
-20.7171
-20.7911
-20.9006
-21.0515
-21.234
-21.4255
-21.6005
-21.7299
-21.7952
-21.7997
-21.7625
-21.705
-21.6431
-21.5765
-21.5159
-21.4234
-21.2909
-21.1619
-21.0936
-21.0652
-20.9927
-20.9523
-20.6803
-20.352
-20.1241
-19.972
-19.8639
-19.8188
-19.8526
-19.928
-20.0163
-20.1121
-20.1985
-20.2412
-20.2529
-20.2647
-20.2803
-20.29
-20.318
-20.3382
-20.3297
-20.1844
-20.1309
-20.5064
-21.4908
-22.5572
-23.5612
-24.3913
-24.9702
-25.2633
-25.2937
-25.096
-24.6662
-24.0196
-23.2227
-22.4121
-21.8366
-21.5756
-21.4507
-21.3653
-21.3075
-21.266
-21.2355
-21.2123
-21.1932
-21.1756
-21.1581
-21.14
-21.1212
-21.1022
-21.0842
-21.0687
-21.0571
-21.0509
-21.0525
-21.0647
-21.0903
-21.132
-21.1878
-21.2491
-21.3121
-21.382
-21.4722
-21.5929
-21.7377
-21.8909
-22.0256
-22.1168
-22.1494
-22.1328
-22.0968
-22.0599
-22.0506
-22.0665
-22.0658
-22.0403
-21.9653
-21.8457
-21.7578
-21.6851
-21.5695
-21.5125
-21.2473
-20.9358
-20.734
-20.6092
-20.4756
-20.4163
-20.441
-20.5002
-20.5742
-20.6572
-20.7458
-20.8289
-20.9262
-21.017
-21.0663
-21.0299
-21.0284
-21.0284
-21.0024
-20.8375
-20.7464
-21.2805
-22.5743
-23.7079
-24.7224
-25.5025
-26.0507
-26.3594
-26.4424
-26.3261
-26.0069
-25.4745
-24.7065
-23.7239
-22.7679
-22.2169
-22.0081
-21.8942
-21.8225
-21.7754
-21.74
-21.7133
-21.6907
-21.6691
-21.6473
-21.6247
-21.6013
-21.578
-21.556
-21.5373
-21.5246
-21.5194
-21.5244
-21.5444
-21.5851
-21.6532
-21.7431
-21.8378
-21.9205
-21.9902
-22.0621
-22.151
-22.2614
-22.3843
-22.4932
-22.5537
-22.5595
-22.5293
-22.5156
-22.5319
-22.5811
-22.6529
-22.686
-22.7082
-22.714
-22.6356
-22.4878
-22.3567
-22.2687
-22.1207
-21.8216
-21.5275
-21.3399
-21.2332
-21.0955
-21.0293
-21.0415
-21.0799
-21.1326
-21.1941
-21.2832
-21.4238
-21.6122
-21.7666
-21.8278
-21.7834
-21.7351
-21.6981
-21.586
-21.453
-21.3648
-21.6557
-22.9314
-24.2916
-25.4172
-26.2305
-26.7986
-27.1449
-27.2695
-27.1832
-26.9196
-26.486
-25.8688
-25.0063
-23.8764
-22.9594
-22.5795
-22.4233
-22.3333
-22.2818
-22.2433
-22.2149
-22.1893
-22.1646
-22.1389
-22.1116
-22.083
-22.0541
-22.0272
-22.0047
-21.9909
-21.9855
-21.9915
-22.0187
-22.075
-22.1722
-22.3049
-22.4402
-22.5382
-22.6015
-22.6542
-22.7088
-22.7856
-22.8808
-22.9707
-23.0109
-23.0142
-23.0269
-23.0411
-23.0696
-23.124
-23.1985
-23.2992
-23.4038
-23.4643
-23.3992
-23.2078
-23.0399
-23.0099
-22.7762
-22.419
-22.1446
-21.9762
-21.8677
-21.7323
-21.6663
-21.6552
-21.6688
-21.697
-21.7553
-21.8505
-22.0131
-22.1993
-22.3547
-22.4145
-22.3772
-22.294
-22.1641
-21.9798
-21.9561
-21.9405
-22.022
-22.8797
-24.3741
-25.6809
-26.6166
-27.2659
-27.6702
-27.8386
-27.7856
-27.5588
-27.1753
-26.6444
-25.9646
-24.9168
-23.7719
-23.161
-22.9417
-22.8368
-22.7824
-22.7445
-22.7149
-22.6883
-22.6616
-22.6328
-22.6012
-22.567
-22.532
-22.4991
-22.4725
-22.4594
-22.4524
-22.4645
-22.51
-22.5999
-22.7471
-22.9332
-23.1019
-23.1951
-23.2391
-23.2816
-23.33
-23.3688
-23.4136
-23.4594
-23.4936
-23.53
-23.588
-23.577
-23.5548
-23.5672
-23.6462
-23.7922
-23.952
-24.0441
-24.004
-23.8103
-23.6538
-23.6298
-23.4597
-23.087
-22.8399
-22.6949
-22.569
-22.412
-22.3381
-22.2995
-22.2841
-22.3054
-22.3574
-22.4336
-22.5518
-22.6909
-22.818
-22.8631
-22.797
-22.6328
-22.4171
-22.2732
-22.3652
-22.4194
-22.651
-23.0099
-24.1615
-25.5017
-26.6016
-27.3952
-27.8962
-28.1333
-28.1329
-27.9448
-27.6215
-27.1563
-26.5691
-25.6915
-24.5181
-23.733
-23.4352
-23.3325
-23.2758
-23.2407
-23.2132
-23.1877
-23.1606
-23.1297
-23.0943
-23.0547
-23.0129
-22.973
-22.9419
-22.9307
-22.9239
-22.961
-23.0742
-23.2722
-23.5064
-23.7264
-23.886
-23.961
-23.9893
-24.1216
-24.2642
-24.2721
-24.1727
-24.0827
-24.0508
-24.0883
-24.0728
-23.978
-23.9176
-23.9473
-24.0538
-24.1914
-24.3174
-24.3791
-24.3412
-24.2743
-24.2044
-24.1543
-24.0252
-23.782
-23.6297
-23.5147
-23.3172
-23.1383
-23.0453
-22.9821
-22.9462
-22.9532
-22.9699
-23.0016
-23.0756
-23.203
-23.3248
-23.3392
-23.1959
-22.9341
-22.6875
-22.6205
-22.7836
-22.8249
-23.4063
-23.4863
-23.9572
-24.9923
-26.2178
-27.1989
-27.8423
-28.1739
-28.2445
-28.1155
-27.8469
-27.4581
-26.9272
-26.1695
-25.1178
-24.2855
-23.9182
-23.8059
-23.7593
-23.7321
-23.7103
-23.6886
-23.6632
-23.6317
-23.5935
-23.5484
-23.4989
-23.449
-23.4115
-23.3996
-23.411
-23.5378
-23.8039
-24.1298
-24.4211
-24.6182
-24.7567
-24.8865
-25.018
-25.2738
-25.5421
-25.5672
-25.3253
-24.9914
-24.7422
-24.5995
-24.4689
-24.3261
-24.2702
-24.3577
-24.5058
-24.6551
-24.769
-24.8244
-24.8146
-24.7901
-24.7719
-24.6914
-24.5522
-24.4877
-24.4568
-24.3452
-24.0599
-23.8825
-23.7691
-23.6952
-23.6432
-23.6063
-23.5807
-23.5769
-23.6343
-23.8004
-23.9513
-23.9257
-23.7059
-23.379
-23.1444
-23.1318
-23.304
-23.2764
-23.9995
-23.9549
-23.9324
-24.515
-25.6764
-26.818
-27.6234
-28.0659
-28.2048
-28.12
-27.8902
-27.5415
-27.0461
-26.3806
-25.5172
-24.7706
-24.3808
-24.2672
-24.2377
-24.2231
-24.21
-24.1945
-24.173
-24.1429
-24.1033
-24.0531
-23.9948
-23.9299
-23.8848
-23.8756
-23.9655
-24.2562
-24.6377
-24.9713
-25.2114
-25.3879
-25.5617
-25.7878
-26.1126
-26.4684
-26.8164
-26.8587
-26.5776
-26.1011
-25.5933
-25.1702
-24.9
-24.7386
-24.7135
-24.8526
-25.0563
-25.2484
-25.4292
-25.5705
-25.6261
-25.5814
-25.4733
-25.3312
-25.2687
-25.308
-25.2722
-25.0587
-24.7685
-24.5955
-24.4737
-24.4087
-24.3563
-24.2815
-24.2144
-24.2215
-24.3431
-24.6035
-24.8719
-24.9328
-24.7016
-24.2837
-23.9601
-23.8877
-23.8868
-23.8147
-24.4802
-24.3991
-24.2054
-24.5038
-25.4496
-26.6
-27.4936
-27.9829
-28.1245
-28.0238
-27.7852
-27.4329
-26.9655
-26.3902
-25.7327
-25.1499
-24.822
-24.7264
-24.7184
-24.72
-24.7178
-24.7105
-24.6951
-24.6692
-24.6308
-24.5789
-24.5103
-24.4299
-24.3881
-24.3986
-24.636
-25.051
-25.3961
-25.6512
-25.8365
-26.0186
-26.2621
-26.5726
-26.9878
-27.5129
-27.9513
-27.9498
-27.5846
-27.0556
-26.4473
-25.8602
-25.4232
-25.2285
-25.2642
-25.4309
-25.6557
-25.891
-26.1285
-26.3189
-26.3981
-26.3418
-26.2151
-26.1363
-26.1517
-26.1087
-25.934
-25.6607
-25.4015
-25.2421
-25.1315
-25.0814
-25.0582
-24.9997
-24.9413
-24.9831
-25.2226
-25.6388
-26.1102
-26.3661
-26.2058
-25.6788
-25.0683
-24.6971
-24.5033
-24.4022
-25.0487
-24.9682
-24.826
-25.1324
-26.0147
-27.0365
-27.7986
-28.1673
-28.1924
-27.9788
-27.6554
-27.2601
-26.8058
-26.3145
-25.8494
-25.4727
-25.2604
-25.201
-25.2136
-25.231
-25.2403
-25.2425
-25.2357
-25.2175
-25.1862
-25.1394
-25.0673
-24.9795
-24.9649
-25.0602
-25.3773
-25.7968
-26.0435
-26.2313
-26.3867
-26.5825
-26.8694
-27.2341
-27.6832
-28.305
-28.7718
-28.7683
-28.4024
-27.7701
-27.0725
-26.4237
-25.9892
-25.8475
-25.8891
-26.0118
-26.1939
-26.4299
-26.683
-26.8836
-26.9887
-27.0174
-27.0039
-26.9704
-26.868
-26.6946
-26.4428
-26.1686
-25.9603
-25.8247
-25.736
-25.7002
-25.704
-25.7029
-25.7221
-25.8119
-26.1201
-26.6442
-27.2287
-27.568
-27.4429
-26.8821
-26.0782
-25.5251
-25.2352
-25.1174
-25.705
-25.6846
-25.902
-26.4974
-27.2205
-27.9971
-28.5521
-28.7509
-28.5875
-28.1743
-27.6666
-27.164
-26.7018
-26.299
-26.0093
-25.828
-25.7326
-25.7094
-25.7352
-25.7636
-25.7828
-25.7952
-25.7997
-25.7944
-25.7797
-25.7521
-25.695
-25.6358
-25.6886
-25.8506
-26.1469
-26.4306
-26.6253
-26.7815
-26.9174
-27.0898
-27.3519
-27.6976
-28.1321
-28.6536
-29.0196
-28.9714
-28.6063
-28.0281
-27.407
-26.9186
-26.6197
-26.532
-26.5205
-26.5748
-26.7059
-26.9064
-27.13
-27.3241
-27.4656
-27.5618
-27.6
-27.5162
-27.3238
-27.0923
-26.8442
-26.6259
-26.4711
-26.3645
-26.2982
-26.2763
-26.2988
-26.3429
-26.4312
-26.5834
-26.8989
-27.4252
-28.0093
-28.3593
-28.271
-27.753
-26.9194
-26.3033
-26.0171
-25.8659
-26.4681
-26.5308
-27.0915
-27.853
-28.5369
-29.0795
-29.4244
-29.4499
-29.1261
-28.5585
-27.8869
-27.2754
-26.7913
-26.4685
-26.3253
-26.2774
-26.2556
-26.256
-26.2872
-26.3204
-26.3466
-26.3682
-26.3861
-26.4008
-26.4158
-26.4293
-26.4204
-26.4436
-26.5395
-26.7065
-26.9382
-27.1118
-27.2535
-27.3475
-27.4382
-27.5527
-27.723
-27.9714
-28.2882
-28.6152
-28.81
-28.7509
-28.4596
-28.0612
-27.6723
-27.4156
-27.3048
-27.2
-27.1486
-27.1617
-27.2422
-27.3736
-27.5245
-27.6684
-27.7978
-27.8771
-27.8629
-27.7513
-27.578
-27.3956
-27.2197
-27.0712
-26.9603
-26.8806
-26.8338
-26.823
-26.8551
-26.9228
-27.038
-27.2238
-27.5103
-27.9546
-28.4476
-28.7466
-28.6692
-28.2254
-27.5353
-26.9567
-26.6848
-26.5559
-27.2629
-27.4522
-28.0985
-28.8004
-29.3756
-29.8174
-30.0567
-30.0058
-29.6313
-29.0032
-28.2631
-27.5984
-27.1187
-26.8734
-26.8185
-26.8289
-26.8261
-26.8347
-26.8658
-26.8991
-26.93
-26.9615
-26.996
-27.0344
-27.0892
-27.1663
-27.2506
-27.3694
-27.4811
-27.6151
-27.76
-27.8563
-27.9203
-27.9431
-27.9579
-28.0137
-28.0998
-28.2342
-28.432
-28.641
-28.7669
-28.7226
-28.5242
-28.3019
-28.164
-28.0528
-27.9343
-27.8275
-27.765
-27.7631
-27.8032
-27.8641
-27.9342
-28.0077
-28.069
-28.0843
-28.0445
-27.9601
-27.8473
-27.7323
-27.6231
-27.5245
-27.4437
-27.3846
-27.3525
-27.3509
-27.3847
-27.4559
-27.5713
-27.7403
-27.9699
-28.2805
-28.6148
-28.8088
-28.727
-28.3809
-27.9036
-27.4804
-27.2376
-27.1339
-28.0499
-28.2391
-28.7927
-29.3601
-29.8641
-30.248
-30.4303
-30.3494
-29.9745
-29.3626
-28.6643
-28.0429
-27.6358
-27.4706
-27.4417
-27.4427
-27.4274
-27.4363
-27.462
-27.4921
-27.526
-27.5662
-27.6163
-27.6819
-27.777
-27.9209
-28.1239
-28.299
-28.4133
-28.4786
-28.5157
-28.5216
-28.5182
-28.503
-28.4865
-28.5043
-28.5483
-28.618
-28.7459
-28.8948
-28.9974
-29.0124
-28.9204
-28.814
-28.74
-28.627
-28.4967
-28.4005
-28.3557
-28.3471
-28.3549
-28.375
-28.3995
-28.426
-28.4445
-28.4304
-28.3847
-28.3183
-28.2346
-28.146
-28.0645
-27.9905
-27.9283
-27.8836
-27.8615
-27.8663
-27.9005
-27.9661
-28.0659
-28.2044
-28.3715
-28.5658
-28.7529
-28.8443
-28.7697
-28.5339
-28.2126
-27.9167
-27.7238
-27.6367
-28.7965
-28.9313
-29.2947
-29.7163
-30.1154
-30.42
-30.5609
-30.4632
-30.125
-29.5991
-29.0245
-28.5524
-28.2646
-28.1451
-28.1031
-28.0653
-28.0424
-28.0454
-28.0628
-28.0895
-28.1253
-28.1723
-28.2348
-28.3204
-28.443
-28.6129
-28.8309
-29.0477
-29.1727
-29.2049
-29.1544
-29.0973
-29.0459
-29.0093
-29.0017
-29.0133
-29.0383
-29.0884
-29.1726
-29.2822
-29.3691
-29.3936
-29.3516
-29.2928
-29.2124
-29.1026
-29.0038
-28.9388
-28.9051
-28.8905
-28.8862
-28.8878
-28.8923
-28.8953
-28.8891
-28.8653
-28.8214
-28.7574
-28.6791
-28.599
-28.5269
-28.4651
-28.415
-28.3811
-28.3668
-28.376
-28.4105
-28.4709
-28.5554
-28.6632
-28.7853
-28.9047
-28.9971
-29.0215
-28.9471
-28.7772
-28.5523
-28.3412
-28.1948
-28.1246
-29.4832
-29.5802
-29.7552
-30.0039
-30.2568
-30.437
-30.5035
-30.4139
-30.1591
-29.7885
-29.4032
-29.1062
-28.9183
-28.8101
-28.7346
-28.6786
-28.652
-28.6471
-28.6583
-28.6824
-28.719
-28.77
-28.8394
-28.9347
-29.0675
-29.2292
-29.3745
-29.5968
-29.773
-29.797
-29.7259
-29.6479
-29.5623
-29.5031
-29.488
-29.5054
-29.5365
-29.586
-29.6546
-29.7294
-29.788
-29.8024
-29.773
-29.7221
-29.6449
-29.5702
-29.5036
-29.4565
-29.427
-29.4042
-29.3881
-29.376
-29.3666
-29.354
-29.3324
-29.3023
-29.2569
-29.1971
-29.1283
-29.0587
-28.9961
-28.9442
-28.9043
-28.8796
-28.8726
-28.886
-28.921
-28.9777
-29.0528
-29.1406
-29.231
-29.308
-29.3523
-29.3408
-29.2602
-29.1188
-28.9482
-28.791
-28.6772
-28.618
-30.0972
-30.1792
-30.2767
-30.3876
-30.4984
-30.5624
-30.5375
-30.4598
-30.2959
-30.0809
-29.8701
-29.6821
-29.5366
-29.4207
-29.3319
-29.2753
-29.2446
-29.235
-29.2425
-29.2646
-29.3007
-29.3528
-29.4246
-29.5222
-29.6613
-29.8081
-29.9606
-30.1838
-30.3603
-30.3576
-30.2795
-30.1773
-30.0659
-29.9856
-29.959
-29.9701
-30.0057
-30.0581
-30.124
-30.1775
-30.2063
-30.2082
-30.1811
-30.132
-30.0789
-30.0342
-29.9924
-29.9534
-29.9206
-29.8895
-29.8633
-29.8424
-29.8231
-29.8008
-29.7723
-29.7359
-29.6928
-29.6403
-29.5822
-29.5243
-29.4725
-29.4301
-29.3989
-29.382
-29.3816
-29.3994
-29.4363
-29.4913
-29.5608
-29.637
-29.7085
-29.76
-29.7759
-29.7433
-29.6587
-29.5337
-29.3936
-29.2665
-29.1714
-29.1192
-30.6413
-30.6937
-30.7711
-30.8246
-30.8664
-30.8813
-30.8489
-30.7751
-30.6658
-30.5238
-30.374
-30.2281
-30.0943
-29.9845
-29.9036
-29.8496
-29.8188
-29.8076
-29.8128
-29.8326
-29.8672
-29.9181
-29.9904
-30.0906
-30.2501
-30.471
-30.7005
-30.8783
-30.9986
-30.9827
-30.8398
-30.6823
-30.545
-30.4488
-30.4133
-30.4168
-30.4441
-30.4885
-30.5421
-30.5828
-30.6018
-30.599
-30.586
-30.553
-30.5144
-30.4852
-30.458
-30.4248
-30.3898
-30.3591
-30.3317
-30.3068
-30.2824
-30.2561
-30.2254
-30.1887
-30.1466
-30.0997
-30.0502
-30.0021
-29.9594
-29.9249
-29.9008
-29.8901
-29.8954
-29.9181
-29.9586
-30.0153
-30.0834
-30.154
-30.2146
-30.2501
-30.2477
-30.2005
-30.1109
-29.9927
-29.8674
-29.7559
-29.6724
-29.6251
-31.1293
-31.1565
-31.199
-31.2382
-31.2561
-31.2484
-31.2164
-31.1613
-31.0716
-30.9618
-30.8427
-30.723
-30.6134
-30.5222
-30.453
-30.4052
-30.3769
-30.3653
-30.3686
-30.3858
-30.4173
-30.4651
-30.5351
-30.6367
-30.8077
-31.0891
-31.3827
-31.568
-31.6432
-31.5699
-31.3374
-31.1266
-30.9789
-30.8888
-30.8541
-30.8557
-30.8777
-30.9137
-30.9541
-30.9817
-30.9973
-31.0078
-31.0071
-30.9865
-30.9589
-30.9348
-30.9107
-30.8822
-30.8527
-30.8249
-30.7987
-30.7735
-30.748
-30.7205
-30.6898
-30.6551
-30.6166
-30.5749
-30.5322
-30.4914
-30.4556
-30.4277
-30.409
-30.4041
-30.4149
-30.4435
-30.4904
-30.5529
-30.6254
-30.6973
-30.7538
-30.7795
-30.763
-30.7015
-30.6022
-30.4811
-30.3588
-30.2535
-30.1762
-30.1324
-31.5943
-31.6071
-31.6267
-31.6432
-31.6443
-31.6283
-31.5958
-31.5466
-31.4771
-31.3918
-31.298
-31.2039
-31.1177
-31.0449
-30.9878
-30.9468
-30.9211
-30.9095
-30.9109
-30.9248
-30.9516
-30.993
-31.0539
-31.1431
-31.2842
-31.5242
-31.7985
-31.9686
-32.0008
-31.8912
-31.6768
-31.49
-31.3723
-31.311
-31.29
-31.295
-31.3147
-31.3438
-31.3739
-31.3966
-31.4146
-31.4328
-31.4407
-31.4309
-31.4101
-31.3875
-31.3648
-31.3404
-31.3155
-31.2909
-31.2668
-31.2425
-31.2175
-31.1906
-31.1614
-31.1295
-31.0951
-31.0588
-31.0222
-30.9875
-30.9575
-30.935
-30.9222
-30.9231
-30.9406
-30.9776
-31.0352
-31.1096
-31.1943
-31.276
-31.336
-31.356
-31.3255
-31.2457
-31.1292
-30.9955
-30.8664
-30.7594
-30.6833
-30.6405
-32.0488
-32.054
-32.061
-32.0637
-32.0566
-32.0362
-32.0062
-31.9605
-31.9018
-31.8333
-31.7597
-31.6865
-31.6189
-31.5602
-31.5127
-31.4773
-31.454
-31.4423
-31.4415
-31.4514
-31.472
-31.5044
-31.5504
-31.6143
-31.7021
-31.8369
-31.9964
-32.111
-32.1346
-32.0536
-31.9339
-31.8296
-31.7657
-31.7374
-31.7318
-31.7412
-31.7601
-31.785
-31.811
-31.8332
-31.8522
-31.8713
-31.8825
-31.879
-31.863
-31.8423
-31.8216
-31.8009
-31.7798
-31.7582
-31.7362
-31.7137
-31.6902
-31.6652
-31.6384
-31.6097
-31.5793
-31.548
-31.5168
-31.4876
-31.4629
-31.4455
-31.4385
-31.4462
-31.4726
-31.5223
-31.5988
-31.6942
-31.804
-31.9079
-31.9802
-31.997
-31.9485
-31.8419
-31.6964
-31.538
-31.3919
-31.2758
-31.1958
-31.152
-32.4992
-32.5005
-32.5009
-32.4967
-32.4866
-32.4683
-32.4364
-32.3955
-32.3461
-32.2905
-32.2317
-32.1733
-32.1187
-32.0702
-32.0301
-31.9992
-31.9778
-31.9659
-31.963
-31.9687
-31.9829
-32.0056
-32.037
-32.0775
-32.1264
-32.1882
-32.2572
-32.3189
-32.3416
-32.3153
-32.2638
-32.2173
-32.1905
-32.1815
-32.1847
-32.1961
-32.2139
-32.2359
-32.2593
-32.2809
-32.2991
-32.3155
-32.3277
-32.3287
-32.3174
-32.2997
-32.2816
-32.2641
-32.2461
-32.2273
-32.2077
-32.1872
-32.1658
-32.143
-32.119
-32.0936
-32.0672
-32.0402
-32.014
-31.9901
-31.9709
-31.9591
-31.9581
-31.9736
-32.0116
-32.0789
-32.1815
-32.3226
-32.4835
-32.6308
-32.73
-32.7452
-32.6686
-32.516
-32.3201
-32.1178
-31.9403
-31.8056
-31.7158
-31.6679
-32.9498
-32.9492
-32.947
-32.9407
-32.9272
-32.9072
-32.8791
-32.8439
-32.8026
-32.757
-32.7091
-32.6615
-32.6164
-32.5759
-32.5416
-32.5145
-32.4948
-32.4827
-32.4778
-32.4799
-32.4885
-32.5032
-32.5235
-32.549
-32.5786
-32.6122
-32.6504
-32.6824
-32.6972
-32.6898
-32.6696
-32.6507
-32.6407
-32.6403
-32.6471
-32.6592
-32.6755
-32.695
-32.716
-32.7358
-32.7522
-32.7665
-32.778
-32.7811
-32.7737
-32.76
-32.7452
-32.7305
-32.7153
-32.6989
-32.6815
-32.6631
-32.6438
-32.6234
-32.6021
-32.5799
-32.5569
-32.5339
-32.5119
-32.4925
-32.4781
-32.4717
-32.4776
-32.5034
-32.5586
-32.6573
-32.8181
-33.0418
-33.2965
-33.5097
-33.6478
-33.6528
-33.5286
-33.3029
-33.0237
-32.7481
-32.518
-32.3513
-32.2441
-32.1858
-33.4025
-33.4009
-33.3967
-33.3885
-33.375
-33.3559
-33.331
-33.3009
-33.2663
-33.2285
-33.1891
-33.1498
-33.1122
-33.0781
-33.0486
-33.0246
-33.0065
-32.9944
-32.988
-32.9871
-32.9913
-33.0001
-33.0129
-33.0291
-33.0483
-33.0694
-33.09
-33.1079
-33.1185
-33.119
-33.113
-33.1069
-33.1053
-33.1092
-33.1179
-33.13
-33.1448
-33.1616
-33.1799
-33.198
-33.2136
-33.2264
-33.2357
-33.239
-33.2344
-33.2246
-33.213
-33.2006
-33.1874
-33.173
-33.1575
-33.1411
-33.1238
-33.1057
-33.0868
-33.0673
-33.0473
-33.0276
-33.0091
-32.9936
-32.9836
-32.9829
-32.9952
-33.0327
-33.1126
-33.265
-33.531
-33.9166
-34.3469
-34.6927
-34.8687
-34.8362
-34.605
-34.241
-33.8277
-33.4377
-33.127
-32.9103
-32.7751
-32.6969
-33.858
-33.8559
-33.8508
-33.842
-33.829
-33.8115
-33.7897
-33.7639
-33.7348
-33.7034
-33.6707
-33.6382
-33.6062
-33.5775
-33.5521
-33.5309
-33.5143
-33.5024
-33.495
-33.4919
-33.4928
-33.4973
-33.5049
-33.5149
-33.5267
-33.5394
-33.552
-33.5633
-33.5714
-33.5752
-33.5761
-33.577
-33.5803
-33.5868
-33.5962
-33.608
-33.6213
-33.6357
-33.6509
-33.6662
-33.6804
-33.6921
-33.7001
-33.7032
-33.7006
-33.6937
-33.6845
-33.674
-33.6624
-33.6496
-33.6358
-33.6211
-33.6057
-33.5894
-33.5725
-33.5551
-33.5376
-33.5205
-33.5048
-33.4922
-33.4854
-33.4889
-33.51
-33.554
-33.6634
-33.8975
-34.3412
-34.9731
-35.6183
-36.0957
-36.293
-36.2054
-35.8448
-35.2919
-34.6934
-34.1613
-33.7501
-33.4664
-33.3031
-33.1699
-34.3163
-34.3139
-34.3086
-34.3001
-34.288
-34.2724
-34.2534
-34.2313
-34.2068
-34.1804
-34.1531
-34.1257
-34.0991
-34.0747
-34.0528
-34.0342
-34.019
-34.0075
-33.9996
-33.995
-33.9937
-33.9951
-33.9991
-34.005
-34.0123
-34.0204
-34.0287
-34.0367
-34.0436
-34.0488
-34.0529
-34.0573
-34.0632
-34.071
-34.0806
-34.0917
-34.1038
-34.1163
-34.1289
-34.1413
-34.153
-34.1629
-34.1699
-34.1729
-34.1715
-34.1665
-34.1592
-34.1502
-34.1399
-34.1286
-34.1162
-34.103
-34.089
-34.0742
-34.0589
-34.0431
-34.0273
-34.012
-33.9981
-33.9871
-33.9819
-33.9869
-34.0099
-34.0664
-34.1947
-34.5408
-35.1869
-36.0124
-36.7662
-37.27
-37.4696
-37.3541
-36.9099
-36.2235
-35.4822
-34.8372
-34.3423
-34.0085
-33.7924
-33.5874
-34.7771
-34.7747
-34.7697
-34.7618
-34.7511
-34.7374
-34.721
-34.7021
-34.6813
-34.6591
-34.6361
-34.6129
-34.5907
-34.57
-34.5513
-34.5351
-34.5214
-34.5105
-34.5024
-34.4971
-34.4942
-34.4936
-34.4951
-34.4982
-34.5027
-34.5081
-34.5141
-34.5203
-34.5265
-34.5324
-34.5381
-34.5443
-34.5515
-34.5598
-34.5692
-34.5794
-34.5903
-34.6013
-34.6119
-34.6221
-34.6314
-34.6393
-34.645
-34.6475
-34.6465
-34.6426
-34.6365
-34.6288
-34.6198
-34.6096
-34.5985
-34.5864
-34.5735
-34.5599
-34.5458
-34.5312
-34.5165
-34.5021
-34.4888
-34.4781
-34.4723
-34.476
-34.4966
-34.5507
-34.7058
-35.1421
-35.894
-36.7863
-37.5571
-38.0416
-38.2163
-38.0475
-37.5558
-36.839
-36.0681
-35.3887
-34.8735
-34.5089
-34.2105
-34.0179
-35.2402
-35.2379
-35.2334
-35.2266
-35.2173
-35.2055
-35.1915
-35.1754
-35.1577
-35.1388
-35.1194
-35.1
-35.0814
-35.064
-35.0482
-35.0341
-35.022
-35.0119
-35.004
-34.9982
-34.9944
-34.9926
-34.9924
-34.9937
-34.9964
-35.0003
-35.005
-35.0103
-35.0162
-35.0224
-35.0288
-35.0357
-35.0434
-35.0517
-35.0606
-35.0699
-35.0794
-35.0889
-35.0978
-35.1061
-35.1135
-35.1197
-35.124
-35.1259
-35.125
-35.1217
-35.1164
-35.1097
-35.1016
-35.0925
-35.0824
-35.0713
-35.0593
-35.0466
-35.0333
-35.0195
-35.0054
-34.9913
-34.9777
-34.9657
-34.9575
-34.9571
-34.9696
-35.0139
-35.1767
-35.6223
-36.3711
-37.2385
-37.9654
-38.3948
-38.5069
-38.2992
-37.817
-37.1491
-36.4359
-35.8037
-35.3189
-34.9454
-34.6547
-34.5397
-35.7054
-35.7034
-35.6996
-35.6938
-35.6859
-35.676
-35.664
-35.6504
-35.6355
-35.6196
-35.6032
-35.5871
-35.5717
-35.5572
-35.5437
-35.5317
-35.521
-35.512
-35.5045
-35.4987
-35.4944
-35.4918
-35.4907
-35.491
-35.4926
-35.4956
-35.4996
-35.5044
-35.51
-35.5163
-35.523
-35.5301
-35.5377
-35.5457
-35.554
-35.5622
-35.5704
-35.5784
-35.5859
-35.5926
-35.5984
-35.603
-35.6062
-35.6074
-35.6064
-35.6034
-35.5988
-35.5927
-35.5855
-35.5772
-35.5679
-35.5576
-35.5464
-35.5344
-35.5218
-35.5085
-35.4946
-35.4802
-35.4657
-35.4518
-35.44
-35.4332
-35.4348
-35.4638
-35.5983
-35.9658
-36.61
-37.3755
-38.0276
-38.412
-38.498
-38.2988
-37.8637
-37.2778
-36.6545
-36.0963
-35.6514
-35.3283
-35.1645
-35.1226
-36.1726
-36.1709
-36.1678
-36.1631
-36.1565
-36.1482
-36.1383
-36.1269
-36.1144
-36.1012
-36.0877
-36.0745
-36.0617
-36.0497
-36.0384
-36.0281
-36.019
-36.011
-36.0041
-35.9985
-35.9942
-35.9913
-35.9898
-35.9896
-35.9907
-35.9931
-35.9966
-36.0012
-36.0066
-36.0127
-36.0193
-36.0262
-36.0335
-36.041
-36.0486
-36.0559
-36.0629
-36.0696
-36.0757
-36.0811
-36.0856
-36.089
-36.091
-36.0916
-36.0904
-36.0876
-36.0833
-36.0778
-36.0712
-36.0635
-36.0548
-36.0452
-36.0348
-36.0235
-36.0114
-35.9986
-35.9849
-35.9702
-35.9547
-35.9387
-35.9233
-35.9102
-35.9019
-35.9136
-35.9997
-36.2417
-36.7021
-37.2924
-37.841
-38.1971
-38.3034
-38.1589
-37.7957
-37.2942
-36.7596
-36.2783
-35.9098
-35.6985
-35.6495
-35.6797
-36.6416
-36.6403
-36.6378
-36.634
-36.6287
-36.622
-36.6139
-36.6046
-36.5946
-36.5834
-36.5726
-36.5619
-36.5515
-36.5416
-36.5323
-36.5237
-36.5159
-36.509
-36.503
-36.4979
-36.4938
-36.491
-36.4895
-36.4892
-36.4901
-36.4921
-36.4954
-36.4997
-36.5048
-36.5106
-36.517
-36.5236
-36.5304
-36.5373
-36.5441
-36.5506
-36.5566
-36.5621
-36.5671
-36.5714
-36.5748
-36.577
-36.5782
-36.578
-36.5766
-36.5738
-36.5698
-36.5647
-36.5585
-36.5513
-36.5432
-36.5343
-36.5246
-36.5141
-36.5027
-36.4904
-36.477
-36.4623
-36.4463
-36.4291
-36.4113
-36.394
-36.3791
-36.3776
-36.4197
-36.5479
-36.8152
-37.1986
-37.5968
-37.8997
-38.0191
-37.9251
-37.6456
-37.2516
-36.8325
-36.4744
-36.2391
-36.1444
-36.145
-36.1954
-37.1121
-37.1112
-37.1092
-37.1062
-37.1021
-37.0968
-37.0905
-37.0831
-37.075
-37.0664
-37.0579
-37.0494
-37.0411
-37.0332
-37.0256
-37.0186
-37.0121
-37.0064
-37.0013
-36.997
-36.9935
-36.9909
-36.9896
-36.9894
-36.9903
-36.9923
-36.9953
-36.9993
-37.0042
-37.0097
-37.0157
-37.0219
-37.0282
-37.0345
-37.0405
-37.0462
-37.0514
-37.0559
-37.0598
-37.063
-37.0654
-37.0668
-37.0672
-37.0664
-37.0646
-37.0617
-37.0578
-37.0529
-37.0472
-37.0405
-37.0331
-37.0249
-37.016
-37.0064
-36.996
-36.9845
-36.9718
-36.9577
-36.942
-36.9248
-36.9065
-36.8881
-36.8713
-36.8633
-36.8801
-36.9376
-37.0691
-37.2915
-37.5553
-37.7839
-37.8966
-37.85
-37.6555
-37.3715
-37.0754
-36.842
-36.7123
-36.6779
-36.6954
-36.724
-37.5839
-37.5832
-37.5818
-37.5795
-37.5764
-37.5724
-37.5677
-37.562
-37.556
-37.5496
-37.5431
-37.5367
-37.5303
-37.5242
-37.5184
-37.5129
-37.5078
-37.5031
-37.4991
-37.4957
-37.4929
-37.4909
-37.4899
-37.49
-37.4911
-37.4931
-37.496
-37.4999
-37.5045
-37.5097
-37.5153
-37.5211
-37.527
-37.5326
-37.5379
-37.5429
-37.5472
-37.5508
-37.5537
-37.5559
-37.5574
-37.5579
-37.5576
-37.5563
-37.5541
-37.551
-37.5471
-37.5424
-37.537
-37.531
-37.5242
-37.5169
-37.509
-37.5006
-37.4914
-37.4812
-37.4698
-37.4571
-37.4427
-37.4269
-37.4102
-37.3937
-37.3791
-37.372
-37.383
-37.419
-37.4854
-37.6074
-37.7847
-37.9647
-38.0713
-38.0599
-37.9321
-37.7305
-37.5211
-37.3619
-37.2781
-37.2567
-37.2669
-37.2787
-38.0566
-38.0561
-38.0551
-38.0536
-38.0514
-38.0486
-38.0452
-38.0413
-38.0371
-38.0327
-38.0282
-38.0237
-38.0193
-38.0149
-38.0107
-38.0067
-38.0029
-37.9995
-37.9966
-37.9942
-37.9923
-37.9909
-37.9904
-37.9908
-37.9921
-37.9943
-37.9973
-38.0011
-38.0055
-38.0104
-38.0157
-38.0211
-38.0265
-38.0315
-38.0362
-38.0404
-38.0439
-38.0467
-38.0486
-38.0499
-38.0504
-38.0501
-38.049
-38.0472
-38.0446
-38.0414
-38.0374
-38.033
-38.028
-38.0226
-38.0167
-38.0104
-38.0037
-37.9966
-37.989
-37.9806
-37.9712
-37.9607
-37.9489
-37.9359
-37.9224
-37.9096
-37.8995
-37.8966
-37.9088
-37.9427
-37.9966
-38.0816
-38.2058
-38.3449
-38.4349
-38.4341
-38.3408
-38.1914
-38.0382
-37.9228
-37.8595
-37.8376
-37.8368
-37.8401
-38.5297
-38.5294
-38.5289
-38.528
-38.5267
-38.5251
-38.5231
-38.5208
-38.5183
-38.5157
-38.5131
-38.5105
-38.5078
-38.5052
-38.5026
-38.5001
-38.4978
-38.4957
-38.4938
-38.4924
-38.4914
-38.4908
-38.4908
-38.4917
-38.4934
-38.4958
-38.499
-38.5028
-38.5072
-38.512
-38.517
-38.5221
-38.527
-38.5316
-38.5356
-38.539
-38.5416
-38.5435
-38.5445
-38.5448
-38.5442
-38.543
-38.5412
-38.5387
-38.5358
-38.5324
-38.5286
-38.5244
-38.5199
-38.5152
-38.5103
-38.5052
-38.4998
-38.4944
-38.4887
-38.4826
-38.4761
-38.4688
-38.4606
-38.4517
-38.4426
-38.4346
-38.4295
-38.43
-38.4418
-38.4707
-38.5196
-38.5919
-38.6913
-38.7792
-38.8156
-38.7998
-38.732
-38.6347
-38.5393
-38.4661
-38.4226
-38.405
-38.4009
-38.4008
-39.0032
-39.0031
-39.0029
-39.0026
-39.0022
-39.0017
-39.001
-39.0002
-38.9994
-38.9986
-38.9977
-38.9969
-38.9961
-38.9951
-38.9942
-38.9934
-38.9926
-38.9919
-38.9912
-38.9907
-38.9906
-38.9909
-38.9917
-38.9932
-38.9954
-38.9983
-39.0018
-39.0059
-39.0105
-39.0154
-39.0203
-39.0251
-39.0297
-39.0337
-39.0371
-39.0396
-39.0412
-39.042
-39.0419
-39.041
-39.0393
-39.0371
-39.0343
-39.0311
-39.0276
-39.0241
-39.0204
-39.0166
-39.0127
-39.0089
-39.005
-39.0012
-38.9975
-38.9939
-38.9904
-38.9872
-38.9843
-38.9813
-38.978
-38.9742
-38.9701
-38.9664
-38.964
-38.9647
-38.9718
-38.9899
-39.0232
-39.0844
-39.1797
-39.2158
-39.1593
-39.1215
-39.0844
-39.0441
-39.0073
-38.9833
-38.9693
-38.9627
-38.9603
-38.9597
)
;

boundaryField
{
    lowerWall
    {
        type            calculated;
        value           nonuniform List<scalar> 
80
(
132272
132279
132294
132318
132349
132388
132435
132490
132550
132617
132689
132766
132846
132928
133011
133094
133176
133254
133329
133398
133459
133514
133559
133595
133621
133638
133646
133645
133635
133619
133597
133572
133544
133515
133488
133462
133441
133425
133416
133413
133418
133429
133446
133470
133497
133528
133560
133592
133622
133648
133669
133683
133689
133685
133672
133648
133614
133570
133517
133454
133384
133308
133227
133142
133055
132967
132880
132795
132714
132637
132565
132499
132440
132387
132343
132305
132276
132254
132240
132234
)
;
    }
    rightWall
    {
        type            calculated;
        value           nonuniform List<scalar> 
80
(
128915
122270
115618
108957
102289
95612.9
88929
82237.5
75538.7
68833.2
62122.1
55407.4
48692.1
41980.2
35275.6
28579.6
21892.4
15214.9
8544.16
2780.28
183.816
-5.12623
-6.38436
-7.19882
-8.13279
-9.0068
-9.68572
-10.2041
-10.6229
-11.0635
-11.6091
-12.2313
-12.8926
-13.5564
-14.2072
-14.8302
-15.4435
-16.0784
-16.7199
-17.3489
-17.9237
-18.4412
-18.9689
-19.5381
-20.1309
-20.7464
-21.3648
-21.9405
-22.4194
-22.8249
-23.2764
-23.8147
-24.4022
-25.1174
-25.8659
-26.5559
-27.1339
-27.6367
-28.1246
-28.618
-29.1192
-29.6251
-30.1324
-30.6405
-31.152
-31.6679
-32.1858
-32.6969
-33.1699
-33.5874
-34.0179
-34.5397
-35.1226
-35.6797
-36.1954
-36.724
-37.2787
-37.8401
-38.4008
-38.9597
)
;
    }
    atmosphere
    {
        type            calculated;
        value           nonuniform List<scalar> 
80
(
-39.24
-39.24
-39.24
-39.24
-39.24
-39.24
-39.24
-39.24
-39.24
-39.24
-39.24
-39.24
-39.24
-39.24
-39.24
-39.24
-39.24
-39.24
-39.24
-39.24
-39.2404
-39.2412
-39.2425
-39.2444
-39.247
-39.2502
-39.2541
-39.2584
-39.2632
-39.2682
-39.2732
-39.278
-39.2824
-39.2862
-39.2891
-39.2912
-39.2923
-39.2924
-39.2915
-39.2899
-39.2875
-39.2845
-39.2812
-39.2775
-39.2738
-39.2701
-39.2664
-39.2629
-39.2594
-39.2561
-39.2529
-39.2498
-39.247
-39.2445
-39.2423
-39.2407
-39.24
-39.24
-39.24
-39.24
-39.24
-39.24
-39.24
-39.24
-39.2401
-39.2411
-39.2478
-39.2941
-39.4438
-39.4817
-39.2863
-39.2457
-39.2403
-39.2403
-39.2402
-39.2401
-39.24
-39.24
-39.24
-39.24
)
;
    }
    leftWall
    {
        type            calculated;
        value           nonuniform List<scalar> 
80
(
128953
122308
115654
108992
102321
95640.5
88951.4
82252.8
75544.6
68826.5
62098.9
55362.7
48620.1
41873.4
35124.4
28372
21612.5
14841.8
8056.89
2394.76
94.0774
-6.31318
-7.00298
-7.52725
-8.10711
-8.93745
-9.99378
-11.039
-11.9264
-12.6225
-13.1614
-13.6101
-14.032
-14.4561
-14.8806
-15.2829
-15.5999
-15.7678
-15.7676
-15.6328
-15.4392
-15.5034
-16.121
-17.4166
-19.0946
-20.5064
-21.2805
-21.6557
-22.022
-22.651
-23.4063
-23.9995
-24.4802
-25.0487
-25.705
-26.4681
-27.2629
-28.0499
-28.7965
-29.4832
-30.0972
-30.6413
-31.1293
-31.5943
-32.0488
-32.4992
-32.9498
-33.4025
-33.858
-34.3163
-34.7771
-35.2402
-35.7054
-36.1726
-36.6416
-37.1121
-37.5839
-38.0566
-38.5297
-39.0032
)
;
    }
    frontAndBack
    {
        type            empty;
    }
}


// ************************************************************************* //
