/*--------------------------------*- C++ -*----------------------------------*\
| =========                 |                                                 |
| \\      /  F ield         | OpenFOAM: The Open Source CFD Toolbox           |
|  \\    /   O peration     | Version:  2412                                  |
|   \\  /    A nd           | Website:  www.openfoam.com                      |
|    \\/     M anipulation  |                                                 |
\*---------------------------------------------------------------------------*/
FoamFile
{
    version     2.0;
    format      ascii;
    arch        "LSB;label=32;scalar=64";
    class       volScalarField;
    location    "5.35";
    object      p;
}
// * * * * * * * * * * * * * * * * * * * * * * * * * * * * * * * * * * * * * //

dimensions      [1 -1 -2 0 0 0 0];

internalField   nonuniform List<scalar> 
6400
(
7493.92
7494.75
7496.3
7498.62
7501.68
7505.43
7509.83
7514.83
7520.38
7526.41
7532.84
7539.61
7546.61
7553.76
7560.97
7568.15
7575.2
7582.05
7588.61
7594.82
7600.61
7605.95
7610.78
7615.1
7618.88
7622.15
7624.91
7627.18
7629.02
7630.46
7631.55
7632.34
7632.91
7633.28
7633.51
7633.63
7633.7
7633.73
7633.75
7633.77
7633.81
7633.87
7633.92
7633.97
7633.98
7633.93
7633.77
7633.46
7632.97
7632.22
7631.18
7629.79
7628
7625.76
7623.05
7619.83
7616.08
7611.82
7607.03
7601.76
7596.03
7589.89
7583.41
7576.66
7569.71
7562.65
7555.57
7548.56
7541.71
7535.1
7528.82
7522.94
7517.54
7512.68
7508.41
7504.78
7501.81
7499.55
7498.02
7497.2
7106.1
7106.89
7108.49
7110.85
7113.94
7117.74
7122.19
7127.25
7132.87
7138.98
7145.5
7152.35
7159.45
7166.7
7174
7181.27
7188.42
7195.35
7201.99
7208.26
7214.11
7219.48
7224.34
7228.66
7232.45
7235.69
7238.42
7240.66
7242.45
7243.83
7244.86
7245.6
7246.09
7246.4
7246.57
7246.65
7246.67
7246.67
7246.67
7246.69
7246.73
7246.79
7246.87
7246.94
7246.99
7246.99
7246.89
7246.64
7246.21
7245.53
7244.55
7243.22
7241.48
7239.28
7236.6
7233.39
7229.65
7225.37
7220.56
7215.24
7209.46
7203.26
7196.7
7189.86
7182.82
7175.67
7168.5
7161.39
7154.44
7147.75
7141.39
7135.44
7129.98
7125.06
7120.74
7117.06
7114.06
7111.78
7110.22
7109.39
6717.49
6718.33
6719.95
6722.36
6725.52
6729.4
6733.95
6739.14
6744.89
6751.15
6757.84
6764.86
6772.14
6779.57
6787.07
6794.52
6801.84
6808.93
6815.71
6822.11
6828.06
6833.51
6838.42
6842.76
6846.54
6849.75
6852.42
6854.59
6856.28
6857.55
6858.47
6859.08
6859.45
6859.65
6859.71
6859.7
6859.65
6859.59
6859.55
6859.55
6859.59
6859.67
6859.79
6859.92
6860.05
6860.14
6860.14
6860.01
6859.69
6859.13
6858.27
6857.05
6855.4
6853.28
6850.66
6847.48
6843.75
6839.44
6834.58
6829.18
6823.29
6816.96
6810.26
6803.26
6796.05
6788.72
6781.36
6774.07
6766.94
6760.08
6753.56
6747.46
6741.87
6736.84
6732.43
6728.67
6725.62
6723.3
6721.74
6720.76
6328.06
6328.96
6330.62
6333.1
6336.36
6340.37
6345.08
6350.44
6356.4
6362.89
6369.83
6377.12
6384.67
6392.39
6400.16
6407.89
6415.47
6422.81
6429.81
6436.4
6442.5
6448.06
6453.04
6457.42
6461.19
6464.35
6466.93
6468.97
6470.52
6471.63
6472.37
6472.8
6473
6473.03
6472.94
6472.8
6472.63
6472.49
6472.39
6472.36
6472.4
6472.51
6472.69
6472.91
6473.15
6473.36
6473.52
6473.56
6473.42
6473.04
6472.35
6471.29
6469.79
6467.79
6465.25
6462.13
6458.4
6454.06
6449.12
6443.61
6437.56
6431.04
6424.11
6416.86
6409.39
6401.78
6394.14
6386.57
6379.17
6372.05
6365.29
6358.98
6353.2
6348
6343.44
6339.58
6336.43
6334.04
6332.45
6331.39
5937.81
5938.73
5940.47
5943.05
5946.45
5950.62
5955.54
5961.14
5967.38
5974.18
5981.45
5989.11
5997.04
6005.14
6013.3
6021.4
6029.34
6037.01
6044.31
6051.16
6057.47
6063.19
6068.27
6072.68
6076.42
6079.51
6081.97
6083.84
6085.18
6086.07
6086.57
6086.76
6086.72
6086.52
6086.23
6085.91
6085.59
6085.34
6085.16
6085.09
6085.13
6085.28
6085.53
6085.87
6086.26
6086.66
6087.02
6087.28
6087.39
6087.25
6086.81
6085.97
6084.67
6082.84
6080.42
6077.37
6073.66
6069.28
6064.23
6058.56
6052.29
6045.51
6038.28
6030.69
6022.85
6014.87
6006.84
5998.9
5991.13
5983.66
5976.58
5969.97
5963.92
5958.5
5953.76
5949.73
5946.46
5943.98
5942.32
5941.24
5546.67
5547.62
5549.45
5552.16
5555.73
5560.11
5565.29
5571.2
5577.79
5584.99
5592.7
5600.81
5609.23
5617.82
5626.48
5635.07
5643.47
5651.57
5659.26
5666.44
5673.02
5678.94
5684.14
5688.6
5692.31
5695.29
5697.58
5699.22
5700.3
5700.89
5701.07
5700.95
5700.6
5700.11
5699.55
5699
5698.5
5698.09
5697.82
5697.7
5697.74
5697.94
5698.29
5698.78
5699.35
5699.99
5700.61
5701.17
5701.59
5701.77
5701.64
5701.11
5700.07
5698.46
5696.21
5693.26
5689.57
5685.14
5679.97
5674.08
5667.54
5660.41
5652.79
5644.76
5636.46
5627.99
5619.48
5611.04
5602.8
5594.88
5587.38
5580.39
5574.01
5568.31
5563.32
5559.11
5555.68
5553.07
5551.32
5550.28
5154.59
5155.59
5157.52
5160.39
5164.15
5168.79
5174.28
5180.57
5187.6
5195.28
5203.53
5212.22
5221.23
5230.44
5239.72
5248.92
5257.9
5266.54
5274.71
5282.31
5289.22
5295.38
5300.74
5305.25
5308.91
5311.75
5313.81
5315.17
5315.9
5316.1
5315.88
5315.35
5314.61
5313.75
5312.87
5312.03
5311.29
5310.71
5310.32
5310.14
5310.18
5310.44
5310.91
5311.57
5312.39
5313.31
5314.27
5315.19
5316
5316.6
5316.87
5316.72
5316.03
5314.72
5312.68
5309.87
5306.22
5301.73
5296.4
5290.26
5283.37
5275.81
5267.69
5259.12
5250.22
5241.14
5232.01
5222.97
5214.15
5205.67
5197.65
5190.21
5183.42
5177.36
5172.1
5167.65
5164.04
5161.29
5159.43
5158.42
4761.51
4762.57
4764.63
4767.67
4771.66
4776.59
4782.44
4789.18
4796.74
4805.02
4813.91
4823.29
4833.04
4843
4853.03
4862.97
4872.66
4881.96
4890.73
4898.83
4906.16
4912.62
4918.15
4922.72
4926.31
4928.97
4930.74
4931.71
4932
4931.71
4930.99
4929.95
4928.72
4927.41
4926.12
4924.94
4923.92
4923.13
4922.59
4922.33
4922.37
4922.71
4923.33
4924.21
4925.31
4926.57
4927.94
4929.32
4930.62
4931.73
4932.51
4932.85
4932.61
4931.67
4929.92
4927.29
4923.71
4919.15
4913.62
4907.17
4899.85
4891.76
4883.03
4873.78
4864.17
4854.35
4844.46
4834.68
4825.14
4815.99
4807.35
4799.35
4792.07
4785.61
4780.01
4775.3
4771.5
4768.59
4766.62
4765.57
4367.35
4368.5
4370.7
4373.93
4378.15
4383.41
4389.69
4396.97
4405.15
4414.13
4423.8
4434.01
4444.62
4455.48
4466.41
4477.25
4487.81
4497.91
4507.4
4516.12
4523.94
4530.77
4536.51
4541.13
4544.62
4547.03
4548.43
4548.91
4548.64
4547.74
4546.38
4544.72
4542.89
4541.03
4539.26
4537.66
4536.31
4535.26
4534.56
4534.22
4534.26
4534.68
4535.47
4536.6
4538.04
4539.72
4541.58
4543.52
4545.42
4547.15
4548.57
4549.52
4549.84
4549.39
4548.02
4545.62
4542.13
4537.51
4531.75
4524.92
4517.08
4508.35
4498.87
4488.81
4478.33
4467.61
4456.81
4446.14
4435.75
4425.8
4416.42
4407.75
4399.9
4392.95
4386.97
4381.98
4377.97
4374.91
4372.8
4371.67
3972.01
3973.31
3975.67
3979.06
3983.5
3989.11
3995.9
4003.81
4012.74
4022.55
4033.13
4044.32
4055.96
4067.88
4079.9
4091.82
4103.39
4114.45
4124.81
4134.28
4142.7
4149.96
4155.94
4160.62
4163.97
4166.06
4166.99
4166.82
4165.85
4164.19
4162.05
4159.61
4157.06
4154.54
4152.19
4150.1
4148.37
4147.03
4146.13
4145.7
4145.74
4146.26
4147.24
4148.66
4150.49
4152.67
4155.11
4157.71
4160.35
4162.86
4165.06
4166.78
4167.81
4167.98
4167.08
4165.01
4161.65
4156.96
4150.94
4143.64
4135.17
4125.67
4115.3
4104.25
4092.72
4080.94
4069.05
4057.31
4045.92
4035.02
4024.78
4015.33
4006.78
3999.26
3992.83
3987.55
3983.37
3980.17
3977.92
3976.65
3575.41
3576.99
3579.41
3582.79
3587.38
3593.41
3600.87
3609.58
3619.41
3630.21
3641.85
3654.18
3667.02
3680.19
3693.48
3706.7
3719.47
3731.68
3743.08
3753.45
3762.6
3770.36
3776.64
3781.36
3784.52
3786.19
3786.48
3785.55
3783.67
3781.05
3777.94
3774.56
3771.12
3767.82
3764.79
3762.15
3759.97
3758.31
3757.2
3756.66
3756.7
3757.33
3758.53
3760.29
3762.57
3765.31
3768.44
3771.84
3775.35
3778.81
3781.99
3784.67
3786.59
3787.54
3787.27
3785.6
3782.42
3777.67
3771.33
3763.49
3754.27
3743.83
3732.38
3720.14
3707.36
3694.23
3681.11
3668.16
3655.59
3643.59
3632.34
3621.97
3612.59
3604.34
3597.32
3591.69
3587.42
3584.27
3581.97
3580.45
3177.75
3179.36
3181.54
3184.55
3189.18
3195.84
3204.32
3214.08
3225.04
3237.02
3249.89
3263.52
3277.75
3292.37
3307.14
3321.76
3336.1
3349.7
3362.35
3373.8
3383.81
3392.2
3398.81
3403.57
3406.47
3407.58
3407.06
3405.15
3402.13
3398.31
3393.99
3389.46
3384.97
3380.74
3376.93
3373.65
3370.97
3368.95
3367.61
3366.96
3367
3367.75
3369.2
3371.33
3374.11
3377.51
3381.44
3385.78
3390.36
3394.96
3399.35
3403.22
3406.27
3408.21
3408.73
3407.61
3404.67
3399.85
3393.15
3384.65
3374.51
3362.95
3350.2
3336.55
3322.32
3307.66
3293.03
3278.62
3264.69
3251.43
3239.02
3227.55
3217.14
3207.89
3199.96
3193.78
3189.54
3186.82
3184.79
3183.24
2779.14
2780.46
2781.83
2784.09
2788.76
2796.25
2805.92
2817.21
2829.56
2842.88
2857.14
2872.26
2888.09
2904.4
2920.91
2937.34
2953.44
2968.63
2982.76
2995.5
3006.56
3015.7
3022.73
3027.52
3030.07
3030.46
3028.9
3025.7
3021.25
3015.93
3010.12
3004.19
2998.43
2993.09
2988.39
2984.4
2981.19
2978.78
2977.19
2976.41
2976.47
2977.34
2979.05
2981.59
2984.94
2989.08
2993.93
2999.37
3005.22
3011.23
3017.1
3022.48
3026.96
3030.15
3031.7
3031.27
3028.66
3023.77
3016.62
3007.32
2996.08
2983.16
2968.86
2953.51
2937.41
2921.07
2904.69
2888.62
2873.12
2858.42
2844.69
2831.98
2820.32
2809.72
2800.65
2793.71
2789.51
2787.58
2786.4
2785.16
2379.73
2380.5
2380.79
2382.33
2387.05
2395.32
2406.42
2419.15
2432.92
2447.69
2463.48
2480.27
2497.91
2516.16
2534.72
2553.21
2571.21
2588.51
2604.46
2618.76
2631.1
2641.16
2648.69
2653.52
2655.62
2655.08
2652.17
2647.33
2641.05
2633.83
2626.18
2618.54
2611.27
2604.61
2598.94
2594.18
2590.39
2587.57
2585.71
2584.81
2584.86
2585.87
2587.85
2590.82
2594.78
2599.74
2605.64
2612.38
2619.75
2627.48
2635.19
2642.45
2648.74
2653.57
2656.44
2656.92
2654.74
2649.77
2642.05
2631.76
2619.18
2604.63
2588.48
2571.13
2552.96
2534.47
2516.03
2498.01
2480.73
2464.41
2449.23
2435.22
2422.28
2410.4
2400.11
2392.51
2388.31
2387.13
2387.03
2386.35
1979.5
1979.75
1979.36
1980.53
1985.25
1993.99
2005.95
2019.87
2034.94
2051.32
2068.71
2087.33
2107.03
2127.54
2148.49
2169.43
2189.91
2209.56
2227.6
2243.77
2257.66
2268.88
2277.07
2281.97
2283.5
2281.77
2277.09
2270.13
2261.5
2251.9
2241.97
2232.27
2223.24
2215.19
2208.31
2202.69
2198.28
2195.04
2192.91
2191.87
2191.91
2193.05
2195.29
2198.69
2203.29
2209.13
2216.21
2224.45
2233.64
2243.46
2253.47
2263.11
2271.75
2278.69
2283.3
2284.97
2283.33
2278.25
2269.81
2258.28
2244.05
2227.53
2209.14
2189.33
2168.71
2147.73
2126.87
2106.6
2087.29
2069.14
2052.47
2037.11
2023.06
2010.21
1999.32
1991.41
1987.28
1986.46
1987.01
1986.81
1578.16
1577.97
1577.65
1578.64
1583.15
1591.98
1604.39
1619.16
1635.51
1653.19
1672.34
1693.05
1715.15
1738.32
1762.12
1785.98
1809.33
1831.57
1852.41
1870.82
1886.61
1899.29
1908.35
1913.39
1914.23
1910.98
1903.92
1894.2
1882.55
1869.91
1857.15
1844.94
1833.8
1824.08
1815.99
1809.52
1804.55
1800.93
1798.57
1797.41
1797.43
1798.65
1801.1
1804.88
1810.09
1816.81
1825.14
1835.1
1846.45
1858.82
1871.68
1884.37
1896.06
1905.8
1912.73
1915.99
1915.06
1909.81
1900.41
1887.3
1871.03
1852.14
1831.08
1808.36
1784.72
1760.73
1736.98
1714.07
1692.51
1672.07
1653.96
1637.53
1622.49
1609.18
1598.04
1590.22
1586.35
1585.73
1586.28
1586.2
1174.71
1174.49
1174.97
1175.76
1179.75
1188.35
1200.91
1216.15
1233.39
1252.48
1273.57
1296.72
1321.73
1348.18
1375.5
1402.92
1429.79
1455.41
1479.25
1500.28
1518.42
1533
1543.27
1548.55
1548.54
1543.44
1532.83
1519.61
1503.98
1487.4
1471.06
1455.76
1442.14
1430.6
1421.29
1414.09
1408.72
1404.89
1402.4
1401.16
1401.14
1402.38
1404.94
1408.95
1414.61
1422.12
1431.71
1443.53
1457.43
1472.92
1489.38
1505.99
1521.72
1535.23
1545.29
1550.72
1550.73
1545.22
1534.53
1519.35
1500.53
1478.69
1454.35
1428.27
1401
1373.36
1346.04
1319.8
1295.25
1272.77
1252.82
1235.21
1219.68
1206.27
1195.43
1188.04
1184.61
1184.19
1184.54
1183.54
768.488
768.408
770.501
770.247
773.28
781.866
794.497
809.752
827.52
847.862
871.018
897.134
925.833
956.511
988.326
1020.32
1051.62
1081.35
1108.6
1133.15
1154.18
1171.28
1183.2
1188.8
1187.49
1179.24
1164.94
1146.3
1125.02
1103.23
1082.45
1063.43
1046.89
1033.55
1022.78
1015
1009.42
1005.46
1002.84
1001.48
1001.4
1002.65
1005.3
1009.49
1015.48
1023.68
1034.66
1048.43
1065.35
1084.67
1105.54
1127.24
1148.52
1167.38
1181.73
1190.48
1191.77
1185.91
1173.46
1155.55
1133.58
1108.34
1080.07
1049.56
1017.67
985.382
953.506
922.999
894.743
869.467
847.687
829.185
813.65
800.824
790.609
783.503
780.436
780.302
781.389
781.631
357.692
358.274
358.067
359.833
363.568
373.102
385.313
398.983
416.33
437.557
463.319
493.362
526.907
563.232
601.021
638.818
675.548
710.424
742.341
770.314
794.693
815.492
829.998
836.201
833.182
820.697
800.654
774.718
745.563
716.668
690.089
665.923
645.221
629.746
617.617
609.977
604.885
601.241
598.821
597.522
597.303
598.271
600.608
604.546
610.387
618.739
631.013
646.935
668.093
692.737
719.413
747.946
777.036
803.442
824.108
836.878
840.182
833.811
818.674
796.734
770.79
741.742
708.742
672.761
635.344
597.124
559.161
522.849
489.616
460.502
436.536
417.712
403.334
392.666
384.117
376.846
374.287
374.193
372.761
372.761
69.1223
71.555
72.3376
71.6095
70.8581
72.5668
77.7395
85.487
95.1018
106.306
120.936
142.839
168.532
198.795
232.663
268.782
306.269
344.407
381.243
411.86
439.384
466.326
484.964
491.961
486.337
467.307
438.346
401.223
361.866
325.96
295.069
268.487
247.931
235.645
227.349
224.091
222.446
220.928
219.871
219.34
218.992
219.116
219.839
221.484
224.21
228.591
237.419
249.995
270.573
297.387
328.109
363.498
403.302
441.588
471.842
491.16
497.441
490.385
471.068
442.586
411.931
380.354
342.542
302.598
264.63
228.164
194.275
164.232
139.06
118.841
105.665
95.7157
87.9287
82.1911
78.4989
77.4851
78.7327
80.2331
79.9244
77.4622
-7.89054
-7.91288
-8.1389
-8.48571
-8.73865
-8.88992
-8.98093
-9.03227
-9.10529
-9.128
-8.42383
-3.96897
2.44724
11.7636
24.4851
40.3169
58.9392
79.7077
101.867
124.743
145.902
165.939
180.442
185.902
180.007
162.068
135.56
104.895
77.2336
57.0938
42.0825
30.2958
22.4306
19.2682
18.1464
18.3786
18.8732
18.9373
18.91
18.9344
18.8199
18.6662
18.5065
18.5513
18.713
19.0498
20.594
23.5522
31.1971
43.0326
57.7167
77.3727
105.587
137.982
166.098
185.214
191.599
185.698
170.059
148.281
124.962
100.57
77.6179
56.5092
38.0801
22.6734
10.4929
1.66531
-4.23064
-7.21162
-7.51668
-7.45415
-7.38116
-7.31558
-7.28866
-7.1959
-6.96615
-6.81821
-6.86684
-6.89557
-8.78393
-8.82806
-9.01112
-9.21421
-9.333
-9.4032
-9.45455
-9.47726
-9.48875
-9.49756
-9.41968
-9.51979
-9.5912
-9.65058
-9.71305
-9.78743
-9.85165
-9.83647
-9.38403
-6.19599
-1.19333
5.13953
11.3281
14.1965
12.4491
6.66509
-0.406597
-5.90589
-8.52543
-9.49733
-9.92425
-10.1192
-10.1949
-10.1892
-10.0867
-9.9638
-9.84326
-9.75025
-9.6489
-9.53976
-9.56774
-9.59592
-9.63936
-9.68986
-9.73467
-9.77351
-9.84409
-9.90399
-9.88743
-9.75664
-9.3788
-8.40817
-5.79023
0.169828
8.05284
14.6661
16.6986
13.4768
6.50786
-0.730596
-6.2751
-9.60795
-10.0777
-9.95933
-9.71102
-9.37301
-9.01606
-8.68531
-8.38735
-8.11886
-8.02235
-7.92422
-7.86019
-7.82977
-7.84315
-7.87035
-7.83171
-7.76946
-7.80045
-7.75179
-9.45998
-9.51871
-9.64085
-9.73629
-9.81352
-9.90593
-9.9771
-10.0197
-10.051
-10.0475
-10.027
-10.0396
-10.0866
-10.1272
-10.157
-10.1967
-10.244
-10.2776
-10.247
-10.4058
-10.5123
-10.6049
-10.6632
-10.6213
-10.5435
-10.4902
-10.4969
-10.5159
-10.5401
-10.6367
-10.7328
-10.7491
-10.6882
-10.6013
-10.4875
-10.3498
-10.2266
-10.1802
-10.1454
-10.0566
-10.0403
-10.0631
-10.1024
-10.1493
-10.1872
-10.226
-10.2878
-10.367
-10.4585
-10.496
-10.4762
-10.4427
-10.4666
-10.4742
-10.4986
-10.5669
-10.6449
-10.6915
-10.6326
-10.5045
-10.4231
-10.3344
-10.4224
-10.3959
-10.2738
-10.0418
-9.74031
-9.42208
-9.10518
-8.8264
-8.64042
-8.50648
-8.40685
-8.33983
-8.33673
-8.43007
-8.47251
-8.38407
-8.34391
-8.31022
-10.1759
-10.2177
-10.2676
-10.3036
-10.3757
-10.4766
-10.5368
-10.5547
-10.5633
-10.5627
-10.5609
-10.5889
-10.6398
-10.6855
-10.727
-10.7573
-10.7607
-10.7618
-10.791
-10.8763
-10.9581
-11.0268
-11.0626
-11.0803
-11.0789
-11.0634
-11.0423
-11.025
-11.0179
-11.0327
-11.054
-11.0606
-11.0648
-11.0358
-10.9743
-10.8966
-10.8144
-10.7647
-10.7314
-10.6333
-10.551
-10.5837
-10.6302
-10.6712
-10.6891
-10.6984
-10.7275
-10.7717
-10.8234
-10.872
-10.9059
-10.9383
-10.9747
-11.0225
-11.0903
-11.1304
-11.1391
-11.1244
-11.0984
-11.074
-11.0251
-10.9821
-11.0164
-11.0319
-10.9493
-10.7653
-10.5124
-10.2372
-9.94252
-9.65531
-9.4346
-9.26841
-9.13784
-9.03896
-8.99915
-9.06525
-9.10355
-9.00104
-8.89675
-8.86453
-10.8642
-10.899
-10.9152
-10.931
-11.0098
-11.1049
-11.1389
-11.1325
-11.129
-11.1498
-11.1932
-11.2505
-11.2923
-11.3049
-11.309
-11.2906
-11.2558
-11.26
-11.2869
-11.3421
-11.4046
-11.4529
-11.4788
-11.4863
-11.4838
-11.4733
-11.4613
-11.4546
-11.4569
-11.4736
-11.499
-11.5221
-11.5297
-11.5166
-11.4735
-11.4073
-11.3358
-11.2791
-11.2475
-11.1925
-11.0955
-11.075
-11.1364
-11.179
-11.1866
-11.1856
-11.2003
-11.2361
-11.2836
-11.3342
-11.3856
-11.4263
-11.4278
-11.4387
-11.5032
-11.5662
-11.629
-11.6687
-11.6698
-11.6367
-11.6058
-11.6107
-11.6452
-11.6709
-11.6326
-11.4997
-11.2928
-11.0598
-10.8219
-10.561
-10.3172
-10.1248
-9.98096
-9.88117
-9.79715
-9.73766
-9.67334
-9.56081
-9.4658
-9.43095
-11.5158
-11.5417
-11.5808
-11.6242
-11.7239
-11.7859
-11.7533
-11.7219
-11.7069
-11.7469
-11.8122
-11.8535
-11.8791
-11.8903
-11.8769
-11.8153
-11.7722
-11.7669
-11.7855
-11.8191
-11.8537
-11.88
-11.8954
-11.9056
-11.9095
-11.9122
-11.9156
-11.9214
-11.931
-11.9468
-11.9649
-11.9795
-11.9864
-11.9824
-11.9606
-11.9209
-11.871
-11.8246
-11.8022
-11.772
-11.6838
-11.6245
-11.6714
-11.7144
-11.7182
-11.7018
-11.7067
-11.7291
-11.7765
-11.8291
-11.887
-11.9469
-11.9373
-11.9055
-11.9545
-12.0515
-12.1822
-12.2894
-12.3109
-12.2752
-12.2562
-12.2314
-12.225
-12.2224
-12.2079
-12.1161
-11.9609
-11.775
-11.5928
-11.3952
-11.1837
-10.997
-10.8501
-10.7351
-10.6385
-10.5027
-10.3314
-10.1831
-10.0934
-10.05
-12.15
-12.1363
-12.1894
-12.2818
-12.3835
-12.4051
-12.3369
-12.2898
-12.2968
-12.3199
-12.3597
-12.3951
-12.4043
-12.4067
-12.3825
-12.3344
-12.2998
-12.286
-12.2876
-12.2984
-12.3119
-12.325
-12.3376
-12.351
-12.3644
-12.3773
-12.3905
-12.4041
-12.4187
-12.4341
-12.45
-12.4643
-12.4745
-12.4766
-12.4662
-12.443
-12.4121
-12.3809
-12.3611
-12.3401
-12.2891
-12.2313
-12.2266
-12.2739
-12.2959
-12.2663
-12.2337
-12.2444
-12.2852
-12.3312
-12.3838
-12.4548
-12.4662
-12.4298
-12.4619
-12.5894
-12.7755
-12.9465
-12.9684
-12.9124
-12.8532
-12.7828
-12.7408
-12.7358
-12.7304
-12.6778
-12.5746
-12.4387
-12.29
-12.134
-11.9604
-11.7933
-11.6711
-11.5794
-11.4913
-11.3498
-11.1266
-10.9139
-10.7995
-10.7524
-12.7884
-12.746
-12.7774
-12.8885
-12.9597
-12.9495
-12.8984
-12.8481
-12.8612
-12.8782
-12.9017
-12.9354
-12.9498
-12.9442
-12.9153
-12.8736
-12.8355
-12.8093
-12.7937
-12.7838
-12.7795
-12.7837
-12.796
-12.8142
-12.8352
-12.857
-12.8782
-12.8981
-12.9166
-12.9343
-12.9514
-12.9675
-12.9809
-12.9881
-12.9864
-12.9756
-12.9601
-12.9455
-12.9343
-12.9193
-12.8841
-12.8428
-12.8309
-12.8805
-12.9077
-12.8721
-12.7904
-12.7703
-12.7909
-12.8292
-12.8789
-12.9355
-12.9829
-12.9986
-13.0377
-13.1632
-13.3733
-13.6198
-13.6889
-13.5768
-13.4354
-13.337
-13.2761
-13.2606
-13.257
-13.2314
-13.1746
-13.0913
-12.988
-12.8671
-12.7162
-12.5674
-12.4851
-12.4463
-12.3696
-12.2239
-11.9933
-11.7328
-11.5928
-11.5444
-13.3953
-13.3883
-13.3789
-13.4529
-13.4903
-13.4771
-13.4485
-13.4331
-13.4342
-13.4449
-13.4844
-13.5251
-13.541
-13.5244
-13.4849
-13.434
-13.3852
-13.3438
-13.3089
-13.2768
-13.254
-13.2508
-13.2643
-13.2885
-13.3178
-13.3477
-13.376
-13.4015
-13.4244
-13.4452
-13.4649
-13.484
-13.5019
-13.5165
-13.5257
-13.5292
-13.5293
-13.5291
-13.5313
-13.5266
-13.5029
-13.467
-13.4535
-13.4905
-13.5051
-13.4577
-13.3587
-13.2823
-13.2822
-13.3157
-13.3624
-13.4095
-13.4932
-13.5717
-13.6322
-13.7236
-13.9166
-14.195
-14.3064
-14.1977
-14.0056
-13.8904
-13.8251
-13.8039
-13.802
-13.7977
-13.7818
-13.7507
-13.7014
-13.6258
-13.5226
-13.4505
-13.4245
-13.3996
-13.2991
-13.1257
-12.8806
-12.5993
-12.4394
-12.3959
-13.9575
-13.9908
-13.9906
-14.0193
-14.0283
-14.0159
-14.01
-14.0228
-14.0242
-14.0517
-14.108
-14.1564
-14.1727
-14.1433
-14.0918
-14.0338
-13.9687
-13.9047
-13.8441
-13.7838
-13.739
-13.7275
-13.7431
-13.7744
-13.8131
-13.8516
-13.8866
-13.9173
-13.9439
-13.9673
-13.9891
-14.0112
-14.0345
-14.0578
-14.0799
-14.1
-14.1185
-14.1358
-14.1483
-14.1523
-14.1366
-14.1
-14.0627
-14.0531
-14.0427
-13.9912
-13.8855
-13.7826
-13.7565
-13.7847
-13.8314
-13.8914
-13.9906
-14.0816
-14.1365
-14.1927
-14.3356
-14.5696
-14.6922
-14.6349
-14.4812
-14.3755
-14.3317
-14.3284
-14.3458
-14.3731
-14.4041
-14.4297
-14.4375
-14.4157
-14.3986
-14.429
-14.4477
-14.4016
-14.2651
-14.0491
-13.7749
-13.4657
-13.2925
-13.2506
-14.5027
-14.561
-14.6084
-14.6086
-14.5785
-14.5618
-14.5803
-14.6121
-14.6323
-14.6893
-14.7724
-14.8469
-14.9052
-14.9196
-14.8737
-14.7757
-14.6548
-14.532
-14.4203
-14.316
-14.2418
-14.2164
-14.2342
-14.2746
-14.3234
-14.3705
-14.4113
-14.446
-14.4754
-14.5006
-14.5243
-14.5501
-14.5791
-14.6111
-14.6461
-14.6813
-14.7155
-14.7476
-14.7718
-14.7817
-14.767
-14.721
-14.6573
-14.5993
-14.5403
-14.469
-14.367
-14.2602
-14.2125
-14.2415
-14.2883
-14.3619
-14.448
-14.5213
-14.552
-14.5776
-14.6538
-14.7992
-14.9026
-14.8998
-14.8322
-14.7871
-14.7915
-14.8278
-14.8835
-14.9554
-15.0424
-15.1298
-15.1931
-15.2349
-15.3391
-15.4445
-15.4852
-15.4104
-15.2349
-14.9742
-14.6635
-14.3077
-14.1316
-14.0523
-15.0748
-15.1758
-15.2367
-15.195
-15.1178
-15.0972
-15.1373
-15.19
-15.2482
-15.3593
-15.5048
-15.6834
-15.8442
-15.9248
-15.8806
-15.7287
-15.5288
-15.3086
-15.0969
-14.9199
-14.7957
-14.7327
-14.7431
-14.7943
-14.8528
-14.9055
-14.9496
-14.9862
-15.0171
-15.0437
-15.0702
-15.1004
-15.1353
-15.1748
-15.2185
-15.2603
-15.2991
-15.3398
-15.3771
-15.393
-15.3785
-15.3204
-15.239
-15.1585
-15.0647
-14.948
-14.8307
-14.719
-14.6717
-14.7006
-14.7518
-14.8263
-14.8919
-14.9447
-14.9646
-14.9626
-14.9889
-15.064
-15.1342
-15.1611
-15.1573
-15.1782
-15.2375
-15.3203
-15.423
-15.5482
-15.6991
-15.8507
-15.9734
-16.1072
-16.315
-16.4678
-16.5064
-16.4114
-16.1828
-15.8652
-15.5309
-15.1241
-14.9456
-14.8066
-15.6311
-15.7803
-15.8197
-15.7306
-15.6221
-15.6005
-15.6598
-15.7411
-15.8605
-16.0581
-16.3313
-16.6525
-16.8983
-16.9971
-16.9387
-16.7494
-16.5043
-16.2188
-15.9263
-15.6576
-15.4548
-15.3279
-15.2937
-15.3396
-15.4054
-15.4581
-15.5
-15.5355
-15.5663
-15.5942
-15.6242
-15.6593
-15.6998
-15.7454
-15.7922
-15.8294
-15.8576
-15.8922
-15.9291
-15.9542
-15.9457
-15.8785
-15.7892
-15.7135
-15.6239
-15.479
-15.3138
-15.1882
-15.1412
-15.1708
-15.2298
-15.2988
-15.3538
-15.3955
-15.4076
-15.3924
-15.3989
-15.4424
-15.4875
-15.5064
-15.528
-15.5939
-15.6961
-15.8217
-15.9724
-16.1544
-16.3728
-16.5868
-16.7835
-17.0387
-17.2996
-17.4814
-17.5119
-17.3832
-17.0968
-16.7178
-16.3635
-15.9291
-15.7051
-15.5578
-16.1045
-16.2602
-16.2803
-16.1891
-16.0921
-16.0842
-16.1358
-16.246
-16.4381
-16.7419
-17.1628
-17.5745
-17.8716
-17.9946
-17.9468
-17.7217
-17.4113
-17.0829
-16.7731
-16.4621
-16.1865
-16.0035
-15.9159
-15.9227
-15.9823
-16.0279
-16.0603
-16.0907
-16.1197
-16.1487
-16.1821
-16.2227
-16.2695
-16.3206
-16.3689
-16.3959
-16.4086
-16.4429
-16.4844
-16.5151
-16.5185
-16.4414
-16.3254
-16.2558
-16.1999
-16.0616
-15.8582
-15.6976
-15.6361
-15.6561
-15.7217
-15.7936
-15.843
-15.8773
-15.8834
-15.887
-15.9066
-15.9282
-15.9195
-15.9231
-15.9716
-16.0577
-16.1831
-16.3431
-16.536
-16.7728
-17.0558
-17.3268
-17.6126
-17.9829
-18.269
-18.4654
-18.4898
-18.3085
-17.9602
-17.5352
-17.1443
-16.6802
-16.4087
-16.28
-16.5111
-16.6105
-16.6344
-16.5842
-16.5448
-16.5507
-16.5755
-16.6887
-16.9467
-17.3594
-17.87
-18.336
-18.6826
-18.8574
-18.8349
-18.6064
-18.2217
-17.8297
-17.5028
-17.2094
-16.902
-16.6845
-16.5792
-16.5543
-16.5821
-16.6087
-16.6261
-16.648
-16.6736
-16.7034
-16.7405
-16.788
-16.8427
-16.9021
-16.9558
-16.9796
-16.9976
-17.0632
-17.1259
-17.1636
-17.1758
-17.1245
-16.9988
-16.8747
-16.808
-16.6892
-16.4617
-16.2553
-16.1704
-16.1743
-16.2402
-16.3154
-16.3606
-16.3886
-16.4178
-16.4436
-16.4623
-16.4539
-16.4189
-16.4151
-16.4654
-16.562
-16.7044
-16.8864
-17.1107
-17.3959
-17.7324
-18.0588
-18.4527
-18.8877
-19.1967
-19.3822
-19.3739
-19.1397
-18.7266
-18.2825
-17.8271
-17.3426
-17.0208
-16.8995
-16.8609
-16.937
-16.9637
-16.9509
-16.9791
-17.0054
-17.0208
-17.1191
-17.4027
-17.8619
-18.3987
-18.8927
-19.2691
-19.4828
-19.5046
-19.3184
-18.9339
-18.4804
-18.1114
-17.8334
-17.5474
-17.3259
-17.2234
-17.2019
-17.1974
-17.1902
-17.1901
-17.2031
-17.2247
-17.2548
-17.2969
-17.3524
-17.4162
-17.4887
-17.5534
-17.5882
-17.6449
-17.7627
-17.8626
-17.9277
-17.9739
-17.9792
-17.8861
-17.7307
-17.5798
-17.4085
-17.1296
-16.8691
-16.7544
-16.7443
-16.8006
-16.8657
-16.9059
-16.9378
-16.9941
-17.0224
-17.0203
-16.9883
-16.9588
-16.9621
-17.0078
-17.106
-17.2521
-17.4426
-17.6872
-18.0087
-18.3809
-18.7769
-19.2738
-19.7253
-20.0456
-20.2054
-20.1396
-19.8329
-19.3864
-18.9393
-18.4099
-17.8807
-17.517
-17.3909
-17.2355
-17.2932
-17.3303
-17.3406
-17.3885
-17.4451
-17.4775
-17.5643
-17.817
-18.2425
-18.7592
-19.2571
-19.6439
-19.8731
-19.9396
-19.7977
-19.4526
-18.9914
-18.5973
-18.3296
-18.096
-17.9021
-17.8221
-17.8158
-17.7906
-17.757
-17.745
-17.752
-17.7705
-17.8011
-17.8488
-17.912
-17.9856
-18.0739
-18.1543
-18.2126
-18.3091
-18.4594
-18.6041
-18.7337
-18.8442
-18.899
-18.8667
-18.7563
-18.5222
-18.2299
-17.865
-17.542
-17.3888
-17.3537
-17.3992
-17.4441
-17.4753
-17.5216
-17.5744
-17.5866
-17.5741
-17.5518
-17.5357
-17.5394
-17.5806
-17.672
-17.811
-17.9974
-18.2504
-18.5894
-18.9859
-19.4579
-20.0078
-20.4659
-20.8043
-20.9223
-20.7751
-20.3909
-19.9255
-19.4883
-18.9006
-18.3037
-17.919
-17.8031
-17.6762
-17.7158
-17.7633
-17.7838
-17.8112
-17.8593
-17.897
-17.9737
-18.1661
-18.516
-18.9841
-19.4698
-19.8646
-20.1131
-20.1808
-20.0502
-19.7329
-19.3222
-18.9593
-18.7275
-18.5579
-18.4122
-18.3656
-18.3678
-18.3339
-18.2997
-18.2873
-18.2926
-18.31
-18.3423
-18.3949
-18.4644
-18.5476
-18.6511
-18.7507
-18.8448
-18.9688
-19.1335
-19.3137
-19.5149
-19.682
-19.8128
-19.9018
-19.8388
-19.5494
-19.1165
-18.6445
-18.2577
-18.0612
-17.9887
-18.016
-18.0393
-18.0682
-18.1185
-18.1496
-18.1517
-18.1454
-18.1327
-18.1245
-18.1297
-18.1634
-18.2417
-18.3641
-18.535
-18.7811
-19.1179
-19.5321
-20.0433
-20.6012
-21.1114
-21.4529
-21.4995
-21.2749
-20.8457
-20.3938
-19.9343
-19.2947
-18.644
-18.289
-18.214
-18.1796
-18.2097
-18.2521
-18.2748
-18.2916
-18.3079
-18.3274
-18.3719
-18.5004
-18.762
-19.1524
-19.5836
-19.9558
-20.1893
-20.2433
-20.1069
-19.8298
-19.5131
-19.2359
-19.0653
-18.962
-18.8831
-18.873
-18.8689
-18.8455
-18.8245
-18.8179
-18.8246
-18.8427
-18.8772
-18.9335
-19.008
-19.0998
-19.2173
-19.3377
-19.4652
-19.6158
-19.7971
-20.0265
-20.3014
-20.569
-20.7963
-20.9632
-20.9283
-20.5902
-20.0199
-19.4316
-18.9999
-18.7541
-18.6351
-18.6368
-18.6467
-18.6822
-18.7232
-18.734
-18.7337
-18.7246
-18.7133
-18.7091
-18.7155
-18.7396
-18.8
-18.8989
-19.0434
-19.2646
-19.5804
-19.9912
-20.4863
-21.0427
-21.6079
-21.9429
-21.9548
-21.7001
-21.265
-20.809
-20.2816
-19.574
-18.9539
-18.6983
-18.6722
-18.7145
-18.7514
-18.7816
-18.7942
-18.8085
-18.8189
-18.8285
-18.8592
-18.9547
-19.1701
-19.4968
-19.8617
-20.1728
-20.346
-20.3554
-20.201
-19.9615
-19.7183
-19.5291
-19.4188
-19.3663
-19.3563
-19.3647
-19.3588
-19.3492
-19.3407
-19.3401
-19.3491
-19.3684
-19.4047
-19.4631
-19.5399
-19.6378
-19.7689
-19.9128
-20.0574
-20.2308
-20.4204
-20.6893
-21.0267
-21.3893
-21.7068
-21.9251
-21.9114
-21.5276
-20.8177
-20.1887
-19.7487
-19.4629
-19.3023
-19.2659
-19.2708
-19.3091
-19.3333
-19.3332
-19.3231
-19.3022
-19.2844
-19.282
-19.2903
-19.3036
-19.3406
-19.4091
-19.5163
-19.6946
-19.9675
-20.3322
-20.7646
-21.2919
-21.8657
-22.2283
-22.2668
-22.0264
-21.6082
-21.1093
-20.4847
-19.774
-19.29
-19.1664
-19.1901
-19.2813
-19.3212
-19.3566
-19.3695
-19.3823
-19.4089
-19.4514
-19.4951
-19.5888
-19.7671
-20.0323
-20.3407
-20.6004
-20.7223
-20.6795
-20.5088
-20.2798
-20.0649
-19.9229
-19.8419
-19.8259
-19.8462
-19.8536
-19.8549
-19.8541
-19.853
-19.8569
-19.8678
-19.8881
-19.9249
-19.9828
-20.0577
-20.157
-20.2986
-20.4648
-20.6253
-20.7992
-20.9932
-21.2668
-21.6332
-22.0376
-22.3725
-22.6275
-22.5946
-22.1418
-21.4463
-20.876
-20.4774
-20.1903
-20.0217
-19.9447
-19.927
-19.9472
-19.9528
-19.9413
-19.9207
-19.8897
-19.864
-19.8573
-19.8649
-19.8611
-19.8651
-19.895
-19.9565
-20.0792
-20.286
-20.5632
-20.9013
-21.3396
-21.8422
-22.2091
-22.3193
-22.1401
-21.7441
-21.2204
-20.5889
-20.0006
-19.6927
-19.6593
-19.7195
-19.8757
-19.8915
-19.9278
-19.9459
-19.9571
-19.9792
-20.019
-20.0817
-20.2065
-20.3975
-20.6325
-20.8991
-21.1146
-21.1865
-21.105
-20.9182
-20.696
-20.5122
-20.3905
-20.339
-20.3459
-20.3591
-20.3594
-20.3606
-20.3622
-20.3642
-20.3703
-20.3822
-20.4028
-20.4391
-20.4937
-20.5622
-20.6569
-20.8002
-20.9784
-21.1556
-21.3266
-21.5368
-21.7955
-22.1237
-22.4576
-22.7555
-22.9462
-22.8456
-22.4178
-21.8726
-21.4513
-21.1527
-20.9258
-20.7868
-20.6876
-20.6339
-20.6137
-20.5935
-20.5796
-20.5767
-20.5588
-20.52
-20.472
-20.4514
-20.4161
-20.3758
-20.3604
-20.3736
-20.4362
-20.5639
-20.7426
-20.9748
-21.2871
-21.6557
-21.9566
-22.0955
-22.0062
-21.7154
-21.2834
-20.7797
-20.3656
-20.1884
-20.193
-20.2466
-20.423
-20.4201
-20.442
-20.4605
-20.4704
-20.4831
-20.5089
-20.589
-20.7592
-20.9745
-21.2062
-21.4435
-21.6196
-21.662
-21.5582
-21.3641
-21.1599
-21.0006
-20.9098
-20.89
-20.8975
-20.8893
-20.8774
-20.8736
-20.8729
-20.875
-20.8815
-20.8934
-20.9135
-20.9482
-20.9972
-21.0567
-21.1433
-21.2759
-21.4495
-21.6341
-21.8151
-22.0267
-22.2609
-22.5024
-22.7167
-22.9028
-22.9774
-22.8429
-22.518
-22.1741
-21.9172
-21.7523
-21.6433
-21.5553
-21.4527
-21.3762
-21.3279
-21.2899
-21.2814
-21.3057
-21.3065
-21.2453
-21.1336
-21.0403
-20.958
-20.8702
-20.8104
-20.7802
-20.7901
-20.8463
-20.9409
-21.0801
-21.2776
-21.5236
-21.7543
-21.8921
-21.901
-21.7752
-21.5193
-21.187
-20.9092
-20.7859
-20.7849
-20.8054
-20.9561
-20.9458
-20.9647
-20.9844
-20.9986
-21.0112
-21.0291
-21.1193
-21.2942
-21.4991
-21.7232
-21.935
-22.0731
-22.0829
-21.9657
-21.7919
-21.6281
-21.52
-21.4718
-21.4631
-21.4439
-21.415
-21.3971
-21.3878
-21.3842
-21.3852
-21.391
-21.4021
-21.4209
-21.4531
-21.4957
-21.547
-21.6206
-21.7336
-21.8872
-22.0634
-22.249
-22.458
-22.6722
-22.8393
-22.9455
-22.9921
-22.9672
-22.8252
-22.6153
-22.43
-22.3087
-22.2714
-22.2919
-22.2813
-22.1979
-22.0943
-22.0339
-22.0058
-21.9869
-22.0021
-21.9948
-21.9157
-21.7702
-21.6033
-21.4697
-21.3445
-21.2518
-21.1905
-21.1629
-21.1706
-21.2082
-21.2851
-21.4055
-21.5703
-21.7578
-21.9292
-22.0481
-22.0744
-21.9716
-21.7699
-21.5772
-21.4619
-21.4087
-21.3833
-21.497
-21.4993
-21.5088
-21.5233
-21.54
-21.5587
-21.5841
-21.6734
-21.8195
-21.9859
-22.1653
-22.3421
-22.432
-22.4183
-22.3222
-22.2159
-22.1228
-22.073
-22.0503
-22.0158
-21.972
-21.9362
-21.9137
-21.9007
-21.8946
-21.8939
-21.8984
-21.9081
-21.9257
-21.9544
-21.9914
-22.0352
-22.0952
-22.1856
-22.3106
-22.4624
-22.635
-22.8299
-23.021
-23.1532
-23.2026
-23.1673
-23.0749
-22.9361
-22.7949
-22.7011
-22.6679
-22.7165
-22.8446
-22.9232
-22.8852
-22.7663
-22.6631
-22.6313
-22.6085
-22.5994
-22.5806
-22.4807
-22.313
-22.1128
-21.9455
-21.802
-21.6957
-21.6196
-21.5713
-21.5531
-21.5604
-21.6011
-21.6857
-21.8152
-21.9963
-22.2081
-22.407
-22.5308
-22.524
-22.4032
-22.2435
-22.1124
-22.0237
-21.9696
-22.0339
-22.0381
-22.048
-22.0634
-22.085
-22.1127
-22.1574
-22.2267
-22.3361
-22.4561
-22.5894
-22.7101
-22.7719
-22.7683
-22.7317
-22.6862
-22.6614
-22.6335
-22.5905
-22.5366
-22.4859
-22.4492
-22.4253
-22.4104
-22.4026
-22.4005
-22.4035
-22.4118
-22.4274
-22.4525
-22.4848
-22.5221
-22.5707
-22.6405
-22.7358
-22.8547
-22.9962
-23.1557
-23.3181
-23.4339
-23.4633
-23.41
-23.2992
-23.1749
-23.0648
-23.0099
-23.0187
-23.1
-23.2868
-23.4537
-23.4821
-23.3861
-23.2376
-23.1463
-23.1182
-23.0928
-23.0455
-22.9298
-22.7547
-22.5649
-22.3957
-22.2576
-22.1546
-22.078
-22.0234
-21.9946
-21.9891
-22.0116
-22.0793
-22.2019
-22.3829
-22.6095
-22.8384
-23.003
-23.049
-22.9743
-22.8258
-22.6832
-22.5909
-22.5354
-22.5683
-22.5736
-22.5837
-22.6003
-22.625
-22.6586
-22.7096
-22.7707
-22.8507
-22.9405
-23.0369
-23.1222
-23.1799
-23.2063
-23.2188
-23.2055
-23.1858
-23.1447
-23.0836
-23.029
-22.9858
-22.9534
-22.9308
-22.9158
-22.9072
-22.9041
-22.9059
-22.9126
-22.926
-22.9474
-22.9754
-23.0073
-23.047
-23.1003
-23.1707
-23.2582
-23.3616
-23.4783
-23.5981
-23.6865
-23.7063
-23.66
-23.5701
-23.4714
-23.3904
-23.3527
-23.3708
-23.4518
-23.6352
-23.8476
-23.9504
-23.911
-23.7658
-23.6169
-23.5366
-23.4795
-23.4158
-23.3053
-23.1501
-22.9875
-22.8412
-22.7235
-22.6341
-22.566
-22.5151
-22.4849
-22.4779
-22.4936
-22.548
-22.6595
-22.8296
-23.0431
-23.2592
-23.4249
-23.4899
-23.4471
-23.3212
-23.1848
-23.0995
-23.0552
-23.0991
-23.1045
-23.1147
-23.1314
-23.1562
-23.1899
-23.2363
-23.2987
-23.3677
-23.4401
-23.5123
-23.5878
-23.6452
-23.6768
-23.6885
-23.6759
-23.6469
-23.602
-23.5532
-23.5118
-23.4776
-23.4508
-23.4307
-23.4167
-23.4081
-23.4044
-23.4052
-23.4105
-23.4214
-23.4392
-23.4628
-23.4903
-23.5226
-23.5631
-23.6145
-23.6767
-23.7478
-23.8257
-23.9011
-23.9535
-23.9635
-23.9329
-23.8692
-23.7967
-23.7377
-23.7082
-23.721
-23.7876
-23.9341
-24.1301
-24.2726
-24.3008
-24.2044
-24.0585
-23.9396
-23.855
-23.7754
-23.6732
-23.5464
-23.4155
-23.2995
-23.2051
-23.1315
-23.0749
-23.0334
-23.0084
-23.0028
-23.0188
-23.0669
-23.1583
-23.2997
-23.4763
-23.654
-23.8077
-23.8635
-23.8417
-23.7536
-23.6467
-23.5756
-23.5441
-23.6257
-23.6309
-23.6407
-23.6566
-23.6796
-23.7106
-23.7515
-23.8055
-23.8681
-23.93
-23.9893
-24.0479
-24.0923
-24.1164
-24.1193
-24.1083
-24.0846
-24.0527
-24.0205
-23.9908
-23.9647
-23.9429
-23.9259
-23.9135
-23.9054
-23.9015
-23.9015
-23.9054
-23.9139
-23.928
-23.9475
-23.9707
-23.9965
-24.0273
-24.064
-24.1064
-24.153
-24.2006
-24.2439
-24.2697
-24.2704
-24.2465
-24.2031
-24.1524
-24.1055
-24.0757
-24.0773
-24.1246
-24.2176
-24.3543
-24.5015
-24.5717
-24.5324
-24.431
-24.3212
-24.2335
-24.1537
-24.0633
-23.9624
-23.8621
-23.7727
-23.6984
-23.6393
-23.5938
-23.5616
-23.5439
-23.5428
-23.563
-23.6075
-23.6835
-23.7923
-23.9262
-24.063
-24.1746
-24.2245
-24.2124
-24.1561
-24.0903
-24.0422
-24.0253
-24.1479
-24.1529
-24.1619
-24.1765
-24.1971
-24.2242
-24.2586
-24.3012
-24.3511
-24.403
-24.4509
-24.4921
-24.5247
-24.5442
-24.549
-24.5438
-24.5305
-24.5112
-24.4897
-24.4683
-24.4485
-24.4314
-24.4173
-24.4066
-24.3993
-24.3954
-24.3948
-24.3974
-24.4037
-24.4143
-24.4297
-24.4483
-24.4688
-24.492
-24.5178
-24.5456
-24.5739
-24.6001
-24.6199
-24.6299
-24.6255
-24.6036
-24.5695
-24.5287
-24.4886
-24.4582
-24.4477
-24.4709
-24.5095
-24.5861
-24.7094
-24.7954
-24.8027
-24.75
-24.6779
-24.6098
-24.5447
-24.4737
-24.3975
-24.3224
-24.2545
-24.1969
-24.1505
-24.115
-24.091
-24.0795
-24.0822
-24.1027
-24.1447
-24.2089
-24.2931
-24.3911
-24.4871
-24.5595
-24.5938
-24.5902
-24.5644
-24.5361
-24.5115
-24.5052
-24.6658
-24.6703
-24.6786
-24.6916
-24.7098
-24.7332
-24.7618
-24.7959
-24.8345
-24.8742
-24.9117
-24.944
-24.9694
-24.9861
-24.9939
-24.9938
-24.9867
-24.9747
-24.9602
-24.945
-24.9303
-24.917
-24.9057
-24.8967
-24.8903
-24.8865
-24.8854
-24.8869
-24.8912
-24.8988
-24.9101
-24.9241
-24.94
-24.9574
-24.9752
-24.9926
-25.0082
-25.0199
-25.0248
-25.0223
-25.01
-24.9874
-24.9555
-24.9175
-24.8805
-24.8499
-24.8303
-24.8312
-24.8345
-24.8693
-24.9563
-25.0431
-25.079
-25.067
-25.0331
-24.9937
-24.9498
-24.8996
-24.845
-24.7904
-24.7401
-24.6965
-24.661
-24.6343
-24.617
-24.6103
-24.6153
-24.634
-24.6682
-24.7194
-24.7832
-24.8526
-24.918
-24.9665
-24.9912
-24.9966
-24.9947
-24.9888
-24.9833
-24.9822
-25.1795
-25.1836
-25.1911
-25.2026
-25.2183
-25.2382
-25.2621
-25.29
-25.3203
-25.3513
-25.3807
-25.4065
-25.4274
-25.4422
-25.4503
-25.4523
-25.4491
-25.442
-25.4325
-25.4218
-25.411
-25.4008
-25.3918
-25.3844
-25.3788
-25.3752
-25.3737
-25.3743
-25.377
-25.382
-25.3896
-25.3995
-25.4112
-25.4237
-25.4356
-25.4459
-25.4532
-25.4561
-25.453
-25.4418
-25.4229
-25.3963
-25.3631
-25.3262
-25.29
-25.258
-25.2333
-25.219
-25.2084
-25.224
-25.2831
-25.3556
-25.4041
-25.4208
-25.4159
-25.3993
-25.3717
-25.3393
-25.3022
-25.2638
-25.2273
-25.1952
-25.1689
-25.1494
-25.1376
-25.1344
-25.1404
-25.1567
-25.1838
-25.2217
-25.2673
-25.3159
-25.3617
-25.3994
-25.424
-25.4363
-25.4426
-25.4461
-25.4489
-25.4499
-25.6897
-25.6933
-25.6998
-25.7099
-25.7234
-25.7402
-25.7601
-25.7828
-25.807
-25.8316
-25.8551
-25.876
-25.8932
-25.9059
-25.9138
-25.9171
-25.9164
-25.9125
-25.9064
-25.899
-25.8911
-25.8834
-25.8763
-25.8703
-25.8655
-25.8622
-25.8604
-25.8602
-25.8615
-25.8644
-25.869
-25.8754
-25.8833
-25.8916
-25.899
-25.9043
-25.9064
-25.9039
-25.8957
-25.8809
-25.8594
-25.8316
-25.7988
-25.7631
-25.7275
-25.695
-25.6681
-25.6485
-25.6367
-25.6472
-25.6898
-25.7463
-25.7921
-25.8185
-25.8279
-25.825
-25.8127
-25.7912
-25.7671
-25.741
-25.7155
-25.6926
-25.6738
-25.6601
-25.6525
-25.6517
-25.6581
-25.6721
-25.6938
-25.7224
-25.7562
-25.7922
-25.8268
-25.8563
-25.878
-25.8918
-25.9006
-25.9071
-25.9105
-25.9115
-26.1966
-26.1997
-26.2054
-26.2141
-26.2256
-26.2397
-26.2562
-26.2747
-26.2943
-26.3141
-26.3329
-26.3499
-26.3642
-26.3752
-26.3827
-26.3866
-26.3874
-26.3856
-26.3819
-26.3769
-26.3712
-26.3654
-26.3599
-26.3549
-26.3509
-26.3478
-26.3459
-26.3451
-26.3453
-26.3465
-26.3488
-26.3524
-26.357
-26.3618
-26.3656
-26.3674
-26.366
-26.3604
-26.3499
-26.3339
-26.3124
-26.2859
-26.2555
-26.2229
-26.1903
-26.1601
-26.1348
-26.1163
-26.1075
-26.1168
-26.1471
-26.1879
-26.2249
-26.2511
-26.2654
-26.2695
-26.2653
-26.2547
-26.2387
-26.2215
-26.2043
-26.1885
-26.1757
-26.1666
-26.1622
-26.1631
-26.1694
-26.1814
-26.199
-26.2213
-26.2471
-26.2744
-26.3011
-26.3238
-26.3422
-26.3556
-26.3648
-26.3708
-26.374
-26.375
-26.7008
-26.7033
-26.7082
-26.7156
-26.7253
-26.7372
-26.7509
-26.766
-26.782
-26.798
-26.8134
-26.8274
-26.8393
-26.8488
-26.8556
-26.8597
-26.8613
-26.8609
-26.8588
-26.8555
-26.8515
-26.8471
-26.8428
-26.8388
-26.8354
-26.8325
-26.8305
-26.8292
-26.8286
-26.8286
-26.8291
-26.8305
-26.8325
-26.8346
-26.8357
-26.8348
-26.8311
-26.8238
-26.8124
-26.7966
-26.7764
-26.7523
-26.7253
-26.6969
-26.6687
-26.6427
-26.6211
-26.6061
-26.5999
-26.6073
-26.6282
-26.6567
-26.6847
-26.7069
-26.7215
-26.7285
-26.729
-26.7242
-26.7155
-26.7047
-26.6936
-26.6833
-26.675
-26.6695
-26.6675
-26.6693
-26.6755
-26.6858
-26.7001
-26.7178
-26.7378
-26.7589
-26.7794
-26.7978
-26.8132
-26.8252
-26.8335
-26.8388
-26.8415
-26.8426
-27.2023
-27.2045
-27.2087
-27.215
-27.2231
-27.233
-27.2444
-27.2568
-27.2699
-27.283
-27.2957
-27.3072
-27.3173
-27.3254
-27.3315
-27.3355
-27.3376
-27.338
-27.337
-27.335
-27.3322
-27.3289
-27.3255
-27.3223
-27.3192
-27.3166
-27.3145
-27.3128
-27.3116
-27.3107
-27.31
-27.3097
-27.3097
-27.3097
-27.3087
-27.3061
-27.301
-27.2929
-27.2813
-27.2663
-27.2479
-27.2265
-27.2032
-27.1789
-27.1553
-27.1338
-27.1161
-27.1043
-27.0997
-27.105
-27.1192
-27.1391
-27.1597
-27.1775
-27.1905
-27.1983
-27.2013
-27.2002
-27.196
-27.19
-27.1834
-27.1772
-27.1723
-27.1694
-27.1691
-27.1718
-27.1776
-27.1865
-27.1983
-27.2125
-27.2283
-27.2448
-27.261
-27.2758
-27.2887
-27.299
-27.3065
-27.3112
-27.3135
-27.3145
-27.7018
-27.7036
-27.7072
-27.7125
-27.7193
-27.7276
-27.737
-27.7473
-27.758
-27.7688
-27.7793
-27.7889
-27.7974
-27.8044
-27.8098
-27.8137
-27.8159
-27.8168
-27.8165
-27.8153
-27.8133
-27.8109
-27.8082
-27.8055
-27.8028
-27.8003
-27.7981
-27.7962
-27.7945
-27.793
-27.7915
-27.7901
-27.7886
-27.787
-27.7846
-27.7808
-27.7749
-27.7665
-27.7553
-27.7413
-27.7247
-27.706
-27.686
-27.6657
-27.6461
-27.6285
-27.6143
-27.6049
-27.6014
-27.6049
-27.6146
-27.6285
-27.6436
-27.6574
-27.6684
-27.676
-27.6801
-27.6812
-27.68
-27.6772
-27.6738
-27.6705
-27.6681
-27.6672
-27.6681
-27.6712
-27.6766
-27.6844
-27.6942
-27.7058
-27.7185
-27.7317
-27.7447
-27.7567
-27.7673
-27.7761
-27.7827
-27.7869
-27.7891
-27.7899
-28.1995
-28.2011
-28.2041
-28.2085
-28.2143
-28.2211
-28.2289
-28.2374
-28.2463
-28.2553
-28.2639
-28.272
-28.2791
-28.2851
-28.29
-28.2935
-28.2958
-28.297
-28.2971
-28.2965
-28.2951
-28.2933
-28.2911
-28.2887
-28.2863
-28.284
-28.2817
-28.2796
-28.2776
-28.2756
-28.2737
-28.2715
-28.2692
-28.2665
-28.2631
-28.2584
-28.2521
-28.2438
-28.2332
-28.2204
-28.2056
-28.1893
-28.1723
-28.1553
-28.1391
-28.1249
-28.1135
-28.106
-28.1031
-28.1052
-28.1118
-28.1215
-28.1325
-28.1432
-28.1522
-28.1591
-28.1636
-28.1659
-28.1665
-28.1658
-28.1646
-28.1634
-28.1628
-28.1632
-28.1649
-28.1683
-28.1734
-28.1802
-28.1885
-28.198
-28.2084
-28.2191
-28.2297
-28.2395
-28.2483
-28.2557
-28.2615
-28.2653
-28.2674
-28.2681
-28.6959
-28.6972
-28.6997
-28.7034
-28.7082
-28.7139
-28.7204
-28.7274
-28.7348
-28.7423
-28.7495
-28.7562
-28.7622
-28.7673
-28.7715
-28.7748
-28.777
-28.7783
-28.7787
-28.7784
-28.7774
-28.776
-28.7742
-28.7722
-28.77
-28.7677
-28.7655
-28.7632
-28.7609
-28.7586
-28.7563
-28.7538
-28.751
-28.7478
-28.7438
-28.7386
-28.7321
-28.724
-28.7141
-28.7025
-28.6893
-28.6753
-28.6609
-28.6467
-28.6334
-28.6218
-28.6126
-28.6065
-28.604
-28.6051
-28.6096
-28.6164
-28.6245
-28.6326
-28.6399
-28.6459
-28.6504
-28.6533
-28.6549
-28.6556
-28.6559
-28.6561
-28.6567
-28.658
-28.6603
-28.6638
-28.6685
-28.6745
-28.6816
-28.6895
-28.6981
-28.7069
-28.7156
-28.7238
-28.7311
-28.7374
-28.7423
-28.7457
-28.7476
-28.7484
-29.191
-29.1921
-29.1941
-29.1972
-29.2012
-29.206
-29.2114
-29.2173
-29.2234
-29.2296
-29.2356
-29.2412
-29.2462
-29.2506
-29.2543
-29.2572
-29.2593
-29.2606
-29.2611
-29.261
-29.2603
-29.2592
-29.2576
-29.2558
-29.2538
-29.2517
-29.2494
-29.2471
-29.2447
-29.2421
-29.2395
-29.2367
-29.2336
-29.2302
-29.226
-29.2208
-29.2144
-29.2067
-29.1975
-29.187
-29.1754
-29.1633
-29.1511
-29.1393
-29.1284
-29.1189
-29.1113
-29.1063
-29.104
-29.1044
-29.1074
-29.1122
-29.1181
-29.1243
-29.1302
-29.1353
-29.1394
-29.1425
-29.1447
-29.1463
-29.1474
-29.1486
-29.15
-29.1519
-29.1545
-29.158
-29.1624
-29.1677
-29.1738
-29.1806
-29.1878
-29.1951
-29.2023
-29.2091
-29.2152
-29.2205
-29.2247
-29.2277
-29.2295
-29.2303
-29.685
-29.6859
-29.6877
-29.6902
-29.6935
-29.6975
-29.702
-29.7069
-29.712
-29.7172
-29.7222
-29.7269
-29.7312
-29.7349
-29.7381
-29.7406
-29.7425
-29.7437
-29.7443
-29.7443
-29.7438
-29.7428
-29.7415
-29.7399
-29.738
-29.736
-29.7338
-29.7314
-29.7288
-29.7262
-29.7233
-29.7202
-29.717
-29.7135
-29.7094
-29.7044
-29.6984
-29.6912
-29.6828
-29.6734
-29.6633
-29.6528
-29.6425
-29.6326
-29.6235
-29.6157
-29.6094
-29.6052
-29.603
-29.603
-29.6049
-29.6083
-29.6126
-29.6174
-29.6221
-29.6264
-29.6301
-29.6331
-29.6356
-29.6376
-29.6393
-29.641
-29.6429
-29.6452
-29.648
-29.6514
-29.6555
-29.6602
-29.6655
-29.6713
-29.6774
-29.6836
-29.6896
-29.6953
-29.7004
-29.7049
-29.7085
-29.7111
-29.7127
-29.7134
-30.1782
-30.1789
-30.1804
-30.1825
-30.1853
-30.1886
-30.1924
-30.1964
-30.2007
-30.205
-30.2091
-30.2131
-30.2167
-30.2199
-30.2227
-30.2249
-30.2265
-30.2276
-30.2282
-30.2282
-30.2278
-30.227
-30.2258
-30.2243
-30.2226
-30.2206
-30.2185
-30.2161
-30.2135
-30.2108
-30.2078
-30.2047
-30.2013
-30.1977
-30.1936
-30.189
-30.1834
-30.1769
-30.1694
-30.1612
-30.1524
-30.1435
-30.1347
-30.1263
-30.1187
-30.1121
-30.1069
-30.1032
-30.1012
-30.1008
-30.102
-30.1043
-30.1075
-30.1111
-30.1149
-30.1185
-30.1218
-30.1246
-30.1271
-30.1294
-30.1314
-30.1334
-30.1356
-30.1381
-30.1409
-30.1442
-30.1479
-30.1522
-30.1569
-30.1618
-30.167
-30.1722
-30.1773
-30.1821
-30.1865
-30.1903
-30.1933
-30.1956
-30.1971
-30.1977
-30.6707
-30.6713
-30.6725
-30.6743
-30.6766
-30.6793
-30.6825
-30.6859
-30.6894
-30.6929
-30.6964
-30.6997
-30.7028
-30.7055
-30.7079
-30.7098
-30.7112
-30.7122
-30.7127
-30.7127
-30.7124
-30.7116
-30.7106
-30.7092
-30.7076
-30.7057
-30.7036
-30.7013
-30.6988
-30.696
-30.6931
-30.6899
-30.6866
-30.6829
-30.6789
-30.6745
-30.6694
-30.6636
-30.6571
-30.65
-30.6424
-30.6347
-30.6272
-30.6201
-30.6137
-30.6081
-30.6036
-30.6004
-30.5985
-30.5979
-30.5985
-30.6001
-30.6025
-30.6053
-30.6083
-30.6113
-30.6141
-30.6168
-30.6192
-30.6215
-30.6237
-30.6259
-30.6281
-30.6306
-30.6334
-30.6365
-30.64
-30.6438
-30.6479
-30.6523
-30.6567
-30.6612
-30.6655
-30.6695
-30.6732
-30.6764
-30.6791
-30.6811
-30.6823
-30.6829
-31.1626
-31.1632
-31.1641
-31.1656
-31.1675
-31.1698
-31.1725
-31.1753
-31.1782
-31.1811
-31.1839
-31.1867
-31.1893
-31.1916
-31.1936
-31.1953
-31.1965
-31.1973
-31.1977
-31.1978
-31.1974
-31.1968
-31.1958
-31.1945
-31.193
-31.1912
-31.1892
-31.1869
-31.1845
-31.1818
-31.179
-31.1759
-31.1726
-31.1691
-31.1653
-31.1611
-31.1564
-31.1512
-31.1455
-31.1393
-31.1329
-31.1263
-31.1199
-31.1138
-31.1083
-31.1036
-31.0997
-31.0969
-31.0951
-31.0944
-31.0946
-31.0957
-31.0974
-31.0996
-31.102
-31.1045
-31.1069
-31.1093
-31.1116
-31.1139
-31.116
-31.1183
-31.1206
-31.123
-31.1257
-31.1286
-31.1318
-31.1352
-31.1388
-31.1426
-31.1465
-31.1503
-31.154
-31.1574
-31.1606
-31.1633
-31.1656
-31.1673
-31.1684
-31.1689
-31.6541
-31.6545
-31.6553
-31.6565
-31.6582
-31.6601
-31.6623
-31.6646
-31.667
-31.6694
-31.6718
-31.674
-31.6762
-31.6781
-31.6798
-31.6812
-31.6822
-31.6829
-31.6832
-31.6832
-31.6829
-31.6823
-31.6814
-31.6802
-31.6788
-31.6771
-31.6752
-31.673
-31.6707
-31.6682
-31.6654
-31.6625
-31.6594
-31.656
-31.6524
-31.6485
-31.6442
-31.6395
-31.6345
-31.6291
-31.6236
-31.618
-31.6125
-31.6073
-31.6026
-31.5985
-31.5952
-31.5927
-31.5911
-31.5903
-31.5903
-31.591
-31.5922
-31.5939
-31.5958
-31.5979
-31.6
-31.6022
-31.6043
-31.6064
-31.6085
-31.6106
-31.6129
-31.6152
-31.6178
-31.6205
-31.6234
-31.6264
-31.6297
-31.633
-31.6363
-31.6396
-31.6428
-31.6457
-31.6484
-31.6508
-31.6527
-31.6542
-31.6551
-31.6556
-32.1452
-32.1455
-32.1462
-32.1472
-32.1485
-32.1501
-32.1519
-32.1538
-32.1558
-32.1578
-32.1597
-32.1616
-32.1634
-32.165
-32.1664
-32.1675
-32.1683
-32.1689
-32.1691
-32.1691
-32.1688
-32.1682
-32.1673
-32.1662
-32.1649
-32.1633
-32.1615
-32.1595
-32.1573
-32.1549
-32.1523
-32.1496
-32.1466
-32.1435
-32.1401
-32.1365
-32.1326
-32.1284
-32.1239
-32.1193
-32.1145
-32.1096
-32.105
-32.1006
-32.0965
-32.093
-32.0902
-32.088
-32.0864
-32.0856
-32.0855
-32.0859
-32.0868
-32.0881
-32.0897
-32.0914
-32.0933
-32.0951
-32.0971
-32.099
-32.101
-32.103
-32.1051
-32.1074
-32.1097
-32.1122
-32.1148
-32.1176
-32.1204
-32.1233
-32.1262
-32.1291
-32.1318
-32.1344
-32.1367
-32.1387
-32.1404
-32.1417
-32.1425
-32.1429
-32.6358
-32.6361
-32.6367
-32.6376
-32.6387
-32.6399
-32.6414
-32.6429
-32.6445
-32.6462
-32.6479
-32.6494
-32.6509
-32.6522
-32.6533
-32.6542
-32.6549
-32.6553
-32.6554
-32.6554
-32.655
-32.6545
-32.6537
-32.6526
-32.6514
-32.6499
-32.6482
-32.6463
-32.6443
-32.642
-32.6396
-32.637
-32.6343
-32.6314
-32.6282
-32.6249
-32.6214
-32.6177
-32.6137
-32.6096
-32.6055
-32.6013
-32.5974
-32.5936
-32.5902
-32.5872
-32.5847
-32.5827
-32.5814
-32.5806
-32.5803
-32.5806
-32.5812
-32.5822
-32.5835
-32.5849
-32.5865
-32.5882
-32.5899
-32.5917
-32.5935
-32.5954
-32.5973
-32.5994
-32.6016
-32.6038
-32.6062
-32.6087
-32.6112
-32.6138
-32.6163
-32.6188
-32.6212
-32.6234
-32.6253
-32.6271
-32.6285
-32.6296
-32.6304
-32.6307
-33.1262
-33.1265
-33.127
-33.1277
-33.1286
-33.1296
-33.1307
-33.132
-33.1333
-33.1347
-33.1361
-33.1374
-33.1386
-33.1396
-33.1405
-33.1412
-33.1417
-33.142
-33.1421
-33.142
-33.1417
-33.1411
-33.1403
-33.1394
-33.1382
-33.1368
-33.1352
-33.1335
-33.1316
-33.1295
-33.1272
-33.1248
-33.1223
-33.1196
-33.1167
-33.1137
-33.1106
-33.1072
-33.1038
-33.1002
-33.0966
-33.0931
-33.0897
-33.0865
-33.0835
-33.081
-33.0788
-33.0771
-33.0759
-33.0752
-33.0749
-33.075
-33.0755
-33.0762
-33.0772
-33.0784
-33.0798
-33.0812
-33.0827
-33.0843
-33.086
-33.0877
-33.0895
-33.0914
-33.0934
-33.0954
-33.0976
-33.0998
-33.102
-33.1042
-33.1065
-33.1086
-33.1107
-33.1126
-33.1143
-33.1158
-33.1171
-33.118
-33.1186
-33.119
-33.6164
-33.6166
-33.6171
-33.6177
-33.6183
-33.6191
-33.6201
-33.6211
-33.6222
-33.6233
-33.6244
-33.6255
-33.6264
-33.6273
-33.628
-33.6286
-33.6289
-33.6291
-33.6292
-33.629
-33.6286
-33.6281
-33.6274
-33.6264
-33.6253
-33.624
-33.6226
-33.6209
-33.6192
-33.6172
-33.6152
-33.613
-33.6106
-33.6082
-33.6056
-33.6029
-33.6
-33.5971
-33.5941
-33.591
-33.5879
-33.5849
-33.5819
-33.5792
-33.5767
-33.5745
-33.5727
-33.5712
-33.5701
-33.5694
-33.5691
-33.5691
-33.5694
-33.57
-33.5709
-33.5718
-33.573
-33.5742
-33.5755
-33.5769
-33.5784
-33.58
-33.5816
-33.5833
-33.5851
-33.587
-33.5889
-33.5908
-33.5928
-33.5948
-33.5967
-33.5986
-33.6004
-33.6021
-33.6036
-33.6049
-33.6059
-33.6067
-33.6073
-33.6076
-34.1064
-34.1066
-34.107
-34.1074
-34.108
-34.1086
-34.1094
-34.1102
-34.1111
-34.1119
-34.1128
-34.1137
-34.1145
-34.1151
-34.1157
-34.1161
-34.1164
-34.1165
-34.1165
-34.1163
-34.1159
-34.1153
-34.1146
-34.1138
-34.1127
-34.1115
-34.1102
-34.1087
-34.107
-34.1053
-34.1034
-34.1014
-34.0992
-34.097
-34.0947
-34.0923
-34.0898
-34.0872
-34.0846
-34.0819
-34.0792
-34.0766
-34.0742
-34.0718
-34.0697
-34.0678
-34.0662
-34.065
-34.064
-34.0634
-34.063
-34.063
-34.0632
-34.0637
-34.0643
-34.0651
-34.0661
-34.0672
-34.0683
-34.0695
-34.0709
-34.0723
-34.0737
-34.0752
-34.0768
-34.0785
-34.0802
-34.0819
-34.0837
-34.0854
-34.0871
-34.0888
-34.0903
-34.0918
-34.093
-34.0942
-34.0951
-34.0958
-34.0963
-34.0965
-34.5962
-34.5964
-34.5967
-34.5971
-34.5976
-34.5981
-34.5987
-34.5994
-34.6
-34.6007
-34.6014
-34.6021
-34.6027
-34.6032
-34.6036
-34.6039
-34.604
-34.6041
-34.604
-34.6037
-34.6033
-34.6028
-34.6021
-34.6013
-34.6004
-34.5992
-34.598
-34.5966
-34.5951
-34.5935
-34.5918
-34.59
-34.5881
-34.5862
-34.5841
-34.582
-34.5798
-34.5775
-34.5752
-34.5729
-34.5706
-34.5684
-34.5663
-34.5643
-34.5625
-34.5609
-34.5596
-34.5585
-34.5576
-34.557
-34.5567
-34.5567
-34.5568
-34.5571
-34.5577
-34.5583
-34.5591
-34.56
-34.561
-34.5621
-34.5633
-34.5645
-34.5658
-34.5672
-34.5686
-34.57
-34.5715
-34.573
-34.5746
-34.5761
-34.5776
-34.579
-34.5804
-34.5816
-34.5827
-34.5837
-34.5845
-34.5851
-34.5855
-34.5857
-35.086
-35.0861
-35.0863
-35.0867
-35.087
-35.0875
-35.088
-35.0885
-35.0891
-35.0896
-35.0901
-35.0906
-35.091
-35.0914
-35.0916
-35.0918
-35.0919
-35.0918
-35.0917
-35.0914
-35.091
-35.0905
-35.0898
-35.0891
-35.0882
-35.0872
-35.086
-35.0848
-35.0835
-35.0821
-35.0805
-35.0789
-35.0773
-35.0755
-35.0737
-35.0719
-35.0699
-35.068
-35.066
-35.064
-35.0621
-35.0602
-35.0584
-35.0567
-35.0552
-35.0539
-35.0527
-35.0518
-35.051
-35.0505
-35.0502
-35.0501
-35.0502
-35.0505
-35.0509
-35.0514
-35.0521
-35.0529
-35.0537
-35.0547
-35.0557
-35.0567
-35.0579
-35.0591
-35.0603
-35.0616
-35.0629
-35.0642
-35.0655
-35.0668
-35.0681
-35.0693
-35.0705
-35.0716
-35.0725
-35.0734
-35.0741
-35.0746
-35.0749
-35.0751
-35.5756
-35.5757
-35.5759
-35.5761
-35.5765
-35.5768
-35.5772
-35.5777
-35.5781
-35.5785
-35.5789
-35.5792
-35.5795
-35.5797
-35.5798
-35.5799
-35.5799
-35.5798
-35.5795
-35.5792
-35.5788
-35.5783
-35.5777
-35.577
-35.5762
-35.5752
-35.5743
-35.5732
-35.572
-35.5707
-35.5694
-35.568
-35.5666
-35.5651
-35.5635
-35.5619
-35.5602
-35.5586
-35.5569
-35.5552
-35.5536
-35.552
-35.5505
-35.5491
-35.5478
-35.5466
-35.5457
-35.5449
-35.5442
-35.5438
-35.5435
-35.5434
-35.5435
-35.5437
-35.544
-35.5445
-35.545
-35.5457
-35.5464
-35.5472
-35.548
-35.549
-35.5499
-35.5509
-35.552
-35.5531
-35.5542
-35.5553
-35.5565
-35.5576
-35.5587
-35.5598
-35.5608
-35.5617
-35.5625
-35.5632
-35.5638
-35.5643
-35.5646
-35.5647
-36.0653
-36.0653
-36.0654
-36.0656
-36.0658
-36.0661
-36.0664
-36.0668
-36.0671
-36.0674
-36.0677
-36.0679
-36.0681
-36.0682
-36.0682
-36.0681
-36.068
-36.0678
-36.0676
-36.0672
-36.0668
-36.0663
-36.0657
-36.0651
-36.0643
-36.0635
-36.0627
-36.0617
-36.0607
-36.0596
-36.0585
-36.0573
-36.056
-36.0547
-36.0534
-36.052
-36.0506
-36.0492
-36.0478
-36.0464
-36.045
-36.0437
-36.0424
-36.0413
-36.0402
-36.0393
-36.0385
-36.0378
-36.0373
-36.0369
-36.0366
-36.0366
-36.0366
-36.0368
-36.037
-36.0374
-36.0379
-36.0384
-36.039
-36.0397
-36.0404
-36.0412
-36.042
-36.0428
-36.0437
-36.0446
-36.0456
-36.0465
-36.0475
-36.0485
-36.0494
-36.0503
-36.0511
-36.0519
-36.0526
-36.0532
-36.0537
-36.0541
-36.0544
-36.0545
-36.5549
-36.5549
-36.555
-36.5551
-36.5552
-36.5554
-36.5556
-36.5559
-36.5561
-36.5563
-36.5565
-36.5566
-36.5567
-36.5567
-36.5566
-36.5565
-36.5563
-36.5561
-36.5558
-36.5554
-36.555
-36.5545
-36.5539
-36.5533
-36.5527
-36.552
-36.5513
-36.5504
-36.5496
-36.5487
-36.5477
-36.5467
-36.5456
-36.5445
-36.5434
-36.5423
-36.5411
-36.5399
-36.5388
-36.5376
-36.5365
-36.5354
-36.5344
-36.5334
-36.5326
-36.5318
-36.5312
-36.5306
-36.5302
-36.5299
-36.5297
-36.5296
-36.5296
-36.5298
-36.53
-36.5303
-36.5306
-36.5311
-36.5316
-36.5321
-36.5327
-36.5333
-36.534
-36.5347
-36.5354
-36.5362
-36.537
-36.5378
-36.5386
-36.5393
-36.5401
-36.5409
-36.5416
-36.5422
-36.5428
-36.5433
-36.5438
-36.5441
-36.5443
-36.5444
-37.0445
-37.0445
-37.0445
-37.0445
-37.0446
-37.0447
-37.0448
-37.045
-37.0451
-37.0452
-37.0453
-37.0453
-37.0453
-37.0453
-37.0451
-37.0449
-37.0447
-37.0444
-37.0441
-37.0437
-37.0433
-37.0428
-37.0424
-37.0418
-37.0413
-37.0407
-37.04
-37.0393
-37.0386
-37.0379
-37.0371
-37.0362
-37.0354
-37.0345
-37.0335
-37.0326
-37.0317
-37.0307
-37.0298
-37.0289
-37.028
-37.0271
-37.0263
-37.0256
-37.0249
-37.0243
-37.0238
-37.0233
-37.023
-37.0228
-37.0226
-37.0226
-37.0226
-37.0227
-37.0229
-37.0231
-37.0234
-37.0237
-37.0241
-37.0245
-37.025
-37.0255
-37.026
-37.0266
-37.0272
-37.0278
-37.0284
-37.029
-37.0296
-37.0303
-37.0309
-37.0315
-37.0321
-37.0326
-37.0331
-37.0335
-37.0339
-37.0341
-37.0343
-37.0344
-37.534
-37.5341
-37.534
-37.534
-37.534
-37.534
-37.5341
-37.5341
-37.5341
-37.5341
-37.5341
-37.5341
-37.534
-37.5339
-37.5337
-37.5335
-37.5332
-37.5329
-37.5325
-37.5322
-37.5318
-37.5314
-37.5309
-37.5305
-37.53
-37.5294
-37.5289
-37.5283
-37.5278
-37.5271
-37.5265
-37.5258
-37.5252
-37.5245
-37.5237
-37.523
-37.5223
-37.5216
-37.5208
-37.5201
-37.5195
-37.5188
-37.5182
-37.5176
-37.5171
-37.5167
-37.5163
-37.516
-37.5158
-37.5156
-37.5155
-37.5154
-37.5154
-37.5155
-37.5157
-37.5158
-37.516
-37.5163
-37.5166
-37.5169
-37.5173
-37.5176
-37.518
-37.5184
-37.5189
-37.5193
-37.5198
-37.5203
-37.5208
-37.5213
-37.5217
-37.5222
-37.5227
-37.5231
-37.5235
-37.5238
-37.5241
-37.5243
-37.5244
-37.5245
-38.0236
-38.0236
-38.0236
-38.0236
-38.0235
-38.0234
-38.0234
-38.0233
-38.0232
-38.0231
-38.023
-38.0229
-38.0227
-38.0225
-38.0223
-38.022
-38.0218
-38.0214
-38.0211
-38.0207
-38.0203
-38.02
-38.0196
-38.0192
-38.0187
-38.0183
-38.0179
-38.0174
-38.017
-38.0165
-38.016
-38.0155
-38.015
-38.0145
-38.014
-38.0135
-38.013
-38.0125
-38.012
-38.0115
-38.011
-38.0105
-38.0101
-38.0097
-38.0094
-38.0091
-38.0088
-38.0086
-38.0084
-38.0083
-38.0083
-38.0082
-38.0082
-38.0083
-38.0084
-38.0085
-38.0087
-38.0088
-38.009
-38.0092
-38.0095
-38.0097
-38.01
-38.0103
-38.0106
-38.0109
-38.0113
-38.0116
-38.0119
-38.0123
-38.0126
-38.013
-38.0133
-38.0136
-38.0139
-38.0141
-38.0143
-38.0144
-38.0145
-38.0146
-38.5132
-38.5132
-38.5131
-38.513
-38.5129
-38.5128
-38.5127
-38.5125
-38.5124
-38.5122
-38.512
-38.5118
-38.5115
-38.5113
-38.511
-38.5107
-38.5104
-38.51
-38.5097
-38.5093
-38.509
-38.5086
-38.5082
-38.5079
-38.5075
-38.5072
-38.5069
-38.5065
-38.5062
-38.5059
-38.5056
-38.5053
-38.505
-38.5047
-38.5044
-38.504
-38.5037
-38.5034
-38.5031
-38.5028
-38.5026
-38.5023
-38.5021
-38.5018
-38.5016
-38.5014
-38.5013
-38.5012
-38.5011
-38.501
-38.501
-38.501
-38.501
-38.501
-38.5011
-38.5011
-38.5012
-38.5013
-38.5014
-38.5016
-38.5017
-38.5018
-38.502
-38.5022
-38.5024
-38.5025
-38.5027
-38.5029
-38.5031
-38.5034
-38.5036
-38.5038
-38.504
-38.5041
-38.5043
-38.5045
-38.5046
-38.5047
-38.5047
-38.5047
-39.0026
-39.0026
-39.0025
-39.0024
-39.0023
-39.0022
-39.002
-39.0017
-39.0015
-39.0013
-39.001
-39.0007
-39.0004
-39
-38.9997
-38.9993
-38.999
-38.9986
-38.9982
-38.9979
-38.9975
-38.9972
-38.9969
-38.9966
-38.9963
-38.9961
-38.9958
-38.9956
-38.9954
-38.9953
-38.9952
-38.9951
-38.995
-38.9949
-38.9948
-38.9947
-38.9946
-38.9945
-38.9944
-38.9943
-38.9942
-38.9941
-38.994
-38.9939
-38.9939
-38.9938
-38.9938
-38.9937
-38.9937
-38.9937
-38.9937
-38.9937
-38.9937
-38.9937
-38.9937
-38.9937
-38.9937
-38.9938
-38.9938
-38.9938
-38.9939
-38.9939
-38.994
-38.9941
-38.9941
-38.9942
-38.9942
-38.9943
-38.9944
-38.9944
-38.9945
-38.9946
-38.9946
-38.9947
-38.9948
-38.9948
-38.9949
-38.9949
-38.9949
-38.9949
)
;

boundaryField
{
    lowerWall
    {
        type            calculated;
        value           nonuniform List<scalar> 
80
(
7687.43
7688.25
7689.8
7692.12
7695.18
7698.93
7703.33
7708.33
7713.88
7719.91
7726.35
7733.11
7740.11
7747.26
7754.47
7761.65
7768.7
7775.55
7782.11
7788.32
7794.12
7799.45
7804.28
7808.6
7812.39
7815.65
7818.41
7820.69
7822.52
7823.96
7825.05
7825.84
7826.41
7826.78
7827.01
7827.13
7827.2
7827.23
7827.25
7827.28
7827.32
7827.37
7827.43
7827.47
7827.48
7827.43
7827.27
7826.97
7826.47
7825.72
7824.68
7823.29
7821.5
7819.27
7816.55
7813.33
7809.59
7805.32
7800.53
7795.26
7789.53
7783.39
7776.91
7770.16
7763.21
7756.15
7749.07
7742.06
7735.21
7728.6
7722.32
7716.44
7711.04
7706.18
7701.91
7698.28
7695.31
7693.05
7691.52
7690.7
)
;
    }
    rightWall
    {
        type            calculated;
        value           nonuniform List<scalar> 
80
(
7497.2
7109.39
6720.76
6331.39
5941.24
5550.28
5158.42
4765.57
4371.67
3976.65
3580.45
3183.24
2785.16
2386.35
1986.81
1586.2
1183.54
781.631
372.761
77.4622
-6.89557
-7.75179
-8.31022
-8.86453
-9.43095
-10.05
-10.7524
-11.5444
-12.3959
-13.2506
-14.0523
-14.8066
-15.5578
-16.28
-16.8995
-17.3909
-17.8031
-18.214
-18.6722
-19.1901
-19.7195
-20.2466
-20.8054
-21.3833
-21.9696
-22.5354
-23.0552
-23.5441
-24.0253
-24.5052
-24.9822
-25.4499
-25.9115
-26.375
-26.8426
-27.3145
-27.7899
-28.2681
-28.7484
-29.2303
-29.7134
-30.1977
-30.6829
-31.1689
-31.6556
-32.1429
-32.6307
-33.119
-33.6076
-34.0965
-34.5857
-35.0751
-35.5647
-36.0545
-36.5444
-37.0344
-37.5245
-38.0146
-38.5047
-38.9949
)
;
    }
    atmosphere
    {
        type            calculated;
        value           nonuniform List<scalar> 
80
(
-39.2472
-39.2473
-39.2472
-39.2471
-39.247
-39.2468
-39.2466
-39.2463
-39.246
-39.2458
-39.2454
-39.2451
-39.2447
-39.2444
-39.244
-39.2436
-39.2432
-39.2429
-39.2425
-39.2421
-39.2418
-39.2415
-39.2412
-39.241
-39.2407
-39.2405
-39.2403
-39.2402
-39.2401
-39.24
-39.24
-39.24
-39.24
-39.24
-39.24
-39.24
-39.24
-39.24
-39.24
-39.24
-39.24
-39.24
-39.24
-39.24
-39.24
-39.24
-39.24
-39.24
-39.24
-39.24
-39.24
-39.24
-39.24
-39.24
-39.24
-39.24
-39.24
-39.24
-39.24
-39.24
-39.24
-39.24
-39.24
-39.24
-39.24
-39.24
-39.24
-39.24
-39.24
-39.24
-39.24
-39.24
-39.24
-39.24
-39.24
-39.24
-39.24
-39.24
-39.24
-39.24
)
;
    }
    leftWall
    {
        type            calculated;
        value           nonuniform List<scalar> 
80
(
7493.92
7106.1
6717.49
6328.06
5937.81
5546.67
5154.59
4761.51
4367.35
3972.01
3575.41
3177.75
2779.14
2379.73
1979.5
1578.16
1174.71
768.488
357.692
69.1223
-7.89054
-8.78393
-9.45998
-10.1759
-10.8642
-11.5158
-12.15
-12.7884
-13.3953
-13.9575
-14.5027
-15.0748
-15.6311
-16.1045
-16.5111
-16.8609
-17.2355
-17.6762
-18.1796
-18.7145
-19.2813
-19.8757
-20.423
-20.9561
-21.497
-22.0339
-22.5683
-23.0991
-23.6257
-24.1479
-24.6658
-25.1795
-25.6897
-26.1966
-26.7008
-27.2023
-27.7018
-28.1995
-28.6959
-29.191
-29.685
-30.1782
-30.6707
-31.1626
-31.6541
-32.1452
-32.6358
-33.1262
-33.6164
-34.1064
-34.5962
-35.086
-35.5756
-36.0653
-36.5549
-37.0445
-37.534
-38.0236
-38.5132
-39.0026
)
;
    }
    frontAndBack
    {
        type            empty;
    }
}


// ************************************************************************* //
