/*--------------------------------*- C++ -*----------------------------------*\
| =========                 |                                                 |
| \\      /  F ield         | OpenFOAM: The Open Source CFD Toolbox           |
|  \\    /   O peration     | Version:  2412                                  |
|   \\  /    A nd           | Website:  www.openfoam.com                      |
|    \\/     M anipulation  |                                                 |
\*---------------------------------------------------------------------------*/
FoamFile
{
    version     2.0;
    format      ascii;
    arch        "LSB;label=32;scalar=64";
    class       volScalarField;
    location    "0.85";
    object      p;
}
// * * * * * * * * * * * * * * * * * * * * * * * * * * * * * * * * * * * * * //

dimensions      [1 -1 -2 0 0 0 0];

internalField   nonuniform List<scalar> 
6400
(
9506.88
9506.01
9504.27
9501.63
9498.08
9493.58
9488.09
9481.55
9473.91
9465.11
9455.05
9443.67
9430.87
9416.54
9400.58
9382.88
9363.32
9341.79
9318.18
9292.38
9264.3
9233.87
9201.05
9165.82
9128.23
9088.38
9046.42
9002.63
8957.36
8911.05
8864.29
8817.76
8772.26
8728.68
8687.99
8651.22
8619.36
8593.38
8574.09
8562.14
8557.96
8561.69
8573.19
8592.06
8617.66
8649.16
8685.62
8726.02
8769.34
8814.62
8860.94
8907.52
8953.66
8998.78
9042.43
9084.26
9123.99
9161.47
9196.59
9229.33
9259.67
9287.66
9313.37
9336.89
9358.31
9377.76
9395.33
9411.14
9425.3
9437.9
9449.05
9458.82
9467.32
9474.59
9480.71
9485.73
9489.69
9492.63
9494.58
9495.55
9017.24
9016.38
9014.66
9012.05
9008.53
9004.07
8998.63
8992.15
8984.58
8975.85
8965.88
8954.59
8941.88
8927.66
8911.81
8894.23
8874.79
8853.37
8829.87
8804.16
8776.15
8745.76
8712.94
8677.67
8639.97
8599.94
8557.74
8513.6
8467.87
8421
8373.55
8326.22
8279.81
8235.26
8193.56
8155.78
8122.97
8096.15
8076.21
8063.85
8059.52
8063.38
8075.29
8094.81
8121.23
8153.69
8191.16
8232.57
8276.88
8323.06
8370.19
8417.45
8464.16
8509.74
8553.73
8595.8
8635.72
8673.31
8708.48
8741.21
8771.51
8799.43
8825.05
8848.47
8869.79
8889.12
8906.59
8922.29
8936.34
8948.85
8959.91
8969.61
8978.03
8985.24
8991.31
8996.28
9000.21
9003.12
9005.05
9006.01
8528.45
8527.61
8525.92
8523.36
8519.9
8515.53
8510.19
8503.83
8496.39
8487.81
8478.02
8466.91
8454.41
8440.4
8424.78
8407.43
8388.22
8367.04
8343.75
8318.23
8290.38
8260.09
8227.3
8191.96
8154.07
8113.71
8071.01
8026.17
7979.53
7931.5
7882.67
7833.73
7785.5
7738.97
7695.19
7655.33
7620.56
7592.02
7570.72
7557.49
7552.86
7557
7569.76
7590.61
7618.76
7653.18
7692.73
7736.23
7782.52
7830.53
7879.28
7927.93
7975.79
8022.28
8066.97
8109.55
8149.8
8187.57
8222.82
8255.52
8285.73
8313.5
8338.94
8362.15
8383.25
8402.35
8419.59
8435.07
8448.92
8461.24
8472.12
8481.66
8489.94
8497.02
8502.98
8507.87
8511.72
8514.59
8516.48
8517.42
8040.5
8039.68
8038.03
8035.55
8032.2
8027.94
8022.75
8016.57
8009.34
8000.99
7991.45
7980.63
7968.43
7954.75
7939.47
7922.47
7903.63
7882.8
7859.85
7834.64
7807.04
7776.92
7744.2
7708.78
7670.65
7629.82
7586.39
7540.54
7492.54
7442.81
7391.89
7340.5
7289.48
7239.89
7192.89
7149.77
7111.89
7080.61
7057.14
7042.51
7037.38
7041.98
7056.1
7079.1
7109.98
7147.51
7190.32
7237.07
7286.44
7337.25
7388.46
7439.2
7488.77
7536.61
7582.33
7625.63
7666.34
7704.37
7739.69
7772.34
7802.38
7829.91
7855.05
7877.93
7898.68
7917.44
7934.33
7949.49
7963.03
7975.05
7985.66
7994.96
8003.03
8009.93
8015.72
8020.48
8024.23
8027.01
8028.85
8029.76
7553.35
7552.57
7550.99
7548.6
7545.38
7541.29
7536.3
7530.36
7523.4
7515.35
7506.16
7495.71
7483.92
7470.68
7455.87
7439.36
7421.01
7400.68
7378.2
7353.43
7326.2
7296.36
7263.78
7228.32
7189.92
7148.53
7104.2
7057.04
7007.28
6955.29
6901.58
6846.86
6792.03
6738.19
6686.67
6638.94
6596.61
6561.34
6534.7
6518
6512.12
6517.4
6533.54
6559.68
6594.53
6636.52
6683.97
6735.26
6788.89
6843.54
6898.09
6951.63
7003.46
7053.06
7100.08
7144.29
7185.56
7223.87
7259.24
7291.75
7321.53
7348.7
7373.42
7395.84
7416.11
7434.39
7450.81
7465.52
7478.63
7490.26
7500.52
7509.49
7517.27
7523.92
7529.5
7534.08
7537.69
7540.37
7542.13
7543.02
7066.99
7066.24
7064.74
7062.48
7059.42
7055.54
7050.8
7045.15
7038.52
7030.87
7022.1
7012.13
7000.86
6988.18
6973.97
6958.08
6940.38
6920.69
6898.85
6874.68
6847.97
6818.55
6786.22
6750.81
6712.17
6670.19
6624.82
6576.12
6524.23
6469.45
6412.25
6353.3
6293.54
6234.16
6176.62
6122.67
6074.24
6033.44
6002.3
5982.63
5975.68
5981.93
6000.95
6031.54
6071.92
6120.02
6173.74
6231.09
6290.31
6349.91
6408.7
6465.74
6520.36
6572.09
6620.65
6665.88
6707.75
6746.3
6781.63
6813.9
6843.28
6869.94
6894.08
6915.89
6935.53
6953.18
6969
6983.13
6995.71
7006.84
7016.65
7025.22
7032.63
7038.97
7044.29
7048.64
7052.07
7054.62
7056.3
7057.14
6581.36
6580.66
6579.26
6577.14
6574.28
6570.64
6566.2
6560.9
6554.68
6547.49
6539.23
6529.84
6519.2
6507.2
6493.72
6478.61
6461.71
6442.85
6421.83
6398.44
6372.46
6343.64
6311.74
6276.52
6237.74
6195.21
6148.78
6098.38
6044.06
5986.01
5924.62
5860.52
5794.64
5728.24
5662.96
5600.83
5544.23
5495.84
5458.41
5434.52
5426.04
5433.66
5456.78
5493.59
5541.56
5597.88
5659.85
5725.01
5791.3
5857.06
5921.02
5982.25
6040.13
6094.29
6144.53
6190.83
6233.25
6271.94
6307.09
6338.94
6367.73
6393.7
6417.08
6438.08
6456.93
6473.8
6488.87
6502.3
6514.21
6524.74
6534
6542.08
6549.07
6555.03
6560.03
6564.12
6567.34
6569.73
6571.31
6572.09
6096.42
6095.77
6094.48
6092.53
6089.9
6086.55
6082.45
6077.55
6071.81
6065.15
6057.5
6048.78
6038.89
6027.7
6015.09
6000.92
5985
5967.16
5947.17
5924.79
5899.77
5871.8
5840.58
5805.77
5767.06
5724.12
5676.68
5624.53
5567.58
5505.86
5439.65
5369.47
5296.19
5221.14
5146.1
5073.41
5005.99
4947.26
4901
4871.01
4860.29
4869.92
4898.93
4944.47
5002.8
5070.06
5142.71
5217.74
5292.77
5365.96
5436.02
5502.07
5563.6
5620.37
5672.35
5719.65
5762.47
5801.09
5835.84
5867.04
5895
5920.04
5942.43
5962.43
5980.29
5996.21
6010.38
6022.96
6034.09
6043.91
6052.53
6060.03
6066.51
6072.04
6076.67
6080.45
6083.43
6085.64
6087.1
6087.82
5612.11
5611.53
5610.37
5608.6
5606.22
5603.19
5599.48
5595.05
5589.84
5583.79
5576.84
5568.89
5559.85
5549.61
5538.02
5524.95
5510.21
5493.6
5474.88
5453.78
5430.01
5403.2
5372.98
5338.92
5300.59
5257.52
5209.27
5155.47
5095.81
5030.16
4958.58
4881.43
4799.45
4713.94
4626.79
4540.65
4459
4386.2
4327.4
4288.32
4274.24
4286.87
4324.59
4382.56
4455.08
4536.78
4623.1
4710.41
4796
4877.94
4954.96
5026.36
5091.79
5151.23
5204.83
5252.91
5295.86
5334.12
5368.14
5398.36
5425.19
5449.01
5470.15
5488.92
5505.58
5520.36
5533.46
5545.05
5555.28
5564.27
5572.15
5579
5584.9
5589.93
5594.14
5597.58
5600.29
5602.29
5603.62
5604.27
5128.38
5127.87
5126.84
5125.29
5123.18
5120.51
5117.23
5113.31
5108.7
5103.34
5097.16
5090.08
5082.01
5072.84
5062.43
5050.64
5037.28
5022.13
5004.95
4985.44
4963.26
4938
4909.2
4876.33
4838.82
4796.05
4747.39
4692.22
4629.99
4560.32
4482.98
4398.09
4306.13
4208.25
4106.34
4003.27
3903.08
3811.13
3734.22
3680.93
3661.57
3678.97
3730.14
3806.1
3898.1
3998.78
4102.38
4204.69
4302.76
4394.71
4479.45
4556.55
4625.95
4687.88
4742.81
4791.28
4833.92
4871.36
4904.21
4933.05
4958.37
4980.64
5000.24
5017.51
5032.74
5046.18
5058.04
5068.49
5077.68
5085.74
5092.79
5098.9
5104.17
5108.64
5112.38
5115.44
5117.84
5119.62
5120.79
5121.37
4645.14
4644.71
4643.83
4642.51
4640.71
4638.43
4635.62
4632.26
4628.3
4623.69
4618.37
4612.25
4605.26
4597.3
4588.22
4577.88
4566.11
4552.68
4537.34
4519.76
4499.57
4476.32
4449.45
4418.35
4382.29
4340.44
4291.96
4235.95
4171.56
4098.05
4014.83
3921.63
3818.56
3706.38
3586.82
3462.78
3338.71
3220.89
3117.54
3040.7
3012.54
3038.03
3111.12
3213.55
3332.26
3457.62
3582.76
3703.01
3815.48
3918.52
4011.5
4094.37
4167.49
4231.5
4287.19
4335.44
4377.15
4413.16
4444.29
4471.22
4494.59
4514.91
4532.63
4548.12
4561.68
4573.57
4584.01
4593.17
4601.2
4608.23
4614.35
4619.65
4624.2
4628.07
4631.3
4633.94
4636.01
4637.54
4638.55
4639.05
4162.34
4161.99
4161.27
4160.19
4158.72
4156.85
4154.56
4151.8
4148.54
4144.74
4140.35
4135.29
4129.48
4122.84
4115.24
4106.55
4096.58
4085.13
4071.93
4056.67
4038.93
4018.21
3993.92
3965.3
3931.48
3891.42
3844
3787.99
3722.17
3645.36
3556.51
3454.8
3339.79
3211.58
3071.38
2921.85
2767.54
2615.28
2473.77
2356.99
2313.33
2352.91
2463
2604.24
2759.26
2916.25
3067.65
3208.83
3337.34
3452.22
3553.52
3641.84
3718.08
3783.37
3838.96
3886.11
3926.02
3959.83
3988.52
4012.95
4033.84
4051.78
4067.25
4080.64
4092.27
4102.4
4111.25
4118.97
4125.72
4131.6
4136.71
4141.13
4144.92
4148.13
4150.81
4152.99
4154.71
4155.97
4156.81
4157.22
3679.89
3679.62
3679.07
3678.25
3677.13
3675.7
3673.94
3671.83
3669.32
3666.39
3662.98
3659.05
3654.53
3649.33
3643.35
3636.47
3628.52
3619.3
3608.58
3596.02
3581.22
3563.66
3542.67
3517.41
3486.84
3449.7
3404.54
3349.74
3283.63
3204.55
3110.85
3001.01
2873.75
2728.23
2564.62
2384.72
2192.46
1995.16
1800.76
1614.5
1532.7
1607.29
1782.8
1979.32
2182.72
2379.55
2562.13
2726.85
2872.44
2999.26
3108.38
3201.25
3279.49
3344.86
3399.1
3443.94
3480.96
3511.56
3536.97
3558.18
3576
3591.08
3603.91
3614.89
3624.34
3632.51
3639.59
3645.74
3651.08
3655.73
3659.75
3663.23
3666.2
3668.72
3670.81
3672.51
3673.85
3674.83
3675.48
3675.8
3197.7
3197.52
3197.15
3196.6
3195.84
3194.88
3193.68
3192.23
3190.51
3188.49
3186.13
3183.4
3180.24
3176.58
3172.34
3167.43
3161.69
3154.96
3147.02
3137.57
3126.23
3112.48
3095.63
3074.76
3048.69
3015.91
2974.59
2922.64
2857.89
2778.14
2681.06
2564.28
2425.39
2262.19
2073.03
1857.62
1617.55
1359.12
1087.12
785.336
606.867
784.418
1052.18
1341.01
1608.9
1855.16
2073.58
2263.3
2425.9
2563.71
2679.27
2775.1
2853.63
2917.33
2968.55
3009.51
3042.23
3068.44
3089.58
3106.76
3120.88
3132.59
3142.38
3150.65
3157.68
3163.68
3168.84
3173.29
3177.13
3180.46
3183.34
3185.82
3187.93
3189.71
3191.19
3192.39
3193.33
3194.02
3194.47
3194.7
2715.68
2715.59
2715.41
2715.14
2714.76
2714.27
2713.66
2712.91
2712
2710.92
2709.65
2708.16
2706.42
2704.39
2702
2699.18
2695.82
2691.8
2686.94
2680.98
2673.6
2664.34
2652.53
2637.23
2617.16
2590.53
2555.09
2508.17
2446.89
2368.76
2270.59
2149.15
2000.6
1820.74
1605.36
1352.45
1062.54
730.634
343.882
151.082
94.6796
115.4
292.155
699.941
1056.33
1356.05
1611.55
1825.82
2003.59
2150.03
2269.6
2365.99
2442.41
2502.12
2548.11
2583.21
2609.91
2630.32
2646.06
2658.36
2668.12
2675.96
2682.36
2687.62
2692
2695.67
2698.78
2701.42
2703.69
2705.64
2707.32
2708.75
2709.98
2711.01
2711.85
2712.53
2713.06
2713.44
2713.69
2713.81
2233.75
2233.75
2233.76
2233.78
2233.79
2233.79
2233.77
2233.73
2233.65
2233.53
2233.37
2233.15
2232.88
2232.53
2232.06
2231.44
2230.59
2229.45
2227.89
2225.75
2222.79
2218.66
2212.81
2204.37
2192.02
2173.76
2146.82
2107.7
2052.4
1979
1882.9
1760.56
1606.25
1412.55
1173.19
887.615
543.562
172.776
46.6738
41.0423
38.5963
36.1879
38.9349
162.481
554.982
903.784
1189.14
1423.45
1612
1762.77
1882.67
1976.47
2047.56
2100.33
2138.34
2165.12
2183.77
2196.76
2205.89
2212.43
2217.2
2220.74
2223.41
2225.44
2227
2228.21
2229.16
2229.92
2230.55
2231.07
2231.52
2231.9
2232.22
2232.47
2232.67
2232.81
2232.92
2232.98
2233.02
2233.04
1751.81
1751.91
1752.11
1752.42
1752.82
1753.32
1753.91
1754.58
1755.33
1756.18
1757.13
1758.2
1759.41
1760.77
1762.27
1763.9
1765.64
1767.48
1769.39
1771.29
1773.11
1774.65
1775.6
1775.35
1772.71
1765.56
1750.57
1723.23
1679.15
1611.9
1521.27
1403.23
1248.78
1046.91
792.033
476.454
132.249
24.6892
19.2084
15.29
13.5429
16.5368
13.2118
16.6803
149.454
515.585
820.566
1064.42
1257.11
1406.34
1521.73
1609.79
1671.29
1713.19
1739.68
1755.07
1763.22
1766.98
1768.26
1768.21
1767.47
1766.36
1765.07
1763.7
1762.33
1760.99
1759.72
1758.55
1757.49
1756.57
1755.78
1755.1
1754.51
1753.99
1753.54
1753.14
1752.81
1752.55
1752.38
1752.29
1269.7
1269.9
1270.3
1270.9
1271.7
1272.69
1273.88
1275.26
1276.83
1278.63
1280.67
1283
1285.67
1288.73
1292.19
1296.07
1300.4
1305.24
1310.62
1316.64
1323.35
1330.83
1339.13
1348.16
1357.19
1364.29
1365.44
1353.49
1320.21
1261.83
1184.82
1078.79
934.462
736.437
474.479
168.537
23.5904
9.69762
11.02
9.10201
8.05806
9.32129
8.87477
7.72852
20.6377
226.55
512.772
756.513
943.166
1081.64
1184.14
1256.98
1310.36
1339.76
1351.06
1351.47
1346.43
1339.16
1331.52
1324.33
1317.78
1311.87
1306.56
1301.77
1297.44
1293.53
1290.03
1286.92
1284.19
1281.83
1279.84
1278.13
1276.65
1275.37
1274.27
1273.33
1272.56
1271.98
1271.59
1271.39
788.036
788.336
788.938
789.843
791.053
792.566
794.376
796.476
798.873
801.605
804.724
808.271
812.407
817.2
822.632
828.763
835.682
843.493
852.342
862.445
874.048
887.485
903.397
922.621
945.511
971.153
995.755
1008.03
995.741
958.09
886.412
788.115
664.877
492.062
230.333
4.46245
1.19486
4.21823
6.11775
6.70474
6.98848
6.69945
6.883
5.47444
4.32961
27.6333
277.824
517.52
668.492
793.789
890.569
958.003
981.139
987.735
975.748
955.426
933.688
913.34
895.803
881.114
868.644
857.924
848.625
840.424
833.123
826.63
820.879
815.803
811.361
807.56
804.401
801.684
799.345
797.313
795.548
794.046
792.82
791.889
791.264
790.95
305.193
305.592
306.393
307.603
309.227
311.268
313.714
316.541
319.732
323.366
327.538
332.152
337.682
344.211
351.544
359.828
369.217
379.843
391.912
405.796
421.839
440.425
462.929
491.808
529.34
577.265
635.281
681.628
683.828
662.5
609.009
540.338
450.606
320.467
114.977
1.05815
0.246638
1.93468
3.03552
4.10266
4.45077
3.74662
3.39638
2.44124
1.4981
5.34983
190.776
351.096
457.979
543.55
615.077
651.307
654.062
649.005
605.989
558.98
517.846
483.186
455.875
434.466
416.697
401.608
388.709
377.328
367.164
358.161
350.239
343.247
337.101
331.862
327.733
324.055
320.908
318.142
315.711
313.621
311.913
310.62
309.757
309.325
25.5563
25.7783
26.2254
26.9023
27.8143
28.9595
30.3162
31.8258
33.3957
35.0776
37.1011
39.2446
42.3661
46.3506
50.5795
55.323
60.7596
66.937
73.9864
82.4704
92.9937
105.315
120.142
141.003
172.622
222.678
312.937
430.522
479.872
411.363
349.505
298.9
237.623
156.859
32.9923
-2.67754
-2.12097
-1.32115
-0.298021
1.00526
1.17343
0.284517
-0.635836
-1.37011
-2.48567
-1.60242
84.3113
152.729
223.265
299
349.385
438.29
455.194
375.883
272.478
209.896
168.35
137.27
116.893
102.674
90.3439
80.3018
72.5473
65.7988
59.7381
54.4471
49.8803
45.8198
42.1387
39.0042
37.1634
35.4615
34.2047
32.9612
31.7302
30.5794
29.6023
28.8544
28.3541
28.1054
-10.2931
-10.2741
-10.2339
-10.1677
-10.0682
-9.92699
-9.74159
-9.54765
-9.52946
-10.0743
-11.3545
-12.6976
-13.1704
-12.5846
-11.9527
-11.7824
-11.9308
-12.1643
-12.321
-12.0154
-10.9132
-8.96142
-6.21567
-1.58996
8.23442
26.8897
87.6739
216.78
255.229
149.764
29.3448
-28.9326
20.8317
45.2839
8.99997
-3.74466
-4.0758
-3.65168
-2.8335
-1.9676
-2.19409
-3.01959
-4.08952
-4.71639
-5.52033
-7.07893
-30.8188
-111.549
-116.256
-49.5571
88.686
221.983
239.99
151.494
54.2718
24.3936
8.18871
-1.71872
-5.52325
-8.15186
-10.9995
-12.4509
-12.5759
-12.3886
-12.2472
-12.1027
-12.1063
-12.56
-13.2822
-13.1508
-11.8967
-10.1534
-9.03942
-8.78511
-8.95623
-9.19974
-9.39843
-9.53735
-9.62286
-9.663
-10.8078
-10.7936
-10.7647
-10.7204
-10.662
-10.5959
-10.5418
-10.5476
-10.7119
-11.1693
-11.8911
-12.4888
-12.5484
-12.3248
-12.1759
-12.2916
-12.4929
-12.6427
-12.7199
-12.6872
-12.4388
-11.8616
-11.3087
-11.6927
-12.4799
-13.1323
-5.01546
42.8237
98.1268
131.317
150.637
139.171
70.6351
30.2443
-8.82865
-6.23544
-5.61964
-5.36064
-4.58903
-4.20807
-4.63392
-5.35754
-6.36459
-6.94693
-7.53951
-8.68821
-22.6929
-96.9831
-78.7497
45.113
100.907
77.2871
48.7778
6.53471
-10.247
-12.1422
-11.5326
-11.365
-10.9267
-11.3669
-12.5502
-13.0271
-13.0103
-12.8938
-12.7895
-12.6238
-12.4539
-12.4807
-12.6812
-12.7214
-12.1303
-11.1801
-10.4159
-10.0493
-9.96212
-9.99933
-10.0727
-10.1423
-10.1923
-10.2174
-11.34
-11.3313
-11.3145
-11.2912
-11.2663
-11.2499
-11.2621
-11.338
-11.5295
-11.8833
-12.3701
-12.8357
-13.1117
-13.2223
-13.2399
-13.2281
-13.2324
-13.1986
-13.0959
-13.0026
-13.0497
-13.2892
-13.4879
-13.4915
-13.4828
-13.4244
-13.3686
-13.3125
-12.8603
-12.9328
-11.4145
6.36069
0.356423
-10.7734
-9.22177
-7.60138
-6.92145
-6.80147
-6.189
-5.91123
-6.30249
-6.93317
-7.70828
-8.60312
-9.2501
-10.2055
-17.0108
3.98302
21.4101
0.00866612
-12.4335
-11.9214
-12.1688
-12.6546
-12.6915
-12.845
-12.9737
-13.0673
-13.1817
-13.2643
-13.278
-13.2893
-13.3763
-13.4913
-13.538
-13.5196
-13.5029
-13.4816
-13.3769
-13.095
-12.5405
-11.8716
-11.3155
-10.9725
-10.8091
-10.7552
-10.7549
-10.774
-10.7939
-10.8054
-11.8842
-11.8805
-11.8741
-11.8676
-11.8664
-11.8793
-11.9207
-12.0108
-12.173
-12.4253
-12.7544
-13.0927
-13.3421
-13.4597
-13.4733
-13.4608
-13.4809
-13.5016
-13.5068
-13.5246
-13.6049
-13.7349
-13.8205
-13.8603
-13.854
-13.7515
-13.7802
-13.8155
-13.508
-13.1925
-12.744
-12.5478
-12.8864
-11.8543
-10.2467
-8.98414
-8.45562
-8.0699
-7.64335
-7.37379
-7.60722
-8.05297
-8.73366
-9.77768
-10.3044
-10.7614
-12.4624
-18.2447
-14.5919
-12.6559
-12.4708
-12.7818
-13.0903
-13.177
-13.1488
-13.2777
-13.4211
-13.4975
-13.6205
-13.7302
-13.7414
-13.7274
-13.7258
-13.7315
-13.7223
-13.6968
-13.6838
-13.6612
-13.5421
-13.2619
-12.8332
-12.3685
-11.9791
-11.7094
-11.5472
-11.4618
-11.4238
-11.4112
-11.4098
-11.4108
-12.4347
-12.4349
-12.4366
-12.4422
-12.4565
-12.4864
-12.5412
-12.6323
-12.7697
-12.9567
-13.1804
-13.4058
-13.5858
-13.6978
-13.7571
-13.7986
-13.8449
-13.8903
-13.9278
-13.9671
-14.0277
-14.1053
-14.166
-14.2053
-14.224
-14.2034
-14.114
-13.9455
-13.6665
-13.3489
-13.0504
-12.8369
-12.4836
-11.7419
-10.8718
-10.0497
-9.60829
-9.22102
-8.91463
-8.74779
-8.79928
-9.00245
-9.43598
-10.1523
-10.8102
-11.0633
-11.1346
-11.5999
-11.9772
-12.3518
-12.5816
-12.8408
-13.1615
-13.4107
-13.5712
-13.7227
-13.8297
-13.8963
-13.9638
-14.0269
-14.0557
-14.0639
-14.0631
-14.0493
-14.0158
-13.9653
-13.9061
-13.8276
-13.6936
-13.4745
-13.1813
-12.8684
-12.591
-12.3762
-12.2264
-12.1305
-12.0738
-12.0428
-12.0276
-12.0216
-12.9865
-12.9896
-12.9967
-13.0102
-13.0336
-13.0718
-13.1307
-13.2165
-13.3334
-13.4801
-13.6463
-13.8117
-13.9539
-14.0621
-14.1416
-14.2049
-14.2609
-14.3101
-14.3515
-14.3901
-14.4328
-14.4775
-14.5111
-14.5242
-14.5089
-14.4476
-14.3271
-14.1927
-13.9807
-13.7109
-13.4307
-13.1509
-12.7598
-12.1626
-11.4988
-10.8967
-10.4797
-10.2022
-10.0181
-9.92042
-9.92865
-9.91357
-10.0007
-10.3026
-10.7964
-11.0411
-11.1753
-11.498
-12.1659
-12.6017
-12.9113
-13.212
-13.4988
-13.717
-13.8669
-14.0031
-14.1402
-14.2347
-14.3061
-14.3608
-14.3945
-14.4101
-14.4107
-14.3945
-14.3587
-14.3039
-14.2312
-14.135
-14.0024
-13.8243
-13.6079
-13.3794
-13.1684
-12.9931
-12.8596
-12.7647
-12.7013
-12.6615
-12.6388
-12.6286
-13.5362
-13.5411
-13.5516
-13.5695
-13.5973
-13.6383
-13.696
-13.7736
-13.8725
-13.9906
-14.1208
-14.2518
-14.3713
-14.4719
-14.5535
-14.6203
-14.6764
-14.724
-14.7643
-14.7999
-14.8324
-14.8593
-14.8736
-14.8684
-14.8366
-14.7713
-14.6696
-14.5392
-14.354
-14.1331
-13.8875
-13.5969
-13.2204
-12.7365
-12.1891
-11.6504
-11.2291
-11.0596
-10.9888
-10.9179
-11.007
-10.8349
-10.6726
-10.6422
-10.8968
-11.2209
-11.5637
-12.0732
-12.6108
-13.0367
-13.3617
-13.6375
-13.8859
-14.0974
-14.2553
-14.3885
-14.5053
-14.5982
-14.6696
-14.7215
-14.754
-14.7694
-14.7692
-14.7531
-14.7199
-14.6683
-14.5972
-14.5029
-14.3812
-14.2313
-14.0602
-13.8833
-13.717
-13.5735
-13.4577
-13.3698
-13.3068
-13.2643
-13.2385
-13.2264
-14.0815
-14.0873
-14.0996
-14.1195
-14.1487
-14.1894
-14.2434
-14.3123
-14.3963
-14.493
-14.5982
-14.7046
-14.805
-14.8945
-14.9712
-15.0362
-15.0913
-15.1377
-15.1767
-15.2093
-15.2357
-15.2535
-15.2588
-15.2467
-15.2122
-15.1509
-15.0606
-14.9406
-14.786
-14.599
-14.38
-14.1204
-13.799
-13.4026
-12.931
-12.4165
-11.9893
-11.9244
-11.9229
-11.8646
-11.9208
-11.7592
-11.5089
-11.335
-11.3965
-11.732
-12.1775
-12.7124
-13.2122
-13.6033
-13.8986
-14.1421
-14.3528
-14.5323
-14.6808
-14.8054
-14.9084
-14.9922
-15.0566
-15.1029
-15.1319
-15.1451
-15.1431
-15.1262
-15.0937
-15.0444
-14.9774
-14.891
-14.7844
-14.6594
-14.5219
-14.3814
-14.2479
-14.1295
-14.0304
-13.9517
-13.8926
-13.8511
-13.8249
-13.8123
-14.6212
-14.6274
-14.6403
-14.6606
-14.6894
-14.7279
-14.7773
-14.8379
-14.9096
-14.9906
-15.0776
-15.166
-15.2512
-15.3297
-15.3998
-15.461
-15.5138
-15.5587
-15.5962
-15.6265
-15.6494
-15.6631
-15.6652
-15.6524
-15.621
-15.5684
-15.4917
-15.3907
-15.2641
-15.1122
-14.9329
-14.7192
-14.4604
-14.1452
-13.7506
-13.2931
-12.9843
-12.9309
-12.8459
-12.7776
-12.7644
-12.6727
-12.4808
-12.2952
-12.228
-12.5316
-13.0065
-13.4934
-13.9206
-14.2484
-14.4955
-14.697
-14.87
-15.0188
-15.1452
-15.252
-15.3404
-15.4115
-15.4663
-15.5052
-15.5291
-15.5387
-15.5344
-15.5163
-15.4842
-15.4375
-15.3758
-15.2988
-15.2069
-15.1026
-14.9903
-14.8764
-14.7674
-14.6687
-14.5841
-14.5151
-14.4615
-14.4229
-14.3979
-14.3857
-15.1546
-15.1609
-15.1736
-15.1933
-15.2207
-15.2563
-15.301
-15.3536
-15.4156
-15.4843
-15.5576
-15.6324
-15.7057
-15.775
-15.8385
-15.8954
-15.9453
-15.9881
-16.0239
-16.0528
-16.0741
-16.0869
-16.0895
-16.0799
-16.0556
-16.0146
-15.9555
-15.8781
-15.7826
-15.6692
-15.5367
-15.3814
-15.2002
-14.9765
-14.6628
-14.316
-14.1932
-14.074
-13.8169
-13.7644
-13.7015
-13.6419
-13.5594
-13.4883
-13.4491
-13.6143
-13.9933
-14.4137
-14.745
-14.9838
-15.1608
-15.3066
-15.434
-15.5458
-15.6431
-15.7265
-15.7964
-15.8527
-15.8959
-15.926
-15.9435
-15.9487
-15.9417
-15.9227
-15.8913
-15.8475
-15.7914
-15.7232
-15.644
-15.556
-15.4628
-15.3688
-15.2785
-15.1958
-15.1236
-15.0634
-15.0158
-14.9812
-14.9582
-14.9467
-15.6818
-15.6879
-15.7
-15.7186
-15.7439
-15.7761
-15.8159
-15.8625
-15.916
-15.9749
-16.0375
-16.1017
-16.1653
-16.2265
-16.2839
-16.3364
-16.3832
-16.424
-16.4586
-16.4866
-16.5079
-16.5219
-16.5277
-16.5241
-16.5098
-16.4836
-16.445
-16.3948
-16.334
-16.2639
-16.1852
-16.1012
-16.0154
-15.8922
-15.6626
-15.4613
-15.4049
-15.2147
-14.8982
-14.8588
-14.8048
-14.8049
-14.8374
-14.9104
-14.9945
-15.0434
-15.2083
-15.4855
-15.7059
-15.8189
-15.8939
-15.9665
-16.0384
-16.1061
-16.1684
-16.2242
-16.2722
-16.3114
-16.3413
-16.3614
-16.3715
-16.3717
-16.3618
-16.3416
-16.3111
-16.2703
-16.2194
-16.1591
-16.0906
-16.0158
-15.9375
-15.8589
-15.7833
-15.7137
-15.652
-15.6
-15.5583
-15.5273
-15.5067
-15.4962
-16.203
-16.2087
-16.2199
-16.237
-16.2601
-16.2892
-16.3245
-16.3656
-16.412
-16.4629
-16.5169
-16.5725
-16.6281
-16.6823
-16.734
-16.7822
-16.8261
-16.8651
-16.8987
-16.9268
-16.9492
-16.9659
-16.9765
-16.9808
-16.9784
-16.969
-16.9531
-16.9325
-16.9097
-16.8872
-16.8699
-16.8709
-16.8897
-16.8497
-16.7228
-16.6947
-16.6705
-16.3845
-16.1329
-16.0693
-16.0986
-16.2087
-16.4034
-16.5721
-16.7745
-16.7522
-16.6924
-16.7185
-16.8055
-16.7605
-16.6912
-16.6681
-16.6741
-16.6909
-16.7135
-16.7385
-16.7626
-16.7832
-16.7988
-16.808
-16.8103
-16.8051
-16.792
-16.7707
-16.7409
-16.7028
-16.6567
-16.6034
-16.5438
-16.4798
-16.4134
-16.3471
-16.2833
-16.2242
-16.1716
-16.1267
-16.0905
-16.0632
-16.045
-16.0356
-16.7185
-16.7238
-16.7341
-16.7496
-16.7705
-16.7965
-16.8277
-16.8638
-16.9044
-16.9486
-16.9955
-17.044
-17.0929
-17.1411
-17.1878
-17.2321
-17.2731
-17.3104
-17.3435
-17.3721
-17.3963
-17.4164
-17.4328
-17.446
-17.4563
-17.4647
-17.4725
-17.4831
-17.5003
-17.5288
-17.5807
-17.6823
-17.8126
-17.8426
-17.8413
-17.9775
-18.0197
-17.7595
-17.5317
-17.4289
-17.5449
-17.818
-18.2112
-18.5478
-18.7074
-18.6666
-18.3491
-18.107
-17.9901
-17.7826
-17.5382
-17.3974
-17.3288
-17.2897
-17.2697
-17.2625
-17.2618
-17.2635
-17.2645
-17.263
-17.2574
-17.2468
-17.2305
-17.2079
-17.1788
-17.1432
-17.1013
-17.0539
-17.0019
-16.9466
-16.8899
-16.8335
-16.7793
-16.729
-16.684
-16.6454
-16.6139
-16.5901
-16.5742
-16.5659
-17.2289
-17.2337
-17.2431
-17.2571
-17.2757
-17.2989
-17.3265
-17.3582
-17.3937
-17.4323
-17.4733
-17.5158
-17.559
-17.602
-17.6442
-17.6849
-17.7233
-17.759
-17.7917
-17.8211
-17.8474
-17.8713
-17.8936
-17.9156
-17.9387
-17.9646
-17.9961
-18.038
-18.0961
-18.177
-18.3049
-18.521
-18.7636
-18.893
-19.0652
-19.3806
-19.4765
-19.3148
-19.0309
-18.9072
-19.0701
-19.5051
-20.1062
-20.6749
-20.8064
-20.5877
-19.989
-19.5311
-19.2186
-18.8414
-18.4018
-18.1332
-17.9871
-17.8902
-17.8278
-17.7889
-17.7643
-17.7477
-17.735
-17.7232
-17.7102
-17.6946
-17.6753
-17.6516
-17.6231
-17.5896
-17.5514
-17.509
-17.4633
-17.4154
-17.3666
-17.3184
-17.2721
-17.2291
-17.1905
-17.1573
-17.1301
-17.1095
-17.0956
-17.0884
-17.7348
-17.7391
-17.7474
-17.7599
-17.7765
-17.7971
-17.8215
-17.8494
-17.8805
-17.9143
-17.9502
-17.9876
-18.0258
-18.0643
-18.1025
-18.1399
-18.1758
-18.21
-18.2422
-18.2724
-18.3007
-18.3281
-18.3559
-18.386
-18.4207
-18.4629
-18.5165
-18.5882
-18.686
-18.8182
-19.0232
-19.3639
-19.708
-19.9316
-20.2924
-20.8122
-21.0756
-20.9443
-20.5238
-20.3549
-20.522
-21.069
-21.8626
-22.6394
-22.7878
-22.2665
-21.5716
-20.9929
-20.4902
-19.8817
-19.233
-18.8494
-18.6313
-18.4785
-18.378
-18.3103
-18.2641
-18.2314
-18.2065
-18.1858
-18.1664
-18.1464
-18.1246
-18.1
-18.072
-18.0404
-18.0055
-17.9675
-17.9273
-17.8855
-17.8433
-17.8018
-17.7621
-17.7253
-17.6922
-17.6636
-17.6401
-17.6222
-17.6102
-17.6039
-18.2364
-18.2403
-18.2477
-18.2588
-18.2736
-18.2917
-18.3132
-18.3378
-18.3651
-18.3948
-18.4263
-18.4592
-18.4931
-18.5275
-18.5621
-18.5963
-18.6299
-18.6625
-18.6941
-18.7247
-18.7547
-18.785
-18.8174
-18.8541
-18.8983
-18.9541
-19.0266
-19.1243
-19.2585
-19.439
-19.709
-20.1853
-20.6464
-20.9726
-21.4481
-22.0971
-22.5577
-22.4035
-21.8327
-21.5698
-21.695
-22.2936
-23.2255
-24.1266
-24.2857
-23.626
-22.8494
-22.3239
-21.696
-20.8066
-19.9792
-19.5196
-19.2431
-19.0418
-18.9095
-18.8192
-18.756
-18.7104
-18.6759
-18.6481
-18.6236
-18.6003
-18.5766
-18.5515
-18.5242
-18.4946
-18.4626
-18.4285
-18.3929
-18.3564
-18.3198
-18.284
-18.2498
-18.2182
-18.1897
-18.1651
-18.1449
-18.1294
-18.119
-18.1136
-18.7344
-18.7378
-18.7444
-18.7543
-18.7673
-18.7833
-18.8023
-18.8238
-18.8478
-18.8738
-18.9016
-18.9306
-18.9605
-18.9912
-19.0224
-19.0537
-19.0849
-19.1158
-19.1465
-19.177
-19.2079
-19.2403
-19.2758
-19.3171
-19.3681
-19.4334
-19.5197
-19.6365
-19.8009
-20.0337
-20.3306
-20.9408
-21.5671
-22.0019
-22.4237
-23.1374
-23.6319
-23.5232
-22.7407
-22.3687
-22.4458
-23.058
-24.0885
-25.1516
-25.1973
-24.417
-23.8574
-23.4913
-22.7681
-21.5281
-20.6313
-20.1192
-19.7886
-19.565
-19.4145
-19.3098
-19.2357
-19.1816
-19.1407
-19.108
-19.0802
-19.0548
-19.0301
-19.005
-18.9788
-18.9511
-18.9219
-18.8913
-18.8598
-18.8278
-18.796
-18.765
-18.7356
-18.7083
-18.6838
-18.6626
-18.6452
-18.6319
-18.6229
-18.6183
-19.2292
-19.2322
-19.238
-19.2467
-19.2582
-19.2723
-19.2889
-19.3078
-19.3288
-19.3516
-19.376
-19.4015
-19.428
-19.4552
-19.4832
-19.5115
-19.5402
-19.5692
-19.5985
-19.6284
-19.6593
-19.6924
-19.7294
-19.773
-19.8271
-19.8973
-19.9909
-20.1179
-20.2968
-20.553
-20.9169
-21.5793
-22.4096
-22.8937
-23.1422
-23.7565
-24.1735
-24.1257
-23.1997
-22.6817
-22.6868
-23.3008
-24.4644
-25.8292
-25.9066
-25.2898
-24.9998
-24.5915
-23.5108
-22.0827
-21.1551
-20.6201
-20.2724
-20.0441
-19.8881
-19.7788
-19.7006
-19.643
-19.5992
-19.5643
-19.535
-19.5088
-19.484
-19.4596
-19.4348
-19.4092
-19.3827
-19.3554
-19.3275
-19.2995
-19.2718
-19.245
-19.2195
-19.196
-19.175
-19.1568
-19.1418
-19.1303
-19.1226
-19.1186
-19.7211
-19.7238
-19.7289
-19.7366
-19.7467
-19.7591
-19.7736
-19.7901
-19.8084
-19.8283
-19.8496
-19.872
-19.8952
-19.9193
-19.9441
-19.9695
-19.9955
-20.0222
-20.0496
-20.0781
-20.1081
-20.1405
-20.1771
-20.2204
-20.2742
-20.344
-20.4374
-20.565
-20.7447
-21.0099
-21.3964
-22.0842
-23.0999
-23.805
-23.9233
-24.1643
-24.5796
-24.3801
-23.2338
-22.5244
-22.3867
-22.9425
-24.1799
-25.8252
-26.4845
-26.3118
-26.0912
-25.234
-23.7388
-22.3471
-21.5046
-21.0095
-20.688
-20.4764
-20.3294
-20.2255
-20.1502
-20.0941
-20.0509
-20.0164
-19.9874
-19.9618
-19.9379
-19.9148
-19.8918
-19.8684
-19.8445
-19.8203
-19.7957
-19.7713
-19.7472
-19.724
-19.702
-19.6818
-19.6637
-19.6481
-19.6352
-19.6254
-19.6187
-19.6154
-20.2106
-20.2129
-20.2175
-20.2243
-20.2331
-20.244
-20.2567
-20.2711
-20.2869
-20.3042
-20.3226
-20.3421
-20.3624
-20.3834
-20.4052
-20.4276
-20.4507
-20.4747
-20.4997
-20.526
-20.5539
-20.5844
-20.6188
-20.6593
-20.7094
-20.7737
-20.8594
-20.9769
-21.1416
-21.388
-21.7553
-22.4039
-23.478
-24.5132
-24.7908
-24.7734
-25.0428
-24.4045
-22.9637
-22.0147
-21.6785
-22.0764
-23.1604
-24.5897
-25.5672
-25.8411
-25.642
-24.7318
-23.418
-22.3206
-21.6873
-21.2996
-21.042
-20.8669
-20.7424
-20.6526
-20.5861
-20.5357
-20.4963
-20.4644
-20.4375
-20.4136
-20.3915
-20.3703
-20.3493
-20.3283
-20.3071
-20.2858
-20.2643
-20.243
-20.2222
-20.2021
-20.1832
-20.1659
-20.1504
-20.137
-20.126
-20.1175
-20.1119
-20.109
-20.698
-20.7001
-20.7041
-20.71
-20.7178
-20.7273
-20.7383
-20.7507
-20.7645
-20.7793
-20.7952
-20.812
-20.8295
-20.8477
-20.8665
-20.8859
-20.906
-20.927
-20.949
-20.9723
-20.9972
-21.0245
-21.0551
-21.0906
-21.1339
-21.1886
-21.2604
-21.3578
-21.4923
-21.6907
-21.9877
-22.4925
-23.396
-24.4264
-24.9886
-25.0445
-24.8276
-23.7548
-22.3431
-21.3523
-20.9425
-21.1551
-21.8901
-22.8726
-23.7217
-24.161
-24.058
-23.5172
-22.7342
-22.1407
-21.7791
-21.5315
-21.3558
-21.2289
-21.1352
-21.0651
-21.0116
-20.97
-20.9366
-20.9091
-20.8855
-20.8644
-20.8447
-20.8259
-20.8073
-20.7889
-20.7703
-20.7517
-20.7331
-20.7147
-20.6967
-20.6796
-20.6634
-20.6486
-20.6353
-20.6239
-20.6145
-20.6073
-20.6025
-20.6001
-21.1837
-21.1854
-21.189
-21.1941
-21.2009
-21.2091
-21.2187
-21.2294
-21.2412
-21.254
-21.2675
-21.2818
-21.2967
-21.3121
-21.3281
-21.3445
-21.3615
-21.3793
-21.3979
-21.4177
-21.4388
-21.4617
-21.4872
-21.5162
-21.5505
-21.5928
-21.6464
-21.7172
-21.8117
-21.9444
-22.1354
-22.4292
-22.9669
-23.6687
-24.1347
-24.0892
-23.5607
-22.6117
-21.595
-20.8624
-20.546
-20.6485
-21.0789
-21.7293
-22.3322
-22.6735
-22.6711
-22.4738
-22.2296
-22.0332
-21.8821
-21.7576
-21.6582
-21.5799
-21.5182
-21.4696
-21.4309
-21.3995
-21.3736
-21.3515
-21.3321
-21.3144
-21.2977
-21.2816
-21.2657
-21.2499
-21.2339
-21.2179
-21.202
-21.1863
-21.171
-21.1564
-21.1427
-21.1301
-21.1188
-21.1091
-21.1012
-21.0951
-21.091
-21.089
-21.6678
-21.6694
-21.6724
-21.6769
-21.6827
-21.6898
-21.698
-21.7072
-21.7173
-21.7281
-21.7395
-21.7515
-21.764
-21.7769
-21.7901
-21.8037
-21.8176
-21.832
-21.847
-21.8628
-21.8796
-21.8974
-21.9168
-21.9383
-21.9626
-21.9912
-22.0257
-22.0682
-22.1217
-22.1901
-22.2783
-22.3897
-22.5671
-22.8193
-22.9981
-22.8983
-22.4591
-21.822
-21.1896
-20.7681
-20.5888
-20.6543
-20.9095
-21.3002
-21.6866
-21.962
-22.0885
-22.1182
-22.1062
-22.0938
-22.0584
-22.0155
-21.9729
-21.9345
-21.901
-21.8724
-21.848
-21.8271
-21.809
-21.7929
-21.7781
-21.7643
-21.7509
-21.7377
-21.7246
-21.7114
-21.698
-21.6846
-21.6712
-21.658
-21.6451
-21.6328
-21.6212
-21.6106
-21.6011
-21.593
-21.5863
-21.5812
-21.5778
-21.576
-22.1508
-22.152
-22.1546
-22.1584
-22.1634
-22.1694
-22.1763
-22.1842
-22.1927
-22.2017
-22.2113
-22.2212
-22.2315
-22.242
-22.2526
-22.2634
-22.2743
-22.2854
-22.2968
-22.3085
-22.3206
-22.333
-22.3459
-22.3595
-22.3739
-22.3893
-22.4059
-22.4237
-22.4425
-22.4617
-22.4784
-22.4849
-22.4781
-22.4727
-22.4344
-22.2818
-21.9888
-21.6116
-21.2566
-21.0294
-20.9367
-20.9854
-21.1569
-21.414
-21.6834
-21.9105
-22.0726
-22.1859
-22.2696
-22.299
-22.3142
-22.3168
-22.3113
-22.3017
-22.2902
-22.2782
-22.2665
-22.2554
-22.2447
-22.2345
-22.2245
-22.2146
-22.2046
-22.1945
-22.1841
-22.1735
-22.1627
-22.1517
-22.1407
-22.1298
-22.1191
-22.1089
-22.0993
-22.0904
-22.0825
-22.0757
-22.0702
-22.0659
-22.0631
-22.0616
-22.6326
-22.6337
-22.6359
-22.639
-22.6432
-22.6482
-22.654
-22.6605
-22.6676
-22.675
-22.6829
-22.6909
-22.6992
-22.7075
-22.7157
-22.7239
-22.7319
-22.7399
-22.7476
-22.7553
-22.7628
-22.7699
-22.7765
-22.7826
-22.7877
-22.7914
-22.7931
-22.7917
-22.7856
-22.773
-22.7501
-22.7119
-22.6549
-22.5651
-22.4468
-22.2788
-22.0589
-21.821
-21.614
-21.4782
-21.4281
-21.4616
-21.5859
-21.7662
-21.9596
-22.14
-22.2946
-22.4215
-22.5201
-22.586
-22.629
-22.6576
-22.6751
-22.6849
-22.6894
-22.6904
-22.6891
-22.6862
-22.6823
-22.6775
-22.6721
-22.666
-22.6594
-22.6522
-22.6445
-22.6365
-22.628
-22.6194
-22.6106
-22.6018
-22.5931
-22.5848
-22.5769
-22.5697
-22.5632
-22.5576
-22.553
-22.5495
-22.5472
-22.546
-23.1137
-23.1146
-23.1163
-23.1189
-23.1223
-23.1264
-23.1311
-23.1364
-23.1422
-23.1482
-23.1544
-23.1608
-23.1671
-23.1734
-23.1794
-23.1852
-23.1906
-23.1955
-23.2
-23.2038
-23.207
-23.2092
-23.2101
-23.2094
-23.2066
-23.2008
-23.191
-23.1758
-23.1535
-23.122
-23.0785
-23.0195
-22.9406
-22.8366
-22.7087
-22.5584
-22.3929
-22.2289
-22.0922
-21.9985
-21.973
-21.9956
-22.0876
-22.2171
-22.3603
-22.5039
-22.6386
-22.7572
-22.8553
-22.9313
-22.9887
-23.0313
-23.0624
-23.0846
-23.1001
-23.1105
-23.1173
-23.1212
-23.1229
-23.123
-23.1216
-23.1191
-23.1156
-23.1112
-23.1061
-23.1005
-23.0943
-23.0878
-23.081
-23.0741
-23.0673
-23.0607
-23.0544
-23.0486
-23.0434
-23.0388
-23.0351
-23.0323
-23.0303
-23.0294
-23.5941
-23.5948
-23.5962
-23.5982
-23.6009
-23.6041
-23.6079
-23.6121
-23.6166
-23.6213
-23.626
-23.6308
-23.6355
-23.6399
-23.6439
-23.6475
-23.6505
-23.6528
-23.6542
-23.6547
-23.654
-23.6518
-23.6478
-23.6414
-23.6322
-23.6191
-23.6011
-23.5768
-23.5445
-23.5028
-23.4492
-23.3815
-23.2981
-23.197
-23.0798
-22.9528
-22.8253
-22.7075
-22.6123
-22.5444
-22.5346
-22.5525
-22.6219
-22.7175
-22.8255
-22.9394
-23.0524
-23.1565
-23.2468
-23.3221
-23.3833
-23.4319
-23.4701
-23.4997
-23.5223
-23.5393
-23.552
-23.5611
-23.5675
-23.5715
-23.5737
-23.5743
-23.5736
-23.5719
-23.5691
-23.5657
-23.5616
-23.557
-23.5521
-23.547
-23.5418
-23.5367
-23.5318
-23.5272
-23.5231
-23.5195
-23.5166
-23.5143
-23.5128
-23.512
-24.0739
-24.0744
-24.0755
-24.0771
-24.0792
-24.0817
-24.0846
-24.0878
-24.0912
-24.0946
-24.098
-24.1013
-24.1045
-24.1072
-24.1094
-24.111
-24.1119
-24.1118
-24.1106
-24.1082
-24.1042
-24.0983
-24.0903
-24.0795
-24.0654
-24.047
-24.0235
-23.9935
-23.9557
-23.9094
-23.8525
-23.7843
-23.7042
-23.6122
-23.5106
-23.406
-23.3064
-23.2187
-23.1485
-23.1001
-23.0979
-23.1154
-23.1675
-23.2403
-23.3231
-23.4136
-23.5065
-23.5952
-23.6752
-23.7451
-23.8046
-23.8544
-23.8953
-23.9287
-23.9555
-23.9768
-23.9935
-24.0065
-24.0164
-24.0237
-24.0288
-24.0321
-24.0339
-24.0344
-24.0337
-24.0322
-24.03
-24.0272
-24.0239
-24.0204
-24.0167
-24.0129
-24.0093
-24.0058
-24.0027
-23.9999
-23.9976
-23.9958
-23.9946
-23.9941
-24.5533
-24.5537
-24.5546
-24.5558
-24.5573
-24.5592
-24.5613
-24.5636
-24.566
-24.5682
-24.5704
-24.5725
-24.5742
-24.5754
-24.576
-24.5759
-24.5749
-24.5727
-24.5694
-24.5645
-24.5579
-24.5491
-24.5379
-24.5239
-24.5063
-24.4844
-24.4575
-24.4246
-24.3849
-24.3371
-24.281
-24.2162
-24.1428
-24.0617
-23.9755
-23.8897
-23.8106
-23.7434
-23.6882
-23.6547
-23.6558
-23.6747
-23.7147
-23.7719
-23.8365
-23.9087
-23.9844
-24.0587
-24.1279
-24.1906
-24.246
-24.2942
-24.3353
-24.3698
-24.3986
-24.4224
-24.4418
-24.4574
-24.4699
-24.4796
-24.4871
-24.4926
-24.4964
-24.4989
-24.5001
-24.5003
-24.4997
-24.4984
-24.4967
-24.4945
-24.492
-24.4895
-24.4869
-24.4844
-24.4821
-24.4801
-24.4784
-24.477
-24.4761
-24.4757
-25.0325
-25.0328
-25.0333
-25.0342
-25.0353
-25.0366
-25.038
-25.0396
-25.041
-25.0423
-25.0435
-25.0444
-25.0449
-25.0447
-25.0439
-25.0423
-25.0397
-25.0358
-25.0307
-25.0239
-25.0151
-25.0042
-24.9907
-24.9743
-24.9545
-24.9305
-24.9018
-24.8678
-24.8278
-24.7814
-24.7282
-24.6686
-24.603
-24.5328
-24.4603
-24.39
-24.3266
-24.2734
-24.2272
-24.2043
-24.2078
-24.2283
-24.2602
-24.3059
-24.3569
-24.4144
-24.476
-24.5377
-24.5969
-24.6521
-24.7025
-24.7474
-24.787
-24.8212
-24.8506
-24.8754
-24.8963
-24.9136
-24.9278
-24.9394
-24.9486
-24.9559
-24.9614
-24.9654
-24.9682
-24.9699
-24.9707
-24.9708
-24.9703
-24.9693
-24.968
-24.9664
-24.9648
-24.9632
-24.9616
-24.9602
-24.959
-24.958
-24.9573
-24.9571
-25.5115
-25.5116
-25.512
-25.5126
-25.5133
-25.514
-25.5149
-25.5157
-25.5164
-25.5169
-25.5171
-25.517
-25.5164
-25.5151
-25.5131
-25.5102
-25.5063
-25.5011
-25.4945
-25.4862
-25.4759
-25.4634
-25.4484
-25.4306
-25.4094
-25.3845
-25.3553
-25.3214
-25.2826
-25.2385
-25.1894
-25.1355
-25.0778
-25.0176
-24.9569
-24.8994
-24.8484
-24.8056
-24.7671
-24.7503
-24.7542
-24.7743
-24.8021
-24.8387
-24.8794
-24.9251
-24.9751
-25.0263
-25.0767
-25.1249
-25.1699
-25.2112
-25.2483
-25.2813
-25.3101
-25.3351
-25.3565
-25.3747
-25.39
-25.4028
-25.4133
-25.4219
-25.4287
-25.4341
-25.4381
-25.4411
-25.443
-25.4443
-25.4448
-25.4449
-25.4445
-25.4439
-25.443
-25.4421
-25.4412
-25.4403
-25.4395
-25.4389
-25.4384
-25.4383
-25.9903
-25.9904
-25.9906
-25.9909
-25.9913
-25.9916
-25.992
-25.9922
-25.9922
-25.992
-25.9914
-25.9905
-25.9889
-25.9867
-25.9836
-25.9797
-25.9747
-25.9684
-25.9607
-25.9512
-25.9399
-25.9264
-25.9105
-25.8919
-25.8703
-25.8451
-25.8164
-25.7836
-25.7467
-25.7058
-25.661
-25.6129
-25.5625
-25.511
-25.4603
-25.4132
-25.3722
-25.3375
-25.3066
-25.2939
-25.2954
-25.3137
-25.3398
-25.369
-25.4011
-25.4375
-25.4783
-25.5209
-25.5637
-25.6055
-25.6455
-25.6829
-25.7172
-25.7483
-25.776
-25.8004
-25.8218
-25.8403
-25.8562
-25.8697
-25.881
-25.8905
-25.8984
-25.9047
-25.9098
-25.9137
-25.9167
-25.9188
-25.9203
-25.9212
-25.9217
-25.9218
-25.9217
-25.9214
-25.921
-25.9205
-25.9201
-25.9198
-25.9195
-25.9195
-26.4691
-26.4691
-26.4692
-26.4692
-26.4693
-26.4693
-26.4692
-26.469
-26.4684
-26.4676
-26.4664
-26.4647
-26.4624
-26.4593
-26.4555
-26.4507
-26.4449
-26.4378
-26.4292
-26.419
-26.4069
-26.3929
-26.3766
-26.3578
-26.3362
-26.3115
-26.2837
-26.2526
-26.2182
-26.1806
-26.1403
-26.0977
-26.0538
-26.0098
-25.9673
-25.9286
-25.8958
-25.8673
-25.8427
-25.8313
-25.8317
-25.8484
-25.872
-25.8959
-25.921
-25.9499
-25.9834
-26.019
-26.0555
-26.0918
-26.1271
-26.1607
-26.1921
-26.221
-26.2472
-26.2706
-26.2915
-26.3098
-26.3258
-26.3397
-26.3515
-26.3616
-26.3701
-26.3772
-26.3831
-26.3878
-26.3915
-26.3945
-26.3967
-26.3983
-26.3995
-26.4002
-26.4007
-26.4009
-26.401
-26.4009
-26.4008
-26.4007
-26.4006
-26.4007
-26.9479
-26.9478
-26.9478
-26.9477
-26.9475
-26.9472
-26.9467
-26.9461
-26.9451
-26.9437
-26.9419
-26.9397
-26.9367
-26.9331
-26.9286
-26.9232
-26.9167
-26.909
-26.8998
-26.8891
-26.8767
-26.8625
-26.8462
-26.8275
-26.8065
-26.7827
-26.7563
-26.7272
-26.6954
-26.6613
-26.6251
-26.5875
-26.5494
-26.5118
-26.476
-26.4442
-26.4178
-26.3944
-26.3761
-26.3624
-26.3638
-26.3779
-26.3993
-26.4194
-26.4386
-26.4617
-26.4893
-26.5193
-26.5504
-26.582
-26.6132
-26.6432
-26.6717
-26.6983
-26.7227
-26.7449
-26.765
-26.7828
-26.7986
-26.8125
-26.8246
-26.835
-26.8439
-26.8515
-26.8579
-26.8632
-26.8676
-26.8712
-26.874
-26.8762
-26.8779
-26.8792
-26.8801
-26.8808
-26.8812
-26.8815
-26.8817
-26.8818
-26.8819
-26.882
-27.4269
-27.4267
-27.4266
-27.4263
-27.4259
-27.4253
-27.4246
-27.4235
-27.4221
-27.4204
-27.4182
-27.4154
-27.412
-27.4079
-27.4029
-27.397
-27.3901
-27.382
-27.3725
-27.3616
-27.3491
-27.3349
-27.3188
-27.3007
-27.2805
-27.2579
-27.2331
-27.2061
-27.1771
-27.1462
-27.114
-27.0809
-27.0478
-27.0156
-26.9852
-26.9589
-26.9376
-26.9182
-26.9031
-26.8919
-26.893
-26.9045
-26.9232
-26.9396
-26.9542
-26.9724
-26.9953
-27.0208
-27.0475
-27.075
-27.1025
-27.1293
-27.155
-27.1793
-27.202
-27.2228
-27.2418
-27.2589
-27.2742
-27.2879
-27.2999
-27.3104
-27.3196
-27.3275
-27.3343
-27.34
-27.3448
-27.3489
-27.3522
-27.3549
-27.357
-27.3587
-27.3601
-27.3611
-27.3619
-27.3624
-27.3629
-27.3631
-27.3633
-27.3635
-27.9059
-27.9058
-27.9055
-27.9051
-27.9045
-27.9037
-27.9027
-27.9014
-27.8997
-27.8976
-27.895
-27.8919
-27.8882
-27.8837
-27.8784
-27.8722
-27.865
-27.8566
-27.847
-27.8361
-27.8237
-27.8098
-27.7942
-27.7768
-27.7575
-27.7363
-27.7133
-27.6885
-27.6622
-27.6344
-27.6058
-27.5767
-27.5479
-27.5202
-27.4943
-27.4723
-27.4547
-27.4389
-27.4257
-27.4182
-27.4189
-27.4279
-27.4433
-27.4564
-27.4674
-27.4819
-27.5011
-27.5228
-27.546
-27.57
-27.5942
-27.6181
-27.6412
-27.6633
-27.6841
-27.7035
-27.7213
-27.7375
-27.7523
-27.7655
-27.7773
-27.7877
-27.797
-27.805
-27.812
-27.818
-27.8232
-27.8275
-27.8312
-27.8342
-27.8367
-27.8388
-27.8405
-27.8418
-27.8428
-27.8436
-27.8443
-27.8447
-27.845
-27.8452
-28.3852
-28.385
-28.3847
-28.3842
-28.3835
-28.3825
-28.3813
-28.3797
-28.3778
-28.3754
-28.3726
-28.3691
-28.3651
-28.3604
-28.3549
-28.3485
-28.3412
-28.3328
-28.3232
-28.3124
-28.3003
-28.2869
-28.2719
-28.2553
-28.2372
-28.2175
-28.1962
-28.1736
-28.1498
-28.1249
-28.0995
-28.074
-28.0489
-28.025
-28.0029
-27.9843
-27.9696
-27.9567
-27.946
-27.9406
-27.9411
-27.9476
-27.9594
-27.9695
-27.9782
-27.9902
-28.0065
-28.0252
-28.0453
-28.0663
-28.0876
-28.1089
-28.1297
-28.1497
-28.1687
-28.1866
-28.2031
-28.2184
-28.2324
-28.2451
-28.2565
-28.2668
-28.2759
-28.2839
-28.291
-28.2972
-28.3025
-28.3071
-28.311
-28.3143
-28.3171
-28.3194
-28.3213
-28.3229
-28.3242
-28.3252
-28.326
-28.3265
-28.3269
-28.3271
-28.8647
-28.8645
-28.8641
-28.8635
-28.8627
-28.8616
-28.8602
-28.8584
-28.8564
-28.8538
-28.8507
-28.8471
-28.843
-28.8381
-28.8325
-28.826
-28.8187
-28.8103
-28.8009
-28.7904
-28.7787
-28.7658
-28.7515
-28.7359
-28.719
-28.7008
-28.6813
-28.6608
-28.6393
-28.6171
-28.5946
-28.5722
-28.5504
-28.5297
-28.5107
-28.4948
-28.4822
-28.4716
-28.4631
-28.4589
-28.4591
-28.4634
-28.4719
-28.4798
-28.4873
-28.4976
-28.5115
-28.5277
-28.5451
-28.5635
-28.5823
-28.6012
-28.6199
-28.6379
-28.6552
-28.6716
-28.6869
-28.7012
-28.7144
-28.7264
-28.7374
-28.7473
-28.7562
-28.7642
-28.7712
-28.7774
-28.7829
-28.7876
-28.7916
-28.7951
-28.7981
-28.8006
-28.8027
-28.8045
-28.8059
-28.8071
-28.808
-28.8086
-28.809
-28.8093
-29.3446
-29.3443
-29.3439
-29.3432
-29.3423
-29.3411
-29.3396
-29.3377
-29.3355
-29.3328
-29.3296
-29.3259
-29.3216
-29.3166
-29.311
-29.3045
-29.2973
-29.2891
-29.2799
-29.2698
-29.2586
-29.2463
-29.2329
-29.2183
-29.2026
-29.1858
-29.168
-29.1494
-29.1301
-29.1104
-29.0905
-29.0708
-29.0518
-29.0339
-29.0176
-29.0039
-28.9929
-28.984
-28.9769
-28.9736
-28.9733
-28.9761
-28.9821
-28.9883
-28.9951
-29.0042
-29.0162
-29.0301
-29.0453
-29.0613
-29.0779
-29.0947
-29.1113
-29.1276
-29.1433
-29.1582
-29.1723
-29.1856
-29.1979
-29.2093
-29.2197
-29.2292
-29.2379
-29.2456
-29.2525
-29.2587
-29.2641
-29.2689
-29.273
-29.2766
-29.2797
-29.2824
-29.2846
-29.2865
-29.2881
-29.2893
-29.2903
-29.291
-29.2915
-29.2918
-29.8247
-29.8244
-29.8239
-29.8232
-29.8222
-29.821
-29.8193
-29.8174
-29.8151
-29.8123
-29.809
-29.8053
-29.801
-29.796
-29.7904
-29.784
-29.7769
-29.769
-29.7602
-29.7504
-29.7398
-29.7283
-29.7156
-29.702
-29.6876
-29.6722
-29.6561
-29.6393
-29.622
-29.6044
-29.5868
-29.5696
-29.553
-29.5375
-29.5234
-29.5114
-29.5017
-29.494
-29.4881
-29.4851
-29.4845
-29.4863
-29.4906
-29.4956
-29.5018
-29.5099
-29.5203
-29.5323
-29.5455
-29.5595
-29.5741
-29.589
-29.6038
-29.6184
-29.6326
-29.6462
-29.6591
-29.6713
-29.6828
-29.6935
-29.7033
-29.7124
-29.7206
-29.7281
-29.7348
-29.7408
-29.7462
-29.7509
-29.7551
-29.7587
-29.7619
-29.7646
-29.767
-29.769
-29.7706
-29.7719
-29.773
-29.7737
-29.7742
-29.7745
-30.3051
-30.3048
-30.3043
-30.3036
-30.3026
-30.3013
-30.2995
-30.2976
-30.2953
-30.2924
-30.2891
-30.2853
-30.281
-30.2762
-30.2706
-30.2644
-30.2575
-30.2499
-30.2415
-30.2323
-30.2222
-30.2114
-30.1997
-30.1871
-30.1737
-30.1597
-30.1451
-30.13
-30.1145
-30.0988
-30.0833
-30.0682
-30.0537
-30.0402
-30.028
-30.0175
-30.0088
-30.0021
-29.997
-29.9942
-29.9934
-29.9946
-29.9977
-30.0019
-30.0075
-30.0147
-30.0237
-30.0341
-30.0455
-30.0578
-30.0707
-30.0838
-30.097
-30.1101
-30.1228
-30.1352
-30.147
-30.1583
-30.1689
-30.1788
-30.188
-30.1966
-30.2044
-30.2115
-30.218
-30.2238
-30.2291
-30.2337
-30.2378
-30.2415
-30.2447
-30.2474
-30.2498
-30.2518
-30.2535
-30.2549
-30.256
-30.2567
-30.2573
-30.2576
-30.7859
-30.7856
-30.785
-30.7843
-30.7833
-30.782
-30.7802
-30.7783
-30.7759
-30.7731
-30.7698
-30.7661
-30.7618
-30.757
-30.7517
-30.7457
-30.739
-30.7317
-30.7238
-30.7151
-30.7057
-30.6955
-30.6847
-30.6731
-30.6608
-30.6481
-30.6349
-30.6213
-30.6074
-30.5935
-30.5798
-30.5665
-30.5538
-30.542
-30.5314
-30.5221
-30.5145
-30.5084
-30.504
-30.5014
-30.5005
-30.5013
-30.5037
-30.5073
-30.5122
-30.5186
-30.5263
-30.5353
-30.5453
-30.5561
-30.5674
-30.579
-30.5907
-30.6024
-30.6139
-30.625
-30.6358
-30.6461
-30.6559
-30.6651
-30.6737
-30.6817
-30.6891
-30.6958
-30.702
-30.7076
-30.7127
-30.7172
-30.7212
-30.7248
-30.728
-30.7307
-30.7331
-30.7352
-30.7368
-30.7382
-30.7393
-30.7401
-30.7406
-30.7409
-31.267
-31.2667
-31.2661
-31.2654
-31.2644
-31.263
-31.2613
-31.2594
-31.257
-31.2542
-31.251
-31.2474
-31.2432
-31.2386
-31.2334
-31.2277
-31.2213
-31.2144
-31.2069
-31.1988
-31.19
-31.1805
-31.1705
-31.1599
-31.1488
-31.1372
-31.1253
-31.1131
-31.1007
-31.0884
-31.0762
-31.0645
-31.0534
-31.043
-31.0337
-31.0256
-31.0188
-31.0134
-31.0094
-31.007
-31.0061
-31.0066
-31.0085
-31.0116
-31.0159
-31.0215
-31.0282
-31.036
-31.0447
-31.0542
-31.0641
-31.0743
-31.0848
-31.0952
-31.1055
-31.1156
-31.1253
-31.1347
-31.1437
-31.1522
-31.1601
-31.1676
-31.1745
-31.1809
-31.1868
-31.1921
-31.197
-31.2013
-31.2052
-31.2087
-31.2118
-31.2145
-31.2169
-31.2189
-31.2206
-31.2219
-31.223
-31.2238
-31.2243
-31.2246
-31.7484
-31.7481
-31.7475
-31.7468
-31.7459
-31.7445
-31.7429
-31.7409
-31.7386
-31.7359
-31.7328
-31.7292
-31.7252
-31.7208
-31.7158
-31.7104
-31.7044
-31.6979
-31.6908
-31.6833
-31.6751
-31.6663
-31.6571
-31.6474
-31.6373
-31.6269
-31.6161
-31.6052
-31.5942
-31.5832
-31.5725
-31.5622
-31.5524
-31.5433
-31.5351
-31.5279
-31.5219
-31.517
-31.5135
-31.5112
-31.5103
-31.5106
-31.5122
-31.5149
-31.5186
-31.5235
-31.5293
-31.5362
-31.5438
-31.552
-31.5607
-31.5698
-31.579
-31.5883
-31.5975
-31.6066
-31.6154
-31.624
-31.6322
-31.64
-31.6473
-31.6542
-31.6607
-31.6667
-31.6722
-31.6772
-31.6818
-31.686
-31.6898
-31.6932
-31.6961
-31.6988
-31.701
-31.703
-31.7046
-31.706
-31.707
-31.7078
-31.7083
-31.7086
-32.2302
-32.2298
-32.2293
-32.2286
-32.2276
-32.2262
-32.2247
-32.2228
-32.2205
-32.2179
-32.215
-32.2116
-32.2078
-32.2035
-32.1988
-32.1937
-32.1881
-32.182
-32.1755
-32.1684
-32.1609
-32.1529
-32.1444
-32.1356
-32.1265
-32.117
-32.1074
-32.0976
-32.0878
-32.0781
-32.0686
-32.0595
-32.0508
-32.0428
-32.0356
-32.0293
-32.0239
-32.0196
-32.0164
-32.0143
-32.0134
-32.0136
-32.0148
-32.0172
-32.0204
-32.0247
-32.0298
-32.0357
-32.0424
-32.0496
-32.0573
-32.0652
-32.0734
-32.0817
-32.0899
-32.0981
-32.106
-32.1138
-32.1212
-32.1283
-32.1351
-32.1415
-32.1474
-32.153
-32.1582
-32.1629
-32.1673
-32.1712
-32.1748
-32.178
-32.1809
-32.1834
-32.1856
-32.1875
-32.1891
-32.1904
-32.1914
-32.1921
-32.1926
-32.1929
-32.7122
-32.7119
-32.7113
-32.7107
-32.7096
-32.7084
-32.7069
-32.7051
-32.7029
-32.7004
-32.6976
-32.6944
-32.6908
-32.6868
-32.6823
-32.6775
-32.6723
-32.6667
-32.6606
-32.6542
-32.6472
-32.6399
-32.6322
-32.6243
-32.616
-32.6075
-32.5989
-32.5901
-32.5814
-32.5728
-32.5645
-32.5564
-32.5488
-32.5418
-32.5354
-32.5298
-32.525
-32.5212
-32.5183
-32.5164
-32.5155
-32.5156
-32.5166
-32.5186
-32.5214
-32.5251
-32.5296
-32.5348
-32.5406
-32.5469
-32.5536
-32.5607
-32.5679
-32.5752
-32.5826
-32.5899
-32.597
-32.604
-32.6107
-32.6172
-32.6234
-32.6292
-32.6347
-32.6399
-32.6447
-32.6491
-32.6532
-32.6569
-32.6603
-32.6634
-32.6661
-32.6685
-32.6706
-32.6724
-32.6739
-32.6751
-32.6761
-32.6768
-32.6772
-32.6775
-33.1945
-33.1942
-33.1937
-33.193
-33.192
-33.1909
-33.1894
-33.1877
-33.1857
-33.1833
-33.1806
-33.1776
-33.1742
-33.1705
-33.1664
-33.1619
-33.1571
-33.152
-33.1464
-33.1404
-33.134
-33.1274
-33.1205
-33.1133
-33.1059
-33.0983
-33.0905
-33.0828
-33.0751
-33.0675
-33.0601
-33.053
-33.0463
-33.0401
-33.0345
-33.0295
-33.0253
-33.0219
-33.0193
-33.0176
-33.0167
-33.0167
-33.0176
-33.0193
-33.0217
-33.0249
-33.0288
-33.0334
-33.0384
-33.0439
-33.0498
-33.056
-33.0624
-33.0689
-33.0754
-33.0819
-33.0883
-33.0946
-33.1007
-33.1065
-33.1121
-33.1175
-33.1225
-33.1272
-33.1317
-33.1358
-33.1396
-33.143
-33.1462
-33.1491
-33.1516
-33.1539
-33.1559
-33.1575
-33.159
-33.1601
-33.161
-33.1617
-33.1622
-33.1624
-33.677
-33.6767
-33.6763
-33.6757
-33.6748
-33.6737
-33.6723
-33.6707
-33.6688
-33.6666
-33.6641
-33.6613
-33.6581
-33.6546
-33.6509
-33.6468
-33.6424
-33.6376
-33.6325
-33.627
-33.6213
-33.6153
-33.609
-33.6026
-33.596
-33.5892
-33.5823
-33.5754
-33.5686
-33.5619
-33.5554
-33.5492
-33.5433
-33.5379
-33.533
-33.5286
-33.5249
-33.5218
-33.5195
-33.5179
-33.5171
-33.5171
-33.5178
-33.5193
-33.5214
-33.5242
-33.5276
-33.5315
-33.5359
-33.5407
-33.5459
-33.5513
-33.5569
-33.5626
-33.5683
-33.5741
-33.5798
-33.5854
-33.5909
-33.5962
-33.6012
-33.6061
-33.6106
-33.615
-33.619
-33.6228
-33.6263
-33.6295
-33.6325
-33.6351
-33.6375
-33.6396
-33.6415
-33.643
-33.6444
-33.6454
-33.6463
-33.6469
-33.6473
-33.6476
-34.1598
-34.1596
-34.1592
-34.1586
-34.1578
-34.1568
-34.1555
-34.154
-34.1522
-34.1502
-34.1478
-34.1452
-34.1424
-34.1392
-34.1357
-34.132
-34.128
-34.1236
-34.119
-34.114
-34.1089
-34.1035
-34.0979
-34.0921
-34.0862
-34.0802
-34.0742
-34.0681
-34.0621
-34.0563
-34.0506
-34.0451
-34.04
-34.0352
-34.0309
-34.0271
-34.0238
-34.0211
-34.0191
-34.0177
-34.0169
-34.0168
-34.0174
-34.0187
-34.0205
-34.0229
-34.0259
-34.0293
-34.0331
-34.0373
-34.0417
-34.0464
-34.0513
-34.0563
-34.0614
-34.0665
-34.0716
-34.0766
-34.0814
-34.0861
-34.0907
-34.095
-34.0991
-34.1031
-34.1067
-34.1102
-34.1134
-34.1163
-34.119
-34.1215
-34.1237
-34.1256
-34.1273
-34.1288
-34.13
-34.131
-34.1318
-34.1324
-34.1328
-34.133
-34.6429
-34.6427
-34.6423
-34.6418
-34.6411
-34.6401
-34.6389
-34.6375
-34.6359
-34.6341
-34.6319
-34.6295
-34.6269
-34.6241
-34.6209
-34.6176
-34.6139
-34.61
-34.6058
-34.6013
-34.5967
-34.592
-34.587
-34.5819
-34.5767
-34.5714
-34.5661
-34.5608
-34.5556
-34.5504
-34.5455
-34.5407
-34.5363
-34.5321
-34.5284
-34.5251
-34.5222
-34.5199
-34.518
-34.5168
-34.5161
-34.516
-34.5165
-34.5176
-34.5191
-34.5212
-34.5238
-34.5267
-34.53
-34.5335
-34.5374
-34.5415
-34.5457
-34.5501
-34.5545
-34.559
-34.5635
-34.5679
-34.5722
-34.5764
-34.5804
-34.5843
-34.5879
-34.5914
-34.5947
-34.5978
-34.6007
-34.6034
-34.6059
-34.6081
-34.6101
-34.6119
-34.6135
-34.6148
-34.6159
-34.6169
-34.6176
-34.6181
-34.6185
-34.6187
-35.1262
-35.126
-35.1257
-35.1252
-35.1246
-35.1237
-35.1226
-35.1213
-35.1199
-35.1182
-35.1163
-35.1141
-35.1118
-35.1092
-35.1064
-35.1034
-35.1001
-35.0966
-35.0929
-35.089
-35.0849
-35.0807
-35.0763
-35.0719
-35.0673
-35.0627
-35.058
-35.0535
-35.0489
-35.0445
-35.0402
-35.0361
-35.0323
-35.0287
-35.0255
-35.0226
-35.0202
-35.0181
-35.0165
-35.0154
-35.0148
-35.0146
-35.0151
-35.016
-35.0173
-35.0191
-35.0212
-35.0237
-35.0265
-35.0296
-35.0329
-35.0364
-35.0401
-35.0438
-35.0477
-35.0516
-35.0555
-35.0594
-35.0631
-35.0668
-35.0704
-35.0738
-35.077
-35.0801
-35.083
-35.0858
-35.0884
-35.0908
-35.093
-35.095
-35.0968
-35.0984
-35.0998
-35.1011
-35.1021
-35.1029
-35.1036
-35.1041
-35.1044
-35.1046
-35.6098
-35.6096
-35.6093
-35.6089
-35.6083
-35.6075
-35.6065
-35.6054
-35.6041
-35.6026
-35.6008
-35.5989
-35.5969
-35.5946
-35.5922
-35.5895
-35.5866
-35.5835
-35.5802
-35.5768
-35.5733
-35.5696
-35.5658
-35.5619
-35.558
-35.554
-35.55
-35.5461
-35.5422
-35.5384
-35.5348
-35.5313
-35.528
-35.525
-35.5222
-35.5198
-35.5177
-35.5159
-35.5145
-35.5135
-35.513
-35.5128
-35.5132
-35.5139
-35.5151
-35.5166
-35.5184
-35.5205
-35.5229
-35.5255
-35.5283
-35.5312
-35.5344
-35.5376
-35.5409
-35.5443
-35.5477
-35.551
-35.5542
-35.5574
-35.5605
-35.5635
-35.5663
-35.569
-35.5715
-35.574
-35.5762
-35.5783
-35.5803
-35.5821
-35.5837
-35.5851
-35.5864
-35.5875
-35.5884
-35.5892
-35.5898
-35.5902
-35.5905
-35.5907
-36.0935
-36.0933
-36.0931
-36.0927
-36.0921
-36.0914
-36.0906
-36.0896
-36.0884
-36.0871
-36.0856
-36.084
-36.0822
-36.0803
-36.0781
-36.0758
-36.0733
-36.0706
-36.0678
-36.0649
-36.0619
-36.0587
-36.0555
-36.0521
-36.0488
-36.0454
-36.0421
-36.0387
-36.0355
-36.0323
-36.0292
-36.0262
-36.0235
-36.021
-36.0187
-36.0166
-36.0148
-36.0133
-36.0121
-36.0113
-36.0108
-36.0107
-36.0109
-36.0115
-36.0125
-36.0137
-36.0152
-36.017
-36.019
-36.0211
-36.0235
-36.026
-36.0286
-36.0314
-36.0342
-36.037
-36.0399
-36.0427
-36.0455
-36.0482
-36.0508
-36.0533
-36.0557
-36.058
-36.0602
-36.0623
-36.0643
-36.0661
-36.0678
-36.0694
-36.0708
-36.0721
-36.0732
-36.0741
-36.0749
-36.0756
-36.0762
-36.0765
-36.0768
-36.077
-36.5774
-36.5772
-36.577
-36.5766
-36.5761
-36.5755
-36.5748
-36.5739
-36.573
-36.5718
-36.5706
-36.5692
-36.5677
-36.5661
-36.5642
-36.5622
-36.5601
-36.5579
-36.5555
-36.5531
-36.5506
-36.5479
-36.5452
-36.5424
-36.5397
-36.5369
-36.5341
-36.5313
-36.5286
-36.526
-36.5235
-36.5211
-36.5188
-36.5168
-36.5149
-36.5132
-36.5117
-36.5104
-36.5094
-36.5087
-36.5083
-36.5082
-36.5084
-36.5089
-36.5096
-36.5106
-36.5119
-36.5133
-36.5149
-36.5167
-36.5186
-36.5206
-36.5228
-36.5251
-36.5274
-36.5298
-36.5321
-36.5345
-36.5368
-36.5391
-36.5412
-36.5433
-36.5454
-36.5473
-36.5491
-36.5509
-36.5525
-36.5541
-36.5555
-36.5568
-36.558
-36.5591
-36.5601
-36.5609
-36.5616
-36.5622
-36.5627
-36.563
-36.5632
-36.5634
-37.0614
-37.0613
-37.0611
-37.0607
-37.0603
-37.0598
-37.0592
-37.0585
-37.0576
-37.0567
-37.0557
-37.0546
-37.0533
-37.052
-37.0505
-37.0488
-37.0471
-37.0453
-37.0434
-37.0414
-37.0394
-37.0372
-37.035
-37.0328
-37.0306
-37.0283
-37.0261
-37.0239
-37.0218
-37.0197
-37.0176
-37.0157
-37.014
-37.0123
-37.0108
-37.0095
-37.0083
-37.0073
-37.0065
-37.0059
-37.0055
-37.0054
-37.0056
-37.006
-37.0066
-37.0074
-37.0083
-37.0094
-37.0107
-37.0121
-37.0136
-37.0152
-37.017
-37.0188
-37.0206
-37.0225
-37.0244
-37.0263
-37.0282
-37.03
-37.0318
-37.0335
-37.0351
-37.0367
-37.0382
-37.0396
-37.0409
-37.0422
-37.0434
-37.0444
-37.0454
-37.0463
-37.0471
-37.0478
-37.0484
-37.0489
-37.0493
-37.0496
-37.0498
-37.0499
-37.5455
-37.5454
-37.5452
-37.5449
-37.5446
-37.5442
-37.5437
-37.5431
-37.5424
-37.5417
-37.5409
-37.5401
-37.5391
-37.538
-37.5368
-37.5356
-37.5342
-37.5328
-37.5314
-37.5298
-37.5282
-37.5266
-37.5249
-37.5232
-37.5215
-37.5198
-37.5181
-37.5165
-37.5148
-37.5132
-37.5117
-37.5103
-37.509
-37.5078
-37.5066
-37.5056
-37.5047
-37.5039
-37.5033
-37.5029
-37.5026
-37.5025
-37.5026
-37.5029
-37.5033
-37.5039
-37.5046
-37.5055
-37.5064
-37.5074
-37.5086
-37.5098
-37.5111
-37.5124
-37.5139
-37.5153
-37.5168
-37.5182
-37.5196
-37.521
-37.5224
-37.5237
-37.525
-37.5262
-37.5273
-37.5284
-37.5294
-37.5304
-37.5313
-37.5322
-37.533
-37.5337
-37.5343
-37.5349
-37.5353
-37.5357
-37.536
-37.5362
-37.5364
-37.5365
-38.0296
-38.0296
-38.0294
-38.0292
-38.029
-38.0286
-38.0283
-38.0278
-38.0274
-38.0268
-38.0263
-38.0256
-38.0249
-38.0242
-38.0233
-38.0224
-38.0215
-38.0205
-38.0194
-38.0183
-38.0172
-38.016
-38.0148
-38.0137
-38.0125
-38.0113
-38.0101
-38.009
-38.0079
-38.0068
-38.0057
-38.0048
-38.0039
-38.0031
-38.0023
-38.0016
-38.001
-38.0005
-38
-37.9997
-37.9995
-37.9994
-37.9995
-37.9997
-38
-38.0004
-38.0008
-38.0014
-38.002
-38.0027
-38.0034
-38.0043
-38.0052
-38.0061
-38.0071
-38.0081
-38.0091
-38.0101
-38.0111
-38.0121
-38.0131
-38.014
-38.0149
-38.0157
-38.0166
-38.0173
-38.0181
-38.0188
-38.0194
-38.0201
-38.0206
-38.0211
-38.0216
-38.022
-38.0223
-38.0226
-38.0228
-38.023
-38.0231
-38.0232
-38.5138
-38.5138
-38.5137
-38.5135
-38.5134
-38.5131
-38.5129
-38.5127
-38.5124
-38.5121
-38.5117
-38.5113
-38.5109
-38.5104
-38.5099
-38.5094
-38.5088
-38.5082
-38.5076
-38.5069
-38.5063
-38.5056
-38.5049
-38.5042
-38.5035
-38.5028
-38.5022
-38.5015
-38.5009
-38.5003
-38.4998
-38.4992
-38.4987
-38.4983
-38.4979
-38.4975
-38.4972
-38.4969
-38.4966
-38.4964
-38.4963
-38.4963
-38.4963
-38.4964
-38.4965
-38.4967
-38.4969
-38.4972
-38.4975
-38.4979
-38.4983
-38.4988
-38.4992
-38.4998
-38.5003
-38.5009
-38.5015
-38.5021
-38.5026
-38.5032
-38.5038
-38.5044
-38.5049
-38.5054
-38.5059
-38.5064
-38.5068
-38.5072
-38.5076
-38.508
-38.5083
-38.5086
-38.5089
-38.5092
-38.5094
-38.5095
-38.5097
-38.5098
-38.5098
-38.5099
-38.998
-38.9979
-38.9979
-38.9978
-38.9978
-38.9977
-38.9976
-38.9975
-38.9974
-38.9973
-38.9972
-38.9971
-38.9969
-38.9968
-38.9966
-38.9964
-38.9962
-38.996
-38.9958
-38.9956
-38.9954
-38.9952
-38.995
-38.9948
-38.9946
-38.9944
-38.9943
-38.9941
-38.994
-38.9939
-38.9938
-38.9937
-38.9936
-38.9936
-38.9935
-38.9934
-38.9934
-38.9933
-38.9932
-38.9932
-38.9932
-38.9931
-38.9931
-38.9931
-38.9931
-38.9931
-38.9931
-38.9931
-38.9931
-38.9931
-38.9932
-38.9933
-38.9933
-38.9934
-38.9936
-38.9937
-38.9938
-38.994
-38.9942
-38.9944
-38.9946
-38.9948
-38.9949
-38.9951
-38.9953
-38.9954
-38.9956
-38.9957
-38.9959
-38.996
-38.9961
-38.9962
-38.9963
-38.9964
-38.9964
-38.9965
-38.9965
-38.9966
-38.9966
-38.9966
)
;

boundaryField
{
    lowerWall
    {
        type            calculated;
        value           nonuniform List<scalar> 
80
(
9752.13
9751.26
9749.52
9746.88
9743.33
9738.83
9733.34
9726.8
9719.16
9710.36
9700.3
9688.92
9676.12
9661.79
9645.83
9628.13
9608.57
9587.04
9563.43
9537.63
9509.55
9479.12
9446.3
9411.07
9373.48
9333.63
9291.67
9247.88
9202.61
9156.3
9109.54
9063.01
9017.51
8973.93
8933.24
8896.47
8864.61
8838.63
8819.34
8807.39
8803.21
8806.94
8818.44
8837.31
8862.91
8894.41
8930.87
8971.27
9014.59
9059.87
9106.19
9152.77
9198.91
9244.03
9287.68
9329.51
9369.24
9406.72
9441.84
9474.58
9504.92
9532.91
9558.62
9582.14
9603.56
9623.01
9640.58
9656.39
9670.55
9683.15
9694.3
9704.07
9712.57
9719.84
9725.96
9730.98
9734.94
9737.88
9739.83
9740.8
)
;
    }
    rightWall
    {
        type            calculated;
        value           nonuniform List<scalar> 
80
(
9495.55
9006.01
8517.42
8029.76
7543.02
7057.14
6572.09
6087.82
5604.27
5121.37
4639.05
4157.22
3675.8
3194.7
2713.81
2233.04
1752.29
1271.39
790.95
309.325
28.1054
-9.663
-10.2174
-10.8054
-11.4108
-12.0216
-12.6286
-13.2264
-13.8123
-14.3857
-14.9467
-15.4962
-16.0356
-16.5659
-17.0884
-17.6039
-18.1136
-18.6183
-19.1186
-19.6154
-20.109
-20.6001
-21.089
-21.576
-22.0616
-22.546
-23.0294
-23.512
-23.9941
-24.4757
-24.9571
-25.4383
-25.9195
-26.4007
-26.882
-27.3635
-27.8452
-28.3271
-28.8093
-29.2918
-29.7745
-30.2576
-30.7409
-31.2246
-31.7086
-32.1929
-32.6775
-33.1624
-33.6476
-34.133
-34.6187
-35.1046
-35.5907
-36.077
-36.5634
-37.0499
-37.5365
-38.0232
-38.5099
-38.9966
)
;
    }
    atmosphere
    {
        type            calculated;
        value           nonuniform List<scalar> 
80
(
-39.24
-39.24
-39.24
-39.24
-39.24
-39.24
-39.24
-39.24
-39.24
-39.24
-39.24
-39.24
-39.24
-39.24
-39.24
-39.24
-39.24
-39.24
-39.24
-39.24
-39.24
-39.24
-39.24
-39.2401
-39.2402
-39.2403
-39.2404
-39.2405
-39.2406
-39.2407
-39.2409
-39.241
-39.2411
-39.2412
-39.2413
-39.2414
-39.2415
-39.2416
-39.2416
-39.2417
-39.2417
-39.2416
-39.2416
-39.2415
-39.2414
-39.2413
-39.2412
-39.2411
-39.2409
-39.2408
-39.2407
-39.2405
-39.2404
-39.2403
-39.2402
-39.2401
-39.2401
-39.24
-39.24
-39.24
-39.24
-39.24
-39.24
-39.24
-39.24
-39.24
-39.24
-39.24
-39.24
-39.24
-39.24
-39.24
-39.24
-39.24
-39.24
-39.24
-39.24
-39.24
-39.24
-39.24
)
;
    }
    leftWall
    {
        type            calculated;
        value           nonuniform List<scalar> 
80
(
9506.88
9017.24
8528.45
8040.5
7553.35
7066.99
6581.36
6096.42
5612.11
5128.38
4645.14
4162.34
3679.89
3197.7
2715.68
2233.75
1751.81
1269.7
788.036
305.193
25.5563
-10.2931
-10.8078
-11.34
-11.8842
-12.4347
-12.9865
-13.5362
-14.0815
-14.6212
-15.1546
-15.6818
-16.203
-16.7185
-17.2289
-17.7348
-18.2364
-18.7344
-19.2292
-19.7211
-20.2106
-20.698
-21.1837
-21.6678
-22.1508
-22.6326
-23.1137
-23.5941
-24.0739
-24.5533
-25.0325
-25.5115
-25.9903
-26.4691
-26.9479
-27.4269
-27.9059
-28.3852
-28.8647
-29.3446
-29.8247
-30.3051
-30.7859
-31.267
-31.7484
-32.2302
-32.7122
-33.1945
-33.677
-34.1598
-34.6429
-35.1262
-35.6098
-36.0935
-36.5774
-37.0614
-37.5455
-38.0296
-38.5138
-38.998
)
;
    }
    frontAndBack
    {
        type            empty;
    }
}


// ************************************************************************* //
