/*--------------------------------*- C++ -*----------------------------------*\
| =========                 |                                                 |
| \\      /  F ield         | OpenFOAM: The Open Source CFD Toolbox           |
|  \\    /   O peration     | Version:  2412                                  |
|   \\  /    A nd           | Website:  www.openfoam.com                      |
|    \\/     M anipulation  |                                                 |
\*---------------------------------------------------------------------------*/
FoamFile
{
    version     2.0;
    format      ascii;
    arch        "LSB;label=32;scalar=64";
    class       volScalarField;
    location    "6.8";
    object      p;
}
// * * * * * * * * * * * * * * * * * * * * * * * * * * * * * * * * * * * * * //

dimensions      [1 -1 -2 0 0 0 0];

internalField   nonuniform List<scalar> 
6400
(
129616
129622
129635
129655
129680
129710
129745
129783
129825
129869
129916
129962
130008
130054
130099
130142
130184
130224
130262
130298
130333
130367
130400
130432
130464
130496
130528
130561
130594
130627
130660
130693
130725
130756
130784
130810
130833
130853
130867
130878
130883
130884
130880
130871
130857
130840
130819
130795
130768
130739
130708
130676
130643
130609
130573
130537
130499
130461
130420
130379
130335
130290
130243
130194
130143
130091
130038
129984
129930
129877
129826
129776
129729
129687
129648
129614
129587
129565
129551
129543
122971
122977
122991
123010
123036
123067
123102
123142
123184
123229
123275
123322
123369
123416
123461
123504
123546
123586
123623
123660
123694
123728
123760
123792
123824
123856
123889
123922
123955
123989
124023
124056
124089
124121
124150
124177
124201
124220
124236
124246
124252
124253
124248
124239
124225
124206
124185
124160
124132
124103
124072
124039
124005
123971
123935
123899
123861
123822
123782
123741
123697
123652
123605
123556
123505
123453
123399
123345
123291
123237
123185
123134
123087
123043
123004
122970
122941
122920
122905
122898
116319
116326
116340
116360
116387
116419
116456
116497
116541
116587
116635
116683
116731
116778
116824
116867
116909
116949
116986
117022
117056
117089
117121
117153
117184
117216
117248
117282
117316
117350
117385
117420
117455
117488
117519
117547
117572
117593
117609
117620
117626
117626
117621
117611
117596
117577
117554
117528
117499
117469
117437
117403
117369
117334
117298
117261
117224
117185
117145
117104
117061
117016
116969
116919
116868
116815
116761
116706
116650
116595
116541
116490
116441
116395
116354
116319
116290
116267
116252
116244
109660
109668
109682
109704
109732
109766
109805
109849
109895
109944
109993
110044
110093
110142
110188
110233
110275
110314
110351
110386
110419
110451
110482
110513
110544
110575
110607
110641
110676
110712
110748
110785
110821
110856
110889
110920
110946
110969
110986
110998
111004
111004
110999
110988
110972
110951
110926
110899
110868
110836
110802
110768
110733
110697
110661
110624
110587
110549
110510
110469
110426
110381
110334
110285
110233
110179
110124
110067
110010
109953
109896
109842
109791
109743
109700
109663
109632
109608
109592
109583
102994
103002
103017
103041
103072
103108
103151
103197
103247
103299
103352
103405
103457
103507
103555
103600
103643
103682
103718
103752
103783
103814
103843
103873
103902
103933
103965
103999
104035
104072
104110
104149
104188
104226
104262
104295
104325
104349
104368
104381
104388
104388
104381
104369
104351
104328
104301
104271
104238
104204
104169
104133
104097
104060
104024
103988
103952
103914
103876
103836
103794
103749
103702
103653
103600
103545
103488
103429
103369
103309
103249
103192
103137
103086
103040
103000
102966
102941
102923
102914
96318.5
96327.3
96344.9
96370.9
96404.6
96445.1
96491.5
96542.4
96596.7
96653.1
96710.3
96767
96822.2
96875
96924.7
96970.8
97013.2
97051.8
97087
97119.1
97148.9
97177.1
97204.4
97231.7
97259.8
97289.5
97321.1
97355.2
97391.7
97430.5
97471.3
97513.3
97555.8
97597.5
97637.5
97674.4
97707.1
97734.5
97755.7
97770
97777.1
97776.7
97769.1
97754.8
97734.3
97708.6
97678.6
97645.3
97609.7
97572.8
97535.2
97497.7
97460.5
97423.9
97387.9
97352.2
97316.6
97280.4
97243.3
97204.5
97163.6
97120
97073.3
97023.4
96970.1
96913.6
96854.1
96792.2
96728.7
96664.5
96600.6
96538.3
96478.9
96423.5
96373.4
96329.6
96293.2
96264.9
96245.6
96235.5
89634.1
89644
89663.7
89692.9
89730.6
89775.9
89827.6
89884.2
89944.4
90006.5
90069
90130.5
90189.8
90245.7
90297.5
90344.8
90387.3
90425.2
90458.8
90488.7
90515.7
90540.9
90565.2
90589.7
90615.5
90643.5
90674.3
90708.4
90746
90786.9
90830.7
90876.5
90923.4
90970
91014.9
91056.7
91093.8
91124.9
91148.9
91165
91172.7
91171.9
91162.8
91145.9
91122.2
91092.8
91058.8
91021.6
90982.3
90942.1
90901.8
90862.3
90823.9
90786.8
90751.1
90716.3
90682
90647.6
90612.3
90575.3
90535.9
90493.5
90447.4
90397.3
90343
90284.6
90222.4
90156.8
90088.9
90019.6
89950.2
89882.1
89816.8
89755.8
89700.4
89652
89611.6
89580.2
89558.6
89547.1
82939
82950.5
82973
83006.1
83048.9
83100.3
83158.7
83222.6
83290.1
83359.5
83428.8
83496.3
83560.5
83620.3
83674.8
83723.3
83765.9
83802.5
83833.9
83860.6
83884
83905.1
83925.3
83946.1
83968.7
83994.2
84023.7
84057.6
84096.4
84139.8
84187.3
84237.9
84290.4
84343.2
84394.5
84442.4
84485.2
84521.1
84548.7
84567.1
84575.6
84574.2
84563
84542.9
84515.1
84480.9
84441.8
84399.4
84355.4
84311
84267.4
84225.5
84185.7
84148.2
84113
84079.6
84047.3
84015.3
83982.6
83948.3
83911.2
83870.4
83825.3
83775.2
83719.9
83659.3
83593.7
83523.8
83450.4
83374.8
83298.5
83223.1
83150.5
83082.3
83020.4
82966.1
82920.8
82885.5
82861.1
82847.3
76231.9
76245.5
76271.5
76309.6
76358.5
76417.3
76484.2
76557.2
76634.1
76712.5
76790.2
76865.2
76935.6
77000.1
77057.6
77107.6
77149.9
77184.8
77213
77235.6
77254
77269.7
77284.5
77300.2
77318.3
77340.6
77368
77401.6
77441.6
77487.9
77539.9
77596.5
77656
77716.6
77776
77831.9
77881.9
77923.9
77956.2
77977.5
77987
77984.6
77970.7
77946.4
77913.1
77872.7
77827
77778.1
77728.1
77678.5
77630.7
77585.9
77544.6
77506.9
77472.7
77441.3
77411.9
77383.4
77354.4
77323.6
77289.7
77251.5
77207.9
77158.2
77101.9
77038.9
76969.4
76894.1
76814.1
76730.8
76645.9
76561.4
76479.6
76402.5
76332.3
76270.8
76219.5
76179.6
76152.3
76134
69511
69527.6
69557.8
69601.5
69657.9
69725.8
69803.4
69887.9
69976.5
70066.2
70154.4
70238.5
70316.5
70386.6
70447.7
70499.2
70540.9
70573.3
70597.3
70614.3
70626.1
70634.7
70642.2
70651.1
70663.4
70681
70705.7
70738.3
70779.6
70829.4
70887
70950.9
71019.4
71089.8
71159.5
71225.5
71284.7
71334.5
71372.6
71397.5
71408.1
71404.4
71386.9
71357
71316.6
71268.1
71213.9
71156.8
71099.1
71043
70990.2
70942
70899.1
70861.6
70829
70800.7
70775.4
70751.6
70727.6
70701.8
70672.3
70637.7
70596.5
70547.7
70490.5
70424.9
70350.9
70269.2
70181.2
70088.4
69992.9
69897.1
69803.6
69715.3
69634.8
69564.5
69506
69460.3
69428.3
69408.6
62774
62795.3
62829.7
62879.5
62944.7
63024
63115.1
63214.2
63317.5
63421.3
63522.4
63617.8
63704.9
63781.8
63847.1
63900.1
63940.8
63969.7
63988
63997.7
64000.7
63999.9
63998
63997.8
64002.2
64013.7
64034.3
64065.5
64108
64161.9
64226.2
64299.4
64378.9
64461.8
64544.5
64623.3
64694.2
64754
64799.5
64828.8
64840.8
64835.2
64812.9
64775.6
64725.9
64666.9
64601.9
64534.2
64467
64402.9
64344.1
64292
64247.5
64210.5
64180.6
64156.6
64136.9
64119.5
64102.4
64083.3
64059.9
64030.2
63992.5
63945.3
63887.6
63819.1
63739.9
63650.7
63553
63448.7
63340.1
63230.1
63122
63019.4
62925.9
62844.7
62777.8
62725.9
62689.1
62666.7
56020.3
56044.9
56083.9
56140.5
56216.2
56309.9
56418.2
56535.8
56657.5
56778.8
56895.8
57004.9
57103.1
57188.1
57258.2
57312.7
57351.7
57375.8
57386.7
57386.6
57378.4
57365.3
57350.9
57338.9
57332.9
57336
57351
57379.8
57423.4
57482.1
57554.7
57639.2
57732.6
57831.2
57930.5
58025.6
58111.6
58184
58239
58273.9
58287.2
58278.9
58250.1
58203.1
58141.3
58068.7
57989.8
57908.8
57829.7
57755.7
57689.6
57633
57586.9
57551.3
57525.2
57507.2
57495.2
57486.6
57478.7
57468.6
57453.4
57430.5
57397.7
57353.1
57295.3
57223.8
57138.6
57040.6
56931.3
56812.9
56688.2
56560.7
56434.2
56313.4
56203.5
56108.8
56032.1
55973.4
55932.1
55907.2
49246.6
49274.3
49318.3
49382.5
49471.6
49583.2
49712.5
49852.7
49997.1
50139.9
50276.3
50402.2
50513.8
50608.4
50684.1
50740.1
50776.3
50794
50795.1
50782.5
50759.5
50730.5
50699.9
50672.5
50652.7
50644.7
50652.1
50677.2
50721.7
50785.9
50868.5
50967
51077.8
51196.3
51316.7
51432.7
51538
51626.7
51693.7
51735.6
51750.5
51738.3
51700.7
51640.7
51562.9
51472.8
51376
51278
51183.9
51097.8
51022.9
50961.3
50913.9
50880.6
50860.1
50850.5
50848.8
50852
50856.3
50858.1
50853.8
50840.2
50814.2
50773.6
50716.5
50641.9
50549.9
50441.4
50318.2
50182.8
50038.6
49889.6
49740.5
49597.4
49467.1
49355.8
49267
49200.4
49154
49126.1
42449.8
42479.3
42531.5
42603.8
42711.5
42844.7
42998.8
43165.9
43337.3
43506.1
43666.1
43812.2
43940
44046
44128.2
44185.7
44218
44227.2
44215.6
44186.6
44144.8
44095.2
44043.7
43996.1
43958.3
43935.6
43932.5
43952.4
43997.5
44067.9
44162.4
44278.3
44410.9
44554.4
44701.8
44844.8
44975.1
45084.7
45167.2
45217.9
45234.5
45216.9
45167.3
45090
44991.2
44878.1
44758.2
44638.7
44525.9
44424.8
44339.4
44272.1
44223.9
44194.4
44181.8
44183.5
44195.7
44214.3
44234.7
44252.2
44262.3
44261
44244.4
44209.6
44154.3
44076.9
43977.2
43856.3
43716.6
43560.8
43393
43218
43041.9
42872.2
42717.8
42586.5
42482.2
42404.9
42352
42321
35621.2
35653.8
35716.6
35809.3
35936.3
36094.1
36276.7
36475.1
36678.3
36878.5
37067.2
37238
37385.5
37505.3
37594.8
37653
37680.2
37678.4
37650.5
37600.8
37534.9
37459
37380.5
37306.9
37245.5
37203.4
37186.3
37198.7
37243.4
37321
37430.2
37567.2
37726.9
37902.2
38084.1
38262.1
38424.8
38561.7
38664.1
38726
38744.4
38719.3
38653.5
38553.2
38426.5
38283.3
38133.7
37986.9
37850.7
37731.2
37633.2
37559.6
37511.4
37487.6
37485.9
37502.7
37533.2
37571.9
37613.2
37651.1
37680
37694.8
37690.7
37664.4
37612.2
37532.2
37424.1
37289
37129.8
36949.5
36753.3
36547.3
36339.3
36138.7
35956.4
35801.2
35677.4
35584.9
35521.9
35487.6
28752.7
28792.6
28871.7
28987.5
29140.6
29327.8
29544.2
29779.3
30019.7
30258.4
30481.8
30682.6
30854
30990.3
31088.1
31146.6
31166.8
31151
31102.8
31027.3
30931
30821.9
30709.1
30602
30510.3
30442.8
30407
30408.8
30451.9
30537.5
30664.3
30826.9
31020
31235.2
31461.4
31684.9
31890.2
32063.1
32191.5
32267.8
32288
32252.4
32164.7
32033.1
31869.3
31686.7
31498.8
31317.3
31151.9
31010
30897.1
30816.7
30769.7
30754.4
30767.4
30804.1
30858.4
30923.2
30991.3
31055.1
31107.9
31143.5
31156.3
31141.5
31094.6
31012.7
30895.1
30743.5
30561.5
30352
30121.8
29878.7
29632.6
29395.3
29180.2
28997
28849
28736.4
28658.5
28617.5
21831.9
21883.7
21985.8
22130.7
22317.6
22542.6
22799.8
23078.7
23368.8
23648.9
23912.6
24149.5
24349.9
24506
24613
24670.8
24681.7
24648.6
24575.5
24468.3
24334.5
24184.1
24028.2
23879
23748.8
23648.9
23588.5
23575.2
23614.7
23709.4
23857.2
24049.3
24282.6
24547.8
24830.9
25113.3
25374.2
25593.6
25755.7
25850.2
25872.2
25821.9
25704.7
25531.6
25318.7
25084.6
24847.5
24622.5
24421
24252.3
24122.2
24035.2
23991.7
23988.7
24021.6
24084.2
24168.9
24266.5
24367.9
24464
24546.5
24608.5
24643.5
24645
24606.7
24523.9
24395.2
24224.1
24018.4
23772.7
23501.6
23213.9
22921.5
22637.7
22382.7
22166.9
21990
21852.1
21753.8
21700.8
14843.4
14914.3
15045.7
15224.8
15449.2
15719.8
16027.3
16361.2
16705.2
17044.5
17360.4
17642.1
17878
18057.2
18173.6
18228.9
18227.7
18173
18069.1
17922.2
17741.2
17538.1
17327.3
17124.7
16946.6
16806.8
16716.4
16684.2
16718.5
16825.8
17001.4
17224.8
17505.9
17831.8
18186.8
18547.3
18882.7
19164.2
19370.2
19487.6
19511
19440.3
19282.2
19051.8
18771.9
18470.1
18171.7
17893.9
17648.1
17447
17294.6
17200.9
17163.3
17175.6
17232.8
17328
17451.4
17591.3
17735.8
17873.1
17993.5
18089
18152.9
18177.5
18153.8
18072.5
17930.3
17731.6
17485.7
17208.6
16892.5
16551.8
16201.5
15852.8
15551.7
15303.2
15094
14925.9
14799.7
14722.9
7764.77
7863.92
8043.68
8265.44
8538.52
8864.04
9236.19
9640.68
10056.3
10459.4
10834.2
11170
11450.7
11659
11785.5
11835
11817
11734.3
11590.8
11393
11150.7
10878.2
10593.6
10318.5
10076.2
9884.61
9756.57
9700.72
9728.31
9853.56
10082.8
10325.6
10668.5
11078.8
11532.4
11998.5
12434.9
12799.1
13062
13208.1
13232.1
13133.4
12918.9
12609.1
12237.2
11843.1
11458.2
11105.9
10802.5
10561.4
10384.4
10284
10253
10283
10371
10510.5
10687.4
10885.5
11088
11280.3
11450.8
11591
11693.7
11750.1
11747.9
11671.2
11512.8
11281.7
11019.4
10694.9
10317.6
9909.67
9493.86
9105.54
8747.38
8441.62
8178.47
7968.02
7802.1
7659.09
1986.13
2076.47
2218.6
2374.31
2576.66
2827.49
3127.7
3474.43
3849.04
4223.93
4578.97
4912.07
5198.65
5413.83
5537.82
5576.41
5543.4
5439.84
5270.76
5045.67
4777.32
4483.11
4184.03
3903.79
3662.96
3472.73
3339.86
3263.29
3250.12
3312.92
3461.54
3696.51
4054.56
4501.23
4998.34
5518.26
6025.22
6472.85
6807.62
6987.83
7012.45
6877.73
6586.09
6185.15
5742.22
5294.01
4861.65
4474.12
4169.3
3959.87
3806.1
3740.18
3736.34
3784.14
3885.18
4038.12
4228.12
4441.19
4661
4872.98
5066.13
5232.16
5361.25
5442.66
5463.91
5405.51
5249.69
5056.98
4797.75
4479.15
4120.09
3740.14
3358.61
3009.93
2706.02
2447.78
2239.82
2081.82
1971.63
1904.13
11.4971
27.3779
49.8829
79.4427
121.298
177.773
253.611
355.074
482.438
625.051
775.764
928.378
1075.44
1198.7
1273.55
1297.73
1284.21
1229.42
1137.04
1015.81
876.239
731.308
594.284
477.921
387.178
320.057
274.064
244.693
230.907
233.059
255.919
324.734
462.129
657.327
886.576
1143.19
1419.33
1700.67
1932.33
2056.83
2073.45
1973.63
1758.4
1490.1
1238.39
1007.64
794.487
609.741
482.939
421.121
391.983
386.301
395.226
418.182
459.303
522.666
603.487
698.984
801.714
903.064
997.102
1079.27
1143.87
1185.33
1199.94
1177.19
1112.82
1014.65
888.929
744.235
593.333
448.319
317.815
216.642
143.766
91.1891
52.6021
24.8304
4.41641
-5.16352
-5.93433
-6.15736
-6.11158
-6.26837
-6.52082
-6.76032
-6.54804
-6.48001
-7.04335
-7.64498
-7.88462
-7.9956
-8.11786
-8.23477
-8.29256
-8.31659
-8.373
-8.41079
-8.44722
-8.4499
-8.35655
-8.16804
-7.97249
-7.85234
-7.81442
-7.82242
-7.95909
-8.03355
-7.91022
-7.8087
-7.68881
-7.43781
-7.76651
-7.29449
-6.06871
-4.20896
1.51728
19.4079
44.1966
62.0906
64.0472
48.2598
23.1685
4.29702
-3.10194
-5.14183
-6.49626
-7.30492
-7.36813
-7.50656
-7.56805
-7.62289
-7.70609
-7.76726
-7.76964
-7.73468
-7.66515
-7.55331
-7.40236
-7.22674
-7.06117
-6.98767
-7.01453
-7.07402
-7.13581
-7.08471
-6.68643
-6.31869
-6.7231
-7.30748
-7.45216
-7.33319
-7.12664
-6.99553
-6.96062
-6.94606
-6.86582
-6.69063
-6.55204
-6.48445
-6.89708
-7.06988
-7.15187
-7.2195
-7.27596
-7.41992
-7.3974
-7.55765
-7.87758
-8.15053
-8.28357
-8.36489
-8.45772
-8.52614
-8.5769
-8.64543
-8.73029
-8.77166
-8.79351
-8.78889
-8.73579
-8.6413
-8.5355
-8.4599
-8.43091
-8.42492
-8.41969
-8.38458
-8.33065
-8.36629
-8.41539
-8.59566
-8.90466
-8.87741
-8.53545
-8.31691
-8.49348
-9.00887
-9.24415
-9.12695
-8.99271
-8.95995
-8.93415
-8.69623
-8.43167
-8.39298
-8.41518
-8.38054
-8.26474
-8.13747
-8.05826
-8.08016
-8.14244
-8.16128
-8.09007
-8.00087
-7.95212
-7.88849
-7.77726
-7.63591
-7.5087
-7.43681
-7.42428
-7.44609
-7.47448
-7.44102
-7.33248
-7.32668
-7.57095
-7.77925
-7.77903
-7.67586
-7.56568
-7.49507
-7.47168
-7.43737
-7.42606
-7.3751
-7.26019
-7.1991
-7.71846
-7.85729
-7.92076
-7.9233
-7.94246
-7.9902
-8.08
-8.31416
-8.57571
-8.76032
-8.86643
-8.96172
-9.04504
-9.09293
-9.12748
-9.18116
-9.22469
-9.27031
-9.31802
-9.34038
-9.34765
-9.32509
-9.26147
-9.20859
-9.20964
-9.24436
-9.29954
-9.28494
-9.15552
-9.08089
-9.10707
-9.20548
-9.31374
-9.29252
-9.22629
-9.37946
-9.81235
-10.0771
-10.2371
-10.2923
-10.2191
-10.0709
-9.89083
-9.70468
-9.47799
-9.30386
-9.18927
-9.05061
-8.90062
-8.78744
-8.73317
-8.74368
-8.81595
-8.92721
-8.99701
-8.99301
-8.88924
-8.7223
-8.51042
-8.27415
-8.05945
-7.92056
-7.88413
-7.93386
-7.99528
-8.03341
-8.03385
-8.0722
-8.20819
-8.32894
-8.35806
-8.24773
-8.13126
-8.08296
-8.05012
-8.01091
-8.01298
-8.00439
-7.92216
-7.87637
-8.5707
-8.64438
-8.6689
-8.66341
-8.64722
-8.59705
-8.7127
-8.92315
-9.11117
-9.25281
-9.36265
-9.46953
-9.54757
-9.57342
-9.57514
-9.60853
-9.70089
-9.80792
-9.90191
-9.98583
-10.0668
-10.1198
-10.0823
-10.0359
-10.0557
-10.1256
-10.2528
-10.2037
-9.94285
-9.79201
-9.79413
-9.87896
-10.0018
-10.0325
-10.0299
-10.3302
-10.6777
-10.7193
-10.7424
-10.7545
-10.7169
-10.6371
-10.5441
-10.4374
-10.2808
-10.1192
-9.99462
-9.81947
-9.58984
-9.4134
-9.35692
-9.3795
-9.49782
-9.71288
-9.9217
-9.98126
-9.85016
-9.63696
-9.38272
-9.08442
-8.77021
-8.52403
-8.43544
-8.45452
-8.52824
-8.6496
-8.73999
-8.79803
-8.84246
-8.86598
-8.83658
-8.73356
-8.65376
-8.64118
-8.62504
-8.59748
-8.64411
-8.66223
-8.583
-8.51069
-9.33959
-9.33181
-9.29205
-9.27893
-9.26748
-9.22362
-9.29667
-9.4261
-9.60016
-9.7552
-9.85603
-9.94354
-10.0213
-10.0866
-10.1582
-10.2631
-10.3706
-10.4885
-10.6036
-10.7116
-10.7909
-10.8375
-10.8407
-10.8297
-10.8658
-10.9533
-11.0909
-11.0015
-10.69
-10.5136
-10.4587
-10.4901
-10.6041
-10.6662
-10.7955
-11.1415
-11.2722
-11.2399
-11.2313
-11.2429
-11.2523
-11.2684
-11.2465
-11.1553
-11.0365
-10.8797
-10.6849
-10.4519
-10.222
-10.059
-9.99105
-10.0177
-10.1775
-10.4572
-10.7457
-10.8384
-10.7391
-10.5429
-10.2943
-9.98196
-9.60731
-9.24831
-9.08826
-9.07817
-9.13404
-9.21098
-9.29277
-9.38883
-9.44221
-9.44066
-9.3636
-9.24699
-9.18195
-9.19135
-9.17363
-9.13193
-9.18619
-9.20839
-9.14982
-9.0826
-9.96275
-9.92394
-9.88858
-9.85653
-9.84057
-9.84157
-9.88163
-10.009
-10.2143
-10.3605
-10.4254
-10.4877
-10.5771
-10.6991
-10.8258
-10.9385
-11.0517
-11.1554
-11.2461
-11.3193
-11.3722
-11.4066
-11.4353
-11.5188
-11.5824
-11.6271
-11.6993
-11.6078
-11.373
-11.2319
-11.148
-11.125
-11.1858
-11.2577
-11.415
-11.6497
-11.7041
-11.7061
-11.7079
-11.7295
-11.7852
-11.8705
-11.8914
-11.8149
-11.7009
-11.5361
-11.3058
-11.0393
-10.7944
-10.6216
-10.5366
-10.5579
-10.713
-10.9723
-11.2568
-11.4576
-11.4477
-11.3177
-11.1233
-10.8411
-10.4569
-10.0323
-9.83523
-9.81959
-9.8474
-9.85849
-9.91305
-9.96993
-10.03
-10.0579
-10.0082
-9.89233
-9.80044
-9.75098
-9.67707
-9.61084
-9.63197
-9.67128
-9.65709
-9.61104
-10.5817
-10.6011
-10.6079
-10.5214
-10.4371
-10.4454
-10.4891
-10.6578
-10.9237
-11.0822
-11.1341
-11.1765
-11.2498
-11.3391
-11.4348
-11.5353
-11.6243
-11.7003
-11.7695
-11.8294
-11.8778
-11.9063
-11.9593
-12.1067
-12.1646
-12.1733
-12.1889
-12.1025
-11.9567
-11.869
-11.7935
-11.7458
-11.7555
-11.8041
-11.9393
-12.0977
-12.1246
-12.1615
-12.172
-12.2081
-12.3027
-12.4166
-12.4812
-12.4817
-12.4235
-12.2733
-12.0065
-11.673
-11.3626
-11.1336
-11.0151
-11.0212
-11.1555
-11.3911
-11.7836
-12.014
-12.0499
-11.9519
-11.7834
-11.5642
-11.2451
-10.8366
-10.5883
-10.5141
-10.5145
-10.5212
-10.5228
-10.526
-10.5776
-10.5986
-10.5689
-10.5168
-10.4543
-10.3545
-10.2198
-10.0969
-10.0879
-10.1352
-10.157
-10.128
-11.325
-11.4894
-11.4945
-11.2922
-11.0915
-11.0808
-11.1456
-11.3243
-11.5701
-11.7231
-11.7788
-11.8144
-11.8578
-11.909
-11.9728
-12.0463
-12.126
-12.2156
-12.2975
-12.3605
-12.4028
-12.4221
-12.5242
-12.6578
-12.6853
-12.6893
-12.6725
-12.5858
-12.4864
-12.4291
-12.3706
-12.3249
-12.319
-12.3469
-12.4646
-12.5758
-12.5844
-12.6448
-12.6647
-12.7282
-12.8763
-13.0582
-13.1903
-13.2623
-13.2752
-13.1628
-12.8662
-12.4563
-12.0544
-11.7617
-11.6132
-11.6016
-11.7166
-11.9479
-12.2472
-12.4389
-12.4937
-12.4211
-12.2789
-12.1138
-11.8943
-11.5824
-11.3093
-11.1795
-11.1316
-11.1028
-11.079
-11.0635
-11.0829
-11.1006
-11.0945
-11.0645
-11.0203
-10.9912
-10.8994
-10.7422
-10.6745
-10.691
-10.7139
-10.6833
-12.033
-12.2757
-12.253
-11.9918
-11.7557
-11.7252
-11.8104
-11.9337
-12.0905
-12.2245
-12.2863
-12.3305
-12.371
-12.4191
-12.4741
-12.5452
-12.6409
-12.7507
-12.8454
-12.9096
-12.9465
-12.994
-13.1541
-13.2375
-13.2262
-13.1952
-13.1501
-13.0684
-12.9948
-12.9501
-12.9051
-12.879
-12.9025
-12.9585
-13.0443
-13.0967
-13.0989
-13.1527
-13.2071
-13.3351
-13.5841
-13.8696
-14.0698
-14.1613
-14.1992
-14.1087
-13.8082
-13.3529
-12.8989
-12.5756
-12.4061
-12.3702
-12.4391
-12.584
-12.761
-12.8951
-12.9351
-12.8859
-12.7717
-12.6223
-12.4454
-12.2341
-12.0107
-11.8574
-11.7682
-11.6984
-11.6398
-11.6051
-11.6026
-11.6121
-11.6052
-11.5811
-11.5723
-11.5827
-11.5701
-11.5273
-11.4047
-11.3199
-11.31
-11.2728
-12.5232
-12.737
-12.727
-12.5111
-12.3408
-12.3481
-12.4416
-12.5177
-12.606
-12.7004
-12.7658
-12.8237
-12.8771
-12.9276
-12.9768
-13.0473
-13.16
-13.2949
-13.4031
-13.4652
-13.5087
-13.6091
-13.7569
-13.8082
-13.7473
-13.6875
-13.6206
-13.5429
-13.4823
-13.4413
-13.4075
-13.4101
-13.4897
-13.6181
-13.6645
-13.6547
-13.6307
-13.6383
-13.7629
-13.9929
-14.3707
-14.777
-15.0364
-15.0947
-15.0799
-14.9869
-14.6988
-14.2303
-13.7699
-13.4559
-13.2929
-13.2413
-13.2601
-13.3193
-13.3958
-13.4459
-13.4397
-13.392
-13.2994
-13.1717
-13.0197
-12.8522
-12.6826
-12.5308
-12.4063
-12.295
-12.2068
-12.1573
-12.1456
-12.1474
-12.1412
-12.1275
-12.1182
-12.1178
-12.1499
-12.1645
-12.1012
-11.9724
-11.8872
-11.8643
-12.8149
-12.9687
-13.004
-12.8971
-12.8444
-12.9703
-13.082
-13.143
-13.1936
-13.2343
-13.2865
-13.3407
-13.395
-13.4436
-13.4866
-13.5586
-13.6913
-13.8478
-13.9679
-14.0222
-14.069
-14.1736
-14.2755
-14.2838
-14.215
-14.1446
-14.0714
-14.0003
-13.9459
-13.9048
-13.8779
-13.9017
-14.0248
-14.2122
-14.2807
-14.241
-14.1777
-14.1312
-14.2981
-14.6147
-15.1069
-15.6188
-15.916
-15.9591
-15.892
-15.7649
-15.4907
-15.0135
-14.5935
-14.3098
-14.1424
-14.0512
-14.0081
-13.9969
-14.0081
-14.0125
-13.9902
-13.9437
-13.8668
-13.7605
-13.6373
-13.5051
-13.3641
-13.2123
-13.0579
-12.9134
-12.7941
-12.7222
-12.7088
-12.711
-12.7078
-12.6955
-12.6803
-12.6694
-12.6717
-12.6852
-12.6881
-12.5702
-12.4448
-12.4481
-13.0921
-13.2424
-13.3168
-13.2901
-13.3443
-13.6337
-13.7827
-13.8426
-13.8625
-13.8497
-13.863
-13.8959
-13.943
-13.9876
-14.0325
-14.1302
-14.2877
-14.4425
-14.5515
-14.5922
-14.6215
-14.6878
-14.7362
-14.7095
-14.6536
-14.5839
-14.5073
-14.4422
-14.3942
-14.3565
-14.3361
-14.364
-14.489
-14.7022
-14.831
-14.8358
-14.7746
-14.7066
-14.8097
-15.1332
-15.6764
-16.2518
-16.5954
-16.6644
-16.5746
-16.3969
-16.1344
-15.7068
-15.3328
-15.0639
-14.8799
-14.7549
-14.6709
-14.6232
-14.6041
-14.5917
-14.5657
-14.5231
-14.4613
-14.3779
-14.2853
-14.1874
-14.078
-13.9345
-13.799
-13.6745
-13.5401
-13.4159
-13.3395
-13.3204
-13.3203
-13.3006
-13.2716
-13.246
-13.2215
-13.2033
-13.1878
-13.1533
-13.0233
-13.0231
-13.4991
-13.6592
-13.756
-13.7698
-13.9428
-14.3164
-14.5424
-14.5683
-14.5452
-14.4982
-14.4758
-14.4853
-14.5248
-14.57
-14.6397
-14.7706
-14.9426
-15.0967
-15.1735
-15.1961
-15.197
-15.2163
-15.2199
-15.182
-15.1201
-15.0398
-14.9496
-14.8798
-14.8363
-14.8097
-14.8047
-14.8364
-14.9414
-15.1426
-15.3034
-15.3714
-15.3813
-15.3317
-15.2968
-15.5199
-16.0407
-16.6174
-17.0005
-17.1198
-17.0435
-16.869
-16.6212
-16.276
-15.9586
-15.71
-15.5337
-15.406
-15.316
-15.2624
-15.232
-15.2089
-15.177
-15.1316
-15.0772
-15.0173
-14.9581
-14.8996
-14.8383
-14.7699
-14.6932
-14.595
-14.4659
-14.3118
-14.1524
-14.0594
-14.0143
-13.9715
-13.915
-13.8625
-13.8168
-13.7744
-13.7446
-13.7211
-13.6286
-13.5964
-14.0759
-14.2349
-14.3173
-14.3811
-14.6389
-14.9747
-15.1261
-15.1272
-15.1147
-15.104
-15.0863
-15.0886
-15.1318
-15.1875
-15.2847
-15.4228
-15.6043
-15.7835
-15.8553
-15.8537
-15.8042
-15.7763
-15.7457
-15.6936
-15.6218
-15.5321
-15.4367
-15.3625
-15.3225
-15.3065
-15.3139
-15.362
-15.4567
-15.6062
-15.7671
-15.8612
-15.9315
-15.9214
-15.8044
-15.8959
-16.2999
-16.7656
-17.1217
-17.2769
-17.2633
-17.1665
-16.991
-16.7465
-16.4957
-16.2998
-16.151
-16.0378
-15.9621
-15.9173
-15.8855
-15.8578
-15.8254
-15.7827
-15.7381
-15.6977
-15.6603
-15.6362
-15.6291
-15.6483
-15.6311
-15.566
-15.4412
-15.271
-15.1246
-14.9694
-14.8232
-14.7263
-14.626
-14.5325
-14.459
-14.394
-14.3419
-14.3005
-14.2323
-14.1869
-14.7899
-14.9231
-14.996
-15.1308
-15.3418
-15.5305
-15.562
-15.5499
-15.598
-15.6591
-15.6746
-15.6945
-15.7559
-15.8318
-15.9316
-16.0637
-16.2553
-16.4587
-16.5516
-16.5053
-16.4199
-16.3532
-16.3005
-16.2378
-16.1598
-16.0703
-15.9832
-15.9123
-15.8728
-15.8655
-15.8902
-15.9591
-16.048
-16.1446
-16.269
-16.3696
-16.4749
-16.517
-16.4365
-16.4478
-16.619
-16.8789
-17.1197
-17.2919
-17.4017
-17.4212
-17.3374
-17.1698
-16.9968
-16.8535
-16.739
-16.6561
-16.6042
-16.5708
-16.5447
-16.5192
-16.4919
-16.4627
-16.435
-16.4117
-16.3912
-16.3826
-16.3943
-16.4172
-16.4252
-16.4101
-16.3506
-16.2093
-16.0576
-15.9217
-15.7426
-15.5624
-15.4032
-15.2602
-15.1485
-15.0566
-14.9807
-14.9202
-14.8491
-14.797
-15.5899
-15.7076
-15.8232
-15.9906
-16.1509
-16.1974
-16.1152
-16.075
-16.1249
-16.2291
-16.2774
-16.3155
-16.3957
-16.4903
-16.5759
-16.6898
-16.8758
-17.0873
-17.1963
-17.1279
-17.0247
-16.936
-16.8694
-16.8015
-16.7233
-16.6361
-16.5488
-16.4763
-16.4366
-16.4388
-16.4896
-16.5706
-16.6511
-16.7224
-16.802
-16.9016
-17.049
-17.1871
-17.189
-17.1589
-17.1311
-17.1789
-17.3068
-17.5102
-17.7082
-17.7628
-17.7006
-17.5871
-17.4748
-17.3789
-17.3059
-17.2563
-17.2202
-17.1944
-17.1739
-17.156
-17.1397
-17.1244
-17.1108
-17.1035
-17.104
-17.1094
-17.1226
-17.141
-17.1526
-17.1511
-17.1404
-17.083
-16.9799
-16.8778
-16.7071
-16.4527
-16.2341
-16.0363
-15.8803
-15.7571
-15.6565
-15.577
-15.4862
-15.414
-16.4339
-16.5756
-16.7604
-16.9406
-17.082
-17.048
-16.8605
-16.7869
-16.8179
-16.8885
-16.9474
-16.9723
-17.052
-17.1502
-17.2167
-17.2943
-17.4534
-17.6518
-17.7492
-17.7072
-17.6198
-17.5313
-17.4542
-17.3779
-17.2955
-17.2052
-17.1103
-17.0274
-16.977
-16.9779
-17.0353
-17.1117
-17.1786
-17.2372
-17.3034
-17.4239
-17.6124
-17.8687
-17.9413
-17.8969
-17.8366
-17.7792
-17.8416
-18.0028
-18.1145
-18.1298
-18.0738
-18.0035
-17.9357
-17.8813
-17.8453
-17.8171
-17.794
-17.7765
-17.7648
-17.7591
-17.7593
-17.7621
-17.7676
-17.7765
-17.7938
-17.8232
-17.8559
-17.8837
-17.9073
-17.9212
-17.9174
-17.9088
-17.9038
-17.8533
-17.6914
-17.3903
-17.101
-16.8422
-16.6413
-16.4849
-16.3572
-16.2554
-16.1407
-16.0461
-17.2568
-17.4796
-17.7127
-17.897
-18.0315
-17.9386
-17.6931
-17.611
-17.6533
-17.6889
-17.6744
-17.656
-17.7105
-17.7868
-17.8382
-17.8841
-17.9937
-18.15
-18.2489
-18.2662
-18.2269
-18.1591
-18.079
-17.9888
-17.8885
-17.7809
-17.6688
-17.5669
-17.4935
-17.4697
-17.4941
-17.5385
-17.5845
-17.637
-17.717
-17.8721
-18.1269
-18.4509
-18.6547
-18.6482
-18.578
-18.4927
-18.4701
-18.502
-18.5131
-18.497
-18.4607
-18.4208
-18.3881
-18.3675
-18.3533
-18.3438
-18.3399
-18.3411
-18.3478
-18.3614
-18.3841
-18.4116
-18.4419
-18.4735
-18.5109
-18.5535
-18.6013
-18.6342
-18.6678
-18.7022
-18.7204
-18.7729
-18.8613
-18.8549
-18.6944
-18.3606
-17.9797
-17.6555
-17.4135
-17.2248
-17.0718
-16.9451
-16.8117
-16.7109
-17.9944
-18.3019
-18.6043
-18.7706
-18.9019
-18.7684
-18.5155
-18.4295
-18.4882
-18.4866
-18.3647
-18.3222
-18.3481
-18.3966
-18.429
-18.4501
-18.5168
-18.6449
-18.7766
-18.8618
-18.8791
-18.8494
-18.7928
-18.7059
-18.5808
-18.4232
-18.2575
-18.1065
-17.9892
-17.9148
-17.8799
-17.8658
-17.8826
-17.9275
-18.0226
-18.2047
-18.516
-18.9108
-19.2236
-19.2737
-19.1991
-19.0722
-18.9721
-18.9188
-18.8965
-18.8751
-18.8545
-18.842
-18.839
-18.8397
-18.8456
-18.8602
-18.8798
-18.9036
-18.9355
-18.978
-19.0349
-19.1072
-19.1846
-19.2605
-19.3156
-19.3366
-19.3519
-19.3713
-19.4167
-19.4784
-19.5481
-19.6935
-19.8398
-19.85
-19.6662
-19.285
-18.8179
-18.4486
-18.1734
-17.9593
-17.7903
-17.6459
-17.4965
-17.39
-18.6385
-18.9391
-19.3475
-19.4852
-19.5752
-19.4409
-19.1989
-19.1348
-19.1788
-19.1015
-18.9702
-18.9411
-18.9588
-18.996
-19.0199
-19.0295
-19.0882
-19.2295
-19.4169
-19.5845
-19.6761
-19.6984
-19.674
-19.5935
-19.4387
-19.2098
-18.95
-18.7003
-18.4911
-18.3454
-18.2505
-18.1895
-18.1569
-18.1809
-18.277
-18.4716
-18.8024
-19.2229
-19.5831
-19.6703
-19.5777
-19.4473
-19.3463
-19.2963
-19.2763
-19.2681
-19.2668
-19.2705
-19.2824
-19.3017
-19.3324
-19.3722
-19.4178
-19.4703
-19.5397
-19.641
-19.7706
-19.9114
-20.0434
-20.1474
-20.1856
-20.147
-20.0776
-20.0628
-20.1279
-20.2275
-20.367
-20.5787
-20.7286
-20.7116
-20.4729
-20.0451
-19.5648
-19.1905
-18.8978
-18.6716
-18.4991
-18.3461
-18.1879
-18.0664
-19.2326
-19.4448
-19.8677
-20.0135
-20.0433
-19.9391
-19.6954
-19.6549
-19.6785
-19.6069
-19.5337
-19.5344
-19.5581
-19.5992
-19.6404
-19.6712
-19.7449
-19.9167
-20.1795
-20.4434
-20.6334
-20.7167
-20.7047
-20.6061
-20.4125
-20.1162
-19.7605
-19.3924
-19.0545
-18.7979
-18.6448
-18.5593
-18.5048
-18.5058
-18.5933
-18.7785
-19.0736
-19.434
-19.737
-19.8424
-19.7849
-19.7129
-19.6782
-19.6693
-19.6722
-19.6813
-19.6867
-19.6964
-19.7185
-19.7589
-19.8143
-19.8825
-19.96
-20.0547
-20.198
-20.3897
-20.6007
-20.7932
-20.9486
-21.0333
-21.0087
-20.8731
-20.7218
-20.6955
-20.7834
-20.907
-21.0684
-21.252
-21.3553
-21.2768
-21.0093
-20.6121
-20.2024
-19.8629
-19.5844
-19.3676
-19.1933
-19.0362
-18.8773
-18.7437
-19.8086
-19.9285
-20.2405
-20.3654
-20.3622
-20.2701
-20.1206
-20.1056
-20.1341
-20.1223
-20.1082
-20.1279
-20.1503
-20.1942
-20.2618
-20.3332
-20.4446
-20.6538
-20.977
-21.3347
-21.6165
-21.7427
-21.7336
-21.6204
-21.3879
-21.0373
-20.608
-20.149
-19.7072
-19.3292
-19.0935
-18.9952
-18.966
-18.9789
-19.064
-19.2237
-19.437
-19.6821
-19.8934
-20.0157
-20.0449
-20.0445
-20.0584
-20.0776
-20.0886
-20.0924
-20.0963
-20.114
-20.1523
-20.2113
-20.2936
-20.3946
-20.5132
-20.68
-20.9058
-21.1601
-21.4024
-21.6034
-21.7556
-21.7994
-21.6951
-21.4816
-21.296
-21.2661
-21.3529
-21.4659
-21.5952
-21.6978
-21.7243
-21.6081
-21.3627
-21.0629
-20.7547
-20.4751
-20.2453
-20.0546
-19.8804
-19.7185
-19.5619
-19.426
-20.3627
-20.4286
-20.6088
-20.6635
-20.6357
-20.5853
-20.5457
-20.5543
-20.6447
-20.6861
-20.7006
-20.7166
-20.721
-20.7577
-20.8461
-20.9621
-21.1216
-21.3665
-21.723
-22.1403
-22.486
-22.6581
-22.6698
-22.5546
-22.2963
-21.9004
-21.4108
-20.9017
-20.4137
-19.9592
-19.6428
-19.5164
-19.5097
-19.5478
-19.6394
-19.7782
-19.9434
-20.1217
-20.2864
-20.3958
-20.4497
-20.4759
-20.4901
-20.4971
-20.4976
-20.4922
-20.5011
-20.5308
-20.5822
-20.6612
-20.7751
-20.9192
-21.0975
-21.3203
-21.5761
-21.8367
-22.0613
-22.2173
-22.3228
-22.334
-22.2443
-22.0578
-21.9174
-21.8352
-21.838
-21.9051
-21.979
-22.0235
-21.9788
-21.8536
-21.6787
-21.4855
-21.2793
-21.0731
-20.8945
-20.7323
-20.5665
-20.3966
-20.2584
-20.1413
-20.9536
-20.9963
-21.0681
-21.0426
-20.9726
-21.0032
-21.0459
-21.0852
-21.2151
-21.2847
-21.3022
-21.299
-21.2783
-21.2898
-21.3815
-21.5317
-21.7407
-22.0205
-22.3898
-22.826
-23.2214
-23.4619
-23.513
-23.4104
-23.1548
-22.7172
-22.1646
-21.6178
-21.1244
-20.6503
-20.2964
-20.1355
-20.1204
-20.1603
-20.2474
-20.3698
-20.5214
-20.6652
-20.772
-20.8422
-20.8806
-20.9
-20.9077
-20.9037
-20.8956
-20.8961
-20.9117
-20.9491
-21.0093
-21.1146
-21.276
-21.4815
-21.7047
-21.9271
-22.1699
-22.3959
-22.5573
-22.6685
-22.7312
-22.7288
-22.7
-22.6717
-22.6047
-22.4773
-22.3484
-22.3294
-22.3953
-22.3788
-22.2551
-22.1284
-22.0286
-21.9405
-21.8305
-21.6918
-21.5491
-21.4082
-21.2544
-21.0763
-20.9874
-20.7983
-21.583
-21.6188
-21.5863
-21.5343
-21.4167
-21.5493
-21.5956
-21.6732
-21.8108
-21.8931
-21.9027
-21.8854
-21.8603
-21.824
-21.8849
-22.0494
-22.3014
-22.6162
-22.9918
-23.4327
-23.8721
-24.1733
-24.2604
-24.1706
-23.9264
-23.4729
-22.8823
-22.3079
-21.8135
-21.3823
-21.0295
-20.8541
-20.8119
-20.8294
-20.8821
-20.9796
-21.0927
-21.1837
-21.2497
-21.2933
-21.3184
-21.329
-21.3293
-21.3229
-21.3153
-21.3167
-21.3344
-21.3725
-21.4395
-21.5902
-21.8098
-22.0575
-22.2812
-22.4925
-22.7
-22.8747
-22.9917
-23.0798
-23.1387
-23.1592
-23.1827
-23.2662
-23.2939
-23.198
-23.0161
-22.902
-22.9213
-22.8724
-22.6715
-22.4995
-22.4676
-22.4668
-22.4281
-22.3332
-22.2128
-22.0797
-21.9309
-21.7749
-21.6834
-21.2883
-22.1663
-22.1263
-22.0772
-22.1005
-22.0315
-22.1587
-22.1947
-22.2724
-22.3788
-22.4584
-22.4696
-22.4526
-22.4638
-22.3912
-22.3909
-22.5484
-22.8268
-23.1639
-23.5393
-23.9607
-24.4045
-24.7485
-24.8721
-24.792
-24.5516
-24.1109
-23.5283
-22.9651
-22.4948
-22.1073
-21.7942
-21.6244
-21.5742
-21.5602
-21.5641
-21.6105
-21.6899
-21.7437
-21.7705
-21.7873
-21.7965
-21.7967
-21.7898
-21.7768
-21.7644
-21.7605
-21.7739
-21.8057
-21.8953
-22.0951
-22.3402
-22.579
-22.7938
-23.002
-23.183
-23.3221
-23.4381
-23.5444
-23.6348
-23.6989
-23.7595
-23.8586
-23.9357
-23.927
-23.823
-23.6375
-23.5712
-23.5528
-23.3611
-23.0979
-23.0472
-23.0912
-23.0672
-22.9831
-22.8751
-22.7446
-22.6016
-22.4628
-22.2046
-21.7651
-22.7102
-22.5699
-22.5597
-22.6956
-22.7992
-22.841
-22.8477
-22.8418
-22.8973
-22.9462
-22.9693
-22.9845
-23.0058
-22.9893
-22.9606
-23.0879
-23.3604
-23.678
-24.0165
-24.3872
-24.7832
-25.1231
-25.2873
-25.2438
-25.0112
-24.6048
-24.0765
-23.5698
-23.1496
-22.8072
-22.5443
-22.3986
-22.3417
-22.3023
-22.2687
-22.2637
-22.3003
-22.3203
-22.3171
-22.3135
-22.3103
-22.3012
-22.2852
-22.2639
-22.2442
-22.2312
-22.2325
-22.2559
-22.3861
-22.5994
-22.8244
-23.0419
-23.2661
-23.4743
-23.6466
-23.7892
-23.9255
-24.0689
-24.1934
-24.2906
-24.3792
-24.4626
-24.5434
-24.6081
-24.619
-24.5457
-24.4215
-24.3725
-24.2454
-24.0239
-23.8684
-23.8408
-23.7511
-23.6473
-23.5433
-23.4067
-23.2969
-23.1334
-22.7192
-22.3624
-23.2736
-23.1434
-23.1254
-23.3087
-23.5746
-23.6098
-23.5823
-23.502
-23.4852
-23.4877
-23.4834
-23.4821
-23.5112
-23.5727
-23.6209
-23.7179
-23.933
-24.1792
-24.4291
-24.708
-25.0098
-25.2854
-25.4578
-25.4766
-25.3068
-24.9661
-24.5339
-24.1259
-23.7836
-23.5094
-23.3009
-23.1758
-23.101
-23.0324
-22.9602
-22.9263
-22.9226
-22.9096
-22.8849
-22.8662
-22.8527
-22.8353
-22.8115
-22.7835
-22.7567
-22.7338
-22.7153
-22.7399
-22.8935
-23.076
-23.2588
-23.479
-23.7246
-23.941
-24.1181
-24.277
-24.4449
-24.6111
-24.7463
-24.8548
-24.9567
-25.0501
-25.1584
-25.2633
-25.3511
-25.3869
-25.3286
-25.2982
-25.2407
-25.1004
-24.8893
-24.664
-24.4663
-24.3419
-24.2303
-24.0935
-24.0184
-23.8324
-23.4697
-23.193
-23.8807
-23.8443
-23.8333
-24.0107
-24.3249
-24.4456
-24.416
-24.342
-24.2845
-24.2509
-24.1782
-24.1112
-24.1113
-24.2139
-24.3362
-24.4394
-24.559
-24.6777
-24.8008
-24.9667
-25.1605
-25.3505
-25.4997
-25.5715
-25.4958
-25.2508
-24.9327
-24.6415
-24.4015
-24.2109
-24.0669
-23.9629
-23.8636
-23.747
-23.6407
-23.5829
-23.5483
-23.5063
-23.4665
-23.4381
-23.4179
-23.3941
-23.365
-23.3336
-23.3033
-23.2722
-23.2422
-23.2811
-23.405
-23.5383
-23.6962
-23.9341
-24.1863
-24.4053
-24.5907
-24.7683
-24.9549
-25.1228
-25.255
-25.3662
-25.4736
-25.5947
-25.7336
-25.8704
-25.9925
-26.0174
-26.0438
-26.1145
-26.1055
-26.0054
-25.7529
-25.3934
-25.1649
-25.0416
-24.9163
-24.8128
-24.7379
-24.5958
-24.3815
-24.1933
-24.6374
-24.6907
-24.7891
-24.9064
-25.1007
-25.2478
-25.2396
-25.1674
-25.1039
-25.0496
-24.9752
-24.8813
-24.8393
-24.9235
-25.0564
-25.1626
-25.1793
-25.1461
-25.1532
-25.222
-25.3266
-25.4465
-25.5708
-25.673
-25.6642
-25.5114
-25.3051
-25.122
-24.9936
-24.8927
-24.8139
-24.7268
-24.605
-24.4481
-24.3091
-24.2268
-24.1691
-24.1055
-24.0579
-24.0272
-23.9997
-23.9717
-23.9411
-23.9101
-23.8822
-23.8495
-23.8279
-23.8712
-23.9507
-24.0572
-24.2361
-24.4819
-24.7085
-24.8933
-25.0742
-25.2594
-25.4452
-25.6022
-25.7342
-25.8526
-25.9676
-26.0959
-26.2325
-26.3619
-26.4598
-26.5059
-26.5701
-26.6123
-26.574
-26.475
-26.2665
-25.9876
-25.824
-25.7058
-25.5747
-25.5062
-25.4439
-25.3979
-25.287
-25.18
-25.5415
-25.7396
-25.9038
-25.9372
-25.9219
-25.8954
-25.8527
-25.7897
-25.6923
-25.628
-25.5862
-25.5387
-25.5157
-25.5904
-25.7016
-25.7505
-25.6798
-25.5619
-25.5027
-25.5067
-25.5522
-25.6291
-25.7345
-25.8418
-25.8603
-25.7804
-25.6735
-25.5897
-25.5593
-25.5442
-25.5171
-25.4389
-25.299
-25.1158
-24.9607
-24.8674
-24.7812
-24.7027
-24.6525
-24.619
-24.5903
-24.5623
-24.5342
-24.5089
-24.4866
-24.4645
-24.4632
-24.5044
-24.5691
-24.7005
-24.9184
-25.1536
-25.3463
-25.4797
-25.6095
-25.7781
-25.9435
-26.0849
-26.2189
-26.3466
-26.4696
-26.5809
-26.6706
-26.752
-26.8169
-26.8822
-26.9519
-26.9451
-26.8572
-26.7639
-26.6609
-26.5273
-26.4283
-26.3031
-26.1837
-26.1246
-26.1013
-26.1705
-26.1253
-26.0517
-26.4059
-26.6764
-26.8403
-26.8611
-26.6887
-26.3876
-26.216
-26.157
-26.0824
-26.0354
-26.0164
-26.0129
-26.0454
-26.1219
-26.1844
-26.1709
-26.0663
-25.9389
-25.8569
-25.8273
-25.842
-25.8956
-25.9907
-26.0772
-26.1047
-26.0819
-26.0477
-26.0555
-26.1064
-26.1585
-26.1597
-26.0848
-25.9324
-25.7424
-25.589
-25.4896
-25.3762
-25.2946
-25.2457
-25.2118
-25.184
-25.1593
-25.1374
-25.1216
-25.1114
-25.1085
-25.1308
-25.184
-25.2781
-25.4718
-25.7145
-25.9314
-26.0808
-26.162
-26.2352
-26.338
-26.4593
-26.579
-26.7081
-26.8452
-26.9823
-27.0766
-27.1253
-27.1563
-27.2004
-27.2754
-27.3454
-27.3311
-27.2609
-27.2055
-27.1601
-27.0753
-26.959
-26.8145
-26.7003
-26.6375
-26.6779
-26.8511
-26.846
-26.7614
-27.0793
-27.3126
-27.4778
-27.5123
-27.2548
-26.7745
-26.4621
-26.3811
-26.3868
-26.3901
-26.3942
-26.4055
-26.4555
-26.5197
-26.5501
-26.5148
-26.415
-26.3037
-26.2214
-26.1794
-26.1796
-26.2267
-26.3054
-26.3695
-26.4044
-26.4247
-26.4416
-26.5166
-26.6331
-26.7274
-26.7403
-26.6593
-26.4927
-26.3229
-26.1921
-26.0808
-25.9505
-25.8797
-25.8329
-25.8004
-25.7761
-25.7577
-25.7453
-25.7405
-25.7475
-25.7703
-25.8219
-25.9077
-26.0606
-26.2976
-26.5438
-26.7378
-26.841
-26.8734
-26.8881
-26.9166
-26.9777
-27.0704
-27.1864
-27.3266
-27.4739
-27.5778
-27.6135
-27.6088
-27.6265
-27.6846
-27.7393
-27.7445
-27.7419
-27.747
-27.7076
-27.5797
-27.4008
-27.2318
-27.1028
-27.0359
-27.1448
-27.4043
-27.4393
-27.3307
-27.5188
-27.6753
-27.8244
-27.859
-27.5744
-27.0708
-26.7341
-26.6614
-26.7176
-26.7649
-26.7756
-26.7909
-26.8386
-26.8889
-26.9009
-26.8597
-26.7732
-26.6758
-26.6007
-26.5607
-26.5653
-26.6115
-26.6672
-26.7125
-26.7565
-26.8041
-26.8585
-26.9784
-27.1369
-27.244
-27.2568
-27.1664
-27.0056
-26.8596
-26.7653
-26.6332
-26.5194
-26.4528
-26.4109
-26.3814
-26.362
-26.351
-26.3489
-26.3593
-26.3843
-26.4361
-26.5268
-26.6664
-26.8581
-27.0935
-27.3232
-27.4832
-27.5431
-27.5253
-27.4776
-27.4507
-27.4653
-27.5327
-27.6372
-27.776
-27.9289
-28.0566
-28.1085
-28.0975
-28.0797
-28.092
-28.1165
-28.1426
-28.179
-28.1999
-28.1205
-27.9354
-27.7246
-27.5427
-27.4062
-27.3438
-27.4915
-27.8171
-27.8989
-27.7796
-27.7936
-27.884
-27.981
-27.9869
-27.7434
-27.3582
-27.1089
-27.0741
-27.1355
-27.1837
-27.1897
-27.2069
-27.2462
-27.2789
-27.2747
-27.2305
-27.1567
-27.0661
-27.0093
-26.9918
-27.0058
-27.038
-27.0663
-27.0995
-27.1514
-27.2092
-27.2808
-27.4319
-27.6038
-27.7013
-27.7105
-27.5988
-27.4839
-27.3759
-27.2918
-27.1653
-27.0758
-27.0173
-26.9779
-26.9523
-26.9381
-26.9342
-26.9417
-26.9644
-27.0065
-27.0829
-27.2098
-27.3969
-27.6094
-27.8175
-28.009
-28.1266
-28.139
-28.0569
-27.9619
-27.902
-27.9019
-27.9524
-28.0472
-28.1822
-28.3412
-28.4879
-28.5811
-28.5935
-28.564
-28.5303
-28.5076
-28.522
-28.5399
-28.504
-28.3627
-28.15
-27.9396
-27.7637
-27.6416
-27.6028
-27.7574
-28.1035
-28.2151
-28.1165
-28.0336
-28.0702
-28.1076
-28.0894
-27.9324
-27.7129
-27.5841
-27.5764
-27.617
-27.635
-27.6371
-27.6512
-27.6848
-27.6965
-27.6812
-27.6339
-27.565
-27.5043
-27.476
-27.475
-27.484
-27.4881
-27.4979
-27.5278
-27.5783
-27.6337
-27.7074
-27.8697
-28.0207
-28.0943
-28.0925
-28.0128
-27.9325
-27.8608
-27.7828
-27.6887
-27.6223
-27.5707
-27.5349
-27.5127
-27.5029
-27.5047
-27.5198
-27.5511
-27.6041
-27.6928
-27.834
-28.0331
-28.2658
-28.4578
-28.5936
-28.6563
-28.6159
-28.4942
-28.3684
-28.3038
-28.2938
-28.3323
-28.4144
-28.5381
-28.6917
-28.8471
-28.9714
-29.0268
-29.01
-28.9581
-28.9139
-28.8659
-28.8101
-28.6979
-28.5131
-28.2967
-28.0999
-27.9438
-27.8407
-27.8242
-27.9744
-28.2914
-28.4143
-28.3488
-28.3207
-28.3278
-28.3325
-28.3228
-28.2523
-28.1606
-28.1083
-28.1038
-28.1098
-28.1083
-28.1101
-28.1241
-28.1409
-28.1437
-28.1223
-28.0765
-28.0331
-27.9999
-27.9909
-27.9818
-27.9696
-27.9571
-27.9616
-27.9849
-28.0292
-28.0776
-28.1523
-28.3046
-28.4112
-28.4579
-28.4534
-28.4142
-28.3645
-28.3204
-28.2566
-28.2036
-28.1573
-28.1129
-28.0809
-28.0624
-28.056
-28.0618
-28.0815
-28.1172
-28.1736
-28.2609
-28.3939
-28.579
-28.7951
-28.9901
-29.0946
-29.1045
-29.0229
-28.883
-28.7489
-28.6749
-28.6544
-28.683
-28.7525
-28.8566
-28.9843
-29.117
-29.2304
-29.2996
-29.3034
-29.2564
-29.1818
-29.0967
-28.9895
-28.8367
-28.6409
-28.435
-28.2535
-28.1147
-28.0265
-28.0278
-28.1661
-28.4185
-28.5433
-28.5124
-28.6739
-28.6791
-28.6779
-28.6831
-28.6726
-28.6445
-28.6245
-28.6097
-28.6002
-28.5959
-28.5994
-28.6109
-28.6217
-28.6177
-28.5967
-28.5713
-28.5459
-28.533
-28.5125
-28.4856
-28.4596
-28.4458
-28.4457
-28.4616
-28.4992
-28.5405
-28.6162
-28.7339
-28.8041
-28.8293
-28.8385
-28.8282
-28.7927
-28.7473
-28.711
-28.7026
-28.6765
-28.6413
-28.6153
-28.6012
-28.598
-28.6062
-28.6274
-28.6631
-28.7164
-28.7933
-28.9024
-29.0506
-29.2256
-29.3914
-29.4867
-29.4767
-29.3806
-29.2381
-29.1113
-29.0276
-28.9998
-29.0237
-29.0844
-29.1683
-29.2592
-29.3423
-29.4054
-29.4375
-29.4312
-29.3891
-29.3215
-29.2342
-29.1217
-28.9736
-28.7919
-28.6013
-28.4312
-28.3014
-28.2278
-28.2421
-28.3655
-28.5724
-28.6797
-28.6696
-29.0752
-29.0804
-29.091
-29.1016
-29.1149
-29.1109
-29.1037
-29.0952
-29.0915
-29.0913
-29.0992
-29.112
-29.1171
-29.113
-29.1049
-29.094
-29.0782
-29.0526
-29.0176
-28.9848
-28.9599
-28.9447
-28.9418
-28.9528
-28.9848
-29.0208
-29.0913
-29.1712
-29.2244
-29.2469
-29.2692
-29.274
-29.2423
-29.1729
-29.1474
-29.1862
-29.1771
-29.1557
-29.1387
-29.1298
-29.1298
-29.1392
-29.1595
-29.1921
-29.2384
-29.3008
-29.3823
-29.4852
-29.6039
-29.7152
-29.7823
-29.7758
-29.6944
-29.5759
-29.4597
-29.3775
-29.3516
-29.3798
-29.4403
-29.5089
-29.5638
-29.5924
-29.5869
-29.5567
-29.5138
-29.4673
-29.421
-29.3626
-29.2762
-29.1547
-29.0008
-28.8287
-28.6642
-28.5388
-28.4804
-28.5107
-28.6306
-28.8015
-28.8769
-28.8749
-29.4989
-29.5107
-29.5316
-29.5441
-29.5596
-29.5685
-29.5752
-29.5817
-29.5861
-29.5935
-29.6067
-29.6162
-29.623
-29.6271
-29.6259
-29.6151
-29.5889
-29.5506
-29.5165
-29.487
-29.4639
-29.4493
-29.4454
-29.4539
-29.4818
-29.5158
-29.5851
-29.638
-29.6792
-29.7082
-29.7326
-29.7528
-29.7353
-29.6693
-29.6307
-29.6747
-29.6753
-29.6645
-29.6556
-29.6509
-29.6528
-29.6622
-29.6805
-29.7084
-29.7462
-29.7944
-29.8526
-29.9184
-29.9862
-30.048
-30.083
-30.0729
-30.0124
-29.9214
-29.823
-29.7565
-29.7409
-29.7792
-29.8458
-29.9053
-29.9318
-29.9113
-29.8443
-29.7493
-29.6588
-29.6007
-29.5754
-29.5565
-29.5166
-29.4372
-29.3222
-29.1751
-29.0116
-28.8744
-28.8161
-28.861
-28.9809
-29.1215
-29.1617
-29.1581
-29.9267
-29.9586
-29.9839
-30.0025
-30.022
-30.0404
-30.0578
-30.0738
-30.0854
-30.1
-30.1121
-30.1244
-30.1399
-30.1441
-30.1386
-30.1145
-30.0785
-30.0454
-30.0153
-29.9896
-29.9694
-29.9565
-29.953
-29.9609
-29.9854
-30.0197
-30.0853
-30.1245
-30.1484
-30.1796
-30.2134
-30.2524
-30.2589
-30.2184
-30.1874
-30.1932
-30.1839
-30.1753
-30.1692
-30.1662
-30.1685
-30.1771
-30.1927
-30.2159
-30.2455
-30.2816
-30.3227
-30.3661
-30.407
-30.4375
-30.4472
-30.429
-30.3826
-30.3166
-30.2446
-30.1971
-30.193
-30.2403
-30.3141
-30.3684
-30.3737
-30.3131
-30.1978
-30.0511
-29.9135
-29.8282
-29.8097
-29.8292
-29.8424
-29.8195
-29.7591
-29.6588
-29.5155
-29.3679
-29.2912
-29.3237
-29.4259
-29.5359
-29.5359
-29.5283
-30.3829
-30.4278
-30.4482
-30.4738
-30.4966
-30.5195
-30.5438
-30.565
-30.5861
-30.6042
-30.6221
-30.6408
-30.6497
-30.651
-30.6305
-30.5981
-30.5678
-30.5394
-30.5138
-30.492
-30.4752
-30.4649
-30.4628
-30.4711
-30.4931
-30.5283
-30.5859
-30.6337
-30.6484
-30.6777
-30.7145
-30.7582
-30.7801
-30.7641
-30.7519
-30.7151
-30.6984
-30.6868
-30.6795
-30.6764
-30.6782
-30.6852
-30.6975
-30.7151
-30.7386
-30.7662
-30.7961
-30.8256
-30.851
-30.8673
-30.8688
-30.8519
-30.8175
-30.7734
-30.721
-30.6939
-30.7026
-30.7597
-30.8428
-30.8989
-30.8873
-30.793
-30.6349
-30.4523
-30.2878
-30.1737
-30.1313
-30.1563
-30.2026
-30.2304
-30.2261
-30.1877
-30.1032
-29.985
-29.9
-29.9005
-29.9823
-30.042
-30
-29.9816
-30.8895
-30.9129
-30.9267
-30.9481
-30.9679
-30.9916
-31.02
-31.0515
-31.0847
-31.1144
-31.1429
-31.1571
-31.157
-31.1386
-31.1093
-31.0824
-31.057
-31.0332
-31.0118
-30.994
-30.9809
-30.9737
-30.9738
-30.9831
-31.0044
-31.0412
-31.0953
-31.1622
-31.1842
-31.2102
-31.2371
-31.2723
-31.2912
-31.2939
-31.2698
-31.2261
-31.2084
-31.1936
-31.1852
-31.1817
-31.1827
-31.1882
-31.1981
-31.2122
-31.2301
-31.2507
-31.2725
-31.2931
-31.3099
-31.3197
-31.3194
-31.3075
-31.2849
-31.2566
-31.2291
-31.2189
-31.2435
-31.3153
-31.411
-31.4758
-31.4556
-31.3362
-31.1443
-30.9326
-30.7498
-30.6231
-30.5595
-30.5496
-30.5853
-30.6339
-30.6681
-30.6762
-30.6489
-30.5825
-30.522
-30.5114
-30.6029
-30.6073
-30.5464
-30.5048
-31.4048
-31.3942
-31.412
-31.4199
-31.4316
-31.4535
-31.488
-31.5341
-31.5841
-31.6322
-31.6554
-31.6567
-31.6397
-31.6128
-31.5893
-31.5674
-31.5464
-31.527
-31.5099
-31.4961
-31.4866
-31.4824
-31.4849
-31.4953
-31.516
-31.5506
-31.6014
-31.6709
-31.7219
-31.7516
-31.7744
-31.7952
-31.8061
-31.7954
-31.7617
-31.7266
-31.708
-31.6944
-31.6862
-31.6825
-31.6829
-31.6871
-31.695
-31.7062
-31.72
-31.7356
-31.7519
-31.767
-31.7792
-31.7864
-31.7871
-31.7806
-31.7683
-31.7541
-31.7444
-31.7508
-31.7898
-31.8776
-31.9915
-32.069
-32.0496
-31.9166
-31.7009
-31.4675
-31.2791
-31.1542
-31.0787
-31.0406
-31.038
-31.0618
-31.1039
-31.135
-31.1394
-31.1162
-31.0906
-31.108
-31.2024
-31.1912
-31.1479
-31.0741
-31.905
-31.8871
-31.8939
-31.8863
-31.8892
-31.9095
-31.9537
-32.0147
-32.0858
-32.1315
-32.143
-32.1315
-32.1082
-32.0886
-32.0707
-32.0533
-32.0366
-32.0214
-32.0083
-31.9982
-31.9919
-31.9905
-31.9949
-32.0062
-32.0259
-32.0564
-32.0994
-32.1549
-32.2189
-32.2598
-32.2862
-32.2989
-32.2983
-32.2777
-32.2432
-32.2175
-32.2015
-32.1901
-32.1829
-32.1795
-32.1796
-32.1829
-32.1892
-32.198
-32.2089
-32.2211
-32.2337
-32.2455
-32.2552
-32.2619
-32.2645
-32.2633
-32.2596
-32.257
-32.2611
-32.2812
-32.329
-32.4219
-32.5494
-32.6423
-32.6328
-32.5002
-32.2777
-32.0355
-31.8458
-31.7256
-31.6585
-31.6159
-31.5811
-31.57
-31.5981
-31.6336
-31.6403
-31.6278
-31.6236
-31.6831
-31.76
-31.7705
-31.7503
-31.6665
-32.4121
-32.4033
-32.3661
-32.3476
-32.3542
-32.3825
-32.4348
-32.5077
-32.5784
-32.6089
-32.6099
-32.5947
-32.5808
-32.5676
-32.5542
-32.5409
-32.5283
-32.5168
-32.5072
-32.5004
-32.4969
-32.4976
-32.5034
-32.5149
-32.5332
-32.5595
-32.5943
-32.6368
-32.6827
-32.7247
-32.7519
-32.7588
-32.7523
-32.7377
-32.7194
-32.7032
-32.6909
-32.6819
-32.6762
-32.6734
-32.6735
-32.6762
-32.6813
-32.6884
-32.6972
-32.707
-32.7172
-32.7269
-32.7355
-32.7422
-32.7469
-32.7499
-32.7527
-32.7582
-32.7718
-32.8018
-32.8431
-32.9247
-33.0618
-33.1604
-33.1623
-33.0496
-32.8458
-32.616
-32.431
-32.3137
-32.2527
-32.2182
-32.1802
-32.1466
-32.1518
-32.187
-32.1874
-32.1609
-32.1556
-32.2268
-32.2933
-32.3326
-32.3166
-32.258
-32.9644
-32.9568
-32.9033
-32.8866
-32.9041
-32.9412
-32.9867
-33.0385
-33.0709
-33.0812
-33.0755
-33.068
-33.0597
-33.0505
-33.0407
-33.0309
-33.0215
-33.0132
-33.0066
-33.0024
-33.0011
-33.0034
-33.0099
-33.0213
-33.0379
-33.0601
-33.0887
-33.1208
-33.1542
-33.184
-33.2042
-33.2128
-33.2127
-33.2063
-33.1964
-33.1863
-33.1778
-33.1713
-33.1671
-33.1651
-33.1654
-33.1678
-33.172
-33.1779
-33.1851
-33.1932
-33.2017
-33.2101
-33.218
-33.225
-33.2312
-33.2371
-33.244
-33.2542
-33.2716
-33.3013
-33.3456
-33.4174
-33.519
-33.6087
-33.6255
-33.5436
-33.3782
-33.1852
-33.0238
-32.9184
-32.8605
-32.8276
-32.7934
-32.7623
-32.7675
-32.7918
-32.7785
-32.7274
-32.7048
-32.7607
-32.8273
-32.8672
-32.8475
-32.8304
-33.5696
-33.5593
-33.5268
-33.5212
-33.5361
-33.5545
-33.5651
-33.5685
-33.565
-33.5605
-33.5559
-33.5504
-33.5442
-33.5375
-33.5303
-33.5231
-33.5164
-33.5106
-33.5063
-33.5041
-33.5045
-33.5078
-33.5147
-33.5254
-33.5402
-33.5591
-33.5819
-33.6069
-33.6319
-33.6538
-33.6699
-33.679
-33.6817
-33.6796
-33.6747
-33.6689
-33.6635
-33.6592
-33.6564
-33.6553
-33.6558
-33.658
-33.6616
-33.6666
-33.6726
-33.6795
-33.6868
-33.6943
-33.7017
-33.7088
-33.7159
-33.7234
-33.7323
-33.7445
-33.7627
-33.7902
-33.8288
-33.8838
-33.9561
-34.026
-34.0478
-33.9953
-33.8768
-33.7326
-33.6095
-33.5277
-33.4818
-33.4584
-33.4316
-33.4234
-33.4513
-33.4624
-33.4127
-33.3268
-33.2796
-33.3093
-33.3784
-33.3855
-33.365
-33.3734
-34.1379
-34.1491
-34.1328
-34.1182
-34.1079
-34.0982
-34.0849
-34.0696
-34.0576
-34.0499
-34.0439
-34.0386
-34.0334
-34.028
-34.0226
-34.0173
-34.0125
-34.0087
-34.0062
-34.0055
-34.0069
-34.0109
-34.0177
-34.0276
-34.0406
-34.0565
-34.0748
-34.0945
-34.1137
-34.1306
-34.1437
-34.1521
-34.1561
-34.1566
-34.1547
-34.1518
-34.1488
-34.1463
-34.1447
-34.1443
-34.1451
-34.1472
-34.1504
-34.1547
-34.1599
-34.1658
-34.1722
-34.1789
-34.1858
-34.1928
-34.2001
-34.2081
-34.2176
-34.2298
-34.2467
-34.2703
-34.3016
-34.3412
-34.3898
-34.4386
-34.4599
-34.4315
-34.3574
-34.2625
-34.1837
-34.1326
-34.1074
-34.1036
-34.1119
-34.141
-34.1901
-34.1928
-34.0923
-33.9566
-33.8788
-33.8832
-33.933
-33.9071
-33.8836
-33.8956
-34.6392
-34.6565
-34.651
-34.6288
-34.6062
-34.5903
-34.5757
-34.5618
-34.5503
-34.5419
-34.5356
-34.5304
-34.5257
-34.5211
-34.5168
-34.5129
-34.5096
-34.5072
-34.506
-34.5064
-34.5085
-34.5128
-34.5193
-34.5283
-34.5395
-34.5528
-34.5677
-34.5833
-34.5983
-34.6117
-34.6225
-34.6301
-34.6345
-34.6364
-34.6365
-34.6354
-34.6341
-34.633
-34.6324
-34.6325
-34.6336
-34.6356
-34.6385
-34.6423
-34.6468
-34.6519
-34.6575
-34.6635
-34.6699
-34.6765
-34.6835
-34.6913
-34.7003
-34.7114
-34.7257
-34.745
-34.7695
-34.7985
-34.8317
-34.8652
-34.8839
-34.8727
-34.8344
-34.7827
-34.7456
-34.7255
-34.7257
-34.7473
-34.7987
-34.8755
-34.9489
-34.9443
-34.7952
-34.6018
-34.4896
-34.4672
-34.4803
-34.4353
-34.4058
-34.4103
-35.1251
-35.1268
-35.1195
-35.1063
-35.0911
-35.0776
-35.0649
-35.0531
-35.0432
-35.0355
-35.0293
-35.0242
-35.0198
-35.0159
-35.0124
-35.0095
-35.0072
-35.0059
-35.0056
-35.0067
-35.0092
-35.0135
-35.0196
-35.0276
-35.0372
-35.0483
-35.0604
-35.0729
-35.0849
-35.0957
-35.1046
-35.1114
-35.1159
-35.1185
-35.1196
-35.1198
-35.1196
-35.1195
-35.1196
-35.1202
-35.1215
-35.1234
-35.1261
-35.1294
-35.1333
-35.1378
-35.1427
-35.1481
-35.1538
-35.1598
-35.1663
-35.1733
-35.1813
-35.1907
-35.2021
-35.2169
-35.2355
-35.2573
-35.2818
-35.3065
-35.3234
-35.3248
-35.314
-35.2976
-35.295
-35.302
-35.3279
-35.3757
-35.4551
-35.5798
-35.6834
-35.6734
-35.4814
-35.2372
-35.0971
-35.0459
-35.0201
-34.9663
-34.93
-34.9248
-35.6053
-35.6032
-35.597
-35.5876
-35.5764
-35.5654
-35.5549
-35.5452
-35.5367
-35.5297
-35.5239
-35.5191
-35.5151
-35.5117
-35.5089
-35.5067
-35.5053
-35.5046
-35.5049
-35.5064
-35.5091
-35.5132
-35.5188
-35.5258
-35.534
-35.5433
-35.5531
-35.5632
-35.5729
-35.5816
-35.5891
-35.595
-35.5993
-35.6021
-35.6038
-35.6048
-35.6054
-35.6058
-35.6065
-35.6074
-35.6088
-35.6107
-35.6131
-35.616
-35.6194
-35.6233
-35.6277
-35.6324
-35.6374
-35.6428
-35.6486
-35.6548
-35.6616
-35.6692
-35.678
-35.6887
-35.702
-35.7181
-35.737
-35.757
-35.7751
-35.7879
-35.7992
-35.8092
-35.8331
-35.8621
-35.9112
-35.9834
-36.0849
-36.24
-36.3661
-36.3472
-36.1184
-35.8411
-35.6897
-35.6098
-35.5557
-35.496
-35.4552
-35.4391
-36.0841
-36.0819
-36.0777
-36.0706
-36.0624
-36.0538
-36.0454
-36.0374
-36.0303
-36.0241
-36.0189
-36.0146
-36.011
-36.0081
-36.0058
-36.0042
-36.0033
-36.0031
-36.0038
-36.0054
-36.0082
-36.0121
-36.0171
-36.0231
-36.03
-36.0377
-36.0458
-36.0539
-36.0617
-36.0689
-36.0751
-36.0801
-36.084
-36.0869
-36.0889
-36.0903
-36.0913
-36.0921
-36.093
-36.0942
-36.0956
-36.0974
-36.0996
-36.1021
-36.1052
-36.1086
-36.1123
-36.1165
-36.1209
-36.1257
-36.1307
-36.1362
-36.142
-36.1483
-36.1553
-36.1633
-36.1729
-36.1849
-36.2003
-36.219
-36.2406
-36.2631
-36.2902
-36.3178
-36.3604
-36.4059
-36.4747
-36.5663
-36.6839
-36.8528
-36.9862
-36.9508
-36.6806
-36.4076
-36.2518
-36.1538
-36.082
-36.0196
-35.9786
-35.9481
-36.5654
-36.5637
-36.5604
-36.5553
-36.5492
-36.5426
-36.536
-36.5296
-36.5237
-36.5185
-36.514
-36.5103
-36.5072
-36.5048
-36.503
-36.5017
-36.5012
-36.5013
-36.5022
-36.504
-36.5066
-36.5101
-36.5145
-36.5196
-36.5254
-36.5317
-36.5383
-36.5448
-36.5511
-36.5569
-36.562
-36.5663
-36.5698
-36.5724
-36.5744
-36.576
-36.5772
-36.5783
-36.5793
-36.5805
-36.5819
-36.5836
-36.5855
-36.5878
-36.5905
-36.5934
-36.5967
-36.6004
-36.6043
-36.6085
-36.613
-36.6179
-36.6231
-36.6287
-36.6349
-36.6419
-36.6504
-36.6612
-36.6758
-36.6952
-36.72
-36.749
-36.7849
-36.8225
-36.8765
-36.9311
-37.0136
-37.1172
-37.244
-37.4002
-37.5245
-37.4549
-37.1845
-36.927
-36.7764
-36.6733
-36.5959
-36.5336
-36.493
-36.4514
-37.0492
-37.0479
-37.0453
-37.0415
-37.037
-37.032
-37.0269
-37.0219
-37.0172
-37.013
-37.0093
-37.0062
-37.0036
-37.0016
-37.0002
-36.9993
-36.999
-36.9994
-37.0004
-37.0021
-37.0044
-37.0075
-37.0112
-37.0155
-37.0202
-37.0253
-37.0306
-37.0358
-37.0408
-37.0455
-37.0496
-37.0532
-37.0561
-37.0584
-37.0603
-37.0618
-37.0631
-37.0642
-37.0653
-37.0665
-37.0678
-37.0693
-37.071
-37.0731
-37.0753
-37.0779
-37.0808
-37.084
-37.0875
-37.0913
-37.0954
-37.0999
-37.1048
-37.1103
-37.1165
-37.1237
-37.1327
-37.1443
-37.1599
-37.1808
-37.208
-37.2408
-37.2813
-37.3244
-37.3842
-37.44
-37.5236
-37.6268
-37.7548
-37.8688
-37.9719
-37.8732
-37.6138
-37.3975
-37.2643
-37.1682
-37.0961
-37.038
-36.9953
-36.9511
-37.5346
-37.5334
-37.5316
-37.5289
-37.5256
-37.522
-37.5182
-37.5144
-37.5108
-37.5075
-37.5046
-37.5022
-37.5002
-37.4986
-37.4975
-37.4969
-37.4968
-37.4972
-37.4982
-37.4997
-37.5017
-37.5043
-37.5073
-37.5108
-37.5145
-37.5185
-37.5227
-37.5267
-37.5307
-37.5343
-37.5375
-37.5403
-37.5427
-37.5447
-37.5463
-37.5476
-37.5488
-37.5498
-37.5509
-37.552
-37.5531
-37.5545
-37.556
-37.5578
-37.5598
-37.562
-37.5646
-37.5674
-37.5706
-37.5741
-37.578
-37.5823
-37.5873
-37.593
-37.5997
-37.6077
-37.6178
-37.6309
-37.6481
-37.6707
-37.6996
-37.735
-37.778
-37.8253
-37.8894
-37.9451
-38.0238
-38.1134
-38.1992
-38.2679
-38.3333
-38.2158
-37.9954
-37.8311
-37.7233
-37.6438
-37.5844
-37.5344
-37.4892
-37.4516
-38.021
-38.0201
-38.0189
-38.0171
-38.0149
-38.0124
-38.0097
-38.0071
-38.0046
-38.0022
-38.0001
-37.9983
-37.9968
-37.9957
-37.9949
-37.9945
-37.9945
-37.995
-37.9958
-37.997
-37.9986
-38.0006
-38.003
-38.0056
-38.0085
-38.0115
-38.0146
-38.0177
-38.0206
-38.0232
-38.0256
-38.0277
-38.0295
-38.031
-38.0323
-38.0334
-38.0343
-38.0352
-38.0361
-38.0371
-38.0381
-38.0393
-38.0406
-38.0421
-38.0439
-38.0459
-38.0482
-38.0508
-38.0537
-38.057
-38.0609
-38.0653
-38.0706
-38.0767
-38.0841
-38.0932
-38.1047
-38.1194
-38.1384
-38.1626
-38.1929
-38.2299
-38.2742
-38.3247
-38.3911
-38.4517
-38.5495
-38.6529
-38.6221
-38.6551
-38.6558
-38.5264
-38.3585
-38.244
-38.1654
-38.1075
-38.0653
-38.0283
-37.9862
-37.9612
-38.5082
-38.5076
-38.5069
-38.5059
-38.5046
-38.5032
-38.5016
-38.5
-38.4985
-38.4971
-38.4958
-38.4947
-38.4937
-38.493
-38.4926
-38.4924
-38.4924
-38.4927
-38.4933
-38.4941
-38.4953
-38.4967
-38.4984
-38.5003
-38.5023
-38.5044
-38.5065
-38.5086
-38.5105
-38.5122
-38.5138
-38.5152
-38.5164
-38.5174
-38.5183
-38.519
-38.5198
-38.5205
-38.5212
-38.522
-38.5228
-38.5238
-38.5249
-38.5262
-38.5277
-38.5295
-38.5316
-38.534
-38.5368
-38.5401
-38.5439
-38.5485
-38.5541
-38.5608
-38.569
-38.5794
-38.5924
-38.609
-38.63
-38.6561
-38.6881
-38.7264
-38.7716
-38.8234
-38.8864
-38.9464
-39.0682
-39.2223
-39.2596
-39.0604
-38.9662
-38.8233
-38.7066
-38.6402
-38.5949
-38.5622
-38.5389
-38.5178
-38.4914
-38.484
-38.996
-38.9958
-38.9956
-38.9953
-38.9948
-38.9943
-38.9938
-38.9932
-38.9927
-38.9922
-38.9917
-38.9913
-38.991
-38.9908
-38.9906
-38.9906
-38.9906
-38.9907
-38.991
-38.9914
-38.992
-38.9929
-38.9939
-38.995
-38.9962
-38.9973
-38.9984
-38.9995
-39.0004
-39.0013
-39.002
-39.0026
-39.0032
-39.0037
-39.0041
-39.0045
-39.0049
-39.0054
-39.0059
-39.0064
-39.0071
-39.0078
-39.0087
-39.0098
-39.0111
-39.0126
-39.0144
-39.0166
-39.0193
-39.0225
-39.0263
-39.0311
-39.0369
-39.0442
-39.0535
-39.0653
-39.0803
-39.0992
-39.1229
-39.1518
-39.1865
-39.2272
-39.2741
-39.3269
-39.387
-39.4396
-39.5377
-39.4145
-39.8814
-39.5227
-39.3048
-39.161
-39.0948
-39.0577
-39.0342
-39.0191
-39.0129
-39.0193
-39.0337
-39.0332
)
;

boundaryField
{
    lowerWall
    {
        type            calculated;
        value           nonuniform List<scalar> 
80
(
132935
132941
132954
132974
132999
133029
133064
133103
133144
133188
133235
133281
133327
133373
133418
133461
133503
133543
133581
133617
133652
133686
133719
133751
133783
133815
133847
133880
133913
133946
133979
134012
134044
134075
134104
134130
134153
134172
134187
134197
134202
134203
134199
134190
134176
134159
134138
134114
134087
134058
134027
133995
133962
133928
133892
133856
133818
133780
133740
133698
133654
133609
133562
133513
133462
133410
133357
133303
133250
133197
133145
133095
133049
133006
132967
132933
132906
132885
132870
132863
)
;
    }
    rightWall
    {
        type            calculated;
        value           nonuniform List<scalar> 
80
(
129543
122898
116244
109583
102914
96235.5
89547.1
82847.3
76134
69408.6
62666.7
55907.2
49126.1
42321
35487.6
28617.5
21700.8
14722.9
7659.09
1904.13
-5.16352
-6.48445
-7.1991
-7.87637
-8.51069
-9.0826
-9.61104
-10.128
-10.6833
-11.2728
-11.8643
-12.4481
-13.0231
-13.5964
-14.1869
-14.797
-15.414
-16.0461
-16.7109
-17.39
-18.0664
-18.7437
-19.426
-20.1413
-20.7983
-21.2883
-21.7651
-22.3624
-23.193
-24.1933
-25.18
-26.0517
-26.7614
-27.3307
-27.7796
-28.1165
-28.3488
-28.5124
-28.6696
-28.8749
-29.1581
-29.5283
-29.9816
-30.5048
-31.0741
-31.6665
-32.258
-32.8304
-33.3734
-33.8956
-34.4103
-34.9248
-35.4391
-35.9481
-36.4514
-36.9511
-37.4516
-37.9612
-38.484
-39.0332
)
;
    }
    atmosphere
    {
        type            calculated;
        value           nonuniform List<scalar> 
80
(
-39.24
-39.24
-39.24
-39.24
-39.24
-39.24
-39.24
-39.24
-39.24
-39.24
-39.24
-39.24
-39.24
-39.24
-39.24
-39.24
-39.24
-39.24
-39.24
-39.2401
-39.2405
-39.2411
-39.2418
-39.2425
-39.2432
-39.2439
-39.2445
-39.245
-39.2454
-39.2458
-39.2461
-39.2463
-39.2465
-39.2467
-39.2469
-39.2471
-39.2474
-39.2477
-39.248
-39.2484
-39.249
-39.2496
-39.2503
-39.2513
-39.2524
-39.2538
-39.2554
-39.2575
-39.26
-39.2631
-39.2669
-39.2716
-39.2775
-39.2851
-39.2948
-39.3075
-39.3238
-39.3443
-39.3699
-39.401
-39.4381
-39.481
-39.5297
-39.5838
-39.6478
-39.7046
-39.841
-39.6466
-40.5615
-39.5651
-39.2544
-39.2407
-39.2403
-39.2403
-39.2404
-39.2404
-39.2404
-39.2486
-39.2929
-39.2989
)
;
    }
    leftWall
    {
        type            calculated;
        value           nonuniform List<scalar> 
80
(
129616
122971
116319
109660
102994
96318.5
89634.1
82939
76231.9
69511
62774
56020.3
49246.6
42449.8
35621.2
28752.7
21831.9
14843.4
7764.77
1986.13
11.4971
-5.93433
-6.89708
-7.71846
-8.5707
-9.33959
-9.96275
-10.5817
-11.325
-12.033
-12.5232
-12.8149
-13.0921
-13.4991
-14.0759
-14.7899
-15.5899
-16.4339
-17.2568
-17.9944
-18.6385
-19.2326
-19.8086
-20.3627
-20.9536
-21.583
-22.1663
-22.7102
-23.2736
-23.8807
-24.6374
-25.5415
-26.4059
-27.0793
-27.5188
-27.7936
-28.0336
-28.3207
-28.6739
-29.0752
-29.4989
-29.9267
-30.3829
-30.8895
-31.4048
-31.905
-32.4121
-32.9644
-33.5696
-34.1379
-34.6392
-35.1251
-35.6053
-36.0841
-36.5654
-37.0492
-37.5346
-38.021
-38.5082
-38.996
)
;
    }
    frontAndBack
    {
        type            empty;
    }
}


// ************************************************************************* //
