/*--------------------------------*- C++ -*----------------------------------*\
| =========                 |                                                 |
| \\      /  F ield         | OpenFOAM: The Open Source CFD Toolbox           |
|  \\    /   O peration     | Version:  2412                                  |
|   \\  /    A nd           | Website:  www.openfoam.com                      |
|    \\/     M anipulation  |                                                 |
\*---------------------------------------------------------------------------*/
FoamFile
{
    version     2.0;
    format      ascii;
    arch        "LSB;label=32;scalar=64";
    class       volScalarField;
    location    "4.1";
    object      p;
}
// * * * * * * * * * * * * * * * * * * * * * * * * * * * * * * * * * * * * * //

dimensions      [1 -1 -2 0 0 0 0];

internalField   nonuniform List<scalar> 
6400
(
8160.4
8160.56
8160.87
8161.22
8161.57
8161.88
8162.12
8162.29
8162.39
8162.43
8162.4
8162.31
8162.19
8162.02
8161.81
8161.58
8161.31
8161.03
8160.72
8160.39
8160.05
8159.7
8159.34
8158.98
8158.62
8158.26
8157.91
8157.56
8157.23
8156.92
8156.63
8156.36
8156.12
8155.91
8155.73
8155.58
8155.46
8155.38
8155.33
8155.31
8155.33
8155.39
8155.47
8155.59
8155.75
8155.93
8156.14
8156.38
8156.64
8156.92
8157.23
8157.55
8157.89
8158.23
8158.59
8158.94
8159.3
8159.65
8159.99
8160.33
8160.65
8160.95
8161.24
8161.51
8161.75
8161.97
8162.16
8162.32
8162.43
8162.51
8162.53
8162.49
8162.4
8162.23
8162
8161.7
8161.37
8161.02
8160.73
8160.57
7743.3
7743.47
7743.74
7744.05
7744.36
7744.63
7744.86
7745.03
7745.13
7745.18
7745.18
7745.12
7745.02
7744.89
7744.71
7744.51
7744.28
7744.03
7743.75
7743.46
7743.15
7742.83
7742.49
7742.16
7741.82
7741.49
7741.16
7740.83
7740.52
7740.23
7739.95
7739.7
7739.47
7739.26
7739.09
7738.94
7738.83
7738.75
7738.7
7738.69
7738.71
7738.76
7738.84
7738.96
7739.11
7739.28
7739.49
7739.71
7739.97
7740.24
7740.53
7740.84
7741.16
7741.48
7741.82
7742.15
7742.48
7742.8
7743.12
7743.43
7743.72
7743.99
7744.25
7744.49
7744.7
7744.89
7745.04
7745.17
7745.25
7745.3
7745.3
7745.24
7745.14
7744.97
7744.75
7744.49
7744.19
7743.9
7743.64
7743.47
7326.08
7326.29
7326.56
7326.85
7327.13
7327.38
7327.59
7327.76
7327.88
7327.94
7327.96
7327.93
7327.86
7327.76
7327.62
7327.45
7327.25
7327.03
7326.79
7326.53
7326.25
7325.96
7325.66
7325.35
7325.04
7324.73
7324.42
7324.12
7323.83
7323.55
7323.29
7323.04
7322.82
7322.63
7322.46
7322.32
7322.21
7322.13
7322.08
7322.07
7322.09
7322.14
7322.22
7322.34
7322.48
7322.65
7322.85
7323.07
7323.31
7323.57
7323.85
7324.15
7324.45
7324.75
7325.07
7325.38
7325.68
7325.98
7326.27
7326.55
7326.81
7327.05
7327.28
7327.48
7327.66
7327.81
7327.93
7328.02
7328.08
7328.09
7328.06
7327.99
7327.87
7327.71
7327.5
7327.25
7326.97
7326.7
7326.43
7326.23
6908.8
6909.06
6909.37
6909.66
6909.93
6910.18
6910.39
6910.56
6910.69
6910.76
6910.8
6910.79
6910.75
6910.67
6910.56
6910.42
6910.25
6910.06
6909.85
6909.62
6909.37
6909.11
6908.83
6908.55
6908.26
6907.97
6907.67
6907.39
6907.11
6906.84
6906.59
6906.35
6906.14
6905.95
6905.78
6905.64
6905.53
6905.46
6905.41
6905.4
6905.42
6905.47
6905.55
6905.66
6905.8
6905.97
6906.17
6906.38
6906.62
6906.88
6907.15
6907.43
6907.72
6908.01
6908.31
6908.6
6908.89
6909.16
6909.43
6909.68
6909.92
6910.13
6910.33
6910.5
6910.65
6910.77
6910.87
6910.93
6910.96
6910.95
6910.9
6910.81
6910.68
6910.5
6910.29
6910.04
6909.76
6909.47
6909.18
6908.92
6491.51
6491.83
6492.18
6492.49
6492.77
6493.03
6493.24
6493.42
6493.55
6493.64
6493.69
6493.7
6493.68
6493.63
6493.54
6493.43
6493.29
6493.12
6492.94
6492.73
6492.51
6492.27
6492.02
6491.75
6491.48
6491.2
6490.92
6490.64
6490.37
6490.11
6489.86
6489.63
6489.42
6489.23
6489.06
6488.93
6488.82
6488.74
6488.7
6488.68
6488.7
6488.75
6488.83
6488.94
6489.09
6489.25
6489.45
6489.66
6489.9
6490.15
6490.42
6490.69
6490.98
6491.26
6491.54
6491.82
6492.09
6492.35
6492.6
6492.83
6493.04
6493.24
6493.41
6493.55
6493.68
6493.77
6493.84
6493.88
6493.88
6493.85
6493.78
6493.67
6493.53
6493.34
6493.12
6492.86
6492.57
6492.26
6491.92
6491.61
6074.25
6074.62
6075.01
6075.35
6075.65
6075.91
6076.14
6076.32
6076.46
6076.57
6076.63
6076.66
6076.66
6076.62
6076.56
6076.47
6076.35
6076.21
6076.05
6075.87
6075.67
6075.45
6075.21
6074.96
6074.7
6074.43
6074.16
6073.88
6073.62
6073.36
6073.11
6072.88
6072.67
6072.48
6072.31
6072.17
6072.06
6071.98
6071.94
6071.92
6071.94
6071.99
6072.08
6072.19
6072.33
6072.5
6072.7
6072.92
6073.15
6073.41
6073.67
6073.94
6074.22
6074.5
6074.78
6075.05
6075.31
6075.55
6075.78
6075.99
6076.19
6076.36
6076.51
6076.63
6076.73
6076.8
6076.84
6076.86
6076.84
6076.79
6076.7
6076.58
6076.42
6076.22
6075.98
6075.71
6075.41
6075.07
6074.69
6074.34
5657.03
5657.44
5657.87
5658.24
5658.56
5658.84
5659.07
5659.27
5659.42
5659.54
5659.61
5659.66
5659.67
5659.66
5659.61
5659.54
5659.45
5659.33
5659.19
5659.03
5658.84
5658.64
5658.41
5658.17
5657.92
5657.66
5657.39
5657.12
5656.85
5656.59
5656.34
5656.1
5655.89
5655.69
5655.52
5655.38
5655.27
5655.19
5655.14
5655.12
5655.14
5655.19
5655.28
5655.4
5655.54
5655.72
5655.92
5656.14
5656.38
5656.64
5656.91
5657.18
5657.46
5657.74
5658.01
5658.27
5658.53
5658.76
5658.98
5659.17
5659.35
5659.5
5659.63
5659.73
5659.8
5659.85
5659.88
5659.87
5659.83
5659.77
5659.67
5659.53
5659.36
5659.15
5658.9
5658.61
5658.29
5657.93
5657.51
5657.1
5239.86
5240.31
5240.78
5241.18
5241.52
5241.81
5242.06
5242.26
5242.42
5242.54
5242.63
5242.69
5242.72
5242.72
5242.69
5242.64
5242.57
5242.47
5242.35
5242.2
5242.03
5241.84
5241.63
5241.4
5241.15
5240.89
5240.62
5240.35
5240.08
5239.81
5239.55
5239.31
5239.08
5238.88
5238.7
5238.55
5238.44
5238.35
5238.3
5238.28
5238.3
5238.36
5238.45
5238.57
5238.72
5238.91
5239.11
5239.34
5239.59
5239.86
5240.13
5240.42
5240.7
5240.98
5241.25
5241.51
5241.76
5241.99
5242.19
5242.37
5242.53
5242.66
5242.77
5242.85
5242.91
5242.94
5242.94
5242.91
5242.86
5242.78
5242.67
5242.52
5242.34
5242.11
5241.85
5241.55
5241.21
5240.82
5240.36
5239.92
4822.74
4823.23
4823.74
4824.17
4824.52
4824.83
4825.08
4825.29
4825.45
4825.58
4825.68
4825.75
4825.79
4825.81
4825.8
4825.77
4825.71
4825.63
4825.53
4825.4
4825.24
4825.06
4824.86
4824.64
4824.39
4824.13
4823.86
4823.58
4823.29
4823.02
4822.75
4822.49
4822.25
4822.04
4821.85
4821.7
4821.57
4821.48
4821.43
4821.41
4821.43
4821.49
4821.59
4821.71
4821.88
4822.07
4822.29
4822.53
4822.79
4823.07
4823.36
4823.65
4823.94
4824.23
4824.51
4824.77
4825.02
4825.24
4825.43
4825.6
4825.74
4825.86
4825.94
4826
4826.04
4826.05
4826.03
4825.99
4825.92
4825.82
4825.7
4825.54
4825.35
4825.12
4824.85
4824.54
4824.18
4823.76
4823.26
4822.78
4405.67
4406.21
4406.76
4407.21
4407.58
4407.89
4408.15
4408.36
4408.52
4408.65
4408.75
4408.83
4408.88
4408.91
4408.92
4408.91
4408.87
4408.81
4408.73
4408.62
4408.48
4408.31
4408.11
4407.89
4407.64
4407.38
4407.1
4406.81
4406.51
4406.22
4405.93
4405.66
4405.4
4405.18
4404.98
4404.81
4404.67
4404.58
4404.52
4404.5
4404.53
4404.59
4404.69
4404.83
4405
4405.21
4405.44
4405.7
4405.98
4406.27
4406.58
4406.89
4407.2
4407.5
4407.78
4408.05
4408.3
4408.51
4408.7
4408.86
4408.98
4409.08
4409.15
4409.18
4409.19
4409.18
4409.14
4409.08
4409
4408.89
4408.76
4408.59
4408.4
4408.17
4407.9
4407.57
4407.19
4406.75
4406.2
4405.68
3988.66
3989.25
3989.84
3990.31
3990.7
3991.01
3991.27
3991.47
3991.63
3991.75
3991.85
3991.94
3992
3992.04
3992.07
3992.08
3992.06
3992.02
3991.95
3991.86
3991.73
3991.58
3991.39
3991.17
3990.92
3990.64
3990.35
3990.04
3989.72
3989.41
3989.1
3988.81
3988.53
3988.29
3988.07
3987.89
3987.74
3987.64
3987.57
3987.55
3987.58
3987.65
3987.75
3987.9
3988.09
3988.31
3988.57
3988.84
3989.15
3989.46
3989.79
3990.13
3990.46
3990.78
3991.08
3991.35
3991.6
3991.82
3992
3992.15
3992.26
3992.33
3992.37
3992.39
3992.37
3992.34
3992.28
3992.2
3992.1
3991.98
3991.84
3991.68
3991.49
3991.26
3990.99
3990.66
3990.27
3989.79
3989.21
3988.64
3571.71
3572.36
3572.99
3573.49
3573.88
3574.19
3574.43
3574.61
3574.76
3574.88
3574.98
3575.06
3575.13
3575.19
3575.24
3575.27
3575.27
3575.25
3575.21
3575.13
3575.02
3574.88
3574.69
3574.47
3574.21
3573.93
3573.61
3573.28
3572.94
3572.59
3572.25
3571.93
3571.63
3571.36
3571.12
3570.92
3570.77
3570.65
3570.58
3570.56
3570.59
3570.66
3570.78
3570.94
3571.15
3571.39
3571.66
3571.97
3572.29
3572.64
3573
3573.36
3573.72
3574.07
3574.39
3574.68
3574.94
3575.16
3575.33
3575.47
3575.56
3575.61
3575.63
3575.62
3575.58
3575.52
3575.43
3575.33
3575.22
3575.09
3574.95
3574.79
3574.61
3574.4
3574.13
3573.81
3573.41
3572.91
3572.28
3571.65
3154.83
3155.55
3156.25
3156.77
3157.15
3157.44
3157.65
3157.8
3157.92
3158.02
3158.12
3158.2
3158.28
3158.36
3158.43
3158.48
3158.51
3158.52
3158.5
3158.45
3158.35
3158.22
3158.04
3157.81
3157.54
3157.23
3156.89
3156.53
3156.15
3155.76
3155.39
3155.03
3154.7
3154.4
3154.14
3153.92
3153.74
3153.62
3153.54
3153.51
3153.54
3153.62
3153.75
3153.93
3154.16
3154.43
3154.73
3155.06
3155.42
3155.8
3156.2
3156.61
3157
3157.38
3157.73
3158.04
3158.31
3158.53
3158.71
3158.83
3158.9
3158.93
3158.92
3158.87
3158.8
3158.71
3158.6
3158.48
3158.35
3158.22
3158.08
3157.93
3157.77
3157.58
3157.34
3157.03
3156.64
3156.12
3155.43
3154.74
2738.05
2738.86
2739.63
2740.16
2740.52
2740.76
2740.92
2741.02
2741.1
2741.17
2741.25
2741.34
2741.44
2741.53
2741.63
2741.71
2741.77
2741.81
2741.82
2741.8
2741.72
2741.6
2741.42
2741.19
2740.9
2740.57
2740.19
2739.79
2739.36
2738.93
2738.51
2738.1
2737.73
2737.4
2737.11
2736.87
2736.67
2736.53
2736.45
2736.42
2736.45
2736.54
2736.68
2736.88
2737.13
2737.43
2737.76
2738.13
2738.53
2738.96
2739.4
2739.85
2740.3
2740.72
2741.1
2741.44
2741.73
2741.96
2742.13
2742.23
2742.28
2742.28
2742.23
2742.15
2742.05
2741.92
2741.79
2741.64
2741.49
2741.34
2741.21
2741.08
2740.95
2740.8
2740.61
2740.35
2739.97
2739.44
2738.69
2737.9
2321.39
2322.33
2323.17
2323.7
2324
2324.17
2324.24
2324.26
2324.28
2324.32
2324.38
2324.47
2324.58
2324.71
2324.83
2324.95
2325.05
2325.13
2325.18
2325.19
2325.14
2325.03
2324.86
2324.62
2324.31
2323.95
2323.53
2323.07
2322.59
2322.09
2321.6
2321.15
2320.73
2320.36
2320.04
2319.77
2319.55
2319.39
2319.3
2319.27
2319.3
2319.4
2319.56
2319.79
2320.07
2320.4
2320.77
2321.17
2321.62
2322.09
2322.6
2323.11
2323.62
2324.09
2324.52
2324.9
2325.21
2325.45
2325.61
2325.7
2325.72
2325.68
2325.59
2325.46
2325.31
2325.15
2324.97
2324.79
2324.62
2324.46
2324.33
2324.23
2324.15
2324.07
2323.95
2323.76
2323.44
2322.92
2322.09
2321.17
1904.92
1906.02
1906.94
1907.42
1907.61
1907.64
1907.58
1907.49
1907.43
1907.42
1907.46
1907.56
1907.7
1907.87
1908.04
1908.2
1908.35
1908.48
1908.58
1908.63
1908.62
1908.53
1908.36
1908.11
1907.78
1907.38
1906.91
1906.39
1905.83
1905.25
1904.69
1904.17
1903.7
1903.29
1902.93
1902.63
1902.38
1902.21
1902.1
1902.06
1902.1
1902.2
1902.39
1902.65
1902.96
1903.33
1903.74
1904.19
1904.68
1905.22
1905.79
1906.39
1906.98
1907.52
1908.01
1908.43
1908.77
1909.01
1909.16
1909.23
1909.22
1909.13
1908.98
1908.79
1908.58
1908.37
1908.16
1907.93
1907.72
1907.54
1907.41
1907.34
1907.33
1907.35
1907.36
1907.29
1907.08
1906.59
1905.69
1904.6
1488.71
1490.01
1490.99
1491.35
1491.35
1491.17
1490.92
1490.68
1490.5
1490.44
1490.47
1490.59
1490.78
1491
1491.24
1491.45
1491.66
1491.85
1492.03
1492.14
1492.17
1492.11
1491.95
1491.7
1491.34
1490.88
1490.36
1489.76
1489.11
1488.42
1487.76
1487.17
1486.64
1486.19
1485.79
1485.46
1485.19
1484.99
1484.86
1484.82
1484.86
1484.98
1485.19
1485.48
1485.84
1486.26
1486.71
1487.19
1487.73
1488.33
1489
1489.7
1490.39
1491.02
1491.57
1492.05
1492.43
1492.68
1492.81
1492.85
1492.79
1492.63
1492.41
1492.13
1491.86
1491.6
1491.33
1491.05
1490.78
1490.56
1490.43
1490.39
1490.47
1490.62
1490.81
1490.94
1490.9
1490.52
1489.55
1488.27
1072.69
1074.4
1075.46
1075.6
1075.29
1074.8
1074.27
1073.8
1073.48
1073.35
1073.38
1073.55
1073.81
1074.12
1074.44
1074.71
1074.96
1075.24
1075.51
1075.72
1075.81
1075.78
1075.65
1075.4
1075
1074.47
1073.88
1073.2
1072.42
1071.57
1070.77
1070.12
1069.56
1069.07
1068.65
1068.28
1068
1067.78
1067.63
1067.58
1067.63
1067.75
1067.99
1068.33
1068.74
1069.21
1069.69
1070.18
1070.75
1071.4
1072.16
1073.03
1073.86
1074.59
1075.22
1075.77
1076.21
1076.47
1076.56
1076.55
1076.43
1076.2
1075.85
1075.46
1075.11
1074.82
1074.52
1074.15
1073.78
1073.49
1073.34
1073.34
1073.54
1073.9
1074.35
1074.77
1075.03
1074.86
1073.81
1072.14
657.442
660.244
661.113
660.617
659.668
658.65
657.704
656.896
656.353
656.168
656.241
656.479
656.852
657.302
657.737
658.043
658.291
658.662
659.106
659.446
659.595
659.584
659.491
659.254
658.763
658.127
657.442
656.65
655.705
654.571
653.535
652.817
652.232
651.734
651.269
650.835
650.524
650.288
650.071
650.019
650.088
650.177
650.453
650.907
651.374
651.978
652.515
652.917
653.548
654.229
655.129
656.294
657.357
658.204
658.937
659.614
660.169
660.43
660.451
660.386
660.223
659.881
659.37
658.783
658.334
658.098
657.811
657.307
656.751
656.346
656.142
656.164
656.524
657.211
658.08
659.013
659.887
660.35
659.514
656.819
260.603
264.951
264.86
263.245
261.593
260.227
259.164
258.341
257.784
257.612
257.729
258.013
258.451
259.046
259.782
260.414
260.757
261.047
261.44
261.799
262.07
262.323
262.618
262.585
261.832
260.975
260.381
259.868
259.35
258.767
258.494
258.539
258.096
257.044
255.808
254.651
253.69
252.967
252.459
252.205
252.22
252.487
253.003
253.742
254.673
255.874
257.25
258.598
259.553
259.787
259.803
260.33
260.906
261.366
261.885
262.677
263.54
263.797
263.464
263.056
262.717
262.324
261.855
261.325
260.929
260.596
259.999
259.16
258.396
257.903
257.656
257.643
258.023
258.747
259.747
261.023
262.59
264.169
264.322
260.194
31.8012
33.4585
32.7654
31.6053
30.6287
29.9276
29.5068
29.4097
29.3855
29.3434
29.4302
29.5852
29.7909
30.095
30.5152
31.0613
31.6242
31.8297
31.9402
32.0709
32.2664
32.5111
32.687
32.6262
32.6642
32.5163
32.3758
32.2846
32.2303
32.3026
32.4483
32.0767
31.2331
30.3
29.3087
28.3809
27.5504
26.9361
26.5796
26.3455
26.3031
26.5641
26.9308
27.3822
28.088
28.9347
30.0351
31.2869
32.228
33.1012
33.0916
32.9971
33.0125
33.1181
33.2124
33.3431
33.3242
33.3699
33.3509
33.1234
32.866
32.6747
32.5192
32.3496
32.0526
31.3143
30.5385
30.0753
29.776
29.5414
29.3763
29.3194
29.386
29.4057
29.7526
30.4052
31.3406
32.4818
33.189
31.6421
-10.0992
-10.0761
-10.0858
-10.1007
-10.1143
-10.1282
-10.0992
-9.79638
-9.49382
-9.44251
-9.37146
-9.32088
-9.30817
-9.2827
-9.32917
-9.26216
-8.64877
-8.43272
-8.35651
-8.32813
-8.3052
-8.35053
-8.5593
-8.96807
-7.97337
-7.51534
-7.41956
-7.46906
-7.5803
-7.68251
-7.9789
-9.31182
-10.2943
-10.4158
-10.4128
-10.4224
-10.4266
-10.4234
-10.417
-10.4101
-10.4088
-10.4187
-10.4239
-10.4283
-10.4296
-10.4232
-10.4131
-10.4121
-9.99926
-8.42973
-7.6391
-7.46196
-7.32989
-7.17496
-7.18134
-7.51068
-8.50104
-8.57237
-8.01788
-7.82995
-7.8283
-7.85718
-7.9153
-8.01292
-8.27702
-9.12014
-9.5869
-9.50106
-9.37871
-9.39297
-9.46845
-9.54261
-9.6594
-10.0534
-10.143
-10.1299
-10.122
-10.1096
-10.1201
-10.1473
-10.5756
-10.5753
-10.5789
-10.5883
-10.5982
-10.6103
-10.6246
-10.5563
-10.4116
-10.3349
-10.2579
-10.2003
-10.1649
-10.1257
-10.1305
-10.1093
-9.92712
-9.8032
-9.75056
-9.73293
-9.72599
-9.77942
-9.91635
-10.1115
-9.78577
-9.67347
-9.71267
-9.80105
-9.86827
-9.91593
-10.1078
-10.7062
-10.8842
-10.8987
-10.8932
-10.9034
-10.9094
-10.9111
-10.9103
-10.9082
-10.9085
-10.9123
-10.9141
-10.9137
-10.9103
-10.9038
-10.8935
-10.9094
-10.8725
-10.3928
-9.89991
-9.79448
-9.72504
-9.61745
-9.52285
-9.52808
-9.79718
-9.79927
-9.61232
-9.48802
-9.48597
-9.50796
-9.55229
-9.64057
-9.80602
-10.0864
-10.2005
-10.2045
-10.2088
-10.2508
-10.3269
-10.4149
-10.5099
-10.6283
-10.6249
-10.6078
-10.6054
-10.6065
-10.6141
-10.6165
-11.0695
-11.0643
-11.0708
-11.0861
-11.101
-11.1165
-11.1375
-11.1599
-11.1747
-11.1709
-11.1485
-11.1335
-11.1249
-11.1087
-11.1238
-11.1549
-11.2557
-11.2247
-11.2041
-11.2036
-11.2065
-11.2352
-11.2483
-11.2343
-11.3386
-11.3889
-11.3963
-11.3992
-11.4088
-11.4154
-11.4298
-11.4294
-11.4154
-11.4045
-11.4033
-11.4102
-11.4111
-11.4084
-11.4049
-11.4016
-11.4019
-11.4059
-11.4082
-11.4116
-11.4137
-11.41
-11.402
-11.4117
-11.4282
-11.4322
-11.416
-11.4091
-11.3998
-11.3917
-11.375
-11.3059
-11.1538
-11.1507
-11.2411
-11.1997
-11.1919
-11.1934
-11.2099
-11.254
-11.2997
-11.1468
-11.0872
-11.0938
-11.1243
-11.1396
-11.1652
-11.1918
-11.1895
-11.1613
-11.1338
-11.1173
-11.11
-11.1059
-11.1103
-11.1192
-11.5577
-11.5655
-11.5916
-11.6111
-11.6209
-11.6262
-11.6418
-11.6621
-11.6687
-11.6819
-11.7042
-11.7301
-11.7517
-11.7725
-11.7918
-11.8063
-11.8121
-11.821
-11.8356
-11.848
-11.8594
-11.8658
-11.8735
-11.8776
-11.883
-11.8885
-11.8925
-11.8958
-11.899
-11.903
-11.9083
-11.9153
-11.9123
-11.9074
-11.9115
-11.9175
-11.9145
-11.9085
-11.9045
-11.9014
-11.9011
-11.9036
-11.9052
-11.9114
-11.917
-11.9151
-11.9057
-11.9069
-11.9123
-11.91
-11.9011
-11.8948
-11.8911
-11.8886
-11.8844
-11.8785
-11.8755
-11.8705
-11.8606
-11.8536
-11.8445
-11.8339
-11.8215
-11.8064
-11.7993
-11.7933
-11.778
-11.7616
-11.7408
-11.7207
-11.6963
-11.6867
-11.6883
-11.6705
-11.6555
-11.6512
-11.6441
-11.6271
-11.6116
-11.607
-12.0692
-12.1121
-12.1665
-12.1845
-12.1665
-12.1435
-12.1404
-12.1493
-12.1633
-12.1832
-12.2038
-12.2237
-12.2426
-12.2609
-12.2778
-12.2925
-12.3034
-12.3151
-12.3263
-12.337
-12.3476
-12.3554
-12.3633
-12.369
-12.374
-12.3777
-12.3814
-12.3854
-12.3902
-12.3953
-12.4041
-12.4095
-12.4061
-12.4053
-12.414
-12.4205
-12.415
-12.405
-12.3996
-12.3966
-12.3955
-12.3965
-12.399
-12.4076
-12.4168
-12.4158
-12.4045
-12.4029
-12.409
-12.4106
-12.3939
-12.387
-12.3813
-12.3767
-12.3726
-12.3692
-12.3634
-12.3569
-12.35
-12.3423
-12.3328
-12.3229
-12.3123
-12.3022
-12.2891
-12.2798
-12.2647
-12.2485
-12.2308
-12.214
-12.1992
-12.1861
-12.1771
-12.1744
-12.1889
-12.2109
-12.2111
-12.1837
-12.1369
-12.11
-12.5981
-12.6878
-12.7441
-12.7479
-12.7066
-12.6608
-12.6415
-12.645
-12.6601
-12.6799
-12.6998
-12.7188
-12.7366
-12.7534
-12.769
-12.7827
-12.7942
-12.806
-12.8176
-12.8283
-12.8378
-12.8454
-12.8526
-12.8596
-12.8653
-12.8686
-12.8721
-12.8755
-12.8791
-12.8838
-12.8887
-12.8939
-12.8945
-12.8966
-12.9081
-12.9165
-12.9099
-12.8977
-12.8917
-12.8895
-12.8878
-12.8883
-12.8909
-12.8992
-12.9095
-12.9084
-12.8965
-12.8916
-12.8923
-12.8876
-12.8813
-12.8753
-12.8707
-12.8673
-12.8638
-12.8597
-12.8543
-12.8472
-12.8396
-12.8327
-12.8241
-12.8142
-12.8036
-12.792
-12.781
-12.7711
-12.7576
-12.7421
-12.7256
-12.7084
-12.6919
-12.6745
-12.6642
-12.6774
-12.719
-12.7676
-12.7834
-12.7637
-12.7008
-12.6307
-13.1012
-13.1952
-13.2374
-13.2414
-13.2024
-13.1601
-13.1412
-13.1455
-13.1593
-13.1772
-13.1949
-13.2122
-13.2295
-13.246
-13.2612
-13.275
-13.2873
-13.299
-13.3099
-13.32
-13.329
-13.3368
-13.3436
-13.3495
-13.3546
-13.359
-13.3631
-13.3669
-13.3706
-13.3746
-13.3792
-13.3805
-13.381
-13.3829
-13.3931
-13.4008
-13.3967
-13.3866
-13.3814
-13.3801
-13.3787
-13.3787
-13.3805
-13.3858
-13.3923
-13.391
-13.3813
-13.3749
-13.3743
-13.3734
-13.3699
-13.3655
-13.3616
-13.3577
-13.3534
-13.3488
-13.3434
-13.3374
-13.3307
-13.3234
-13.3151
-13.3057
-13.2956
-13.2848
-13.2735
-13.2619
-13.2486
-13.2342
-13.2189
-13.2037
-13.1875
-13.1732
-13.1613
-13.1756
-13.2226
-13.2843
-13.3105
-13.2924
-13.2427
-13.1499
-13.5547
-13.6221
-13.6606
-13.6741
-13.6609
-13.6431
-13.6371
-13.6451
-13.6573
-13.6731
-13.6898
-13.7069
-13.7238
-13.7398
-13.7547
-13.7683
-13.7808
-13.7924
-13.803
-13.8125
-13.8209
-13.8284
-13.835
-13.8407
-13.8456
-13.8498
-13.8535
-13.8568
-13.8598
-13.8626
-13.865
-13.8665
-13.8667
-13.8676
-13.8738
-13.8796
-13.879
-13.874
-13.871
-13.8702
-13.8694
-13.8692
-13.87
-13.8719
-13.8736
-13.8711
-13.8642
-13.8597
-13.8593
-13.8591
-13.8572
-13.8545
-13.8513
-13.8479
-13.844
-13.8396
-13.8346
-13.8287
-13.8221
-13.8149
-13.8069
-13.7981
-13.7884
-13.7778
-13.7666
-13.7546
-13.7417
-13.7279
-13.7135
-13.6987
-13.6839
-13.6712
-13.6628
-13.6669
-13.6998
-13.7435
-13.7589
-13.7421
-13.6996
-13.6267
-13.9715
-14.0276
-14.0711
-14.0982
-14.1113
-14.1196
-14.1294
-14.141
-14.1539
-14.1691
-14.1855
-14.2027
-14.2194
-14.2353
-14.2499
-14.2633
-14.2756
-14.2868
-14.2969
-14.3059
-14.3139
-14.3209
-14.3271
-14.3326
-14.3374
-14.3416
-14.3454
-14.3487
-14.3516
-14.3538
-14.3551
-14.3554
-14.3549
-14.355
-14.3583
-14.3624
-14.3638
-14.3627
-14.3616
-14.3609
-14.3606
-14.3602
-14.3605
-14.3606
-14.3593
-14.3561
-14.3517
-14.3493
-14.3492
-14.349
-14.3479
-14.3458
-14.3429
-14.3394
-14.3354
-14.331
-14.3259
-14.3203
-14.314
-14.3071
-14.2995
-14.2911
-14.2818
-14.2715
-14.2604
-14.2485
-14.2356
-14.2219
-14.2076
-14.193
-14.1789
-14.1664
-14.1576
-14.1531
-14.1622
-14.1762
-14.1745
-14.1511
-14.1087
-14.0592
-14.366
-14.4339
-14.4958
-14.5434
-14.5797
-14.6034
-14.6201
-14.6349
-14.65
-14.666
-14.6831
-14.7005
-14.7173
-14.7328
-14.7469
-14.7598
-14.7716
-14.7822
-14.7917
-14.8001
-14.8075
-14.8141
-14.82
-14.8251
-14.8296
-14.8336
-14.8371
-14.84
-14.8425
-14.8444
-14.8458
-14.8463
-14.8464
-14.8463
-14.8482
-14.8512
-14.8533
-14.8535
-14.8529
-14.8523
-14.8522
-14.8518
-14.8519
-14.8514
-14.8498
-14.8468
-14.8436
-14.8417
-14.8411
-14.8402
-14.8386
-14.8365
-14.8339
-14.8307
-14.827
-14.8228
-14.818
-14.8127
-14.8067
-14.8001
-14.7928
-14.7848
-14.7759
-14.7661
-14.7553
-14.7436
-14.731
-14.7176
-14.7032
-14.6885
-14.674
-14.6606
-14.6492
-14.6387
-14.63
-14.6199
-14.5992
-14.5653
-14.522
-14.4778
-14.7299
-14.8138
-14.9169
-15.0124
-15.0641
-15.0935
-15.1142
-15.1314
-15.1488
-15.1663
-15.1838
-15.2013
-15.2177
-15.2325
-15.2459
-15.2581
-15.2691
-15.2789
-15.2876
-15.2953
-15.3021
-15.3082
-15.3136
-15.3184
-15.3226
-15.3263
-15.3296
-15.3324
-15.3347
-15.3365
-15.3376
-15.3384
-15.3389
-15.3393
-15.3408
-15.3429
-15.3446
-15.3451
-15.3447
-15.3443
-15.3443
-15.3439
-15.3438
-15.343
-15.3413
-15.339
-15.3366
-15.3348
-15.3336
-15.3322
-15.3308
-15.3287
-15.326
-15.323
-15.3194
-15.3153
-15.3108
-15.3057
-15.3
-15.2938
-15.2869
-15.2793
-15.2709
-15.2616
-15.2514
-15.2401
-15.2278
-15.2145
-15.2002
-15.1851
-15.1699
-15.1551
-15.1408
-15.1264
-15.1092
-15.0852
-15.0489
-15.0028
-14.9469
-14.8933
-15.0858
-15.1972
-15.3468
-15.4675
-15.5378
-15.5816
-15.612
-15.6338
-15.6538
-15.6728
-15.6899
-15.7062
-15.7213
-15.7349
-15.7471
-15.7581
-15.7679
-15.7767
-15.7845
-15.7914
-15.7976
-15.803
-15.8079
-15.8123
-15.8162
-15.8196
-15.8226
-15.8251
-15.8272
-15.8289
-15.8302
-15.831
-15.8318
-15.8325
-15.8338
-15.8354
-15.8367
-15.8372
-15.8368
-15.8366
-15.8366
-15.8362
-15.8359
-15.8351
-15.8335
-15.8316
-15.8296
-15.8279
-15.8264
-15.825
-15.8232
-15.8211
-15.8186
-15.8156
-15.8123
-15.8084
-15.8042
-15.7994
-15.7941
-15.7882
-15.7818
-15.7748
-15.767
-15.7583
-15.7487
-15.7381
-15.7264
-15.7135
-15.6993
-15.6838
-15.6676
-15.6508
-15.6336
-15.6171
-15.5989
-15.575
-15.5256
-15.441
-15.3553
-15.2905
-15.4925
-15.6453
-15.8246
-15.9337
-16.0233
-16.087
-16.1226
-16.1445
-16.1658
-16.1869
-16.2022
-16.2158
-16.2285
-16.2401
-16.2505
-16.2599
-16.2683
-16.2759
-16.2826
-16.2885
-16.2939
-16.2987
-16.303
-16.3069
-16.3104
-16.3134
-16.3161
-16.3183
-16.3203
-16.3218
-16.3231
-16.3241
-16.3249
-16.3258
-16.3269
-16.3281
-16.3291
-16.3294
-16.3291
-16.329
-16.329
-16.3287
-16.3282
-16.3274
-16.3261
-16.3244
-16.3227
-16.321
-16.3195
-16.3179
-16.3161
-16.314
-16.3116
-16.3088
-16.3056
-16.3021
-16.2981
-16.2937
-16.2888
-16.2835
-16.2776
-16.2711
-16.2641
-16.2562
-16.2475
-16.2378
-16.227
-16.2149
-16.2015
-16.1866
-16.1705
-16.1522
-16.1324
-16.1131
-16.0916
-16.0602
-16.001
-15.8892
-15.763
-15.6789
-15.9897
-16.1792
-16.3775
-16.4628
-16.538
-16.6212
-16.6694
-16.6826
-16.6964
-16.7103
-16.7211
-16.7305
-16.7397
-16.7482
-16.7562
-16.7635
-16.7702
-16.7762
-16.7817
-16.7866
-16.791
-16.7951
-16.7988
-16.8021
-16.8051
-16.8077
-16.81
-16.812
-16.8137
-16.8151
-16.8163
-16.8173
-16.8182
-16.8191
-16.82
-16.8209
-16.8217
-16.8219
-16.8214
-16.8216
-16.8217
-16.8213
-16.8207
-16.8199
-16.8188
-16.8174
-16.8158
-16.8143
-16.8127
-16.8111
-16.8093
-16.8073
-16.805
-16.8024
-16.7995
-16.7963
-16.7926
-16.7886
-16.7842
-16.7794
-16.7742
-16.7685
-16.7623
-16.7554
-16.7478
-16.7394
-16.7301
-16.7196
-16.7077
-16.6947
-16.6811
-16.6616
-16.6387
-16.6183
-16.5909
-16.5478
-16.4799
-16.3785
-16.2174
-16.1025
-16.6012
-16.8188
-17.0224
-17.108
-17.1673
-17.2276
-17.2657
-17.2741
-17.2624
-17.2525
-17.25
-17.2512
-17.255
-17.2596
-17.2643
-17.269
-17.2735
-17.2778
-17.2818
-17.2855
-17.2889
-17.2921
-17.2951
-17.2978
-17.3002
-17.3024
-17.3044
-17.3061
-17.3075
-17.3088
-17.3099
-17.3108
-17.3116
-17.3124
-17.3132
-17.3139
-17.3144
-17.3145
-17.314
-17.3143
-17.3144
-17.314
-17.3133
-17.3126
-17.3116
-17.3104
-17.309
-17.3076
-17.3061
-17.3046
-17.3029
-17.301
-17.2988
-17.2965
-17.2938
-17.2909
-17.2877
-17.2841
-17.2803
-17.2761
-17.2716
-17.2668
-17.2616
-17.256
-17.2499
-17.2433
-17.2361
-17.228
-17.2185
-17.208
-17.1971
-17.1849
-17.1638
-17.1402
-17.1154
-17.0569
-16.9981
-16.9211
-16.7455
-16.5977
-17.347
-17.5626
-17.7512
-17.8498
-17.9259
-17.9605
-17.9679
-17.9459
-17.883
-17.8223
-17.7918
-17.7787
-17.7748
-17.7741
-17.7748
-17.7763
-17.7782
-17.7804
-17.7827
-17.785
-17.7874
-17.7896
-17.7918
-17.7938
-17.7957
-17.7975
-17.799
-17.8004
-17.8017
-17.8027
-17.8036
-17.8045
-17.8052
-17.8058
-17.8064
-17.8069
-17.8072
-17.8074
-17.807
-17.8073
-17.8071
-17.8067
-17.8062
-17.8055
-17.8046
-17.8036
-17.8024
-17.8011
-17.7997
-17.7983
-17.7967
-17.7949
-17.793
-17.7909
-17.7885
-17.7859
-17.7831
-17.7801
-17.7768
-17.7734
-17.7697
-17.7659
-17.762
-17.7579
-17.7538
-17.7496
-17.7454
-17.7408
-17.7352
-17.7314
-17.7332
-17.7366
-17.7367
-17.7183
-17.6843
-17.6267
-17.5956
-17.5304
-17.3533
-17.1839
-18.1688
-18.3585
-18.5141
-18.6082
-18.6935
-18.7473
-18.7486
-18.6813
-18.5702
-18.4429
-18.3534
-18.3145
-18.2998
-18.2918
-18.2873
-18.285
-18.2839
-18.2838
-18.2843
-18.2851
-18.2863
-18.2875
-18.2889
-18.2902
-18.2916
-18.2928
-18.294
-18.295
-18.296
-18.2968
-18.2976
-18.2983
-18.2988
-18.2994
-18.2998
-18.3001
-18.3003
-18.3004
-18.3002
-18.3002
-18.3001
-18.2997
-18.2992
-18.2986
-18.2978
-18.2969
-18.2959
-18.2947
-18.2935
-18.2921
-18.2907
-18.2891
-18.2874
-18.2855
-18.2835
-18.2813
-18.279
-18.2765
-18.2739
-18.2712
-18.2685
-18.2658
-18.2632
-18.261
-18.2592
-18.2581
-18.2582
-18.259
-18.2606
-18.2719
-18.2961
-18.3369
-18.3822
-18.382
-18.3433
-18.3021
-18.2695
-18.2048
-18.0307
-17.8504
-18.948
-19.1182
-19.2449
-19.3241
-19.4124
-19.4936
-19.4975
-19.4206
-19.284
-19.114
-18.9492
-18.8578
-18.8265
-18.8119
-18.8009
-18.7946
-18.7903
-18.7876
-18.7862
-18.7855
-18.7854
-18.7857
-18.7862
-18.7869
-18.7876
-18.7884
-18.7891
-18.7899
-18.7905
-18.7911
-18.7917
-18.7922
-18.7926
-18.793
-18.7933
-18.7935
-18.7937
-18.7937
-18.7936
-18.7934
-18.7932
-18.7928
-18.7924
-18.7918
-18.7912
-18.7904
-18.7895
-18.7885
-18.7874
-18.7862
-18.7849
-18.7836
-18.7821
-18.7805
-18.7788
-18.777
-18.7751
-18.7732
-18.7712
-18.7694
-18.7676
-18.7662
-18.7652
-18.7649
-18.7659
-18.7684
-18.7743
-18.7829
-18.7996
-18.84
-18.918
-19.014
-19.0915
-19.113
-19.0766
-19.0282
-18.9753
-18.9163
-18.7656
-18.5828
-19.6408
-19.821
-19.9151
-19.9709
-20.0744
-20.1633
-20.1637
-20.0949
-19.9657
-19.7872
-19.582
-19.4177
-19.3511
-19.3333
-19.3154
-19.3043
-19.2967
-19.2915
-19.2881
-19.2859
-19.2846
-19.2839
-19.2836
-19.2836
-19.2838
-19.2841
-19.2844
-19.2848
-19.2852
-19.2856
-19.2859
-19.2862
-19.2865
-19.2867
-19.2869
-19.287
-19.2871
-19.2871
-19.287
-19.2867
-19.2865
-19.2862
-19.2858
-19.2853
-19.2847
-19.284
-19.2832
-19.2823
-19.2814
-19.2804
-19.2793
-19.2782
-19.2769
-19.2756
-19.2743
-19.2729
-19.2715
-19.2701
-19.2689
-19.2678
-19.2671
-19.2669
-19.2674
-19.2693
-19.2731
-19.2799
-19.2926
-19.3103
-19.3549
-19.459
-19.6003
-19.7272
-19.8195
-19.8465
-19.7923
-19.7185
-19.6746
-19.6223
-19.5159
-19.3082
-20.2107
-20.4561
-20.5318
-20.5764
-20.6787
-20.7655
-20.7638
-20.6897
-20.5664
-20.4086
-20.2081
-19.9922
-19.8825
-19.8537
-19.8296
-19.8131
-19.8024
-19.7948
-19.7896
-19.7861
-19.7836
-19.782
-19.781
-19.7803
-19.7799
-19.7798
-19.7798
-19.7798
-19.7799
-19.7801
-19.7802
-19.7803
-19.7805
-19.7806
-19.7806
-19.7807
-19.7807
-19.7806
-19.7805
-19.7802
-19.78
-19.7797
-19.7793
-19.7788
-19.7783
-19.7777
-19.7771
-19.7763
-19.7755
-19.7747
-19.7738
-19.7729
-19.7719
-19.7709
-19.7699
-19.7689
-19.768
-19.7672
-19.7666
-19.7664
-19.7666
-19.7676
-19.7697
-19.7735
-19.7796
-19.7911
-19.8086
-19.8427
-19.9391
-20.1111
-20.2847
-20.4242
-20.5035
-20.508
-20.4413
-20.3644
-20.3414
-20.2722
-20.1652
-19.8891
-20.6451
-20.9468
-21.0914
-21.1569
-21.2262
-21.3121
-21.3082
-21.2286
-21.0972
-20.951
-20.7768
-20.5657
-20.4212
-20.3662
-20.3404
-20.3197
-20.3066
-20.2972
-20.2905
-20.2858
-20.2823
-20.2799
-20.2782
-20.2769
-20.2761
-20.2755
-20.2751
-20.2749
-20.2747
-20.2746
-20.2745
-20.2745
-20.2745
-20.2744
-20.2744
-20.2743
-20.2743
-20.2741
-20.274
-20.2737
-20.2736
-20.2733
-20.2729
-20.2725
-20.2721
-20.2716
-20.271
-20.2704
-20.2698
-20.2691
-20.2684
-20.2677
-20.267
-20.2663
-20.2656
-20.265
-20.2646
-20.2643
-20.2643
-20.2648
-20.266
-20.2681
-20.2715
-20.2771
-20.2852
-20.3002
-20.3164
-20.3884
-20.5501
-20.7448
-20.9187
-21.0458
-21.1033
-21.0929
-21.029
-20.9816
-20.9507
-20.8308
-20.6241
-20.3634
-21.0388
-21.3071
-21.5605
-21.6852
-21.7381
-21.7991
-21.7958
-21.714
-21.5754
-21.4331
-21.2935
-21.1123
-20.947
-20.8701
-20.8465
-20.8237
-20.8089
-20.7982
-20.7904
-20.7848
-20.7806
-20.7774
-20.7751
-20.7734
-20.7721
-20.7711
-20.7704
-20.7699
-20.7695
-20.7691
-20.7689
-20.7687
-20.7685
-20.7684
-20.7682
-20.7681
-20.7679
-20.7677
-20.7676
-20.7673
-20.7672
-20.767
-20.7667
-20.7663
-20.7659
-20.7655
-20.765
-20.7645
-20.764
-20.7635
-20.763
-20.7625
-20.7621
-20.7617
-20.7613
-20.7611
-20.7611
-20.7613
-20.7619
-20.7631
-20.7651
-20.7682
-20.7729
-20.78
-20.7906
-20.8074
-20.8296
-20.9403
-21.1433
-21.3228
-21.4733
-21.593
-21.6466
-21.6208
-21.5756
-21.561
-21.4876
-21.3055
-21.0345
-20.8784
-21.5127
-21.6721
-21.9609
-22.1407
-22.1968
-22.2301
-22.2202
-22.1398
-22.0058
-21.872
-21.7608
-21.6189
-21.4551
-21.3702
-21.3487
-21.325
-21.3091
-21.2977
-21.2893
-21.2829
-21.2782
-21.2745
-21.2717
-21.2696
-21.2679
-21.2666
-21.2656
-21.2648
-21.2642
-21.2636
-21.2632
-21.2629
-21.2626
-21.2623
-21.262
-21.2618
-21.2616
-21.2614
-21.2612
-21.261
-21.2608
-21.2606
-21.2604
-21.2601
-21.2598
-21.2594
-21.2591
-21.2587
-21.2584
-21.258
-21.2577
-21.2574
-21.2572
-21.257
-21.257
-21.2571
-21.2575
-21.2582
-21.2593
-21.2611
-21.2637
-21.2676
-21.2734
-21.2819
-21.295
-21.3103
-21.3524
-21.4845
-21.6736
-21.8259
-21.9684
-22.0903
-22.1402
-22.1297
-22.1086
-22.0829
-21.959
-21.7441
-21.5298
-21.4578
-22.0627
-22.1506
-22.3592
-22.5214
-22.5784
-22.5951
-22.5779
-22.5055
-22.3876
-22.2777
-22.198
-22.0927
-21.952
-21.8717
-21.8437
-21.8234
-21.8073
-21.7957
-21.7869
-21.7803
-21.7751
-21.7711
-21.7679
-21.7655
-21.7635
-21.7619
-21.7607
-21.7596
-21.7588
-21.7581
-21.7575
-21.757
-21.7566
-21.7562
-21.7559
-21.7556
-21.7553
-21.755
-21.7548
-21.7546
-21.7545
-21.7543
-21.7541
-21.7539
-21.7537
-21.7534
-21.7532
-21.7529
-21.7527
-21.7525
-21.7523
-21.7523
-21.7522
-21.7523
-21.7526
-21.753
-21.7537
-21.7548
-21.7564
-21.7586
-21.7617
-21.7662
-21.7726
-21.7821
-21.7957
-21.8115
-21.8669
-21.997
-22.1489
-22.2732
-22.412
-22.5365
-22.5951
-22.6042
-22.5972
-22.5341
-22.3745
-22.1756
-22.0478
-22.0158
-22.6198
-22.6705
-22.7752
-22.8659
-22.8949
-22.8983
-22.8793
-22.8205
-22.7394
-22.6686
-22.636
-22.5542
-22.4372
-22.3672
-22.3371
-22.3188
-22.3036
-22.2921
-22.2834
-22.2767
-22.2713
-22.2671
-22.2637
-22.261
-22.2588
-22.257
-22.2555
-22.2543
-22.2533
-22.2525
-22.2517
-22.2511
-22.2506
-22.2501
-22.2497
-22.2493
-22.2489
-22.2486
-22.2484
-22.2483
-22.2482
-22.2481
-22.2479
-22.2477
-22.2476
-22.2474
-22.2472
-22.2471
-22.247
-22.247
-22.247
-22.247
-22.2472
-22.2476
-22.248
-22.2488
-22.2498
-22.2511
-22.253
-22.2556
-22.2591
-22.2638
-22.2704
-22.28
-22.2922
-22.3085
-22.3651
-22.4787
-22.5913
-22.6752
-22.7938
-22.9118
-22.9744
-22.9901
-22.9828
-22.9224
-22.784
-22.6402
-22.5599
-22.5449
-23.1392
-23.1716
-23.2101
-23.2257
-23.2165
-23.2013
-23.1827
-23.1504
-23.1091
-23.0851
-23.0918
-23.0129
-22.9157
-22.856
-22.8287
-22.8122
-22.7981
-22.7873
-22.7789
-22.7722
-22.7669
-22.7626
-22.7591
-22.7562
-22.7538
-22.7519
-22.7502
-22.7489
-22.7477
-22.7467
-22.7459
-22.7452
-22.7445
-22.744
-22.7435
-22.743
-22.7426
-22.7422
-22.742
-22.7419
-22.7419
-22.7418
-22.7417
-22.7416
-22.7415
-22.7414
-22.7413
-22.7413
-22.7413
-22.7414
-22.7415
-22.7418
-22.7421
-22.7426
-22.7434
-22.7443
-22.7456
-22.7472
-22.7493
-22.7521
-22.7558
-22.7605
-22.7669
-22.7759
-22.7861
-22.8003
-22.8504
-22.9433
-23.0228
-23.0527
-23.1264
-23.2126
-23.2692
-23.2909
-23.2978
-23.2724
-23.2085
-23.139
-23.0872
-23.0636
-23.614
-23.632
-23.6388
-23.6226
-23.594
-23.5646
-23.5409
-23.5316
-23.5408
-23.5604
-23.5487
-23.4698
-23.3904
-23.3402
-23.3182
-23.3038
-23.2912
-23.2812
-23.2734
-23.267
-23.2618
-23.2575
-23.254
-23.251
-23.2485
-23.2465
-23.2447
-23.2433
-23.242
-23.2409
-23.24
-23.2391
-23.2384
-23.2378
-23.2372
-23.2367
-23.2363
-23.2358
-23.2355
-23.2356
-23.2356
-23.2356
-23.2355
-23.2355
-23.2354
-23.2354
-23.2354
-23.2354
-23.2355
-23.2357
-23.236
-23.2364
-23.2369
-23.2376
-23.2385
-23.2396
-23.2411
-23.2429
-23.2452
-23.2482
-23.2519
-23.2566
-23.2627
-23.2707
-23.2794
-23.2914
-23.3315
-23.4042
-23.4697
-23.458
-23.473
-23.5206
-23.5633
-23.5927
-23.6253
-23.6479
-23.6449
-23.6167
-23.5828
-23.5647
-24.0667
-24.0642
-24.0573
-24.0404
-24.0243
-24.008
-23.9941
-24.0006
-24.0203
-24.0325
-23.9913
-23.9239
-23.862
-23.8237
-23.8066
-23.7942
-23.7832
-23.7743
-23.7671
-23.7611
-23.7561
-23.752
-23.7484
-23.7455
-23.743
-23.7408
-23.739
-23.7374
-23.7361
-23.7349
-23.7339
-23.733
-23.7323
-23.7316
-23.731
-23.7305
-23.73
-23.7295
-23.7292
-23.7292
-23.7294
-23.7294
-23.7294
-23.7294
-23.7294
-23.7294
-23.7294
-23.7295
-23.7297
-23.73
-23.7303
-23.7309
-23.7315
-23.7324
-23.7334
-23.7347
-23.7363
-23.7383
-23.7408
-23.7438
-23.7475
-23.7521
-23.7578
-23.7652
-23.7733
-23.7839
-23.8133
-23.8678
-23.9284
-23.9357
-23.9014
-23.9025
-23.9322
-23.9687
-24.0175
-24.0677
-24.0861
-24.0738
-24.0563
-24.0512
-24.5208
-24.5132
-24.4942
-24.4785
-24.4791
-24.4928
-24.5056
-24.503
-24.4912
-24.4803
-24.4351
-24.3766
-24.332
-24.3075
-24.2945
-24.2839
-24.2745
-24.2667
-24.2602
-24.2547
-24.25
-24.246
-24.2426
-24.2396
-24.2371
-24.2349
-24.2331
-24.2314
-24.23
-24.2288
-24.2278
-24.2268
-24.226
-24.2253
-24.2247
-24.2242
-24.2237
-24.2232
-24.2229
-24.223
-24.2233
-24.2235
-24.2235
-24.2234
-24.2234
-24.2233
-24.2234
-24.2235
-24.2238
-24.2241
-24.2246
-24.2252
-24.226
-24.2269
-24.2281
-24.2296
-24.2313
-24.2335
-24.236
-24.2391
-24.2428
-24.2472
-24.2526
-24.2594
-24.2672
-24.2765
-24.2959
-24.3362
-24.3895
-24.425
-24.4059
-24.3851
-24.3943
-24.4274
-24.4825
-24.5245
-24.5371
-24.5353
-24.5368
-24.5322
-24.984
-24.9799
-24.9621
-24.948
-24.9445
-24.9578
-24.978
-24.9735
-24.9471
-24.9135
-24.872
-24.8319
-24.8075
-24.7928
-24.7823
-24.7734
-24.7655
-24.7587
-24.7529
-24.7478
-24.7435
-24.7396
-24.7363
-24.7335
-24.731
-24.7288
-24.7269
-24.7253
-24.7238
-24.7226
-24.7215
-24.7205
-24.7197
-24.719
-24.7184
-24.7179
-24.7174
-24.717
-24.7167
-24.7169
-24.7174
-24.7177
-24.7177
-24.7175
-24.7173
-24.7173
-24.7173
-24.7175
-24.7177
-24.7181
-24.7187
-24.7194
-24.7203
-24.7213
-24.7226
-24.7242
-24.7261
-24.7283
-24.7309
-24.734
-24.7376
-24.742
-24.7471
-24.7534
-24.7607
-24.7693
-24.7819
-24.8079
-24.8491
-24.8941
-24.9139
-24.908
-24.9209
-24.9524
-24.9834
-25.001
-25.0115
-25.0163
-25.0158
-25.0104
-25.4509
-25.4502
-25.4464
-25.4381
-25.4245
-25.4109
-25.4067
-25.4032
-25.3817
-25.3403
-25.3112
-25.2991
-25.2884
-25.2787
-25.2704
-25.263
-25.2564
-25.2505
-25.2453
-25.2407
-25.2366
-25.233
-25.2298
-25.227
-25.2246
-25.2224
-25.2205
-25.2189
-25.2174
-25.2162
-25.2151
-25.2141
-25.2133
-25.2126
-25.212
-25.2116
-25.2112
-25.2109
-25.2108
-25.2109
-25.2116
-25.2123
-25.2122
-25.2117
-25.2113
-25.2111
-25.2111
-25.2113
-25.2115
-25.212
-25.2126
-25.2134
-25.2144
-25.2155
-25.2169
-25.2186
-25.2205
-25.2228
-25.2255
-25.2286
-25.2322
-25.2364
-25.2414
-25.2472
-25.254
-25.262
-25.2718
-25.2854
-25.3101
-25.3447
-25.3766
-25.4026
-25.4294
-25.4513
-25.4657
-25.4843
-25.4962
-25.4963
-25.4891
-25.4844
-25.9171
-25.9181
-25.9211
-25.922
-25.9078
-25.8782
-25.8477
-25.8263
-25.8104
-25.7986
-25.7891
-25.7806
-25.7729
-25.7657
-25.7591
-25.7529
-25.7473
-25.7421
-25.7374
-25.7332
-25.7294
-25.7261
-25.723
-25.7204
-25.718
-25.7159
-25.714
-25.7123
-25.7109
-25.7096
-25.7085
-25.7076
-25.7068
-25.7061
-25.7056
-25.7052
-25.705
-25.705
-25.7051
-25.7052
-25.7058
-25.7069
-25.7068
-25.706
-25.7052
-25.7048
-25.7047
-25.7049
-25.7052
-25.7057
-25.7064
-25.7072
-25.7083
-25.7095
-25.711
-25.7127
-25.7148
-25.7171
-25.7198
-25.7229
-25.7265
-25.7306
-25.7353
-25.7408
-25.7472
-25.7546
-25.7636
-25.7749
-25.786
-25.797
-25.8251
-25.8614
-25.8864
-25.9102
-25.9384
-25.9652
-25.9745
-25.9666
-25.957
-25.9528
-26.3833
-26.3838
-26.3862
-26.3878
-26.3783
-26.351
-26.3191
-26.2957
-26.2839
-26.2775
-26.2715
-26.2655
-26.2598
-26.254
-26.2485
-26.2432
-26.2383
-26.2337
-26.2295
-26.2256
-26.2221
-26.2189
-26.216
-26.2135
-26.2111
-26.2091
-26.2072
-26.2056
-26.2042
-26.2029
-26.2018
-26.2008
-26.2001
-26.1994
-26.199
-26.1987
-26.1987
-26.1991
-26.1996
-26.1994
-26.1997
-26.2009
-26.201
-26.1998
-26.1987
-26.1982
-26.1981
-26.1983
-26.1987
-26.1992
-26.2
-26.2009
-26.202
-26.2033
-26.2049
-26.2067
-26.2087
-26.2111
-26.2138
-26.2169
-26.2204
-26.2244
-26.229
-26.2343
-26.2402
-26.2471
-26.2549
-26.2639
-26.274
-26.2851
-26.2977
-26.3154
-26.3395
-26.371
-26.4061
-26.4315
-26.4368
-26.4284
-26.4212
-26.4185
-26.8524
-26.8519
-26.851
-26.8482
-26.84
-26.8221
-26.8004
-26.7827
-26.7718
-26.7644
-26.7586
-26.7534
-26.7483
-26.7433
-26.7384
-26.7338
-26.7294
-26.7252
-26.7214
-26.7178
-26.7145
-26.7115
-26.7088
-26.7063
-26.7041
-26.7021
-26.7003
-26.6987
-26.6973
-26.696
-26.6949
-26.694
-26.6932
-26.6926
-26.6922
-26.692
-26.6921
-26.6928
-26.6936
-26.6932
-26.6926
-26.6937
-26.694
-26.6927
-26.6916
-26.6913
-26.6913
-26.6915
-26.692
-26.6926
-26.6934
-26.6944
-26.6956
-26.6969
-26.6985
-26.7004
-26.7025
-26.7048
-26.7075
-26.7106
-26.7141
-26.718
-26.7224
-26.7274
-26.733
-26.7394
-26.7465
-26.7545
-26.7634
-26.7738
-26.7853
-26.7987
-26.817
-26.8419
-26.8681
-26.8849
-26.8904
-26.8889
-26.8866
-26.8858
-27.3255
-27.3245
-27.3225
-27.3175
-27.3087
-27.2959
-27.2819
-27.2696
-27.2602
-27.2532
-27.2476
-27.2425
-27.2378
-27.2332
-27.2288
-27.2246
-27.2206
-27.2168
-27.2132
-27.2099
-27.2068
-27.204
-27.2014
-27.1991
-27.1969
-27.195
-27.1932
-27.1916
-27.1902
-27.189
-27.1879
-27.187
-27.1862
-27.1856
-27.1851
-27.1849
-27.1849
-27.1856
-27.1866
-27.1858
-27.1845
-27.1852
-27.1856
-27.1849
-27.1841
-27.184
-27.1842
-27.1845
-27.1851
-27.1858
-27.1867
-27.1877
-27.1889
-27.1904
-27.192
-27.1938
-27.1959
-27.1983
-27.201
-27.2041
-27.2075
-27.2113
-27.2155
-27.2203
-27.2256
-27.2315
-27.2382
-27.2455
-27.2535
-27.2626
-27.2731
-27.2852
-27.2995
-27.3161
-27.3327
-27.3453
-27.3518
-27.3556
-27.3564
-27.3566
-27.802
-27.801
-27.7986
-27.7939
-27.7863
-27.7764
-27.7662
-27.7564
-27.7488
-27.7426
-27.7372
-27.7323
-27.7278
-27.7235
-27.7194
-27.7155
-27.7118
-27.7083
-27.705
-27.7019
-27.699
-27.6963
-27.6939
-27.6916
-27.6896
-27.6877
-27.686
-27.6844
-27.683
-27.6818
-27.6807
-27.6798
-27.679
-27.6783
-27.6778
-27.6775
-27.6773
-27.6777
-27.6785
-27.6771
-27.6757
-27.6761
-27.6766
-27.6765
-27.6763
-27.6765
-27.6769
-27.6774
-27.6781
-27.6789
-27.6798
-27.6809
-27.6821
-27.6836
-27.6852
-27.6871
-27.6892
-27.6916
-27.6942
-27.6972
-27.7005
-27.7042
-27.7083
-27.7129
-27.7179
-27.7235
-27.7296
-27.7364
-27.7438
-27.7519
-27.7609
-27.7711
-27.7824
-27.7946
-27.807
-27.818
-27.8261
-27.8289
-27.8303
-27.8309
-28.2811
-28.2802
-28.2779
-28.2739
-28.2678
-28.2602
-28.2522
-28.2445
-28.2379
-28.2321
-28.227
-28.2223
-28.218
-28.214
-28.2101
-28.2065
-28.203
-28.1997
-28.1966
-28.1937
-28.191
-28.1885
-28.1862
-28.184
-28.182
-28.1802
-28.1786
-28.1771
-28.1757
-28.1745
-28.1735
-28.1725
-28.1717
-28.171
-28.1704
-28.1699
-28.1695
-28.1692
-28.1688
-28.1679
-28.167
-28.1674
-28.168
-28.1684
-28.1687
-28.1691
-28.1696
-28.1703
-28.171
-28.1718
-28.1728
-28.1739
-28.1752
-28.1767
-28.1783
-28.1802
-28.1823
-28.1846
-28.1872
-28.1901
-28.1933
-28.1969
-28.2008
-28.2051
-28.2099
-28.2151
-28.2208
-28.2271
-28.2339
-28.2412
-28.2492
-28.2578
-28.2674
-28.2772
-28.287
-28.2955
-28.302
-28.3056
-28.3072
-28.3079
-28.7621
-28.7613
-28.7593
-28.7559
-28.7511
-28.7451
-28.7387
-28.7325
-28.7267
-28.7215
-28.7167
-28.7123
-28.7083
-28.7044
-28.7008
-28.6974
-28.6942
-28.6911
-28.6882
-28.6855
-28.6829
-28.6805
-28.6783
-28.6763
-28.6744
-28.6726
-28.671
-28.6696
-28.6683
-28.6671
-28.6661
-28.6651
-28.6643
-28.6636
-28.663
-28.6624
-28.6619
-28.6614
-28.6607
-28.6599
-28.6594
-28.6597
-28.6602
-28.6608
-28.6613
-28.6618
-28.6624
-28.663
-28.6638
-28.6646
-28.6656
-28.6668
-28.6681
-28.6695
-28.6712
-28.673
-28.6751
-28.6774
-28.6799
-28.6828
-28.6859
-28.6893
-28.693
-28.6971
-28.7016
-28.7065
-28.7118
-28.7175
-28.7237
-28.7304
-28.7375
-28.7451
-28.7531
-28.7612
-28.7689
-28.7758
-28.7811
-28.7845
-28.7862
-28.7869
-29.2446
-29.2439
-29.2422
-29.2394
-29.2356
-29.2304
-29.2254
-29.2203
-29.2153
-29.2107
-29.2063
-29.2023
-29.1985
-29.1949
-29.1915
-29.1883
-29.1853
-29.1824
-29.1797
-29.1771
-29.1747
-29.1724
-29.1703
-29.1684
-29.1666
-29.1649
-29.1634
-29.162
-29.1607
-29.1596
-29.1586
-29.1577
-29.1568
-29.1561
-29.1555
-29.1549
-29.1544
-29.1539
-29.1535
-29.1529
-29.1525
-29.1528
-29.1531
-29.1535
-29.1539
-29.1544
-29.155
-29.1557
-29.1565
-29.1574
-29.1584
-29.1595
-29.1608
-29.1623
-29.1639
-29.1657
-29.1677
-29.17
-29.1724
-29.1751
-29.1781
-29.1814
-29.1849
-29.1888
-29.193
-29.1976
-29.2025
-29.2077
-29.2134
-29.2194
-29.2257
-29.2322
-29.239
-29.2458
-29.2521
-29.2577
-29.2621
-29.2651
-29.2668
-29.2675
-29.7282
-29.7276
-29.7262
-29.7239
-29.7206
-29.7166
-29.7125
-29.7081
-29.7039
-29.6998
-29.6958
-29.6921
-29.6886
-29.6853
-29.6821
-29.6791
-29.6763
-29.6736
-29.671
-29.6686
-29.6663
-29.6642
-29.6622
-29.6604
-29.6587
-29.6571
-29.6556
-29.6543
-29.6531
-29.652
-29.651
-29.6501
-29.6493
-29.6486
-29.648
-29.6474
-29.6469
-29.6464
-29.646
-29.6456
-29.6454
-29.6453
-29.6457
-29.6461
-29.6466
-29.6471
-29.6477
-29.6483
-29.6491
-29.65
-29.651
-29.6522
-29.6534
-29.6549
-29.6565
-29.6582
-29.6602
-29.6623
-29.6647
-29.6673
-29.6702
-29.6732
-29.6766
-29.6802
-29.6842
-29.6884
-29.6929
-29.6977
-29.7028
-29.7082
-29.7137
-29.7194
-29.7251
-29.731
-29.7362
-29.7408
-29.7445
-29.7471
-29.7487
-29.7493
-30.2132
-30.2124
-30.2111
-30.2091
-30.2064
-30.2032
-30.1997
-30.1961
-30.1924
-30.1888
-30.1852
-30.1819
-30.1786
-30.1756
-30.1726
-30.1698
-30.1672
-30.1647
-30.1623
-30.16
-30.1579
-30.1559
-30.154
-30.1523
-30.1506
-30.1491
-30.1477
-30.1465
-30.1453
-30.1442
-30.1433
-30.1424
-30.1417
-30.141
-30.1404
-30.1398
-30.1394
-30.139
-30.1386
-30.1383
-30.1382
-30.1382
-30.1384
-30.1387
-30.1391
-30.1396
-30.1402
-30.1409
-30.1417
-30.1425
-30.1435
-30.1446
-30.1459
-30.1473
-30.1488
-30.1506
-30.1524
-30.1545
-30.1568
-30.1593
-30.162
-30.1649
-30.168
-30.1714
-30.1751
-30.179
-30.1831
-30.1875
-30.1921
-30.1969
-30.2018
-30.2067
-30.2117
-30.2165
-30.2209
-30.2248
-30.2279
-30.2302
-30.2316
-30.2322
-30.6985
-30.6979
-30.6967
-30.695
-30.6928
-30.6901
-30.6872
-30.6841
-30.6809
-30.6777
-30.6746
-30.6715
-30.6686
-30.6658
-30.6631
-30.6605
-30.658
-30.6557
-30.6535
-30.6513
-30.6493
-30.6475
-30.6457
-30.644
-30.6425
-30.6411
-30.6398
-30.6386
-30.6374
-30.6364
-30.6355
-30.6347
-30.634
-30.6333
-30.6327
-30.6322
-30.6318
-30.6314
-30.6311
-30.6309
-30.6308
-30.6308
-30.631
-30.6313
-30.6317
-30.6321
-30.6327
-30.6333
-30.6341
-30.635
-30.6359
-30.637
-30.6382
-30.6396
-30.6411
-30.6427
-30.6445
-30.6465
-30.6487
-30.651
-30.6536
-30.6563
-30.6593
-30.6624
-30.6658
-30.6694
-30.6732
-30.6771
-30.6812
-30.6855
-30.6898
-30.6941
-30.6984
-30.7025
-30.7062
-30.7095
-30.7121
-30.7141
-30.7153
-30.7159
-31.1844
-31.1839
-31.1829
-31.1815
-31.1796
-31.1774
-31.1749
-31.1722
-31.1695
-31.1667
-31.1639
-31.1611
-31.1585
-31.1559
-31.1534
-31.1511
-31.1488
-31.1466
-31.1445
-31.1426
-31.1407
-31.1389
-31.1373
-31.1357
-31.1343
-31.1329
-31.1317
-31.1305
-31.1295
-31.1285
-31.1277
-31.1269
-31.1262
-31.1256
-31.125
-31.1246
-31.1242
-31.1238
-31.1236
-31.1234
-31.1233
-31.1234
-31.1235
-31.1238
-31.1241
-31.1246
-31.1251
-31.1257
-31.1265
-31.1273
-31.1282
-31.1293
-31.1304
-31.1317
-31.1332
-31.1347
-31.1365
-31.1383
-31.1404
-31.1426
-31.145
-31.1476
-31.1503
-31.1532
-31.1563
-31.1596
-31.163
-31.1666
-31.1703
-31.1741
-31.1779
-31.1817
-31.1853
-31.1888
-31.192
-31.1948
-31.1971
-31.1988
-31.1999
-31.2004
-31.6708
-31.6704
-31.6696
-31.6683
-31.6668
-31.6649
-31.6628
-31.6605
-31.6581
-31.6556
-31.6532
-31.6507
-31.6483
-31.646
-31.6437
-31.6415
-31.6394
-31.6374
-31.6355
-31.6337
-31.6319
-31.6303
-31.6288
-31.6273
-31.6259
-31.6247
-31.6235
-31.6225
-31.6215
-31.6206
-31.6197
-31.619
-31.6183
-31.6178
-31.6173
-31.6168
-31.6164
-31.6161
-31.6159
-31.6158
-31.6157
-31.6158
-31.6159
-31.6162
-31.6165
-31.6169
-31.6174
-31.618
-31.6187
-31.6195
-31.6204
-31.6214
-31.6225
-31.6238
-31.6251
-31.6266
-31.6282
-31.63
-31.6319
-31.634
-31.6362
-31.6386
-31.6412
-31.6439
-31.6467
-31.6497
-31.6528
-31.656
-31.6593
-31.6627
-31.666
-31.6693
-31.6725
-31.6755
-31.6782
-31.6806
-31.6825
-31.684
-31.685
-31.6854
-32.1577
-32.1573
-32.1566
-32.1556
-32.1542
-32.1526
-32.1508
-32.1489
-32.1468
-32.1446
-32.1424
-32.1403
-32.1381
-32.136
-32.1339
-32.1319
-32.13
-32.1282
-32.1264
-32.1247
-32.1231
-32.1216
-32.1201
-32.1188
-32.1175
-32.1164
-32.1153
-32.1143
-32.1134
-32.1125
-32.1117
-32.1111
-32.1104
-32.1099
-32.1094
-32.109
-32.1087
-32.1084
-32.1082
-32.1081
-32.108
-32.1081
-32.1082
-32.1085
-32.1088
-32.1092
-32.1096
-32.1102
-32.1109
-32.1116
-32.1125
-32.1134
-32.1145
-32.1157
-32.117
-32.1184
-32.1199
-32.1216
-32.1233
-32.1253
-32.1274
-32.1296
-32.1319
-32.1344
-32.137
-32.1397
-32.1425
-32.1454
-32.1483
-32.1513
-32.1542
-32.1571
-32.1598
-32.1624
-32.1648
-32.1668
-32.1685
-32.1698
-32.1706
-32.171
-32.6449
-32.6446
-32.644
-32.6431
-32.642
-32.6406
-32.6391
-32.6374
-32.6356
-32.6337
-32.6318
-32.6298
-32.6279
-32.626
-32.6241
-32.6223
-32.6205
-32.6189
-32.6172
-32.6157
-32.6142
-32.6128
-32.6115
-32.6102
-32.6091
-32.608
-32.607
-32.606
-32.6052
-32.6044
-32.6037
-32.603
-32.6024
-32.6019
-32.6015
-32.6011
-32.6008
-32.6006
-32.6004
-32.6003
-32.6003
-32.6003
-32.6005
-32.6007
-32.601
-32.6013
-32.6018
-32.6023
-32.6029
-32.6037
-32.6045
-32.6054
-32.6064
-32.6075
-32.6087
-32.61
-32.6114
-32.613
-32.6146
-32.6164
-32.6183
-32.6204
-32.6225
-32.6248
-32.6271
-32.6296
-32.6321
-32.6347
-32.6373
-32.6399
-32.6425
-32.645
-32.6474
-32.6496
-32.6517
-32.6534
-32.6548
-32.656
-32.6567
-32.657
-33.1325
-33.1322
-33.1317
-33.131
-33.13
-33.1288
-33.1275
-33.126
-33.1244
-33.1228
-33.1211
-33.1194
-33.1176
-33.1159
-33.1143
-33.1126
-33.111
-33.1095
-33.108
-33.1066
-33.1052
-33.1039
-33.1027
-33.1016
-33.1005
-33.0995
-33.0986
-33.0977
-33.0969
-33.0962
-33.0955
-33.0949
-33.0944
-33.0939
-33.0935
-33.0932
-33.0929
-33.0927
-33.0925
-33.0924
-33.0924
-33.0925
-33.0926
-33.0928
-33.0931
-33.0934
-33.0938
-33.0944
-33.0949
-33.0956
-33.0964
-33.0972
-33.0981
-33.0992
-33.1003
-33.1015
-33.1028
-33.1043
-33.1058
-33.1074
-33.1092
-33.111
-33.113
-33.115
-33.1172
-33.1194
-33.1216
-33.1239
-33.1263
-33.1286
-33.1308
-33.133
-33.1351
-33.1371
-33.1388
-33.1403
-33.1416
-33.1425
-33.1431
-33.1434
-33.6203
-33.6201
-33.6196
-33.619
-33.6182
-33.6172
-33.616
-33.6147
-33.6134
-33.6119
-33.6104
-33.6089
-33.6074
-33.6059
-33.6044
-33.6029
-33.6014
-33.6
-33.5987
-33.5974
-33.5962
-33.595
-33.5939
-33.5929
-33.5919
-33.591
-33.5901
-33.5893
-33.5886
-33.5879
-33.5873
-33.5868
-33.5863
-33.5858
-33.5855
-33.5852
-33.5849
-33.5847
-33.5846
-33.5845
-33.5845
-33.5845
-33.5847
-33.5849
-33.5851
-33.5854
-33.5858
-33.5863
-33.5868
-33.5875
-33.5882
-33.5889
-33.5898
-33.5908
-33.5918
-33.5929
-33.5941
-33.5954
-33.5969
-33.5984
-33.5999
-33.6016
-33.6034
-33.6052
-33.6072
-33.6091
-33.6112
-33.6132
-33.6152
-33.6173
-33.6193
-33.6212
-33.623
-33.6247
-33.6262
-33.6275
-33.6286
-33.6294
-33.6299
-33.6301
-34.1084
-34.1081
-34.1078
-34.1072
-34.1065
-34.1057
-34.1047
-34.1036
-34.1024
-34.1011
-34.0998
-34.0985
-34.0971
-34.0958
-34.0944
-34.0931
-34.0918
-34.0906
-34.0894
-34.0882
-34.0871
-34.086
-34.085
-34.0841
-34.0832
-34.0824
-34.0816
-34.0809
-34.0802
-34.0796
-34.0791
-34.0786
-34.0781
-34.0777
-34.0774
-34.0771
-34.0769
-34.0767
-34.0766
-34.0765
-34.0765
-34.0766
-34.0767
-34.0768
-34.0771
-34.0774
-34.0777
-34.0782
-34.0787
-34.0792
-34.0799
-34.0806
-34.0814
-34.0823
-34.0832
-34.0842
-34.0854
-34.0865
-34.0878
-34.0892
-34.0906
-34.0921
-34.0937
-34.0954
-34.0971
-34.0988
-34.1006
-34.1024
-34.1042
-34.106
-34.1078
-34.1094
-34.111
-34.1125
-34.1138
-34.1149
-34.1158
-34.1165
-34.117
-34.1173
-34.5966
-34.5964
-34.5961
-34.5956
-34.595
-34.5943
-34.5934
-34.5925
-34.5914
-34.5904
-34.5892
-34.588
-34.5869
-34.5857
-34.5845
-34.5833
-34.5822
-34.5811
-34.58
-34.579
-34.578
-34.577
-34.5761
-34.5753
-34.5745
-34.5737
-34.573
-34.5724
-34.5718
-34.5712
-34.5707
-34.5703
-34.5699
-34.5695
-34.5692
-34.569
-34.5688
-34.5686
-34.5685
-34.5684
-34.5684
-34.5685
-34.5686
-34.5688
-34.569
-34.5693
-34.5696
-34.57
-34.5704
-34.571
-34.5715
-34.5722
-34.5729
-34.5737
-34.5746
-34.5755
-34.5765
-34.5776
-34.5787
-34.5799
-34.5812
-34.5826
-34.584
-34.5855
-34.587
-34.5885
-34.5901
-34.5917
-34.5933
-34.5948
-34.5963
-34.5978
-34.5991
-34.6004
-34.6015
-34.6025
-34.6033
-34.6039
-34.6043
-34.6045
-35.085
-35.0848
-35.0846
-35.0842
-35.0836
-35.083
-35.0823
-35.0815
-35.0806
-35.0796
-35.0787
-35.0776
-35.0766
-35.0756
-35.0745
-35.0735
-35.0725
-35.0715
-35.0706
-35.0697
-35.0688
-35.068
-35.0672
-35.0664
-35.0657
-35.065
-35.0644
-35.0638
-35.0633
-35.0628
-35.0624
-35.062
-35.0616
-35.0613
-35.061
-35.0608
-35.0606
-35.0605
-35.0604
-35.0603
-35.0603
-35.0604
-35.0605
-35.0606
-35.0608
-35.0611
-35.0614
-35.0617
-35.0621
-35.0626
-35.0631
-35.0637
-35.0644
-35.0651
-35.0658
-35.0667
-35.0676
-35.0685
-35.0695
-35.0706
-35.0718
-35.073
-35.0742
-35.0755
-35.0768
-35.0782
-35.0796
-35.0809
-35.0823
-35.0837
-35.085
-35.0862
-35.0874
-35.0884
-35.0894
-35.0902
-35.0909
-35.0914
-35.0918
-35.0919
-35.5735
-35.5734
-35.5732
-35.5728
-35.5724
-35.5718
-35.5712
-35.5705
-35.5698
-35.569
-35.5681
-35.5673
-35.5664
-35.5655
-35.5646
-35.5637
-35.5628
-35.562
-35.5612
-35.5604
-35.5596
-35.5589
-35.5582
-35.5575
-35.5569
-35.5563
-35.5558
-35.5552
-35.5548
-35.5543
-35.554
-35.5536
-35.5533
-35.553
-35.5528
-35.5526
-35.5524
-35.5523
-35.5522
-35.5522
-35.5522
-35.5522
-35.5523
-35.5525
-35.5526
-35.5528
-35.5531
-35.5534
-35.5538
-35.5542
-35.5547
-35.5552
-35.5558
-35.5564
-35.557
-35.5578
-35.5586
-35.5594
-35.5603
-35.5612
-35.5622
-35.5633
-35.5644
-35.5655
-35.5666
-35.5678
-35.569
-35.5702
-35.5714
-35.5725
-35.5736
-35.5747
-35.5757
-35.5766
-35.5774
-35.5781
-35.5787
-35.5791
-35.5794
-35.5796
-36.0622
-36.062
-36.0619
-36.0616
-36.0612
-36.0608
-36.0602
-36.0597
-36.059
-36.0584
-36.0576
-36.0569
-36.0562
-36.0554
-36.0546
-36.0539
-36.0531
-36.0524
-36.0517
-36.051
-36.0504
-36.0497
-36.0491
-36.0486
-36.048
-36.0475
-36.0471
-36.0466
-36.0462
-36.0458
-36.0455
-36.0452
-36.0449
-36.0447
-36.0445
-36.0443
-36.0442
-36.0441
-36.044
-36.044
-36.044
-36.044
-36.0441
-36.0442
-36.0444
-36.0446
-36.0448
-36.0451
-36.0454
-36.0458
-36.0462
-36.0466
-36.0471
-36.0476
-36.0482
-36.0488
-36.0495
-36.0502
-36.051
-36.0518
-36.0527
-36.0536
-36.0545
-36.0555
-36.0565
-36.0575
-36.0585
-36.0595
-36.0605
-36.0614
-36.0624
-36.0633
-36.0641
-36.0649
-36.0655
-36.0661
-36.0666
-36.067
-36.0672
-36.0673
-36.5509
-36.5508
-36.5506
-36.5504
-36.5501
-36.5497
-36.5493
-36.5488
-36.5483
-36.5478
-36.5472
-36.5466
-36.546
-36.5453
-36.5447
-36.5441
-36.5434
-36.5428
-36.5422
-36.5417
-36.5411
-36.5406
-36.5401
-36.5396
-36.5391
-36.5387
-36.5383
-36.538
-36.5376
-36.5373
-36.537
-36.5368
-36.5365
-36.5363
-36.5362
-36.536
-36.5359
-36.5358
-36.5358
-36.5357
-36.5357
-36.5358
-36.5359
-36.536
-36.5361
-36.5362
-36.5364
-36.5367
-36.5369
-36.5373
-36.5376
-36.538
-36.5384
-36.5388
-36.5393
-36.5399
-36.5404
-36.541
-36.5417
-36.5424
-36.5431
-36.5438
-36.5446
-36.5454
-36.5462
-36.5471
-36.5479
-36.5487
-36.5496
-36.5504
-36.5512
-36.5519
-36.5526
-36.5532
-36.5538
-36.5542
-36.5546
-36.5549
-36.5551
-36.5552
-37.0397
-37.0396
-37.0395
-37.0393
-37.0391
-37.0388
-37.0385
-37.0381
-37.0377
-37.0372
-37.0367
-37.0363
-37.0358
-37.0352
-37.0347
-37.0342
-37.0337
-37.0332
-37.0328
-37.0323
-37.0318
-37.0314
-37.031
-37.0306
-37.0302
-37.0299
-37.0296
-37.0293
-37.029
-37.0287
-37.0285
-37.0283
-37.0281
-37.028
-37.0278
-37.0277
-37.0276
-37.0275
-37.0275
-37.0275
-37.0275
-37.0275
-37.0276
-37.0276
-37.0278
-37.0279
-37.0281
-37.0282
-37.0285
-37.0287
-37.029
-37.0293
-37.0296
-37.03
-37.0304
-37.0309
-37.0313
-37.0318
-37.0323
-37.0329
-37.0335
-37.0341
-37.0347
-37.0354
-37.036
-37.0367
-37.0374
-37.038
-37.0387
-37.0394
-37.04
-37.0406
-37.0411
-37.0416
-37.0421
-37.0424
-37.0428
-37.043
-37.0431
-37.0432
-37.5286
-37.5285
-37.5284
-37.5283
-37.5281
-37.5279
-37.5276
-37.5274
-37.527
-37.5267
-37.5263
-37.526
-37.5256
-37.5252
-37.5248
-37.5244
-37.524
-37.5236
-37.5233
-37.5229
-37.5226
-37.5222
-37.5219
-37.5216
-37.5213
-37.5211
-37.5208
-37.5206
-37.5204
-37.5202
-37.52
-37.5198
-37.5197
-37.5196
-37.5194
-37.5194
-37.5193
-37.5192
-37.5192
-37.5192
-37.5192
-37.5192
-37.5193
-37.5193
-37.5194
-37.5195
-37.5196
-37.5198
-37.52
-37.5202
-37.5204
-37.5206
-37.5209
-37.5212
-37.5215
-37.5218
-37.5222
-37.5225
-37.523
-37.5234
-37.5238
-37.5243
-37.5248
-37.5253
-37.5258
-37.5263
-37.5268
-37.5274
-37.5279
-37.5284
-37.5288
-37.5293
-37.5297
-37.5301
-37.5304
-37.5307
-37.531
-37.5311
-37.5313
-37.5313
-38.0175
-38.0175
-38.0174
-38.0173
-38.0172
-38.017
-38.0169
-38.0167
-38.0164
-38.0162
-38.0159
-38.0157
-38.0154
-38.0151
-38.0148
-38.0146
-38.0143
-38.014
-38.0138
-38.0135
-38.0133
-38.013
-38.0128
-38.0126
-38.0124
-38.0122
-38.012
-38.0119
-38.0117
-38.0116
-38.0114
-38.0113
-38.0112
-38.0111
-38.0111
-38.011
-38.0109
-38.0109
-38.0109
-38.0109
-38.0109
-38.0109
-38.0109
-38.011
-38.011
-38.0111
-38.0112
-38.0113
-38.0114
-38.0116
-38.0117
-38.0119
-38.0121
-38.0123
-38.0125
-38.0127
-38.013
-38.0133
-38.0136
-38.0139
-38.0142
-38.0145
-38.0149
-38.0152
-38.0156
-38.0159
-38.0163
-38.0167
-38.017
-38.0174
-38.0177
-38.018
-38.0183
-38.0186
-38.0188
-38.019
-38.0192
-38.0193
-38.0194
-38.0195
-38.5065
-38.5065
-38.5064
-38.5064
-38.5063
-38.5062
-38.5061
-38.506
-38.5059
-38.5057
-38.5056
-38.5054
-38.5052
-38.5051
-38.5049
-38.5047
-38.5046
-38.5044
-38.5043
-38.5041
-38.504
-38.5038
-38.5037
-38.5036
-38.5034
-38.5033
-38.5032
-38.5031
-38.503
-38.5029
-38.5029
-38.5028
-38.5027
-38.5027
-38.5026
-38.5026
-38.5026
-38.5026
-38.5025
-38.5025
-38.5025
-38.5026
-38.5026
-38.5026
-38.5026
-38.5027
-38.5027
-38.5028
-38.5029
-38.503
-38.5031
-38.5032
-38.5033
-38.5034
-38.5035
-38.5037
-38.5038
-38.504
-38.5041
-38.5043
-38.5045
-38.5047
-38.5049
-38.5051
-38.5053
-38.5056
-38.5058
-38.506
-38.5062
-38.5064
-38.5066
-38.5068
-38.507
-38.5071
-38.5073
-38.5074
-38.5075
-38.5076
-38.5076
-38.5077
-38.9955
-38.9955
-38.9955
-38.9955
-38.9954
-38.9954
-38.9954
-38.9953
-38.9953
-38.9952
-38.9952
-38.9951
-38.9951
-38.995
-38.995
-38.9949
-38.9949
-38.9948
-38.9948
-38.9947
-38.9946
-38.9946
-38.9946
-38.9945
-38.9945
-38.9944
-38.9944
-38.9944
-38.9944
-38.9943
-38.9943
-38.9943
-38.9943
-38.9943
-38.9942
-38.9942
-38.9942
-38.9942
-38.9942
-38.9942
-38.9942
-38.9942
-38.9942
-38.9942
-38.9942
-38.9943
-38.9943
-38.9943
-38.9943
-38.9943
-38.9944
-38.9944
-38.9944
-38.9945
-38.9945
-38.9946
-38.9946
-38.9947
-38.9947
-38.9948
-38.9948
-38.9949
-38.995
-38.995
-38.9951
-38.9952
-38.9953
-38.9953
-38.9954
-38.9955
-38.9955
-38.9956
-38.9957
-38.9957
-38.9958
-38.9958
-38.9958
-38.9959
-38.9959
-38.9959
)
;

boundaryField
{
    lowerWall
    {
        type            calculated;
        value           nonuniform List<scalar> 
80
(
8368.86
8369.03
8369.33
8369.69
8370.04
8370.34
8370.59
8370.76
8370.86
8370.89
8370.86
8370.78
8370.65
8370.48
8370.27
8370.04
8369.78
8369.49
8369.18
8368.86
8368.52
8368.17
8367.81
8367.44
8367.08
8366.72
8366.37
8366.03
8365.7
8365.38
8365.09
8364.83
8364.58
8364.37
8364.19
8364.04
8363.92
8363.84
8363.79
8363.78
8363.8
8363.85
8363.94
8364.06
8364.21
8364.39
8364.6
8364.84
8365.1
8365.39
8365.69
8366.01
8366.35
8366.7
8367.05
8367.4
8367.76
8368.11
8368.45
8368.79
8369.11
8369.41
8369.7
8369.97
8370.21
8370.43
8370.62
8370.78
8370.9
8370.97
8370.99
8370.96
8370.86
8370.69
8370.46
8370.17
8369.83
8369.49
8369.2
8369.03
)
;
    }
    rightWall
    {
        type            calculated;
        value           nonuniform List<scalar> 
80
(
8160.57
7743.47
7326.23
6908.92
6491.61
6074.34
5657.1
5239.92
4822.78
4405.68
3988.64
3571.65
3154.74
2737.9
2321.17
1904.6
1488.27
1072.14
656.819
260.194
31.6421
-10.1473
-10.6165
-11.1192
-11.607
-12.11
-12.6307
-13.1499
-13.6267
-14.0592
-14.4778
-14.8933
-15.2905
-15.6789
-16.1025
-16.5977
-17.1839
-17.8504
-18.5828
-19.3082
-19.8891
-20.3634
-20.8784
-21.4578
-22.0158
-22.5449
-23.0636
-23.5647
-24.0512
-24.5322
-25.0104
-25.4844
-25.9528
-26.4185
-26.8858
-27.3566
-27.8309
-28.3079
-28.7869
-29.2675
-29.7493
-30.2322
-30.7159
-31.2004
-31.6854
-32.171
-32.657
-33.1434
-33.6301
-34.1173
-34.6045
-35.0919
-35.5796
-36.0673
-36.5552
-37.0432
-37.5313
-38.0195
-38.5077
-38.9959
)
;
    }
    atmosphere
    {
        type            calculated;
        value           nonuniform List<scalar> 
80
(
-39.24
-39.24
-39.24
-39.24
-39.24
-39.24
-39.24
-39.24
-39.24
-39.24
-39.24
-39.24
-39.24
-39.24
-39.24
-39.24
-39.24
-39.24
-39.24
-39.24
-39.24
-39.24
-39.24
-39.24
-39.24
-39.24
-39.24
-39.24
-39.24
-39.24
-39.24
-39.24
-39.24
-39.24
-39.24
-39.24
-39.24
-39.24
-39.24
-39.24
-39.24
-39.24
-39.24
-39.24
-39.24
-39.24
-39.24
-39.24
-39.24
-39.24
-39.24
-39.24
-39.24
-39.24
-39.24
-39.24
-39.24
-39.24
-39.24
-39.24
-39.24
-39.24
-39.24
-39.24
-39.24
-39.24
-39.24
-39.24
-39.24
-39.24
-39.24
-39.24
-39.24
-39.24
-39.24
-39.24
-39.24
-39.24
-39.24
-39.24
)
;
    }
    leftWall
    {
        type            calculated;
        value           nonuniform List<scalar> 
80
(
8160.4
7743.3
7326.08
6908.8
6491.51
6074.25
5657.03
5239.86
4822.74
4405.67
3988.66
3571.71
3154.83
2738.05
2321.39
1904.92
1488.71
1072.69
657.442
260.603
31.8012
-10.0992
-10.5756
-11.0695
-11.5577
-12.0692
-12.5981
-13.1012
-13.5547
-13.9715
-14.366
-14.7299
-15.0858
-15.4925
-15.9897
-16.6012
-17.347
-18.1688
-18.948
-19.6408
-20.2107
-20.6451
-21.0388
-21.5127
-22.0627
-22.6198
-23.1392
-23.614
-24.0667
-24.5208
-24.984
-25.4509
-25.9171
-26.3833
-26.8524
-27.3255
-27.802
-28.2811
-28.7621
-29.2446
-29.7282
-30.2132
-30.6985
-31.1844
-31.6708
-32.1577
-32.6449
-33.1325
-33.6203
-34.1084
-34.5966
-35.085
-35.5735
-36.0622
-36.5509
-37.0397
-37.5286
-38.0175
-38.5065
-38.9955
)
;
    }
    frontAndBack
    {
        type            empty;
    }
}


// ************************************************************************* //
