/*--------------------------------*- C++ -*----------------------------------*\
| =========                 |                                                 |
| \\      /  F ield         | OpenFOAM: The Open Source CFD Toolbox           |
|  \\    /   O peration     | Version:  2412                                  |
|   \\  /    A nd           | Website:  www.openfoam.com                      |
|    \\/     M anipulation  |                                                 |
\*---------------------------------------------------------------------------*/
FoamFile
{
    version     2.0;
    format      ascii;
    arch        "LSB;label=32;scalar=64";
    class       volScalarField;
    location    "3.2";
    object      p;
}
// * * * * * * * * * * * * * * * * * * * * * * * * * * * * * * * * * * * * * //

dimensions      [1 -1 -2 0 0 0 0];

internalField   nonuniform List<scalar> 
6400
(
9525.64
9526.98
9529.42
9532.95
9537.45
9542.77
9548.71
9555.09
9561.69
9568.32
9574.76
9580.84
9586.39
9591.28
9595.39
9598.63
9600.97
9602.37
9602.85
9602.44
9601.22
9599.25
9596.63
9593.47
9589.9
9586.02
9581.96
9577.83
9573.73
9569.76
9566.01
9562.54
9559.43
9556.71
9554.42
9552.59
9551.23
9550.34
9549.93
9549.99
9550.51
9551.47
9552.86
9554.67
9556.87
9559.46
9562.4
9565.67
9569.24
9573.06
9577.09
9581.28
9585.56
9589.85
9594.08
9598.14
9601.96
9605.43
9608.46
9610.95
9612.82
9613.99
9614.4
9614.03
9612.85
9610.88
9608.14
9604.71
9600.67
9596.14
9591.26
9586.17
9581.04
9576.04
9571.35
9567.13
9563.54
9560.71
9558.76
9557.54
9033.89
9035.3
9037.83
9041.49
9046.14
9051.63
9057.78
9064.36
9071.17
9077.99
9084.62
9090.86
9096.55
9101.55
9105.74
9109.04
9111.39
9112.78
9113.23
9112.76
9111.46
9109.39
9106.66
9103.39
9099.7
9095.7
9091.52
9087.28
9083.09
9079.03
9075.21
9071.68
9068.52
9065.76
9063.45
9061.61
9060.24
9059.35
9058.95
9059.02
9059.54
9060.52
9061.93
9063.75
9065.98
9068.59
9071.55
9074.86
9078.46
9082.34
9086.42
9090.68
9095.03
9099.4
9103.72
9107.88
9111.8
9115.37
9118.49
9121.06
9123
9124.23
9124.68
9124.33
9123.14
9121.12
9118.33
9114.81
9110.66
9105.99
9100.95
9095.7
9090.4
9085.23
9080.37
9076
9072.28
9069.35
9067.35
9066.01
8540.82
8542.41
8545.11
8549.02
8553.99
8559.85
8566.4
8573.4
8580.63
8587.85
8594.85
8601.43
8607.4
8612.63
8616.98
8620.37
8622.77
8624.14
8624.51
8623.92
8622.45
8620.18
8617.24
8613.73
8609.8
8605.57
8601.16
8596.7
8592.31
8588.08
8584.1
8580.45
8577.19
8574.36
8571.99
8570.11
8568.73
8567.85
8567.45
8567.54
8568.09
8569.09
8570.53
8572.4
8574.67
8577.33
8580.35
8583.73
8587.42
8591.39
8595.59
8599.98
8604.48
8609.03
8613.52
8617.88
8621.99
8625.75
8629.06
8631.81
8633.89
8635.24
8635.77
8635.44
8634.23
8632.15
8629.22
8625.52
8621.14
8616.21
8610.86
8605.27
8599.62
8594.1
8588.91
8584.22
8580.23
8577.08
8574.94
8573.52
8046.34
8048.26
8051.18
8055.48
8060.95
8067.39
8074.56
8082.21
8090.09
8097.93
8105.5
8112.59
8118.99
8124.56
8129.16
8132.71
8135.16
8136.49
8136.74
8135.96
8134.23
8131.66
8128.37
8124.5
8120.2
8115.6
8110.84
8106.05
8101.36
8096.86
8092.66
8088.82
8085.41
8082.47
8080.03
8078.11
8076.7
8075.82
8075.44
8075.55
8076.14
8077.2
8078.69
8080.61
8082.95
8085.68
8088.79
8092.27
8096.08
8100.2
8104.58
8109.16
8113.89
8118.69
8123.46
8128.11
8132.52
8136.59
8140.19
8143.2
8145.52
8147.04
8147.69
8147.42
8146.18
8143.99
8140.87
8136.9
8132.17
8126.82
8121
8114.9
8108.72
8102.65
8096.93
8091.75
8087.33
8083.82
8081.45
8080.07
7550.44
7552.6
7555.9
7560.77
7566.94
7574.19
7582.24
7590.8
7599.57
7608.27
7616.64
7624.42
7631.42
7637.45
7642.39
7646.13
7648.65
7649.92
7649.99
7648.93
7646.84
7643.84
7640.08
7635.71
7630.89
7625.79
7620.55
7615.31
7610.21
7605.35
7600.84
7596.76
7593.15
7590.07
7587.53
7585.55
7584.12
7583.24
7582.89
7583.05
7583.7
7584.82
7586.38
7588.38
7590.79
7593.62
7596.85
7600.45
7604.43
7608.73
7613.34
7618.2
7623.23
7628.37
7633.52
7638.57
7643.4
7647.88
7651.89
7655.27
7657.92
7659.7
7660.54
7660.34
7659.08
7656.75
7653.37
7649.02
7643.81
7637.88
7631.42
7624.61
7617.68
7610.86
7604.39
7598.53
7593.51
7589.5
7586.9
7585.58
7052.97
7055.23
7059.1
7064.74
7071.87
7080.2
7089.42
7099.17
7109.12
7118.95
7128.34
7137.03
7144.79
7151.43
7156.79
7160.78
7163.37
7164.54
7164.37
7162.93
7160.35
7156.78
7152.39
7147.36
7141.87
7136.11
7130.24
7124.42
7118.8
7113.49
7108.59
7104.19
7100.35
7097.09
7094.44
7092.4
7090.97
7090.11
7089.81
7090.03
7090.75
7091.95
7093.6
7095.68
7098.2
7101.13
7104.49
7108.25
7112.41
7116.96
7121.85
7127.04
7132.46
7138.04
7143.67
7149.24
7154.62
7159.65
7164.19
7168.08
7171.16
7173.31
7174.39
7174.32
7173.03
7170.52
7166.82
7161.98
7156.15
7149.48
7142.16
7134.42
7126.51
7118.7
7111.25
7104.48
7098.65
7093.9
7090.97
7089.4
6553.53
6556.15
6560.6
6567.23
6575.58
6585.33
6596.05
6607.34
6618.79
6630.04
6640.73
6650.57
6659.28
6666.66
6672.54
6676.83
6679.48
6680.51
6679.99
6678.05
6674.83
6670.52
6665.33
6659.45
6653.12
6646.52
6639.87
6633.33
6627.06
6621.19
6615.83
6611.06
6606.93
6603.48
6600.71
6598.62
6597.19
6596.37
6596.14
6596.46
6597.28
6598.58
6600.33
6602.52
6605.14
6608.19
6611.68
6615.62
6620
6624.81
6630.03
6635.62
6641.52
6647.64
6653.88
6660.1
6666.17
6671.9
6677.13
6681.67
6685.34
6687.95
6689.37
6689.48
6688.19
6685.48
6681.36
6675.93
6669.31
6661.69
6653.3
6644.39
6635.23
6626.16
6617.41
6609.47
6602.62
6596.91
6593.44
6591.61
6052.54
6055.09
6060.08
6067.99
6077.93
6089.48
6102.11
6115.33
6128.66
6141.67
6153.97
6165.21
6175.09
6183.38
6189.88
6194.5
6197.19
6198.01
6197.04
6194.44
6190.4
6185.15
6178.93
6172
6164.61
6156.99
6149.37
6141.95
6134.9
6128.37
6122.45
6117.25
6112.81
6109.15
6106.27
6104.15
6102.74
6102.01
6101.89
6102.33
6103.28
6104.71
6106.57
6108.87
6111.6
6114.76
6118.39
6122.5
6127.11
6132.22
6137.82
6143.88
6150.33
6157.1
6164.07
6171.1
6178.02
6184.64
6190.75
6196.12
6200.53
6203.77
6205.65
6206.01
6204.75
6201.81
6197.2
6191.03
6183.44
6174.66
6164.94
6154.57
6143.83
6133.23
6122.66
6113.19
6105.07
6098.54
6094.24
6092.04
5547.9
5551.2
5557.05
5566.71
5578.71
5592.54
5607.57
5623.18
5638.82
5653.99
5668.24
5681.19
5692.48
5701.85
5709.08
5714.06
5716.77
5717.27
5715.69
5712.24
5707.16
5700.72
5693.24
5685
5676.31
5667.45
5658.66
5650.19
5642.21
5634.89
5628.34
5622.65
5617.86
5613.99
5611.02
5608.9
5607.57
5606.96
5607
5607.62
5608.75
5610.32
5612.32
5614.73
5617.55
5620.81
5624.56
5628.83
5633.67
5639.09
5645.11
5651.7
5658.8
5666.34
5674.19
5682.19
5690.16
5697.87
5705.07
5711.5
5716.87
5720.92
5723.42
5724.14
5722.95
5719.76
5714.58
5707.52
5698.75
5688.52
5677.17
5665.06
5652.05
5639.51
5627.26
5615.93
5606.05
5598.17
5592.89
5590.27
5039.77
5043.66
5051.4
5063.14
5077.72
5094.4
5112.41
5130.98
5149.42
5167.18
5183.79
5198.79
5211.78
5222.43
5230.5
5235.88
5238.54
5238.59
5236.21
5231.65
5225.25
5217.33
5208.27
5198.44
5188.17
5177.8
5167.62
5157.89
5148.82
5140.59
5133.32
5127.09
5121.95
5117.88
5114.85
5112.78
5111.6
5111.2
5111.48
5112.33
5113.67
5115.44
5117.58
5120.09
5122.98
5126.31
5130.13
5134.53
5139.58
5145.32
5151.78
5158.95
5166.8
5175.23
5184.12
5193.29
5202.53
5211.59
5220.15
5227.89
5234.49
5239.6
5242.91
5244.14
5243.1
5239.65
5233.81
5225.67
5215.45
5203.46
5190.06
5175.55
5160.53
5145.54
5130.95
5117.28
5105.12
5095.39
5088.89
5085.78
4527.55
4532.12
4541.93
4556.73
4574.73
4594.92
4616.63
4638.83
4660.63
4681.49
4700.91
4718.37
4733.38
4745.54
4754.59
4760.37
4762.9
4762.31
4758.86
4752.9
4744.82
4735.06
4724.07
4712.28
4700.11
4687.93
4676.1
4664.9
4654.56
4645.29
4637.21
4630.4
4624.89
4620.65
4617.62
4615.7
4614.76
4614.67
4615.28
4616.45
4618.08
4620.08
4622.37
4624.96
4627.88
4631.2
4635.05
4639.52
4644.72
4650.75
4657.66
4665.48
4674.16
4683.62
4693.72
4704.29
4715.06
4725.75
4735.99
4745.4
4753.56
4760.04
4764.43
4766.37
4765.58
4761.89
4755.27
4745.84
4733.87
4719.7
4703.79
4686.73
4669
4651.16
4633.69
4617.1
4601.89
4589.67
4581.63
4577.94
4010.45
4015.13
4027.81
4047.06
4069.78
4093.99
4120.37
4146.86
4172.49
4197.14
4219.93
4240.33
4257.77
4271.73
4281.89
4288.08
4290.33
4288.86
4284.01
4276.23
4266.04
4254
4240.63
4226.47
4212.01
4197.69
4183.91
4170.98
4159.19
4148.72
4139.74
4132.3
4126.44
4122.09
4119.16
4117.51
4116.96
4117.32
4118.4
4120.01
4122.01
4124.28
4126.74
4129.37
4132.23
4135.45
4139.18
4143.61
4148.9
4155.17
4162.54
4171.04
4180.65
4191.29
4202.81
4215.02
4227.64
4240.31
4252.63
4264.11
4274.25
4282.5
4288.33
4291.26
4290.89
4286.98
4279.45
4268.48
4254.39
4237.55
4218.75
4198.51
4177.5
4156.33
4135.54
4115.59
4095.82
4079.63
4069.53
4065.98
3489.43
3496.02
3509.96
3533.88
3563.64
3594.18
3624.95
3655.22
3685.34
3714.32
3741.2
3765.19
3785.55
3801.66
3813.1
3819.66
3821.44
3818.73
3812.03
3801.93
3789.1
3774.23
3757.96
3740.94
3723.74
3706.88
3690.8
3675.88
3662.4
3650.58
3640.6
3632.51
3626.33
3621.97
3619.27
3618.05
3618.08
3619.1
3620.85
3623.06
3625.54
3628.13
3630.74
3633.34
3636.04
3639.01
3642.48
3646.71
3651.93
3658.38
3666.18
3675.39
3686.04
3698
3711.16
3725.29
3740.1
3755.19
3770.05
3784.11
3796.75
3807.3
3815.06
3819.36
3819.65
3815.55
3806.97
3794.1
3777.37
3757.42
3735.03
3710.98
3686.12
3661.38
3637.36
3613.8
3585.65
3564.77
3553.91
3550.36
2979.89
2984.49
2993.13
3014.65
3054.8
3090.74
3126.31
3163.03
3199.11
3233.47
3265.23
3293.53
3317.5
3336.18
3349.07
3355.94
3356.95
3352.54
3343.4
3330.33
3314.19
3295.82
3276.02
3255.55
3235.09
3215.23
3196.48
3179.24
3163.82
3150.48
3139.38
3130.62
3124.16
3119.9
3117.63
3117.09
3117.99
3119.98
3122.67
3125.7
3128.8
3131.76
3134.48
3136.95
3139.28
3141.75
3144.71
3148.51
3153.51
3159.99
3168.18
3178.14
3189.96
3203.44
3218.46
3234.83
3252.24
3270.23
3288.22
3305.49
3321.3
3334.81
3345.12
3351.32
3352.6
3348.43
3338.63
3323.43
3303.46
3279.63
3252.84
3224.04
3194.11
3163.82
3135.83
3109.02
3075.29
3060.24
3051.22
3045.81
2480.88
2474.56
2465.91
2487.11
2542.86
2585.88
2628.61
2672.05
2714.64
2755.21
2792.67
2826
2854.55
2876.3
2890.9
2897.98
2897.8
2891.04
2878.67
2861.79
2841.48
2818.8
2794.71
2770.1
2745.78
2722.42
2700.58
2680.67
2663.01
2647.91
2635.57
2626.08
2619.44
2615.47
2613.9
2614.37
2616.55
2619.91
2623.91
2628.06
2631.96
2635.34
2638.12
2640.28
2642
2643.65
2645.7
2648.71
2653.19
2659.56
2668.11
2678.78
2692.02
2707.19
2724.31
2743.27
2763.75
2785.25
2807.06
2828.3
2848.1
2865.46
2879.19
2888.02
2890.79
2886.66
2875.35
2857.21
2833.21
2804.61
2772.56
2738.25
2703.01
2668.37
2634.66
2602.82
2556.35
2543.8
2554.86
2561.67
1982.18
1963.72
1934.18
1962.9
2023.67
2076.76
2128.06
2179.93
2231.03
2279.38
2323.85
2363.63
2397.48
2423.43
2440.14
2447.17
2445.1
2435.06
2418.41
2396.65
2371.13
2343.13
2313.84
2284.29
2255.39
2227.95
2202.55
2179.58
2159.34
2142.22
2128.48
2118.23
2111.54
2108.16
2107.64
2109.59
2113.57
2118.87
2124.69
2130.38
2135.36
2139.26
2142
2143.59
2144.27
2144.6
2145.24
2146.9
2150.37
2156.33
2165.26
2177.27
2191.61
2208.59
2228.11
2250.07
2274.16
2299.83
2326.25
2352.41
2377.26
2399.63
2417.99
2430.57
2435.6
2431.8
2418.57
2396.5
2367.12
2332.49
2293.78
2252.21
2209.2
2167.27
2127.81
2089.21
2038.83
2010.89
2054.36
2076.77
1475.56
1449.57
1408.85
1439.08
1501.2
1564.58
1625.49
1688.17
1749.64
1807.22
1859.71
1906.97
1947.56
1978.89
1998.26
2004.83
1999.82
1985.16
1962.97
1935.08
1903.15
1868.62
1833.02
1797.66
1763.49
1731.31
1701.71
1675.07
1651.71
1632.2
1616.86
1605.55
1598.8
1596.46
1597.68
1601.78
1608.12
1615.84
1623.98
1631.71
1638.19
1642.8
1645.37
1646.05
1645.37
1644.11
1642.93
1642.49
1643.92
1648.7
1657.83
1670.81
1687.28
1706.92
1729.45
1754.83
1782.78
1812.96
1844.91
1877.26
1908.46
1937.23
1961.68
1979.41
1987.89
1984.91
1969.22
1942.2
1905.86
1864.35
1817.7
1767.25
1714.44
1662.94
1617.37
1571.3
1523.78
1499.1
1548.24
1587.9
962.341
927.399
895.162
918.332
962.6
1041.92
1122.32
1197.68
1273.43
1342.07
1403.21
1458.65
1507.48
1545.08
1566.89
1572.05
1562.76
1542
1512.93
1477.33
1437.29
1394.74
1351.72
1309.84
1269.97
1232.67
1198.22
1167.03
1139.55
1116.63
1099.33
1086.1
1078.8
1077.77
1081.96
1089.83
1099.9
1110.99
1122.2
1132.58
1141.09
1146.73
1149.01
1148.25
1145.4
1141.62
1137.71
1134.28
1132.7
1135.01
1144.29
1158.56
1178.74
1202.51
1229.07
1258.07
1289.41
1323.95
1362.19
1402.12
1441.48
1478.46
1510.2
1534.46
1548.33
1548.3
1530.81
1497.42
1453.61
1403.56
1347.92
1287.15
1220.04
1161.68
1102.86
1047.23
1007.66
1000.59
1056.46
1115.7
416.193
308.529
217.172
226.309
323.919
468.326
592.61
698.657
792.468
874.226
946.557
1015.34
1077.05
1124.85
1150.44
1153.09
1136.93
1106.89
1069
1023.01
973.262
920.994
869.051
820.106
774.292
731.716
692.008
655.652
622.963
593.461
570.204
558.525
552.739
554.864
562.396
573.945
588.154
603.703
619.24
633.486
644.936
652.159
654.484
652.166
646.2
638.61
631.384
624.313
617.302
612.869
618.13
639.726
666.523
694.438
724.4
757.594
793.329
833.282
879.438
929.196
978.296
1025.62
1066.47
1099.57
1120.49
1124.94
1105.61
1063.48
1008.05
944.747
873.9
795.882
710.744
620.905
517.866
385.989
295.884
326.082
440.288
561.63
82.9567
25.168
6.46359
0.98759
27.8134
103.317
159.405
229.405
338.304
429.287
508.843
585.093
660.165
723.416
756.275
753.872
726.256
682.905
637.184
581.04
514.866
447.471
388.257
340.552
299.563
262.244
227.003
195.802
172.19
158.304
148.745
142.003
137.566
140.242
145.898
153.65
163.87
175.913
187.828
199.108
208.463
213.837
215.161
212.891
207.273
199.546
191.946
184.314
177.764
173.256
174.546
187.781
207.079
227.753
250.05
275.169
304.918
344.153
395.006
456.724
523.332
584.458
639.018
686.633
718.268
724.71
695.178
638.922
572.685
500.738
417.699
327.691
241.372
168.998
123.936
59.2473
27.7762
32.6836
63.2991
145.165
-2.46917
-2.26043
-2.51365
-4.23012
-5.09502
-4.90284
-4.51876
4.20768
63.0165
120.261
172.549
215.983
280.281
375.638
431.789
413.216
357.217
310.761
259.695
197.258
139.439
94.4562
67.597
51.0125
36.1232
23.0471
9.60033
-2.61627
-7.17015
-4.40816
-2.60797
-2.61254
-3.50109
-4.68518
-4.40151
-2.9942
-0.921026
1.66267
4.00536
6.30094
8.37642
9.43507
9.51175
8.6339
6.7961
4.0073
0.622317
-2.61189
-4.63088
-5.59668
-5.96524
-4.34791
0.739656
8.05527
16.0506
24.1752
33.21
45.4776
64.6647
100.15
154.191
210.278
271.807
336.389
389.128
394.534
322.491
243.081
203.859
174.909
119.976
54.2661
17.995
5.61787
6.2995
7.1881
8.5359
9.20201
8.61337
10.7697
-4.77449
-4.19841
-3.92835
-5.20457
-6.20501
-6.48465
-7.28173
-9.23844
-8.60993
-8.46649
-7.73805
2.88147
46.3544
148.285
206.924
161.625
112.759
70.1762
34.1116
10.214
-1.52454
-3.39527
-2.67238
-2.54887
-3.62932
-5.73671
-8.36071
-9.22774
-7.34181
-5.37401
-4.58548
-4.9338
-5.97653
-7.04808
-7.69399
-8.02247
-8.26813
-8.44168
-8.58817
-8.76523
-8.95388
-9.09976
-9.16188
-9.17172
-9.1575
-9.1204
-9.09801
-9.03129
-8.86604
-8.67424
-8.53863
-8.61907
-8.912
-9.3264
-9.65366
-9.81156
-9.78344
-9.76899
-9.89432
-8.29723
1.27401
20.4702
51.7148
91.6795
143.461
167.051
95.2537
19.0222
-3.62861
-6.81305
-7.3846
-7.83445
-5.11116
1.45276
4.15632
4.98483
6.05101
6.89221
5.77999
4.37303
-5.38287
-5.29255
-5.19354
-6.48308
-7.22295
-7.53789
-7.84722
-8.47096
-8.8924
-8.97764
-9.03338
-8.64225
-8.09729
-5.15798
14.2657
10.1313
-0.447945
-7.05451
-8.58163
-8.26682
-7.29136
-6.07172
-5.26456
-5.24401
-6.30704
-8.43016
-10.4515
-10.998
-9.94133
-8.35398
-7.24483
-7.10582
-7.52486
-7.97117
-8.34766
-8.65049
-8.88556
-9.06786
-9.23194
-9.38079
-9.51788
-9.63499
-9.70314
-9.72023
-9.70142
-9.65578
-9.5984
-9.54035
-9.47363
-9.41621
-9.40758
-9.48007
-9.72296
-10.1702
-10.6028
-10.7661
-10.7612
-10.6206
-10.4166
-10.2619
-10.869
-11.1242
-9.78129
-2.86838
3.85005
0.451343
-8.86385
-9.26355
-9.2086
-8.87947
-8.86962
-8.58812
-6.20512
-1.23528
1.82631
1.43782
1.10857
1.54593
0.885857
0.897301
-5.67398
-6.06667
-6.67368
-7.84911
-8.2144
-8.3355
-8.49525
-8.89845
-9.39878
-9.77742
-10.0182
-9.94991
-9.8119
-10.3326
-10.2281
-9.73615
-9.46487
-9.46396
-9.49888
-9.5479
-9.28155
-8.7148
-8.43062
-8.86674
-10.1389
-12.0059
-13.4667
-13.5169
-11.8613
-10.4097
-9.28904
-8.85089
-8.85961
-9.01398
-9.20676
-9.39318
-9.5591
-9.71435
-9.85591
-9.97065
-10.0686
-10.1576
-10.2153
-10.2289
-10.2167
-10.1897
-10.155
-10.1192
-10.0901
-10.0847
-10.114
-10.1982
-10.4203
-10.8227
-11.2253
-11.42
-11.399
-11.2593
-11.1534
-11.2257
-11.3875
-11.4769
-11.6507
-12.0054
-12.1284
-12.2267
-11.3656
-10.5092
-10.175
-10.2646
-10.8435
-10.9309
-9.30788
-5.38302
-3.84596
-5.12374
-6.72007
-6.77817
-6.05868
-4.79808
-6.18254
-6.97456
-8.23374
-9.0157
-9.17624
-9.15727
-9.28148
-9.51504
-9.91241
-10.3914
-10.7467
-10.6831
-10.337
-10.2652
-10.2892
-10.0724
-10.1002
-10.1538
-10.1649
-10.3614
-10.7768
-11.2818
-11.9999
-12.6548
-14.0036
-15.742
-16.8673
-16.474
-14.1484
-12.184
-10.9416
-10.3295
-10.1001
-10.0513
-10.0912
-10.1742
-10.2715
-10.3747
-10.4759
-10.5625
-10.637
-10.7057
-10.7522
-10.7633
-10.7553
-10.7426
-10.7313
-10.7317
-10.7402
-10.7602
-10.7979
-10.8715
-11.0303
-11.3022
-11.5796
-11.7284
-11.7658
-11.7103
-11.6354
-11.7211
-11.8748
-11.9925
-12.1104
-12.1984
-12.2139
-12.0588
-11.603
-11.2439
-11.1154
-11.518
-12.5349
-13.5729
-12.6587
-9.88438
-9.82327
-10.8222
-11.6609
-12.2678
-11.8471
-9.63242
-7.73015
-8.72434
-9.70421
-10.2294
-10.1718
-9.96648
-10.015
-10.1815
-10.4255
-10.6751
-10.8043
-10.7557
-10.6517
-10.6922
-10.6906
-10.5913
-10.5082
-10.6042
-10.9401
-11.7077
-12.8846
-13.7465
-14.4281
-15.3188
-16.9489
-18.792
-19.5436
-18.6192
-16.1514
-13.7598
-12.3444
-11.5616
-11.1687
-10.9915
-10.9337
-10.9435
-10.9858
-11.0419
-11.1037
-11.1624
-11.2159
-11.2656
-11.3007
-11.3103
-11.3074
-11.3073
-11.313
-11.3317
-11.3584
-11.3924
-11.4414
-11.5104
-11.6229
-11.7915
-11.9779
-12.1152
-12.1943
-12.1966
-12.1755
-12.2266
-12.3047
-12.3717
-12.4173
-12.4053
-12.3189
-12.154
-11.9419
-11.777
-11.8101
-12.481
-13.9635
-15.5679
-14.8608
-12.8816
-12.7096
-13.0257
-13.7291
-14.2641
-14.1327
-12.0902
-10.6836
-11.656
-11.5024
-11.6152
-11.1716
-10.8645
-10.8648
-10.9522
-11.0461
-11.0909
-11.0881
-11.0771
-11.1257
-11.2269
-11.2415
-11.1468
-11.2751
-11.6556
-12.2665
-13.2082
-14.1845
-14.9141
-15.4881
-16.4123
-18.0422
-19.6161
-20.0324
-19.0459
-16.9194
-14.77
-13.3884
-12.555
-12.0961
-11.8545
-11.735
-11.6878
-11.6833
-11.7018
-11.7322
-11.7665
-11.8001
-11.8314
-11.8547
-11.8636
-11.867
-11.8763
-11.8921
-11.9142
-11.944
-11.9824
-12.035
-12.1039
-12.1976
-12.3158
-12.4456
-12.5524
-12.6217
-12.6562
-12.6627
-12.6892
-12.7415
-12.7757
-12.7732
-12.7405
-12.6582
-12.5272
-12.4063
-12.3206
-12.3965
-13.0065
-14.2723
-15.4261
-14.6884
-13.6674
-13.5462
-13.9262
-14.7656
-15.0108
-14.5227
-12.5354
-12.9744
-13.9185
-13.0231
-12.5848
-11.842
-11.5446
-11.4755
-11.4595
-11.4553
-11.4451
-11.4789
-11.5728
-11.6936
-11.8024
-11.8278
-11.9592
-12.2924
-12.7763
-13.4059
-14.0991
-14.8083
-15.5448
-16.2097
-16.9817
-18.1842
-19.1801
-19.3377
-18.4971
-16.8656
-15.1938
-14.09
-13.3551
-12.9123
-12.6468
-12.4896
-12.4027
-12.362
-12.3499
-12.3549
-12.3689
-12.3864
-12.4043
-12.4192
-12.428
-12.4355
-12.4487
-12.468
-12.4916
-12.522
-12.5606
-12.6102
-12.6721
-12.7495
-12.8395
-12.9329
-13.0112
-13.0629
-13.096
-13.1145
-13.1316
-13.1551
-13.1721
-13.1654
-13.1241
-13.0561
-12.969
-12.8867
-12.8528
-12.9311
-13.2861
-13.9681
-14.468
-14.1442
-13.6491
-13.7493
-14.2171
-15.0319
-15.0948
-13.963
-12.3462
-13.5991
-14.0251
-13.3882
-12.8223
-12.1258
-11.9766
-11.8906
-11.7749
-11.7143
-11.7048
-11.8202
-12.0096
-12.1522
-12.2172
-12.417
-12.7888
-13.2125
-13.6429
-14.1137
-14.6032
-15.2339
-15.9395
-16.5999
-17.217
-17.8564
-18.3629
-18.3357
-17.6222
-16.5039
-15.3966
-14.5909
-14.0195
-13.6297
-13.3678
-13.1953
-13.0862
-13.0213
-12.9865
-12.9717
-12.9695
-12.9744
-12.983
-12.9922
-13
-13.0083
-13.0212
-13.0401
-13.0642
-13.0942
-13.1309
-13.1755
-13.2288
-13.2911
-13.3595
-13.4278
-13.4854
-13.5235
-13.5477
-13.5638
-13.5756
-13.5854
-13.5873
-13.573
-13.5403
-13.4921
-13.4374
-13.386
-13.3659
-13.4128
-13.5657
-13.7609
-13.8458
-13.5646
-13.4194
-13.65
-14.069
-14.5451
-14.2566
-12.8107
-11.9659
-13.4845
-13.6482
-13.3295
-12.8204
-12.3814
-12.262
-12.1831
-12.1359
-12.2073
-12.3589
-12.4883
-12.6083
-12.6783
-12.8502
-13.2566
-13.6894
-14.0113
-14.3157
-14.5905
-14.9774
-15.5076
-16.0777
-16.6134
-17.0849
-17.4602
-17.643
-17.5017
-16.9988
-16.2922
-15.5967
-15.034
-14.5962
-14.2686
-14.0282
-13.8569
-13.7386
-13.6599
-13.61
-13.5807
-13.5659
-13.5605
-13.5611
-13.5653
-13.5711
-13.5787
-13.5902
-13.6071
-13.6297
-13.6579
-13.6916
-13.7314
-13.7772
-13.8281
-13.8813
-13.9324
-13.9754
-14.0042
-14.0207
-14.0286
-14.0298
-14.025
-14.0145
-13.9964
-13.969
-13.9337
-13.9022
-13.8781
-13.8725
-13.8959
-13.9571
-13.9827
-13.8172
-13.3378
-13.3177
-13.5936
-13.8707
-13.7546
-12.9033
-12.1405
-12.1155
-13.6067
-13.6697
-13.5951
-13.4186
-13.2387
-12.9455
-13.0123
-13.1885
-13.3212
-13.5702
-13.7735
-13.7686
-13.7711
-14.052
-14.3314
-14.5413
-14.7095
-14.8662
-15.0721
-15.35
-15.7119
-16.1159
-16.5066
-16.8418
-17.0792
-17.1723
-17.0582
-16.7432
-16.3075
-15.8584
-15.4594
-15.1231
-14.8522
-14.6414
-14.4808
-14.3623
-14.2774
-14.2187
-14.1797
-14.1553
-14.141
-14.1341
-14.1334
-14.1374
-14.1446
-14.1549
-14.1696
-14.1898
-14.2155
-14.2461
-14.2815
-14.3211
-14.3635
-14.4065
-14.4467
-14.48
-14.5022
-14.5128
-14.5122
-14.5008
-14.4811
-14.4575
-14.4332
-14.4094
-14.3898
-14.3758
-14.3675
-14.3717
-14.3856
-14.4068
-14.3936
-14.1072
-13.6003
-13.4699
-13.7491
-13.9737
-13.638
-12.8915
-12.6766
-12.9081
-14.028
-14.0493
-14.1578
-14.3068
-14.3792
-14.369
-14.5914
-14.6411
-14.6548
-14.8418
-15.1193
-15.2278
-15.2205
-15.2279
-15.2626
-15.2508
-15.3071
-15.4148
-15.5567
-15.739
-15.973
-16.2469
-16.5278
-16.7727
-16.9445
-17.0122
-16.9466
-16.7536
-16.4771
-16.1738
-15.8832
-15.6229
-15.4011
-15.219
-15.074
-14.961
-14.8756
-14.8127
-14.7679
-14.7364
-14.714
-14.7002
-14.6952
-14.698
-14.7059
-14.7156
-14.7281
-14.7458
-14.769
-14.7968
-14.8283
-14.8631
-14.8995
-14.9359
-14.9693
-14.9966
-15.0142
-15.0216
-15.0159
-14.9941
-14.9569
-14.9198
-14.8902
-14.8651
-14.8493
-14.8442
-14.8565
-14.8752
-14.8953
-14.9097
-14.8908
-14.6675
-14.4263
-14.1914
-14.2002
-14.358
-13.9886
-13.3445
-13.1499
-13.3818
-14.5496
-14.5564
-14.6658
-14.8103
-15.1272
-15.4366
-15.5321
-15.5257
-15.5464
-15.7277
-16.0015
-16.0807
-16.1552
-16.0777
-15.9189
-15.8667
-15.8863
-15.9493
-16.0404
-16.1569
-16.3142
-16.5032
-16.7069
-16.8893
-17.0237
-17.0808
-17.0464
-16.9253
-16.7419
-16.529
-16.3126
-16.1091
-15.9278
-15.7724
-15.6434
-15.5392
-15.4568
-15.3936
-15.3457
-15.3095
-15.2803
-15.2614
-15.2544
-15.2564
-15.2635
-15.2726
-15.283
-15.2982
-15.319
-15.3442
-15.3728
-15.4041
-15.4368
-15.4692
-15.4991
-15.5239
-15.5405
-15.5471
-15.5432
-15.5207
-15.4654
-15.4248
-15.4012
-15.3943
-15.3979
-15.4064
-15.4105
-15.4294
-15.4506
-15.489
-15.5096
-15.4844
-15.7867
-15.7295
-15.4317
-15.2356
-14.7312
-13.9738
-13.7203
-13.8847
-15.0976
-15.1101
-15.1889
-15.2736
-15.6852
-16.3283
-16.5697
-16.4437
-16.2196
-16.319
-16.5872
-16.7022
-16.6463
-16.5845
-16.5313
-16.5055
-16.506
-16.5158
-16.5431
-16.6093
-16.7174
-16.852
-17.0043
-17.1453
-17.2503
-17.2978
-17.2796
-17.1993
-17.0715
-16.9163
-16.7514
-16.5902
-16.4412
-16.3091
-16.1956
-16.1009
-16.0236
-15.9628
-15.9139
-15.8768
-15.8445
-15.8239
-15.8158
-15.8174
-15.8218
-15.8276
-15.8345
-15.847
-15.8656
-15.8887
-15.9151
-15.9441
-15.9748
-16.0058
-16.0354
-16.0615
-16.082
-16.0966
-16.1085
-16.0994
-16.0314
-16.0025
-16.011
-16.0262
-16.0508
-16.0854
-16.1199
-16.1312
-16.1486
-16.2054
-16.3129
-16.493
-17.2735
-17.7192
-17.7028
-17.2905
-16.405
-15.1013
-14.3925
-14.4593
-15.6794
-15.7073
-15.7405
-15.9852
-16.7846
-17.5068
-17.4158
-17.0117
-16.8237
-16.8839
-17.0634
-17.1628
-17.1915
-17.1956
-17.1937
-17.1905
-17.1856
-17.151
-17.1065
-17.1121
-17.1729
-17.2754
-17.3897
-17.4976
-17.5767
-17.6132
-17.6012
-17.543
-17.4484
-17.3301
-17.2009
-17.0708
-16.9471
-16.8344
-16.735
-16.6497
-16.5778
-16.5216
-16.4729
-16.4373
-16.4061
-16.3845
-16.3775
-16.3789
-16.3802
-16.3795
-16.3822
-16.3922
-16.4087
-16.43
-16.4549
-16.4828
-16.513
-16.5447
-16.5769
-16.6085
-16.6381
-16.6704
-16.7096
-16.6994
-16.6778
-16.6495
-16.6472
-16.6442
-16.6701
-16.7228
-16.7853
-16.8511
-16.9214
-17.0223
-17.2205
-17.5242
-18.4448
-19.5955
-20.1737
-20.0467
-18.8809
-16.9561
-15.3032
-15.1096
-16.308
-16.3278
-16.3523
-16.9248
-17.8264
-18.3218
-18.1652
-17.7041
-17.4893
-17.4815
-17.5849
-17.6867
-17.7419
-17.773
-17.8012
-17.8204
-17.838
-17.8202
-17.7345
-17.6829
-17.6922
-17.77
-17.8499
-17.9224
-17.9757
-17.9974
-17.9834
-17.9354
-17.8597
-17.7649
-17.66
-17.5526
-17.4484
-17.3515
-17.2643
-17.188
-17.1223
-17.0688
-17.0224
-16.9874
-16.9578
-16.9366
-16.9321
-16.9324
-16.9295
-16.9243
-16.9247
-16.933
-16.948
-16.9679
-16.9919
-17.0194
-17.0502
-17.0842
-17.1212
-17.1618
-17.2053
-17.263
-17.3563
-17.3329
-17.3444
-17.3229
-17.2895
-17.2535
-17.2813
-17.3599
-17.4419
-17.5282
-17.6472
-17.8004
-18.0443
-18.3973
-19.1582
-20.4796
-21.5257
-21.4292
-20.2412
-18.3883
-16.2972
-15.7808
-16.9324
-16.9422
-17.18
-17.9377
-18.5618
-18.7234
-18.5463
-18.2912
-18.0632
-18.0189
-18.1018
-18.1987
-18.2446
-18.2883
-18.3365
-18.387
-18.4336
-18.455
-18.3951
-18.3253
-18.3039
-18.3386
-18.3772
-18.4048
-18.4279
-18.43
-18.4077
-18.3615
-18.2954
-18.2151
-18.1267
-18.0356
-17.9464
-17.8622
-17.7853
-17.7169
-17.657
-17.6067
-17.5633
-17.5277
-17.4991
-17.4813
-17.4757
-17.4729
-17.4668
-17.461
-17.4614
-17.469
-17.4829
-17.5019
-17.5252
-17.5529
-17.5849
-17.6217
-17.6645
-17.7158
-17.7768
-17.8614
-18.0238
-18.0633
-18.0774
-18.0647
-18.0031
-17.9545
-17.9715
-18.0752
-18.1837
-18.297
-18.4178
-18.5667
-18.7522
-19.0356
-19.5253
-20.3928
-21.0999
-20.9284
-19.9917
-18.7661
-17.0474
-16.4486
-17.5681
-17.6649
-18.05
-18.6331
-19.0761
-19.2017
-19.0466
-18.8349
-18.6616
-18.609
-18.6644
-18.7331
-18.7712
-18.8179
-18.8765
-18.9461
-19.0044
-19.0473
-19.0618
-19.0377
-19.0196
-18.9884
-18.9595
-18.9308
-18.9169
-18.8949
-18.8597
-18.8101
-18.7478
-18.6761
-18.5987
-18.5196
-18.4418
-18.3678
-18.2996
-18.2381
-18.1837
-18.1368
-18.0967
-18.062
-18.0349
-18.0202
-18.0114
-18.0052
-17.9975
-17.9926
-17.9933
-18.0005
-18.0135
-18.0316
-18.0544
-18.0821
-18.1151
-18.1545
-18.2024
-18.2639
-18.3434
-18.4613
-18.679
-18.8515
-18.8771
-18.8764
-18.792
-18.7006
-18.6839
-18.7872
-18.9204
-19.0586
-19.2065
-19.3055
-19.3637
-19.4736
-19.6802
-20.0356
-20.2764
-20.0323
-19.3873
-18.6023
-17.5399
-17.0491
-18.3585
-18.5381
-18.8818
-19.2901
-19.6327
-19.7876
-19.7517
-19.6084
-19.4228
-19.295
-19.2767
-19.3
-19.326
-19.3677
-19.4324
-19.5174
-19.5879
-19.6541
-19.7498
-19.8125
-19.7927
-19.6958
-19.5734
-19.4817
-19.4258
-19.3777
-19.3279
-19.2725
-19.2109
-19.1442
-19.0744
-19.004
-18.935
-18.8694
-18.8084
-18.753
-18.7038
-18.6605
-18.624
-18.5925
-18.5692
-18.5546
-18.5435
-18.5351
-18.5259
-18.5209
-18.5215
-18.5279
-18.5399
-18.557
-18.5789
-18.6061
-18.6392
-18.6798
-18.7304
-18.7979
-18.8895
-19.0297
-19.2859
-19.5511
-19.6202
-19.5961
-19.4737
-19.3478
-19.2948
-19.3647
-19.4871
-19.6033
-19.7386
-19.8472
-19.8325
-19.8026
-19.8223
-19.8728
-19.8046
-19.4968
-18.9785
-18.3262
-17.7785
-17.4688
-19.17
-19.3399
-19.6487
-20.0271
-20.3273
-20.4744
-20.4974
-20.4068
-20.2146
-20.0037
-19.9044
-19.8785
-19.8859
-19.9202
-19.9924
-20.0935
-20.1872
-20.3195
-20.508
-20.6069
-20.5519
-20.3728
-20.1757
-20.0286
-19.9359
-19.8654
-19.8028
-19.7418
-19.6798
-19.6164
-19.5523
-19.4886
-19.4267
-19.3679
-19.3131
-19.263
-19.2185
-19.1788
-19.1463
-19.1193
-19.1007
-19.0854
-19.0744
-19.0629
-19.0514
-19.0458
-19.0458
-19.0513
-19.0621
-19.0778
-19.0985
-19.1243
-19.1562
-19.1959
-19.2456
-19.3121
-19.4026
-19.538
-19.7785
-20.0544
-20.1594
-20.1129
-19.9927
-19.8549
-19.7767
-19.7835
-19.8802
-19.9563
-20.0706
-20.1447
-20.1616
-20.1137
-20.0813
-20.0056
-19.7679
-19.3338
-18.8512
-18.4003
-18.0315
-17.874
-19.9484
-20.0989
-20.3615
-20.6527
-20.8934
-21.0472
-21.114
-21.0743
-20.9081
-20.6528
-20.4906
-20.4338
-20.4242
-20.4523
-20.5303
-20.6488
-20.7867
-21.0082
-21.2522
-21.3239
-21.206
-20.9522
-20.7199
-20.5456
-20.4314
-20.3475
-20.2768
-20.2126
-20.151
-20.0906
-20.0311
-19.973
-19.9171
-19.8641
-19.8147
-19.7692
-19.7289
-19.6925
-19.663
-19.6388
-19.6251
-19.6112
-19.6017
-19.5857
-19.5727
-19.5666
-19.566
-19.5707
-19.5802
-19.5943
-19.6132
-19.6369
-19.6662
-19.7025
-19.7474
-19.8058
-19.8828
-19.9883
-20.1643
-20.3798
-20.4953
-20.4769
-20.3817
-20.2593
-20.1759
-20.1513
-20.2264
-20.3062
-20.4548
-20.5202
-20.5483
-20.5241
-20.4942
-20.3677
-20.0333
-19.5233
-19.0465
-18.8129
-18.6189
-18.5035
-20.6645
-20.8281
-21.0363
-21.2363
-21.3989
-21.5282
-21.6063
-21.6002
-21.4655
-21.2082
-21.0056
-20.9394
-20.9208
-20.9446
-21.0225
-21.1421
-21.3216
-21.5632
-21.7677
-21.8233
-21.6662
-21.4061
-21.1886
-21.0203
-20.904
-20.8176
-20.7455
-20.6816
-20.622
-20.5651
-20.5101
-20.4571
-20.4064
-20.3585
-20.314
-20.2726
-20.2358
-20.2022
-20.173
-20.1506
-20.1415
-20.1314
-20.1209
-20.1022
-20.0898
-20.0835
-20.0825
-20.0863
-20.0945
-20.1069
-20.1235
-20.1446
-20.1703
-20.2017
-20.2394
-20.2861
-20.3444
-20.4158
-20.5224
-20.657
-20.7457
-20.7673
-20.7151
-20.6344
-20.5752
-20.5722
-20.6229
-20.7725
-20.9335
-20.9937
-21.0089
-21.0475
-21.009
-20.8303
-20.426
-19.9046
-19.4831
-19.4295
-19.3744
-19.267
-21.2749
-21.4656
-21.6593
-21.8056
-21.9035
-21.9885
-22.0376
-22.0359
-21.9113
-21.6684
-21.4532
-21.3923
-21.3701
-21.3887
-21.4567
-21.5688
-21.7351
-21.9142
-22.0388
-22.0777
-21.9511
-21.761
-21.5952
-21.457
-21.3548
-21.2751
-21.2073
-21.1472
-21.0916
-21.039
-20.9887
-20.9406
-20.8949
-20.8516
-20.8114
-20.7741
-20.7403
-20.7088
-20.6793
-20.6619
-20.6541
-20.645
-20.6316
-20.6142
-20.6031
-20.5969
-20.5958
-20.5987
-20.6056
-20.6162
-20.6305
-20.6486
-20.6704
-20.6964
-20.7268
-20.7624
-20.8042
-20.851
-20.9113
-20.9874
-21.0508
-21.0779
-21.0632
-21.0318
-21.0149
-21.0478
-21.0918
-21.275
-21.3724
-21.3898
-21.3949
-21.4263
-21.4105
-21.2061
-20.8002
-20.4301
-20.2307
-20.2167
-20.1471
-20.0622
-21.786
-21.9518
-22.1602
-22.3079
-22.4063
-22.4537
-22.4568
-22.4035
-22.2591
-22.0384
-21.8556
-21.7897
-21.7792
-21.797
-21.8558
-21.9541
-22.0742
-22.1753
-22.2417
-22.251
-22.1816
-22.0768
-21.9718
-21.872
-21.7912
-21.7234
-21.6638
-21.6098
-21.5595
-21.512
-21.4667
-21.4235
-21.3824
-21.3435
-21.3074
-21.2739
-21.2433
-21.215
-21.1857
-21.1772
-21.1668
-21.1538
-21.1386
-21.1234
-21.1136
-21.1079
-21.1064
-21.1086
-21.1142
-21.1231
-21.1352
-21.1503
-21.1684
-21.1896
-21.2138
-21.2408
-21.271
-21.3027
-21.338
-21.3794
-21.4177
-21.4451
-21.4554
-21.4622
-21.4806
-21.5302
-21.6186
-21.7589
-21.8459
-21.8325
-21.7313
-21.6644
-21.6405
-21.53
-21.3111
-21.1181
-21.0908
-21.034
-20.9043
-20.8202
-22.2224
-22.3039
-22.4769
-22.6338
-22.732
-22.7781
-22.7655
-22.6628
-22.5078
-22.3393
-22.2163
-22.1716
-22.1727
-22.1923
-22.2443
-22.3326
-22.4324
-22.4983
-22.5186
-22.5079
-22.4764
-22.4214
-22.3545
-22.2843
-22.2226
-22.1675
-22.1172
-22.0704
-22.0263
-21.9843
-21.9441
-21.9056
-21.869
-21.8343
-21.8021
-21.7723
-21.745
-21.7222
-21.6968
-21.6896
-21.6767
-21.6603
-21.6446
-21.6311
-21.6222
-21.6168
-21.615
-21.6164
-21.6208
-21.6282
-21.6382
-21.6508
-21.6658
-21.6831
-21.7024
-21.7235
-21.7462
-21.7693
-21.7929
-21.8184
-21.8453
-21.8689
-21.8913
-21.9185
-21.9548
-22.0088
-22.0973
-22.2069
-22.3278
-22.3443
-22.2583
-22.1654
-22.0899
-22.0732
-22.021
-21.9345
-21.8505
-21.7377
-21.5863
-21.5126
-22.6262
-22.6361
-22.7169
-22.8066
-22.8894
-22.9636
-22.9733
-22.8811
-22.7496
-22.651
-22.5898
-22.5708
-22.578
-22.5953
-22.6361
-22.7109
-22.813
-22.8964
-22.9109
-22.8875
-22.8496
-22.807
-22.7556
-22.703
-22.6552
-22.6114
-22.5701
-22.5306
-22.4928
-22.4563
-22.421
-22.3872
-22.3548
-22.3241
-22.2954
-22.2692
-22.2445
-22.2256
-22.2071
-22.197
-22.1811
-22.1639
-22.1492
-22.1374
-22.1291
-22.1239
-22.1218
-22.1226
-22.126
-22.132
-22.1403
-22.1508
-22.1632
-22.1775
-22.1933
-22.2105
-22.2286
-22.2472
-22.2659
-22.2859
-22.3076
-22.3303
-22.3565
-22.3898
-22.4308
-22.481
-22.5505
-22.6356
-22.7151
-22.7523
-22.7652
-22.7496
-22.7085
-22.6916
-22.6851
-22.607
-22.4582
-22.3104
-22.1974
-22.1346
-23.0436
-23.0368
-23.0704
-23.1286
-23.205
-23.2779
-23.2867
-23.2106
-23.1134
-23.0535
-23.0171
-23.0059
-23.009
-23.0192
-23.0439
-23.093
-23.172
-23.2562
-23.297
-23.2899
-23.2509
-23.2106
-23.1685
-23.1281
-23.0916
-23.0574
-23.0242
-22.9916
-22.9597
-22.9285
-22.898
-22.8684
-22.8401
-22.813
-22.7875
-22.7642
-22.7421
-22.7237
-22.7102
-22.6973
-22.6811
-22.6654
-22.6524
-22.6421
-22.6345
-22.6295
-22.6272
-22.6275
-22.6301
-22.635
-22.6419
-22.6507
-22.6612
-22.6732
-22.6865
-22.7009
-22.7163
-22.7324
-22.7492
-22.767
-22.7868
-22.8089
-22.8352
-22.868
-22.9074
-22.952
-23.0056
-23.0677
-23.1285
-23.1689
-23.1986
-23.2155
-23.2194
-23.2285
-23.2034
-23.1252
-23.0034
-22.8846
-22.7896
-22.7286
-23.4921
-23.4939
-23.5233
-23.5617
-23.6312
-23.6978
-23.7042
-23.6405
-23.5707
-23.5166
-23.4839
-23.4684
-23.4635
-23.4658
-23.4769
-23.5018
-23.5454
-23.5978
-23.6325
-23.6368
-23.6282
-23.6098
-23.5847
-23.5581
-23.5324
-23.5068
-23.4807
-23.4543
-23.4278
-23.4014
-23.3753
-23.3497
-23.325
-23.3013
-23.2787
-23.258
-23.2385
-23.2201
-23.2078
-23.1944
-23.1797
-23.166
-23.1547
-23.1455
-23.1385
-23.1338
-23.1315
-23.1314
-23.1334
-23.1374
-23.1431
-23.1506
-23.1596
-23.1699
-23.1814
-23.194
-23.2076
-23.222
-23.2374
-23.2541
-23.2728
-23.2941
-23.3192
-23.3494
-23.3849
-23.4243
-23.4674
-23.5145
-23.5607
-23.6
-23.6354
-23.6702
-23.7022
-23.7273
-23.7208
-23.6655
-23.572
-23.4716
-23.3856
-23.3168
-23.9611
-23.9663
-23.9869
-24.0152
-24.0685
-24.1278
-24.1423
-24.1053
-24.0502
-23.9983
-23.9639
-23.9433
-23.9323
-23.9287
-23.9319
-23.9431
-23.9639
-23.9895
-24.0088
-24.0184
-24.0212
-24.0184
-24.009
-23.9952
-23.9789
-23.9605
-23.9405
-23.9194
-23.8976
-23.8755
-23.8533
-23.8313
-23.8099
-23.7892
-23.7694
-23.7511
-23.7341
-23.7174
-23.7048
-23.6919
-23.6785
-23.6664
-23.6562
-23.6478
-23.6414
-23.637
-23.6347
-23.6343
-23.6359
-23.6392
-23.6441
-23.6506
-23.6584
-23.6674
-23.6776
-23.6888
-23.7011
-23.7143
-23.7287
-23.7445
-23.7622
-23.7824
-23.8057
-23.8328
-23.8639
-23.898
-23.9343
-23.9717
-24.007
-24.0398
-24.0696
-24.1039
-24.1451
-24.1822
-24.1921
-24.1629
-24.0943
-24.0115
-23.9339
-23.8617
-24.4429
-24.4501
-24.4641
-24.4847
-24.522
-24.5636
-24.5788
-24.5569
-24.5107
-24.4723
-24.4428
-24.4219
-24.4083
-24.4012
-24.3997
-24.404
-24.414
-24.4271
-24.4388
-24.4474
-24.4527
-24.4534
-24.4501
-24.443
-24.4326
-24.4194
-24.4041
-24.3874
-24.3696
-24.3511
-24.3323
-24.3135
-24.295
-24.277
-24.2597
-24.2436
-24.2287
-24.214
-24.2017
-24.1896
-24.1773
-24.1664
-24.157
-24.1493
-24.1434
-24.1393
-24.137
-24.1365
-24.1377
-24.1405
-24.1448
-24.1505
-24.1574
-24.1655
-24.1746
-24.1848
-24.1961
-24.2083
-24.2218
-24.2367
-24.2534
-24.2722
-24.2934
-24.3174
-24.3443
-24.3735
-24.4039
-24.4342
-24.462
-24.487
-24.5087
-24.531
-24.5578
-24.584
-24.5958
-24.5815
-24.5369
-24.4733
-24.4054
-24.3567
-24.93
-24.9372
-24.945
-24.9578
-24.9814
-25.0049
-25.0125
-24.9977
-24.971
-24.9436
-24.9202
-24.9016
-24.888
-24.8792
-24.8749
-24.8752
-24.8794
-24.8862
-24.8935
-24.9003
-24.9054
-24.9076
-24.9059
-24.9011
-24.8936
-24.8837
-24.8718
-24.8584
-24.8438
-24.8284
-24.8124
-24.7963
-24.7803
-24.7647
-24.7495
-24.7354
-24.7222
-24.7093
-24.6978
-24.6869
-24.6759
-24.6659
-24.6571
-24.65
-24.6445
-24.6408
-24.6386
-24.638
-24.639
-24.6415
-24.6452
-24.6503
-24.6565
-24.6638
-24.6721
-24.6814
-24.6918
-24.7033
-24.7159
-24.7298
-24.7453
-24.7626
-24.7818
-24.803
-24.8261
-24.8508
-24.8761
-24.9009
-24.9235
-24.9425
-24.9578
-24.9709
-24.9818
-24.9886
-24.9857
-24.9695
-24.943
-24.9051
-24.865
-24.8463
-25.4169
-25.4229
-25.4264
-25.4337
-25.4468
-25.4589
-25.462
-25.4531
-25.4345
-25.4159
-25.3977
-25.3819
-25.3693
-25.3602
-25.3546
-25.3525
-25.3534
-25.3565
-25.3606
-25.3649
-25.3684
-25.3703
-25.3695
-25.3663
-25.3606
-25.3529
-25.3434
-25.3324
-25.3203
-25.3073
-25.2938
-25.2799
-25.2661
-25.2524
-25.2392
-25.2266
-25.2149
-25.2034
-25.1932
-25.1839
-25.1743
-25.1651
-25.1568
-25.1501
-25.1451
-25.1416
-25.1396
-25.139
-25.1398
-25.142
-25.1453
-25.1498
-25.1554
-25.1621
-25.1697
-25.1783
-25.188
-25.1987
-25.2104
-25.2234
-25.2376
-25.2533
-25.2705
-25.2892
-25.3092
-25.33
-25.3511
-25.3715
-25.3899
-25.4055
-25.4174
-25.4256
-25.4293
-25.4272
-25.4171
-25.402
-25.3861
-25.3687
-25.351
-25.3443
-25.902
-25.9061
-25.9075
-25.9115
-25.9181
-25.9234
-25.9236
-25.9166
-25.9045
-25.8904
-25.876
-25.8629
-25.8517
-25.843
-25.8369
-25.8334
-25.8324
-25.8331
-25.835
-25.8373
-25.8393
-25.8401
-25.8392
-25.8367
-25.8322
-25.826
-25.8181
-25.809
-25.7988
-25.7878
-25.7763
-25.7643
-25.7523
-25.7403
-25.7287
-25.7176
-25.707
-25.6969
-25.6882
-25.6805
-25.6724
-25.664
-25.6562
-25.6498
-25.6451
-25.6418
-25.64
-25.6394
-25.6401
-25.642
-25.645
-25.6491
-25.6542
-25.6603
-25.6673
-25.6753
-25.6842
-25.6941
-25.705
-25.717
-25.73
-25.7443
-25.7596
-25.776
-25.7933
-25.811
-25.8286
-25.8455
-25.8606
-25.8737
-25.8835
-25.8897
-25.8917
-25.8886
-25.8798
-25.8708
-25.8609
-25.8526
-25.8452
-25.8403
-26.3855
-26.3878
-26.3883
-26.3901
-26.3929
-26.3945
-26.3928
-26.387
-26.3779
-26.367
-26.3555
-26.3446
-26.3348
-26.3268
-26.3207
-26.3165
-26.3143
-26.3135
-26.3137
-26.3145
-26.3151
-26.3151
-26.3141
-26.3115
-26.3076
-26.3023
-26.2957
-26.2879
-26.2793
-26.2699
-26.2599
-26.2496
-26.2391
-26.2286
-26.2183
-26.2084
-26.1989
-26.19
-26.1824
-26.1763
-26.1699
-26.1625
-26.1553
-26.1491
-26.1446
-26.1415
-26.1398
-26.1392
-26.1398
-26.1415
-26.1442
-26.1479
-26.1526
-26.1582
-26.1646
-26.172
-26.1803
-26.1895
-26.1995
-26.2105
-26.2224
-26.2352
-26.2489
-26.2633
-26.2783
-26.2935
-26.3083
-26.3224
-26.3349
-26.3461
-26.3543
-26.3596
-26.3616
-26.3602
-26.3564
-26.3495
-26.3431
-26.3383
-26.3352
-26.3318
-26.8679
-26.8689
-26.8689
-26.8694
-26.87
-26.8695
-26.8669
-26.8617
-26.8543
-26.8455
-26.8362
-26.827
-26.8185
-26.8112
-26.8053
-26.8009
-26.798
-26.7962
-26.7953
-26.7948
-26.7944
-26.7936
-26.7921
-26.7896
-26.786
-26.7813
-26.7755
-26.7688
-26.7614
-26.7532
-26.7446
-26.7356
-26.7264
-26.7171
-26.708
-26.6991
-26.6905
-26.6825
-26.6759
-26.6708
-26.6659
-26.66
-26.6536
-26.6479
-26.6435
-26.6406
-26.639
-26.6384
-26.6389
-26.6404
-26.6429
-26.6463
-26.6506
-26.6557
-26.6617
-26.6685
-26.6761
-26.6845
-26.6938
-26.7038
-26.7146
-26.7262
-26.7384
-26.7511
-26.7641
-26.7772
-26.7899
-26.8018
-26.8125
-26.8217
-26.8288
-26.8336
-26.8358
-26.8357
-26.8336
-26.8297
-26.8259
-26.8231
-26.8221
-26.8204
-27.3498
-27.3499
-27.3497
-27.3493
-27.3488
-27.3472
-27.3441
-27.3393
-27.333
-27.3257
-27.3179
-27.31
-27.3027
-27.2961
-27.2906
-27.2862
-27.2828
-27.2804
-27.2787
-27.2773
-27.2761
-27.2747
-27.2728
-27.2702
-27.2668
-27.2625
-27.2573
-27.2514
-27.2449
-27.2378
-27.2302
-27.2223
-27.2142
-27.206
-27.1978
-27.1897
-27.1819
-27.1745
-27.1685
-27.1641
-27.1603
-27.1558
-27.1506
-27.1456
-27.1417
-27.139
-27.1375
-27.137
-27.1374
-27.1388
-27.141
-27.1441
-27.1481
-27.1528
-27.1583
-27.1646
-27.1716
-27.1794
-27.1878
-27.197
-27.2067
-27.2171
-27.228
-27.2392
-27.2506
-27.2619
-27.2728
-27.2831
-27.2923
-27.3001
-27.3064
-27.3108
-27.3133
-27.3139
-27.3129
-27.3109
-27.3088
-27.3076
-27.3075
-27.3069
-27.8314
-27.8313
-27.8308
-27.83
-27.8287
-27.8265
-27.8233
-27.8189
-27.8134
-27.8072
-27.8005
-27.7938
-27.7874
-27.7815
-27.7763
-27.772
-27.7684
-27.7656
-27.7633
-27.7614
-27.7596
-27.7577
-27.7555
-27.7527
-27.7494
-27.7454
-27.7408
-27.7355
-27.7297
-27.7234
-27.7167
-27.7097
-27.7025
-27.6952
-27.6878
-27.6804
-27.6732
-27.6665
-27.6609
-27.6567
-27.6536
-27.6502
-27.6462
-27.6422
-27.6389
-27.6367
-27.6353
-27.6349
-27.6353
-27.6366
-27.6386
-27.6415
-27.6451
-27.6495
-27.6545
-27.6603
-27.6668
-27.6739
-27.6816
-27.6899
-27.6987
-27.708
-27.7177
-27.7276
-27.7376
-27.7475
-27.757
-27.7659
-27.7739
-27.7808
-27.7864
-27.7905
-27.7931
-27.7943
-27.7943
-27.7935
-27.7925
-27.7921
-27.7924
-27.7922
-28.3132
-28.313
-28.3123
-28.3112
-28.3096
-28.3072
-28.304
-28.3
-28.2951
-28.2897
-28.284
-28.2781
-28.2725
-28.2672
-28.2624
-28.2582
-28.2546
-28.2515
-28.2489
-28.2465
-28.2443
-28.2421
-28.2396
-28.2368
-28.2336
-28.2298
-28.2255
-28.2207
-28.2155
-28.2099
-28.2039
-28.1976
-28.1912
-28.1846
-28.178
-28.1713
-28.1648
-28.1586
-28.1534
-28.1494
-28.1464
-28.1438
-28.1408
-28.1378
-28.1353
-28.1335
-28.1324
-28.1321
-28.1326
-28.1338
-28.1357
-28.1384
-28.1417
-28.1457
-28.1504
-28.1557
-28.1616
-28.168
-28.1751
-28.1826
-28.1905
-28.1989
-28.2075
-28.2163
-28.2251
-28.2338
-28.2422
-28.25
-28.257
-28.2631
-28.2682
-28.2721
-28.2748
-28.2764
-28.2771
-28.2771
-28.2769
-28.2769
-28.2772
-28.2773
-28.7954
-28.7951
-28.7943
-28.7931
-28.7913
-28.789
-28.7859
-28.7822
-28.7779
-28.7731
-28.7681
-28.763
-28.7579
-28.7531
-28.7487
-28.7447
-28.7411
-28.7379
-28.7351
-28.7325
-28.7301
-28.7276
-28.7249
-28.7221
-28.7189
-28.7153
-28.7113
-28.7069
-28.7022
-28.6971
-28.6917
-28.6861
-28.6803
-28.6744
-28.6684
-28.6624
-28.6565
-28.651
-28.6462
-28.6424
-28.6395
-28.6373
-28.635
-28.6328
-28.631
-28.6297
-28.6289
-28.6287
-28.6292
-28.6304
-28.6322
-28.6347
-28.6378
-28.6415
-28.6458
-28.6507
-28.6561
-28.6619
-28.6683
-28.6751
-28.6823
-28.6897
-28.6975
-28.7053
-28.7131
-28.7208
-28.7281
-28.735
-28.7413
-28.7467
-28.7514
-28.755
-28.7578
-28.7596
-28.7607
-28.7613
-28.7616
-28.7619
-28.7623
-28.7625
-29.2779
-29.2776
-29.2768
-29.2756
-29.2738
-29.2715
-29.2686
-29.2653
-29.2614
-29.2572
-29.2528
-29.2483
-29.2437
-29.2394
-29.2353
-29.2314
-29.2279
-29.2248
-29.2219
-29.2191
-29.2165
-29.2139
-29.2112
-29.2083
-29.2052
-29.2018
-29.198
-29.1939
-29.1896
-29.1849
-29.1801
-29.175
-29.1698
-29.1645
-29.1592
-29.1538
-29.1486
-29.1437
-29.1394
-29.1359
-29.1332
-29.1311
-29.1292
-29.1276
-29.1262
-29.1253
-29.1248
-29.1248
-29.1253
-29.1265
-29.1282
-29.1306
-29.1335
-29.1369
-29.1408
-29.1453
-29.1502
-29.1556
-29.1613
-29.1675
-29.1739
-29.1806
-29.1875
-29.1945
-29.2014
-29.2082
-29.2147
-29.2208
-29.2264
-29.2313
-29.2356
-29.239
-29.2417
-29.2436
-29.2451
-29.2461
-29.2467
-29.2472
-29.2476
-29.2478
-29.761
-29.7606
-29.7598
-29.7586
-29.7569
-29.7547
-29.7521
-29.7491
-29.7456
-29.7419
-29.738
-29.7339
-29.7299
-29.7259
-29.722
-29.7184
-29.7151
-29.7119
-29.709
-29.7062
-29.7035
-29.7009
-29.6981
-29.6953
-29.6922
-29.6889
-29.6854
-29.6816
-29.6776
-29.6734
-29.669
-29.6644
-29.6597
-29.655
-29.6502
-29.6455
-29.6408
-29.6365
-29.6328
-29.6296
-29.6272
-29.6252
-29.6236
-29.6222
-29.6212
-29.6205
-29.6202
-29.6204
-29.621
-29.6221
-29.6238
-29.626
-29.6287
-29.6318
-29.6355
-29.6395
-29.644
-29.6489
-29.6541
-29.6597
-29.6655
-29.6715
-29.6777
-29.6839
-29.6901
-29.6961
-29.7019
-29.7073
-29.7123
-29.7167
-29.7206
-29.7239
-29.7266
-29.7288
-29.7302
-29.7313
-29.7321
-29.7327
-29.7332
-29.7334
-30.2444
-30.2441
-30.2433
-30.2422
-30.2406
-30.2386
-30.2362
-30.2335
-30.2304
-30.227
-30.2235
-30.2199
-30.2162
-30.2126
-30.209
-30.2056
-30.2024
-30.1994
-30.1965
-30.1937
-30.191
-30.1883
-30.1856
-30.1828
-30.1798
-30.1767
-30.1734
-30.1698
-30.1662
-30.1623
-30.1583
-30.1542
-30.15
-30.1458
-30.1415
-30.1373
-30.1333
-30.1295
-30.1262
-30.1234
-30.1212
-30.1194
-30.1179
-30.1167
-30.1159
-30.1154
-30.1153
-30.1156
-30.1162
-30.1174
-30.1189
-30.121
-30.1235
-30.1264
-30.1298
-30.1335
-30.1376
-30.142
-30.1468
-30.1518
-30.157
-30.1624
-30.168
-30.1735
-30.179
-30.1843
-30.1895
-30.1943
-30.1988
-30.2028
-30.2064
-30.2094
-30.212
-30.2142
-30.2158
-30.217
-30.2179
-30.2185
-30.219
-30.2192
-30.7284
-30.728
-30.7273
-30.7263
-30.7248
-30.723
-30.7208
-30.7183
-30.7156
-30.7126
-30.7094
-30.7062
-30.7028
-30.6995
-30.6962
-30.693
-30.69
-30.6871
-30.6843
-30.6815
-30.6789
-30.6762
-30.6735
-30.6708
-30.6679
-30.6649
-30.6618
-30.6585
-30.6551
-30.6517
-30.6481
-30.6444
-30.6406
-30.6368
-30.633
-30.6293
-30.6258
-30.6225
-30.6195
-30.6171
-30.615
-30.6134
-30.6121
-30.6111
-30.6104
-30.6101
-30.6101
-30.6104
-30.6111
-30.6122
-30.6138
-30.6157
-30.618
-30.6207
-30.6237
-30.6271
-30.6309
-30.6349
-30.6392
-30.6437
-30.6485
-30.6533
-30.6583
-30.6632
-30.6681
-30.6729
-30.6775
-30.6818
-30.6858
-30.6895
-30.6928
-30.6957
-30.6981
-30.7001
-30.7017
-30.703
-30.7039
-30.7046
-30.7051
-30.7053
-31.2128
-31.2125
-31.2118
-31.2108
-31.2095
-31.2079
-31.2059
-31.2037
-31.2012
-31.1985
-31.1957
-31.1927
-31.1897
-31.1866
-31.1836
-31.1806
-31.1777
-31.175
-31.1723
-31.1696
-31.167
-31.1644
-31.1618
-31.1591
-31.1564
-31.1536
-31.1506
-31.1476
-31.1445
-31.1413
-31.1381
-31.1347
-31.1314
-31.128
-31.1247
-31.1214
-31.1182
-31.1153
-31.1128
-31.1105
-31.1087
-31.1072
-31.1061
-31.1052
-31.1047
-31.1045
-31.1046
-31.105
-31.1057
-31.1068
-31.1082
-31.11
-31.1122
-31.1146
-31.1174
-31.1205
-31.1239
-31.1276
-31.1315
-31.1356
-31.1398
-31.1442
-31.1486
-31.1531
-31.1574
-31.1617
-31.1658
-31.1697
-31.1733
-31.1767
-31.1796
-31.1823
-31.1846
-31.1865
-31.188
-31.1893
-31.1902
-31.1909
-31.1914
-31.1916
-31.6977
-31.6974
-31.6968
-31.6959
-31.6947
-31.6932
-31.6914
-31.6894
-31.6872
-31.6848
-31.6822
-31.6795
-31.6767
-31.6739
-31.6711
-31.6684
-31.6657
-31.663
-31.6605
-31.6579
-31.6554
-31.6529
-31.6504
-31.6478
-31.6452
-31.6426
-31.6398
-31.637
-31.6342
-31.6313
-31.6283
-31.6253
-31.6223
-31.6193
-31.6163
-31.6134
-31.6107
-31.6081
-31.6059
-31.6039
-31.6022
-31.6009
-31.5999
-31.5992
-31.5988
-31.5987
-31.5988
-31.5993
-31.6
-31.6011
-31.6024
-31.6041
-31.6061
-31.6083
-31.6109
-31.6137
-31.6168
-31.6201
-31.6236
-31.6273
-31.6311
-31.6351
-31.639
-31.643
-31.6469
-31.6507
-31.6544
-31.6579
-31.6611
-31.6641
-31.6668
-31.6693
-31.6714
-31.6731
-31.6746
-31.6758
-31.6767
-31.6774
-31.6779
-31.6781
-32.183
-32.1827
-32.1822
-32.1814
-32.1803
-32.1789
-32.1773
-32.1755
-32.1735
-32.1713
-32.169
-32.1666
-32.164
-32.1615
-32.1589
-32.1563
-32.1538
-32.1513
-32.1488
-32.1464
-32.144
-32.1416
-32.1391
-32.1367
-32.1343
-32.1318
-32.1293
-32.1267
-32.1241
-32.1215
-32.1188
-32.1161
-32.1134
-32.1107
-32.1081
-32.1055
-32.1031
-32.1009
-32.0989
-32.0972
-32.0957
-32.0945
-32.0936
-32.093
-32.0927
-32.0927
-32.0929
-32.0934
-32.0941
-32.0951
-32.0964
-32.0979
-32.0997
-32.1018
-32.1041
-32.1066
-32.1094
-32.1124
-32.1156
-32.1189
-32.1224
-32.1259
-32.1294
-32.133
-32.1365
-32.1399
-32.1431
-32.1462
-32.1491
-32.1518
-32.1543
-32.1565
-32.1584
-32.1601
-32.1615
-32.1627
-32.1635
-32.1642
-32.1646
-32.1648
-32.6686
-32.6684
-32.6679
-32.6672
-32.6662
-32.665
-32.6636
-32.6619
-32.6601
-32.6581
-32.656
-32.6538
-32.6515
-32.6492
-32.6468
-32.6444
-32.642
-32.6397
-32.6374
-32.6351
-32.6327
-32.6304
-32.6281
-32.6258
-32.6235
-32.6213
-32.6189
-32.6166
-32.6142
-32.6118
-32.6094
-32.607
-32.6046
-32.6022
-32.5999
-32.5977
-32.5956
-32.5936
-32.5919
-32.5903
-32.5891
-32.588
-32.5873
-32.5867
-32.5865
-32.5865
-32.5868
-32.5873
-32.588
-32.5889
-32.5901
-32.5915
-32.5931
-32.595
-32.5971
-32.5994
-32.6019
-32.6046
-32.6075
-32.6104
-32.6135
-32.6167
-32.6198
-32.623
-32.6261
-32.6291
-32.632
-32.6348
-32.6374
-32.6398
-32.642
-32.644
-32.6458
-32.6473
-32.6487
-32.6497
-32.6506
-32.6512
-32.6516
-32.6518
-33.1546
-33.1544
-33.154
-33.1533
-33.1524
-33.1513
-33.1501
-33.1486
-33.147
-33.1452
-33.1433
-33.1413
-33.1392
-33.137
-33.1348
-33.1326
-33.1304
-33.1282
-33.126
-33.1238
-33.1216
-33.1194
-33.1173
-33.1151
-33.113
-33.1109
-33.1088
-33.1066
-33.1045
-33.1023
-33.1002
-33.098
-33.0959
-33.0938
-33.0917
-33.0898
-33.088
-33.0863
-33.0848
-33.0834
-33.0823
-33.0814
-33.0808
-33.0803
-33.0801
-33.0802
-33.0804
-33.0809
-33.0816
-33.0825
-33.0836
-33.0848
-33.0863
-33.088
-33.0899
-33.092
-33.0942
-33.0966
-33.0992
-33.1019
-33.1046
-33.1074
-33.1102
-33.113
-33.1157
-33.1184
-33.121
-33.1235
-33.1258
-33.128
-33.13
-33.1318
-33.1334
-33.1348
-33.136
-33.137
-33.1378
-33.1384
-33.1388
-33.139
-33.6409
-33.6408
-33.6404
-33.6397
-33.6389
-33.638
-33.6368
-33.6355
-33.6341
-33.6325
-33.6307
-33.6289
-33.627
-33.625
-33.6229
-33.6209
-33.6188
-33.6168
-33.6147
-33.6127
-33.6106
-33.6086
-33.6066
-33.6046
-33.6026
-33.6007
-33.5988
-33.5969
-33.5949
-33.593
-33.591
-33.5891
-33.5872
-33.5854
-33.5836
-33.5819
-33.5803
-33.5789
-33.5776
-33.5764
-33.5754
-33.5747
-33.5741
-33.5737
-33.5736
-33.5736
-33.5739
-33.5743
-33.575
-33.5758
-33.5768
-33.5779
-33.5793
-33.5808
-33.5825
-33.5844
-33.5864
-33.5885
-33.5908
-33.5932
-33.5956
-33.5981
-33.6005
-33.603
-33.6055
-33.6078
-33.6102
-33.6124
-33.6144
-33.6164
-33.6182
-33.6198
-33.6213
-33.6226
-33.6237
-33.6246
-33.6253
-33.6258
-33.6262
-33.6263
-34.1275
-34.1273
-34.127
-34.1264
-34.1257
-34.1249
-34.1239
-34.1227
-34.1214
-34.1199
-34.1183
-34.1167
-34.1149
-34.1131
-34.1112
-34.1093
-34.1074
-34.1055
-34.1036
-34.1017
-34.0998
-34.0979
-34.096
-34.0942
-34.0924
-34.0907
-34.0889
-34.0872
-34.0855
-34.0838
-34.082
-34.0803
-34.0787
-34.0771
-34.0755
-34.074
-34.0726
-34.0714
-34.0702
-34.0692
-34.0684
-34.0678
-34.0673
-34.067
-34.0669
-34.0669
-34.0672
-34.0676
-34.0681
-34.0689
-34.0698
-34.0708
-34.0721
-34.0734
-34.075
-34.0766
-34.0784
-34.0803
-34.0823
-34.0844
-34.0865
-34.0887
-34.0909
-34.0931
-34.0953
-34.0974
-34.0994
-34.1014
-34.1032
-34.105
-34.1066
-34.1081
-34.1094
-34.1105
-34.1115
-34.1123
-34.1129
-34.1134
-34.1137
-34.1139
-34.6143
-34.6141
-34.6138
-34.6133
-34.6127
-34.6119
-34.611
-34.61
-34.6088
-34.6075
-34.6061
-34.6045
-34.6029
-34.6012
-34.5995
-34.5978
-34.596
-34.5942
-34.5925
-34.5907
-34.589
-34.5873
-34.5856
-34.584
-34.5823
-34.5808
-34.5792
-34.5777
-34.5762
-34.5746
-34.5731
-34.5716
-34.5702
-34.5688
-34.5674
-34.5661
-34.5649
-34.5638
-34.5629
-34.562
-34.5613
-34.5607
-34.5603
-34.5601
-34.56
-34.56
-34.5602
-34.5606
-34.5611
-34.5618
-34.5626
-34.5636
-34.5647
-34.5659
-34.5672
-34.5687
-34.5703
-34.572
-34.5738
-34.5756
-34.5775
-34.5794
-34.5813
-34.5832
-34.5851
-34.587
-34.5888
-34.5905
-34.5922
-34.5937
-34.5952
-34.5965
-34.5976
-34.5986
-34.5995
-34.6002
-34.6008
-34.6012
-34.6015
-34.6017
-35.1012
-35.1011
-35.1008
-35.1004
-35.0998
-35.0992
-35.0984
-35.0975
-35.0964
-35.0952
-35.0939
-35.0925
-35.091
-35.0895
-35.0879
-35.0863
-35.0847
-35.0831
-35.0815
-35.0799
-35.0783
-35.0768
-35.0753
-35.0738
-35.0724
-35.071
-35.0696
-35.0682
-35.0669
-35.0655
-35.0642
-35.063
-35.0617
-35.0605
-35.0593
-35.0582
-35.0572
-35.0563
-35.0554
-35.0547
-35.0541
-35.0536
-35.0533
-35.053
-35.053
-35.053
-35.0532
-35.0535
-35.054
-35.0545
-35.0553
-35.0561
-35.0571
-35.0582
-35.0594
-35.0607
-35.0621
-35.0636
-35.0651
-35.0667
-35.0683
-35.07
-35.0717
-35.0734
-35.075
-35.0767
-35.0783
-35.0798
-35.0812
-35.0826
-35.0839
-35.085
-35.086
-35.0869
-35.0877
-35.0883
-35.0888
-35.0892
-35.0894
-35.0896
-35.5884
-35.5883
-35.588
-35.5876
-35.5872
-35.5866
-35.5859
-35.5851
-35.5841
-35.5831
-35.5819
-35.5806
-35.5793
-35.5779
-35.5764
-35.575
-35.5735
-35.5721
-35.5706
-35.5692
-35.5678
-35.5664
-35.5651
-35.5638
-35.5625
-35.5612
-35.56
-35.5588
-35.5576
-35.5565
-35.5554
-35.5543
-35.5532
-35.5522
-35.5513
-35.5503
-35.5495
-35.5487
-35.548
-35.5473
-35.5468
-35.5464
-35.5461
-35.5459
-35.5458
-35.5458
-35.546
-35.5463
-35.5467
-35.5472
-35.5479
-35.5486
-35.5495
-35.5505
-35.5515
-35.5526
-35.5538
-35.5551
-35.5564
-35.5578
-35.5592
-35.5606
-35.562
-35.5635
-35.5649
-35.5664
-35.5677
-35.5691
-35.5704
-35.5715
-35.5726
-35.5736
-35.5745
-35.5753
-35.576
-35.5765
-35.577
-35.5773
-35.5775
-35.5776
-36.0757
-36.0756
-36.0754
-36.075
-36.0746
-36.0741
-36.0735
-36.0728
-36.0719
-36.071
-36.0699
-36.0688
-36.0675
-36.0663
-36.065
-36.0637
-36.0624
-36.0611
-36.0598
-36.0586
-36.0573
-36.0561
-36.055
-36.0538
-36.0527
-36.0515
-36.0505
-36.0494
-36.0484
-36.0475
-36.0465
-36.0457
-36.0448
-36.0439
-36.0431
-36.0424
-36.0417
-36.041
-36.0404
-36.0399
-36.0394
-36.0391
-36.0388
-36.0386
-36.0386
-36.0386
-36.0387
-36.039
-36.0393
-36.0398
-36.0404
-36.041
-36.0418
-36.0426
-36.0435
-36.0445
-36.0455
-36.0466
-36.0477
-36.0488
-36.05
-36.0512
-36.0524
-36.0536
-36.0549
-36.0561
-36.0573
-36.0584
-36.0595
-36.0605
-36.0615
-36.0624
-36.0631
-36.0638
-36.0644
-36.0648
-36.0652
-36.0655
-36.0656
-36.0657
-36.5632
-36.5631
-36.5629
-36.5626
-36.5622
-36.5618
-36.5612
-36.5606
-36.5598
-36.559
-36.558
-36.557
-36.5559
-36.5548
-36.5537
-36.5525
-36.5514
-36.5502
-36.5491
-36.548
-36.547
-36.5459
-36.5449
-36.5439
-36.5429
-36.5419
-36.541
-36.5401
-36.5393
-36.5385
-36.5378
-36.537
-36.5363
-36.5357
-36.535
-36.5344
-36.5338
-36.5333
-36.5328
-36.5323
-36.532
-36.5317
-36.5315
-36.5313
-36.5313
-36.5313
-36.5314
-36.5316
-36.5319
-36.5323
-36.5328
-36.5334
-36.534
-36.5347
-36.5355
-36.5363
-36.5371
-36.538
-36.5389
-36.5398
-36.5408
-36.5418
-36.5428
-36.5438
-36.5448
-36.5458
-36.5468
-36.5478
-36.5487
-36.5496
-36.5504
-36.5511
-36.5518
-36.5523
-36.5528
-36.5532
-36.5535
-36.5537
-36.5538
-36.5539
-37.0508
-37.0507
-37.0505
-37.0502
-37.0499
-37.0495
-37.049
-37.0485
-37.0478
-37.0471
-37.0462
-37.0453
-37.0444
-37.0434
-37.0424
-37.0414
-37.0404
-37.0395
-37.0385
-37.0376
-37.0366
-37.0357
-37.0348
-37.0339
-37.0331
-37.0323
-37.0316
-37.0309
-37.0303
-37.0296
-37.029
-37.0285
-37.0279
-37.0273
-37.0268
-37.0263
-37.0259
-37.0254
-37.0251
-37.0247
-37.0244
-37.0242
-37.024
-37.0239
-37.0239
-37.0239
-37.024
-37.0242
-37.0244
-37.0248
-37.0252
-37.0256
-37.0262
-37.0267
-37.0273
-37.028
-37.0286
-37.0293
-37.0301
-37.0308
-37.0316
-37.0323
-37.0332
-37.034
-37.0348
-37.0356
-37.0364
-37.0372
-37.038
-37.0387
-37.0394
-37.0399
-37.0405
-37.0409
-37.0413
-37.0416
-37.0418
-37.042
-37.0421
-37.0421
-37.5385
-37.5384
-37.5382
-37.538
-37.5377
-37.5374
-37.537
-37.5365
-37.5359
-37.5352
-37.5345
-37.5337
-37.5329
-37.5321
-37.5312
-37.5304
-37.5296
-37.5288
-37.5279
-37.5272
-37.5264
-37.5256
-37.5248
-37.5241
-37.5234
-37.5228
-37.5223
-37.5218
-37.5213
-37.5208
-37.5203
-37.5199
-37.5194
-37.519
-37.5186
-37.5182
-37.5179
-37.5176
-37.5173
-37.517
-37.5168
-37.5167
-37.5165
-37.5164
-37.5164
-37.5164
-37.5165
-37.5167
-37.5169
-37.5171
-37.5175
-37.5178
-37.5182
-37.5187
-37.5191
-37.5196
-37.5201
-37.5207
-37.5212
-37.5218
-37.5223
-37.5229
-37.5236
-37.5242
-37.5248
-37.5255
-37.5261
-37.5267
-37.5273
-37.5278
-37.5283
-37.5288
-37.5292
-37.5295
-37.5298
-37.53
-37.5302
-37.5303
-37.5304
-37.5304
-38.0263
-38.0262
-38.0261
-38.0259
-38.0257
-38.0254
-38.025
-38.0245
-38.024
-38.0235
-38.0229
-38.0222
-38.0215
-38.0209
-38.0202
-38.0195
-38.0188
-38.0181
-38.0174
-38.0167
-38.0161
-38.0155
-38.0149
-38.0144
-38.0139
-38.0134
-38.013
-38.0126
-38.0123
-38.0119
-38.0116
-38.0113
-38.011
-38.0107
-38.0104
-38.0101
-38.0099
-38.0097
-38.0095
-38.0093
-38.0092
-38.0091
-38.009
-38.0089
-38.0089
-38.0089
-38.009
-38.0091
-38.0092
-38.0094
-38.0097
-38.0099
-38.0102
-38.0105
-38.0109
-38.0112
-38.0116
-38.0119
-38.0123
-38.0127
-38.0131
-38.0135
-38.014
-38.0144
-38.0149
-38.0153
-38.0158
-38.0162
-38.0166
-38.017
-38.0173
-38.0177
-38.0179
-38.0182
-38.0184
-38.0185
-38.0186
-38.0187
-38.0188
-38.0188
-38.5143
-38.5142
-38.5141
-38.5139
-38.5137
-38.5134
-38.5131
-38.5127
-38.5123
-38.5118
-38.5113
-38.5108
-38.5102
-38.5097
-38.5091
-38.5085
-38.508
-38.5074
-38.5069
-38.5064
-38.5059
-38.5055
-38.5051
-38.5047
-38.5043
-38.504
-38.5037
-38.5035
-38.5033
-38.5031
-38.5029
-38.5027
-38.5025
-38.5023
-38.5022
-38.502
-38.5019
-38.5018
-38.5017
-38.5016
-38.5015
-38.5015
-38.5014
-38.5014
-38.5013
-38.5014
-38.5014
-38.5015
-38.5016
-38.5017
-38.5018
-38.502
-38.5022
-38.5024
-38.5026
-38.5028
-38.503
-38.5032
-38.5034
-38.5036
-38.5039
-38.5041
-38.5044
-38.5046
-38.5049
-38.5052
-38.5055
-38.5057
-38.506
-38.5062
-38.5064
-38.5066
-38.5067
-38.5069
-38.507
-38.5071
-38.5071
-38.5072
-38.5072
-38.5073
-39.0022
-39.0021
-39.002
-39.0019
-39.0017
-39.0015
-39.0012
-39.0009
-39.0006
-39.0002
-38.9998
-38.9994
-38.9989
-38.9985
-38.998
-38.9976
-38.9972
-38.9968
-38.9964
-38.9961
-38.9958
-38.9955
-38.9953
-38.995
-38.9948
-38.9947
-38.9946
-38.9945
-38.9944
-38.9943
-38.9943
-38.9942
-38.9942
-38.9941
-38.9941
-38.994
-38.994
-38.9939
-38.9939
-38.9939
-38.9938
-38.9938
-38.9938
-38.9938
-38.9938
-38.9938
-38.9938
-38.9938
-38.9939
-38.9939
-38.9939
-38.994
-38.9941
-38.9941
-38.9942
-38.9943
-38.9943
-38.9944
-38.9945
-38.9945
-38.9946
-38.9947
-38.9948
-38.9949
-38.995
-38.9951
-38.9952
-38.9952
-38.9953
-38.9954
-38.9955
-38.9955
-38.9956
-38.9956
-38.9957
-38.9957
-38.9957
-38.9957
-38.9957
-38.9958
)
;

boundaryField
{
    lowerWall
    {
        type            calculated;
        value           nonuniform List<scalar> 
80
(
9770.89
9772.23
9774.67
9778.2
9782.7
9788.02
9793.96
9800.34
9806.94
9813.57
9820.01
9826.09
9831.64
9836.53
9840.64
9843.88
9846.22
9847.62
9848.1
9847.69
9846.47
9844.5
9841.88
9838.72
9835.15
9831.28
9827.21
9823.08
9818.98
9815.01
9811.26
9807.79
9804.68
9801.96
9799.67
9797.84
9796.48
9795.59
9795.18
9795.24
9795.76
9796.72
9798.11
9799.92
9802.12
9804.71
9807.65
9810.92
9814.49
9818.31
9822.34
9826.53
9830.81
9835.1
9839.33
9843.39
9847.21
9850.68
9853.71
9856.2
9858.07
9859.24
9859.65
9859.28
9858.1
9856.13
9853.39
9849.96
9845.92
9841.39
9836.51
9831.42
9826.29
9821.29
9816.6
9812.38
9808.79
9805.96
9804.01
9802.79
)
;
    }
    rightWall
    {
        type            calculated;
        value           nonuniform List<scalar> 
80
(
9557.54
9066.01
8573.52
8080.07
7585.58
7089.4
6591.61
6092.04
5590.27
5085.78
4577.94
4065.98
3550.36
3045.81
2561.67
2076.77
1587.9
1115.7
561.63
145.165
10.7697
4.37303
0.897301
-4.79808
-9.63242
-12.0902
-12.5354
-12.3462
-11.9659
-12.1155
-12.9081
-13.3818
-13.8847
-14.4593
-15.1096
-15.7808
-16.4486
-17.0491
-17.4688
-17.874
-18.5035
-19.267
-20.0622
-20.8202
-21.5126
-22.1346
-22.7286
-23.3168
-23.8617
-24.3567
-24.8463
-25.3443
-25.8403
-26.3318
-26.8204
-27.3069
-27.7922
-28.2773
-28.7625
-29.2478
-29.7334
-30.2192
-30.7053
-31.1916
-31.6781
-32.1648
-32.6518
-33.139
-33.6263
-34.1139
-34.6017
-35.0896
-35.5776
-36.0657
-36.5539
-37.0421
-37.5304
-38.0188
-38.5073
-38.9958
)
;
    }
    atmosphere
    {
        type            calculated;
        value           nonuniform List<scalar> 
80
(
-39.2462
-39.2461
-39.246
-39.2459
-39.2457
-39.2455
-39.2452
-39.2449
-39.2446
-39.2443
-39.244
-39.2436
-39.2432
-39.2429
-39.2425
-39.2421
-39.2418
-39.2415
-39.2412
-39.2409
-39.2407
-39.2405
-39.2403
-39.2402
-39.2401
-39.24
-39.24
-39.24
-39.24
-39.24
-39.24
-39.24
-39.24
-39.24
-39.24
-39.24
-39.24
-39.24
-39.24
-39.24
-39.24
-39.24
-39.24
-39.24
-39.24
-39.24
-39.24
-39.24
-39.24
-39.24
-39.24
-39.24
-39.24
-39.24
-39.24
-39.24
-39.24
-39.24
-39.24
-39.24
-39.24
-39.24
-39.24
-39.24
-39.24
-39.24
-39.24
-39.24
-39.24
-39.24
-39.24
-39.24
-39.24
-39.24
-39.24
-39.24
-39.24
-39.24
-39.24
-39.24
)
;
    }
    leftWall
    {
        type            calculated;
        value           nonuniform List<scalar> 
80
(
9525.64
9033.89
8540.82
8046.34
7550.44
7052.97
6553.53
6052.54
5547.9
5039.77
4527.55
4010.45
3489.43
2979.89
2480.88
1982.18
1475.56
962.341
416.193
82.9567
-2.46917
-4.77449
-5.38287
-5.67398
-6.18254
-7.73015
-10.6836
-12.9744
-13.5991
-13.4845
-13.6067
-14.028
-14.5496
-15.0976
-15.6794
-16.308
-16.9324
-17.5681
-18.3585
-19.17
-19.9484
-20.6645
-21.2749
-21.786
-22.2224
-22.6262
-23.0436
-23.4921
-23.9611
-24.4429
-24.93
-25.4169
-25.902
-26.3855
-26.8679
-27.3498
-27.8314
-28.3132
-28.7954
-29.2779
-29.761
-30.2444
-30.7284
-31.2128
-31.6977
-32.183
-32.6686
-33.1546
-33.6409
-34.1275
-34.6143
-35.1012
-35.5884
-36.0757
-36.5632
-37.0508
-37.5385
-38.0263
-38.5143
-39.0022
)
;
    }
    frontAndBack
    {
        type            empty;
    }
}


// ************************************************************************* //
