/*--------------------------------*- C++ -*----------------------------------*\
| =========                 |                                                 |
| \\      /  F ield         | OpenFOAM: The Open Source CFD Toolbox           |
|  \\    /   O peration     | Version:  2412                                  |
|   \\  /    A nd           | Website:  www.openfoam.com                      |
|    \\/     M anipulation  |                                                 |
\*---------------------------------------------------------------------------*/
FoamFile
{
    version     2.0;
    format      ascii;
    arch        "LSB;label=32;scalar=64";
    class       volScalarField;
    location    "8.6";
    object      p_rgh;
}
// * * * * * * * * * * * * * * * * * * * * * * * * * * * * * * * * * * * * * //

dimensions      [1 -1 -2 0 0 0 0];

internalField   nonuniform List<scalar> 
6400
(
15792.8
15792.6
15791.5
15789.3
15785.9
15781.7
15777.1
15772.1
15767
15761.7
15756.5
15751.5
15746.8
15742.6
15739.1
15736.4
15734.6
15734
15734.6
15736.5
15739.7
15744.3
15750.3
15757.7
15766.4
15776.6
15788
15800.6
15814.1
15828.2
15842.7
15857.2
15871.5
15885
15897.4
15908.5
15917.8
15925.1
15930.3
15933.1
15933.6
15931.6
15927.3
15920.8
15912.4
15902.3
15890.7
15878.1
15864.7
15851
15837.2
15823.7
15810.8
15798.7
15787.7
15777.9
15769.5
15762.4
15756.6
15752
15748.7
15746.6
15745.5
15745.5
15746.5
15748.5
15751.4
15755
15759.3
15764
15769
15774.1
15779.1
15783.9
15788.4
15792.3
15795.4
15797.6
15798.5
15798.5
15792.7
15792.5
15791.6
15789.7
15786.7
15783.1
15779.1
15774.7
15770.1
15765.4
15760.7
15756.2
15751.9
15748.1
15744.8
15742.4
15740.8
15740.3
15740.9
15742.7
15745.6
15749.9
15755.3
15762.1
15770.1
15779.4
15789.8
15801.2
15813.3
15826.1
15839.1
15852.1
15864.8
15876.9
15887.9
15897.7
15906
15912.5
15917
15919.5
15919.8
15918.1
15914.3
15908.6
15901.1
15892.2
15881.9
15870.7
15858.9
15846.7
15834.4
15822.3
15810.7
15799.9
15790
15781.2
15773.6
15767.1
15761.9
15757.7
15754.7
15752.7
15751.6
15751.6
15752.5
15754.3
15756.9
15760.2
15764.1
15768.4
15772.8
15777.4
15781.8
15786
15789.9
15793.3
15796.1
15798
15798.8
15799
15793.7
15793.5
15792.7
15790.9
15788.3
15785.2
15781.6
15777.8
15773.8
15769.6
15765.3
15761.2
15757.3
15753.8
15750.8
15748.6
15747.1
15746.6
15747.2
15748.8
15751.5
15755.3
15760.3
15766.4
15773.6
15782
15791.3
15801.4
15812.3
15823.6
15835.1
15846.6
15857.7
15868.3
15877.9
15886.4
15893.5
15899.1
15903
15905.1
15905.4
15903.8
15900.5
15895.6
15889.1
15881.4
15872.5
15862.8
15852.4
15841.8
15831
15820.4
15810.3
15800.7
15791.9
15784.1
15777.3
15771.5
15766.8
15763.1
15760.4
15758.6
15757.7
15757.7
15758.5
15760.2
15762.6
15765.6
15769.2
15773
15777
15781.1
15785
15788.8
15792.2
15795.3
15797.8
15799.6
15800.5
15800.9
15796.2
15795.8
15794.8
15793
15790.6
15787.7
15784.4
15780.9
15777.2
15773.3
15769.5
15765.6
15762
15758.7
15755.9
15753.8
15752.4
15751.9
15752.3
15753.7
15756.1
15759.5
15763.9
15769.4
15776
15783.5
15791.8
15801
15810.7
15820.9
15831.1
15841.3
15851.2
15860.4
15868.9
15876.3
15882.5
15887.4
15890.8
15892.6
15892.8
15891.5
15888.6
15884.2
15878.6
15871.8
15864
15855.5
15846.4
15837.1
15827.6
15818.3
15809.3
15800.8
15793
15786
15779.9
15774.7
15770.5
15767.3
15764.9
15763.3
15762.6
15762.8
15763.6
15765.3
15767.6
15770.4
15773.6
15777.2
15780.9
15784.6
15788.3
15791.8
15795.1
15798
15800.5
15802.3
15803.4
15804
15799.9
15799.1
15797.8
15795.8
15793.4
15790.5
15787.4
15784
15780.5
15776.8
15773.1
15769.5
15766
15762.9
15760.2
15758.1
15756.7
15756.1
15756.4
15757.5
15759.5
15762.5
15766.4
15771.3
15777.2
15783.9
15791.5
15799.8
15808.5
15817.6
15826.8
15835.9
15844.7
15852.9
15860.4
15867
15872.5
15876.7
15879.7
15881.3
15881.5
15880.3
15877.8
15874
15869.1
15863.1
15856.3
15848.8
15840.8
15832.6
15824.2
15816
15808.1
15800.6
15793.7
15787.4
15782
15777.3
15773.5
15770.6
15768.5
15767.3
15766.8
15767
15768
15769.6
15771.8
15774.5
15777.6
15780.9
15784.4
15787.9
15791.4
15794.8
15798
15801
15803.5
15805.6
15806.9
15807.8
15804.3
15803
15801.2
15799
15796.3
15793.4
15790.2
15786.9
15783.4
15779.8
15776.2
15772.7
15769.4
15766.3
15763.7
15761.7
15760.2
15759.5
15759.5
15760.4
15762
15764.6
15768
15772.3
15777.5
15783.6
15790.4
15797.8
15805.7
15813.9
15822.2
15830.4
15838.2
15845.6
15852.2
15858.1
15862.9
15866.7
15869.3
15870.7
15870.9
15869.9
15867.7
15864.4
15860.1
15854.9
15848.9
15842.3
15835.3
15828
15820.7
15813.5
15806.5
15799.9
15793.8
15788.3
15783.4
15779.2
15775.8
15773.2
15771.4
15770.4
15770.1
15770.5
15771.5
15773.2
15775.3
15777.9
15780.8
15784
15787.3
15790.7
15794.2
15797.5
15800.8
15803.9
15806.6
15809
15810.8
15812.1
15809.2
15807.4
15805
15802.4
15799.4
15796.2
15792.9
15789.5
15786
15782.4
15778.9
15775.4
15772.2
15769.2
15766.6
15764.5
15763
15762.2
15762
15762.5
15763.8
15765.9
15768.8
15772.6
15777.2
15782.6
15788.6
15795.3
15802.4
15809.8
15817.2
15824.5
15831.5
15838.1
15844
15849.2
15853.5
15856.8
15859.1
15860.3
15860.4
15859.5
15857.6
15854.8
15851.1
15846.5
15841.3
15835.5
15829.3
15822.8
15816.4
15810
15803.9
15798.2
15792.9
15788.1
15783.9
15780.2
15777.3
15775.1
15773.6
15772.8
15772.7
15773.2
15774.4
15776
15778.1
15780.6
15783.5
15786.5
15789.8
15793.2
15796.6
15800.1
15803.4
15806.7
15809.8
15812.5
15814.8
15816.7
15814.5
15812
15809
15805.9
15802.5
15799.1
15795.5
15792
15788.4
15784.8
15781.3
15777.9
15774.7
15771.8
15769.2
15767.1
15765.5
15764.4
15764
15764.2
15765.2
15766.8
15769.2
15772.4
15776.4
15781.1
15786.5
15792.4
15798.7
15805.3
15811.9
15818.4
15824.7
15830.5
15835.8
15840.3
15844
15846.8
15848.7
15849.7
15849.7
15848.9
15847.2
15844.8
15841.6
15837.6
15833.1
15828
15822.5
15816.8
15811
15805.5
15800.2
15795.3
15790.8
15786.8
15783.2
15780.3
15777.9
15776.1
15775
15774.5
15774.7
15775.5
15776.7
15778.5
15780.6
15783.1
15785.9
15788.9
15792.2
15795.5
15799
15802.6
15806.1
15809.6
15813
15816.2
15819.3
15821.9
15820.1
15816.9
15813.1
15809.4
15805.6
15801.8
15798
15794.2
15790.6
15787
15783.5
15780.2
15777
15774.1
15771.6
15769.4
15767.7
15766.5
15765.8
15765.8
15766.3
15767.5
15769.4
15772
15775.4
15779.4
15784.1
15789.2
15794.7
15800.5
15806.4
15812.2
15817.8
15822.9
15827.5
15831.4
15834.5
15836.8
15838.3
15839
15839
15838.2
15836.8
15834.7
15832
15828.6
15824.6
15820.2
15815.4
15810.3
15805.2
15800.2
15795.6
15791.4
15787.7
15784.4
15781.6
15779.4
15777.6
15776.4
15775.8
15775.7
15776.2
15777.2
15778.7
15780.6
15782.8
15785.3
15788.1
15791.1
15794.4
15797.8
15801.3
15805
15808.8
15812.6
15816.4
15820.2
15824
15827.4
15825.7
15821.8
15817.2
15812.8
15808.5
15804.2
15800.1
15796.2
15792.4
15788.7
15785.3
15782
15778.9
15776
15773.5
15771.3
15769.5
15768.1
15767.2
15766.8
15766.9
15767.7
15769.1
15771.1
15773.8
15777.2
15781.1
15785.6
15790.4
15795.5
15800.7
15805.8
15810.8
15815.3
15819.3
15822.7
15825.3
15827.2
15828.4
15828.9
15828.9
15828.2
15827
15825.3
15823
15820.1
15816.7
15812.8
15808.5
15804
15799.4
15795
15790.9
15787.3
15784.1
15781.6
15779.5
15777.9
15776.8
15776.1
15776
15776.4
15777.2
15778.5
15780.2
15782.2
15784.5
15787
15789.8
15792.9
15796.1
15799.6
15803.2
15807
15811.1
15815.2
15819.5
15824
15828.6
15832.7
15831.4
15826.6
15821.1
15815.9
15811
15806.2
15801.7
15797.5
15793.6
15789.8
15786.3
15783
15779.9
15777.1
15774.6
15772.3
15770.4
15768.8
15767.7
15766.9
15766.7
15767
15767.8
15769.3
15771.4
15774.2
15777.5
15781.3
15785.5
15790
15794.6
15799.3
15803.7
15807.9
15811.5
15814.5
15816.8
15818.4
15819.4
15819.9
15819.9
15819.4
15818.5
15817.1
15815.2
15812.7
15809.6
15806
15802.2
15798.1
15793.9
15789.9
15786.3
15783.1
15780.5
15778.5
15777
15776
15775.4
15775.3
15775.6
15776.4
15777.5
15779
15780.9
15783
15785.3
15787.9
15790.7
15793.7
15796.9
15800.4
15804.1
15808.1
15812.4
15817
15821.9
15827
15832.5
15837.1
15837
15831.2
15824.7
15818.6
15813
15807.7
15802.7
15798.2
15794.1
15790.3
15786.7
15783.4
15780.3
15777.5
15774.9
15772.5
15770.5
15768.7
15767.2
15766.2
15765.5
15765.3
15765.7
15766.6
15768.2
15770.3
15773
15776.3
15780
15784
15788.2
15792.6
15796.8
15800.8
15804.3
15807.1
15809.1
15810.5
15811.3
15811.7
15811.8
15811.5
15810.8
15809.7
15808
15805.7
15802.7
15799.4
15795.7
15791.9
15788.1
15784.5
15781.3
15778.6
15776.5
15775
15774.1
15773.6
15773.5
15773.9
15774.6
15775.7
15777.1
15778.8
15780.7
15782.9
15785.3
15787.8
15790.6
15793.6
15796.8
15800.3
15804.1
15808.2
15812.9
15818
15823.5
15829.4
15835.7
15841.2
15842.7
15835.7
15827.9
15820.9
15814.5
15808.6
15803.3
15798.5
15794.3
15790.4
15786.8
15783.5
15780.5
15777.6
15775
15772.5
15770.3
15768.3
15766.5
15765.1
15764
15763.4
15763.2
15763.6
15764.6
15766.2
15768.3
15771
15774.2
15777.8
15781.8
15785.9
15790.1
15794.2
15797.6
15800.3
15802
15802.9
15803.3
15803.5
15803.6
15803.5
15803.2
15802.4
15801.1
15798.8
15795.9
15792.5
15788.9
15785.2
15781.8
15778.5
15775.8
15773.6
15772
15771
15770.6
15770.6
15771.1
15771.9
15773
15774.4
15776.1
15778
15780.1
15782.4
15784.8
15787.4
15790.1
15793
15796.2
15799.7
15803.6
15808
15812.9
15818.5
15824.7
15831.5
15839
15845.8
15848.6
15840
15830.8
15822.8
15815.7
15809.4
15803.7
15798.8
15794.5
15790.6
15787.1
15783.9
15780.9
15778
15775.3
15772.7
15770.3
15768.1
15766
15764.2
15762.7
15761.6
15760.9
15760.7
15761.1
15762
15763.6
15765.7
15768.4
15771.6
15775.3
15779.3
15783.6
15787.9
15791.6
15794
15795.1
15795.2
15794.9
15794.7
15794.8
15795.1
15795.4
15795.5
15794.6
15792.6
15789.4
15785.8
15782.1
15778.5
15775.2
15772.4
15770
15768.3
15767.2
15766.7
15766.8
15767.4
15768.4
15769.7
15771.2
15773.1
15775
15777.2
15779.5
15781.9
15784.4
15787
15789.7
15792.7
15795.8
15799.3
15803.2
15807.8
15813
15819.1
15826
15833.8
15842.9
15851.6
15854.8
15844.3
15833.2
15824.1
15816.4
15809.8
15804
15799
15794.7
15791
15787.5
15784.4
15781.4
15778.6
15775.8
15773.1
15770.5
15767.9
15765.5
15763.3
15761.3
15759.7
15758.4
15757.7
15757.4
15757.8
15758.7
15760.2
15762.3
15765.1
15768.5
15772.6
15777.2
15782.1
15786.3
15788.6
15788.6
15787.6
15786.4
15785.6
15785.7
15786.6
15788
15789.1
15789.2
15787.2
15783.5
15779.2
15775.1
15771.4
15768.3
15765.8
15764
15762.8
15762.3
15762.4
15763.1
15764.3
15765.8
15767.6
15769.6
15771.8
15774.1
15776.6
15779.1
15781.6
15784.2
15786.8
15789.6
15792.4
15795.5
15798.9
15802.8
15807.4
15812.9
15819.3
15827
15836
15847.2
15858
15861.2
15848.1
15834.7
15824.2
15816
15809.2
15803.5
15798.7
15794.7
15791.1
15787.9
15784.9
15782
15779.1
15776.3
15773.4
15770.6
15767.8
15765
15762.4
15759.9
15757.7
15755.9
15754.5
15753.7
15753.3
15753.6
15754.4
15755.9
15758.2
15761.4
15765.6
15770.9
15776.9
15782.3
15784.5
15782.8
15779.8
15777
15775.3
15775.5
15777.4
15780.3
15783.4
15784.9
15782.7
15777.6
15772
15767.1
15763.3
15760.4
15758.5
15757.4
15757
15757.1
15758
15759.3
15761
15763.1
15765.5
15767.9
15770.6
15773.2
15775.9
15778.6
15781.3
15784
15786.7
15789.3
15792.1
15795
15798.3
15802
15806.5
15811.9
15818.6
15826.9
15837.5
15851.2
15864.4
15868.4
15851.7
15834.9
15822.8
15814
15807.4
15802.1
15797.9
15794.3
15791.2
15788.3
15785.5
15782.7
15779.9
15777
15774
15770.9
15767.7
15764.5
15761.4
15758.4
15755.7
15753.2
15751.2
15749.6
15748.6
15748
15748.2
15749
15750.7
15753.5
15757.9
15764.3
15773
15781.8
15784.2
15777.3
15767.9
15760.4
15756.2
15756.5
15761.1
15768.9
15778.2
15784.9
15782.5
15774
15765.5
15759.4
15755.2
15752.5
15751
15750.4
15750.6
15751.5
15752.9
15754.9
15757.2
15759.9
15762.8
15765.8
15768.9
15772.1
15775.1
15778.1
15781.1
15783.9
15786.6
15789.2
15791.8
15794.5
15797.5
15800.9
15805
15810.1
15816.8
15825.6
15837.8
15854.8
15871.6
15879.6
15855.9
15834
15820.3
15811.5
15805.4
15800.9
15797.5
15794.6
15791.9
15789.4
15786.7
15784
15781
15777.9
15774.5
15770.9
15767.1
15763.3
15759.4
15755.7
15752.1
15748.8
15745.9
15743.5
15741.6
15740.3
15739.6
15739.6
15740.7
15743.2
15748.1
15757.3
15773.2
15792.6
15796.5
15774.6
15749.2
15732.7
15724.9
15725.2
15733.4
15749.5
15774.5
15796.9
15793.4
15774.1
15758.1
15749
15744.2
15741.9
15741
15741.2
15742.2
15743.8
15746
15748.7
15751.9
15755.3
15759
15762.7
15766.6
15770.3
15774
15777.5
15780.9
15784
15786.8
15789.5
15792
15794.5
15797
15799.8
15803.2
15807.6
15813.7
15822.6
15836.4
15858.3
15882.4
15890
15850
15824.2
15811.6
15804.8
15800.7
15798.1
15796.1
15794.3
15792.5
15790.5
15788.1
15785.5
15782.4
15779
15775.1
15770.9
15766.5
15761.8
15757.1
15752.4
15747.9
15743.6
15739.8
15736.4
15733.6
15731.4
15729.8
15728.7
15728.6
15729.8
15733.8
15744.4
15769.9
15807.3
15819
15791.3
15775.9
15725.7
15662.1
15660.9
15725.1
15778.1
15793.1
15821.8
15811.2
15773.3
15746.4
15735.1
15731
15729.8
15729.9
15731
15732.6
15734.9
15737.9
15741.4
15745.4
15749.8
15754.3
15759.1
15763.8
15768.4
15772.8
15777
15780.8
15784.2
15787.3
15789.9
15792.2
15794.2
15796
15797.7
15799.7
15802.4
15806.4
15813.3
15826.1
15852
15892.2
15818.4
15781.3
15770.4
15768.6
15769.1
15770.2
15771.5
15772.6
15773.5
15774
15774.2
15773.9
15773.3
15772.4
15771
15769.2
15767.1
15764.7
15762
15759.1
15756.2
15753.1
15750.1
15747.1
15744.1
15741.3
15738.4
15726.3
15684.4
15604.9
15478.6
15292.1
15026
14646.1
14037.6
12876.8
11368.2
9815.6
8561.62
7925.81
7907.69
8517.15
9728.65
11288.8
12807.5
13991.3
14625
15012.4
15283.1
15473
15601.7
15682.9
15726.2
15739.2
15742
15744.9
15747.8
15750.8
15753.9
15757
15760
15762.8
15765.5
15767.9
15770
15771.8
15773.1
15774.1
15774.7
15774.9
15774.7
15774.2
15773.3
15772.2
15770.9
15769.7
15769.2
15771.1
15782.3
15819.4
358.375
541.678
679.755
794.421
888.154
967.09
1035.87
1097.73
1155.05
1209.64
1262.8
1315.48
1368.29
1421.53
1475.23
1529.12
1582.64
1634.91
1684.7
1730.38
1769.91
1800.75
1819.77
1823.16
1806.48
1764.21
1689.7
1584.89
1461.71
1315.1
1137.56
920.037
655.231
329.319
-0.00191149
47.1377
291.07
644.444
934.779
1036.29
1047.4
954.341
644.202
312.182
56.2196
-0.0130317
313.545
644.036
911.985
1132.27
1312.13
1460.7
1585.46
1691.66
1767.96
1811.62
1829.31
1826.65
1808.15
1777.63
1738.28
1692.67
1642.86
1590.51
1536.85
1482.79
1428.89
1375.43
1322.39
1269.46
1216.04
1161.17
1103.54
1041.35
972.2
892.829
798.573
683.276
544.48
360.174
-0.000641115
-0.000633435
-0.000616668
-0.00056856
-0.000514344
-0.000447877
-0.000367117
-0.000269495
-0.00014974
-5.24534e-06
0.000159264
0.000332815
0.000499628
0.000645366
0.000757782
0.000829943
0.000851889
0.000811083
0.000665605
0.000286392
-0.000311835
-0.00130769
-0.00322004
-0.00653091
-0.00937187
-0.00958482
-0.00738518
-0.00458422
-0.00468621
-0.00471678
0.00721128
0.0208769
0.0146527
0.0208379
0.00784684
0.031824
1026.19
4413.08
6557.17
6601.66
6612.26
6609.53
4600.34
1150.44
0.0160911
-0.000887643
0.0056179
0.0338533
0.0568053
0.0223876
-0.0061931
-0.0100633
-0.00894072
-0.00902559
-0.00940868
-0.00816205
-0.00591015
-0.00316579
-0.00132218
-0.000239259
0.000569869
0.00114323
0.00150333
0.00172497
0.00186632
0.0019346
0.00193479
0.00188697
0.00182457
0.00177118
0.00173345
0.00170431
0.00167634
0.00164768
0.00162262
0.00160599
0.00159656
0.00160581
0.00166265
0.00161722
-0.000653827
-0.000681453
-0.000686309
-0.00068136
-0.000678839
-0.000664273
-0.000632563
-0.000579278
-0.000499021
-0.000389693
-0.000255892
-0.000109103
3.4966e-05
0.00016032
0.000253381
0.000302684
0.00029527
0.000212359
3.06282e-05
-0.000293384
-0.000877738
-0.00187796
-0.00356617
-0.0055669
-0.00699819
-0.00779266
-0.00711028
-0.00475839
-0.00427594
-0.00551605
-0.00515281
0.0257484
0.0619562
0.0540267
0.0117619
-0.02715
500.687
5659.37
7375.27
7406.65
7407
7380.53
6090.66
634.65
-0.0265856
0.017289
0.0474408
0.0709083
0.0412402
-0.00394366
-0.00999076
-0.00882843
-0.00839119
-0.00948472
-0.00973187
-0.00803468
-0.0057962
-0.00359192
-0.00189896
-0.000721741
8.06025e-05
0.000607062
0.000962699
0.00119702
0.00134959
0.00143002
0.00144356
0.00141291
0.00137144
0.00134378
0.00133629
0.00134258
0.00135517
0.00137252
0.00139825
0.00143603
0.00148466
0.00153915
0.00158949
0.00159806
-0.00057782
-0.00057786
-0.000568244
-0.000567121
-0.000558675
-0.000540966
-0.000507437
-0.000450629
-0.000364237
-0.000247031
-0.000105176
4.86984e-05
0.0001993
0.000333352
0.000442333
0.000520867
0.000559713
0.000535573
0.000395691
4.43424e-05
-0.000562041
-0.00175179
-0.00402144
-0.00750748
-0.00966476
-0.00926347
-0.0076862
-0.00583557
-0.00510656
-0.00458407
0.024174
0.124876
0.370589
0.371841
0.22039
-0.0102162
-0.0318907
882.452
7578.72
7624.78
7625.41
7585.03
1184.38
-0.0522542
-0.0159986
0.113436
0.346153
0.346254
0.295818
0.0845522
-0.0016537
-0.0105216
-0.0108671
-0.0101668
-0.00954862
-0.00837735
-0.0067886
-0.00394599
-0.00164287
-0.000386972
0.000358117
0.000887132
0.00122247
0.00143547
0.00156209
0.00161182
0.00159991
0.00155663
0.00151326
0.00148655
0.00147657
0.00147581
0.00147946
0.00148906
0.00150918
0.00154103
0.00157884
0.00161887
0.00164633
0.0016466
-0.00064936
-0.000643414
-0.000630581
-0.000624804
-0.00061309
-0.000593139
-0.000557446
-0.000497013
-0.000405436
-0.000282352
-0.000134702
2.49883e-05
0.000182607
0.000326523
0.000449167
0.000544183
0.000599872
0.000595022
0.000499637
0.000303866
-0.000105102
-0.00125572
-0.00350088
-0.00619559
-0.00905115
-0.0107934
-0.0098026
-0.00802256
-0.00834687
0.00205057
0.0653673
0.0718836
0.0471376
0.0217766
-0.000146646
-0.000860231
-0.000409051
111.246
4620.59
5778.32
5868.33
4984.1
201.129
-0.00488244
-0.00415221
0.00655284
0.0288636
0.106345
0.163378
0.1623
0.0564245
-0.0170831
-0.0134751
-0.0111719
-0.0107452
-0.00879811
-0.00502886
-0.00234767
-0.000771579
7.94458e-05
0.000559445
0.00094199
0.00123766
0.00143554
0.00154694
0.00158326
0.00156544
0.00152323
0.00148286
0.0014569
0.00144491
0.00144176
0.00144531
0.00145857
0.00148635
0.00152949
0.00158014
0.00162491
0.00165287
0.00164797
-0.00060138
-0.000607854
-0.000604569
-0.000596358
-0.000582639
-0.000560772
-0.000522598
-0.000459052
-0.000364321
-0.000238673
-8.89664e-05
7.3493e-05
0.000236829
0.000392174
0.000535105
0.000664641
0.000781992
0.000887125
0.00096303
0.000998937
0.000889235
8.86667e-05
-0.00221429
-0.00355077
-0.00326516
-0.00434074
-0.00455888
-0.00718452
-0.0147507
-0.0205424
-0.0177703
-0.00896742
-0.00488387
-0.00318016
0.00184398
0.0118511
0.0151656
11.5381
0.0515045
0.0570052
0.059247
0.0415713
10.1535
-0.00780501
-0.000810188
0.00962638
0.00661588
-0.000445696
-0.0146796
-0.024585
-0.0323641
-0.0304906
-0.0124413
0.0102055
0.0111252
0.0131256
-0.00155223
-0.00158003
4.54337e-05
0.000718682
0.00103139
0.00126006
0.00144301
0.00156677
0.0016333
0.00164507
0.00161599
0.00156983
0.00152749
0.00149855
0.00148235
0.00147489
0.00147473
0.00148423
0.00150657
0.00154195
0.00158618
0.00163081
0.00165996
0.00166558
-0.000606512
-0.000605189
-0.00060347
-0.00059307
-0.000578514
-0.000555142
-0.000514485
-0.000448255
-0.000351545
-0.000224927
-7.45253e-05
9.00621e-05
0.000259035
0.000425311
0.000585904
0.000742011
0.000900598
0.00107168
0.0012506
0.00146522
0.00176373
0.00131964
-9.30997e-05
-0.000255933
-0.00201932
-0.0042057
-0.00882986
-0.0123659
-0.0191616
-0.0225958
-0.021104
-0.0184172
-0.0167656
-0.0143425
-0.00891718
0.0228832
0.136406
0.0382478
0.0537362
0.0573384
0.0542562
0.0611184
0.036888
-0.0211905
-0.00867402
0.000862341
0.00367114
-0.00413191
-0.0157015
-0.0250456
-0.0294113
-0.0182592
-0.00718747
-0.00643145
0.000940166
0.0083957
-0.00127546
-0.00117486
0.000556169
0.000997719
0.00119169
0.001379
0.00152415
0.00162028
0.00166605
0.00166318
0.00162639
0.00157782
0.00153564
0.00150749
0.0014922
0.00148606
0.00148795
0.00149984
0.00152344
0.00155655
0.00159444
0.00163346
0.00166013
0.00166651
-0.000619604
-0.000617883
-0.00061016
-0.000599343
-0.000584909
-0.000560414
-0.000518081
-0.000450913
-0.0003549
-0.000230501
-8.25525e-05
8.12601e-05
0.000252546
0.00042422
0.000592383
0.000758462
0.00093353
0.00113742
0.00137669
0.00167678
0.00214495
0.00200646
0.000656711
-0.00100017
-0.00478952
-0.0134461
-0.0260104
-0.0358501
-0.0376551
-0.0333088
-0.0269276
-0.022212
-0.0218386
-0.0253927
-0.0320298
-0.0282281
0.011685
0.0492366
0.0512154
0.0527809
0.0489991
0.0380111
0.0195114
0.00128111
-0.00287204
-0.00306445
-0.00604725
-0.0128873
-0.021954
-0.03229
-0.0388285
-0.0368626
-0.0259711
-0.0137686
-0.00657524
-0.00168153
-0.00196053
-0.00133511
0.000540532
0.000997846
0.00119732
0.00138318
0.00152338
0.00161524
0.0016545
0.00164551
0.00160642
0.00155993
0.00152247
0.00149957
0.00148882
0.00148622
0.0014907
0.00150441
0.00152899
0.00156132
0.00159557
0.00162926
0.00165268
0.00165821
-0.000629805
-0.000627789
-0.000617928
-0.000608294
-0.00059355
-0.000567635
-0.000524294
-0.000457974
-0.000365404
-0.000246626
-0.000104955
5.37803e-05
0.000222011
0.000391238
0.000554384
0.000710995
0.000872768
0.00106081
0.00128036
0.0015211
0.0018346
0.00184082
-0.000293654
-0.00296086
-0.00930792
-0.0225124
-0.0379688
-0.0494442
-0.049996
-0.0430382
-0.0334676
-0.0254792
-0.0209702
-0.0187871
-0.0180251
-0.0128154
0.0041988
0.0250655
0.0378012
0.0404933
0.034339
0.0237015
0.0141047
0.00455521
-0.00369892
-0.00914501
-0.0127339
-0.0172747
-0.0257284
-0.0383725
-0.0502265
-0.0531437
-0.0424789
-0.0233646
-0.011245
-0.00673387
-0.00367968
-0.00148959
0.000175476
0.000746647
0.00105332
0.00129051
0.00145776
0.00156144
0.00160321
0.00159547
0.00156119
0.00152348
0.00149645
0.00148298
0.0014792
0.00148075
0.00148689
0.00150049
0.00152418
0.00155543
0.00158759
0.0016173
0.00163765
0.0016424
-0.000648686
-0.000642843
-0.000635836
-0.000626714
-0.000610276
-0.000582363
-0.000538417
-0.000474192
-0.000386941
-0.000276148
-0.000143711
5.93966e-06
0.000165413
0.000324198
0.000471
0.000600776
0.000721192
0.000847286
0.000974019
0.00105827
0.00104448
0.000645275
-0.00137837
-0.00666755
-0.0144037
-0.026953
-0.0415842
-0.0537632
-0.0547963
-0.0468504
-0.03587
-0.0267891
-0.0218856
-0.0193116
-0.0163404
-0.0107778
-0.00179526
0.00799492
0.0173045
0.0228654
0.021263
0.0144277
0.00786474
0.00167035
-0.00387373
-0.00802475
-0.0117205
-0.017033
-0.0266432
-0.0407206
-0.0545956
-0.0597923
-0.0501171
-0.029344
-0.0141687
-0.00843287
-0.00500966
-0.00202624
-0.000401118
0.000341262
0.000796527
0.00111219
0.00132492
0.00145113
0.00150458
0.00150769
0.00148762
0.0014667
0.0014559
0.00145557
0.00146095
0.00146801
0.00147653
0.00148988
0.00151162
0.00154072
0.00157086
0.00159752
0.00161531
0.00161942
-0.000667898
-0.000662799
-0.000658743
-0.000648393
-0.000629658
-0.000600188
-0.000556797
-0.000496312
-0.000416385
-0.00031596
-0.000195718
-5.90604e-05
8.63558e-05
0.000227786
0.00034974
0.000441498
0.000504117
0.000544067
0.000547836
0.000448002
0.000139694
-0.000673289
-0.00274949
-0.00762011
-0.0153058
-0.0248559
-0.0362465
-0.0461269
-0.0479568
-0.041484
-0.0320098
-0.0243566
-0.0198407
-0.0174526
-0.0160522
-0.0140024
-0.00990572
-0.00340019
0.00449708
0.0112648
0.0136365
0.0110398
0.00676075
0.00226416
-0.00233994
-0.00651828
-0.0105489
-0.01588
-0.0243311
-0.0361639
-0.0478097
-0.0521801
-0.0445564
-0.0277654
-0.0149066
-0.00889226
-0.00521616
-0.00248334
-0.000940865
-6.27888e-05
0.000502786
0.000890004
0.00114683
0.00129896
0.00137179
0.0013952
0.0013979
0.00139955
0.00140767
0.00142084
0.00143465
0.00144653
0.00145746
0.00147112
0.00149122
0.00151793
0.00154611
0.00157063
0.00158679
0.00159082
-0.00068902
-0.000689329
-0.000685011
-0.000672535
-0.000652169
-0.000622427
-0.000581032
-0.000525701
-0.000454547
-0.000366252
-0.000260629
-0.000140242
-1.27901e-05
0.000107408
0.00020152
0.000253387
0.000257212
0.000211589
0.000100699
-0.000143074
-0.000644269
-0.0016118
-0.00357546
-0.00724036
-0.0126621
-0.0191806
-0.0264604
-0.0326517
-0.0341976
-0.0319398
-0.0266168
-0.0213554
-0.0176255
-0.0154674
-0.0142692
-0.0128213
-0.0104098
-0.00603661
9.65646e-05
0.0060678
0.0101771
0.0104365
0.00721815
0.00330909
-0.00092872
-0.00490394
-0.00872158
-0.0131509
-0.0192219
-0.0269604
-0.0337939
-0.03542
-0.0307451
-0.0212407
-0.0132265
-0.00818473
-0.0048807
-0.00267481
-0.00129306
-0.000389006
0.000227229
0.000658059
0.000945734
0.0011222
0.00121952
0.00127029
0.00130127
0.00132802
0.00135485
0.00137969
0.00139976
0.00141492
0.00142792
0.00144281
0.00146283
0.00148838
0.00151538
0.0015388
0.00155426
0.00155865
-0.000718128
-0.000721543
-0.000714785
-0.00070103
-0.000680661
-0.000652211
-0.000613947
-0.000564417
-0.000502433
-0.000426883
-0.000337222
-0.000235341
-0.000128372
-3.06314e-05
3.76267e-05
5.60434e-05
1.29312e-05
-0.000100132
-0.000296538
-0.000629294
-0.00120149
-0.00216806
-0.00378129
-0.00635409
-0.00992551
-0.0140906
-0.0184529
-0.0221534
-0.0237318
-0.0233624
-0.0210157
-0.0180653
-0.0154776
-0.013397
-0.0116452
-0.00997129
-0.00760833
-0.00398839
0.000655498
0.00510159
0.00883971
0.0103352
0.00765458
0.00409606
0.000187096
-0.0033646
-0.00661135
-0.00998887
-0.0139738
-0.0183619
-0.0216303
-0.0217052
-0.0190389
-0.0143114
-0.0100271
-0.00676016
-0.00437312
-0.00268361
-0.00148284
-0.000623835
-9.87416e-06
0.000435811
0.000740327
0.000937995
0.00106204
0.00114317
0.00120362
0.0012544
0.00129762
0.00133179
0.00135653
0.0013744
0.00138987
0.00140728
0.00142906
0.00145508
0.00148187
0.00150478
0.00151988
0.00152459
-0.000749912
-0.000751052
-0.00074278
-0.000729977
-0.000711706
-0.000686083
-0.00065171
-0.000608003
-0.000554786
-0.000491696
-0.000418398
-0.000336369
-0.000251703
-0.000177148
-0.000131749
-0.000138031
-0.000209642
-0.000366996
-0.000619343
-0.00100283
-0.00158205
-0.00245791
-0.00376277
-0.00562909
-0.00806429
-0.0108322
-0.0136215
-0.0160089
-0.0174061
-0.0175475
-0.0165708
-0.0149012
-0.0130193
-0.0111445
-0.00921959
-0.00710039
-0.00457498
-0.00146707
0.00213687
0.00550438
0.00803505
0.00986389
0.0076271
0.00450342
0.00109715
-0.00194181
-0.0046532
-0.00728223
-0.0100147
-0.0126025
-0.01426
-0.0141966
-0.0124962
-0.00997472
-0.0075647
-0.00553274
-0.00388031
-0.00257811
-0.00156413
-0.000784591
-0.000194755
0.000241955
0.000552179
0.000767624
0.000917334
0.00102697
0.00111322
0.00118343
0.00123892
0.00127982
0.00130836
0.0013293
0.00134817
0.00136916
0.00139382
0.0014212
0.00144805
0.00147032
0.00148471
0.0014892
-0.000772626
-0.000769536
-0.000762676
-0.000753411
-0.000739245
-0.000717723
-0.000687699
-0.000649515
-0.00060425
-0.000552737
-0.00049534
-0.000433417
-0.00037189
-0.000321545
-0.000297275
-0.000319886
-0.000410283
-0.000587309
-0.000866364
-0.00126711
-0.00182574
-0.00260132
-0.0036744
-0.00510593
-0.00687297
-0.00881331
-0.0107173
-0.012322
-0.0133049
-0.0135458
-0.0130767
-0.0120386
-0.0106486
-0.00906779
-0.00727714
-0.0052186
-0.00280063
1.26156e-05
0.00301606
0.00563132
0.00743305
0.00883013
0.00726055
0.0045783
0.00174343
-0.0007853
-0.00302367
-0.00510724
-0.0071027
-0.00883124
-0.00991372
-0.0100359
-0.00908369
-0.00761065
-0.00607593
-0.00467439
-0.00345007
-0.00241536
-0.00156257
-0.00087188
-0.000327222
9.03357e-05
0.000401045
0.000629508
0.00080005
0.000932035
0.00103685
0.00111967
0.00118238
0.00122741
0.0012592
0.00128379
0.00130684
0.00133186
0.00135947
0.001388
0.0014144
0.00143534
0.00144832
0.00145202
-0.000781954
-0.000777319
-0.000774684
-0.000770974
-0.000762343
-0.000745735
-0.000720251
-0.000687155
-0.000648758
-0.000607416
-0.000564396
-0.00052153
-0.000482891
-0.000456089
-0.000452175
-0.000487972
-0.000584813
-0.000762712
-0.00103908
-0.0014269
-0.00194361
-0.00261755
-0.0034898
-0.00459013
-0.00589247
-0.00727834
-0.00859887
-0.00969877
-0.0104545
-0.0105838
-0.0102921
-0.00957268
-0.00851051
-0.00720218
-0.00564897
-0.00382197
-0.00168589
0.000738394
0.00326006
0.00536205
0.0067306
0.00749403
0.00676916
0.00436683
0.00214697
8.37028e-05
-0.00176064
-0.00344613
-0.00497961
-0.00624203
-0.00703558
-0.00718522
-0.00675718
-0.00592905
-0.00494924
-0.00396275
-0.00303933
-0.0022134
-0.00149861
-0.000896141
-0.000403731
-1.20944e-05
0.000292729
0.000528745
0.000713014
0.000858592
0.000973474
0.00106218
0.00112792
0.00117534
0.00121033
0.00123915
0.00126686
0.00129579
0.0013257
0.00135455
0.00137964
0.00139851
0.00140955
0.00141216
-0.000784315
-0.000782109
-0.000785253
-0.000788114
-0.00078566
-0.000774317
-0.000753417
-0.000725089
-0.000692725
-0.000659614
-0.00062836
-0.000601685
-0.000583051
-0.000577651
-0.000592419
-0.00063894
-0.000735714
-0.000903318
-0.00115917
-0.00151356
-0.00197385
-0.00254821
-0.00324925
-0.00408459
-0.00503268
-0.00601828
-0.00693664
-0.00767885
-0.00814749
-0.00825607
-0.00803791
-0.00748947
-0.00664606
-0.00557013
-0.00427673
-0.00275206
-0.000973586
0.00103676
0.00312337
0.00483995
0.00592498
0.00628083
0.00591246
0.00396561
0.0023056
0.000659218
-0.000845046
-0.00222502
-0.00345343
-0.00444614
-0.00510482
-0.00537024
-0.00513512
-0.00465062
-0.00402055
-0.00333066
-0.00263945
-0.0019852
-0.00139177
-0.000872677
-0.000433324
-7.11721e-05
0.000222125
0.000457889
0.000646846
0.000797428
0.000915314
0.00100517
0.00107192
0.00112165
0.00116063
0.00119434
0.00122697
0.00125944
0.00129079
0.00131905
0.00134212
0.0013585
0.00136749
0.00136917
-0.000788877
-0.000791284
-0.000800407
-0.00080989
-0.000813652
-0.000807652
-0.000791479
-0.000767812
-0.000740697
-0.00071412
-0.000691681
-0.000677061
-0.000673791
-0.000685496
-0.000715863
-0.000771267
-0.000865389
-0.0010176
-0.00124524
-0.00155687
-0.00195444
-0.00243536
-0.00299553
-0.00362849
-0.00431443
-0.00500843
-0.00564157
-0.00613148
-0.0064205
-0.00646221
-0.00626098
-0.00580818
-0.00511691
-0.0042299
-0.00317212
-0.00194049
-0.00051107
0.00111053
0.00280696
0.0042023
0.00505328
0.00515934
0.00478083
0.00351285
0.0022469
0.000955443
-0.000255422
-0.00138282
-0.00238378
-0.00319057
-0.00374177
-0.00400214
-0.00395334
-0.00368687
-0.00327822
-0.00278976
-0.00226865
-0.00175027
-0.00126071
-0.00081746
-0.000429788
-9.95694e-05
0.000176494
0.000404185
0.000589581
0.000738006
0.000854223
0.000943383
0.00101144
0.00106477
0.00110935
0.00114824
0.00118604
0.00122148
0.00125348
0.00128045
0.00130114
0.00131502
0.00132219
0.00132346
-0.000799348
-0.00080613
-0.000820549
-0.000836039
-0.000845679
-0.000845091
-0.000833971
-0.000815232
-0.000793124
-0.000771935
-0.000755786
-0.000749118
-0.000755925
-0.000779118
-0.000820283
-0.00088169
-0.000971553
-0.00110579
-0.0013014
-0.0015671
-0.00190259
-0.00230045
-0.00274815
-0.00323083
-0.00372835
-0.0042126
-0.00464331
-0.00497554
-0.00513322
-0.00511326
-0.00490884
-0.00451337
-0.00393273
-0.00319766
-0.00233738
-0.00135557
-0.000225205
0.00106615
0.00243335
0.00356434
0.00421321
0.00414025
0.00371191
0.00291333
0.00201491
0.00103288
7.57121e-05
-0.00083403
-0.00164889
-0.00231266
-0.00277893
-0.00303055
-0.00307331
-0.00293974
-0.0026764
-0.00232776
-0.00193228
-0.00152118
-0.00111903
-0.000743493
-0.000405334
-0.000109241
0.00014432
0.000357364
0.000533025
0.000675
0.000787744
0.000876592
0.000947448
0.00100604
0.00105694
0.00110265
0.00114465
0.00118215
0.00121398
0.00123921
0.00125742
0.00126911
0.00127485
0.00127627
-0.000812613
-0.000822234
-0.00084079
-0.000861331
-0.000876345
-0.000881244
-0.000875679
-0.000862464
-0.000845636
-0.00082936
-0.00081789
-0.00081608
-0.000828425
-0.000857742
-0.00090459
-0.000968612
-0.00105326
-0.00116951
-0.0013326
-0.00155243
-0.00182923
-0.00215455
-0.00251288
-0.00288513
-0.00325023
-0.00358617
-0.00386517
-0.00407808
-0.00415985
-0.00410018
-0.00389473
-0.0035412
-0.00304548
-0.00243205
-0.00173061
-0.000948647
-5.74286e-05
0.000969657
0.00207132
0.0029914
0.00346218
0.00323701
0.00279201
0.00231073
0.00171116
0.000985433
0.00024196
-0.000480172
-0.00113654
-0.00168266
-0.00208149
-0.00231912
-0.00240121
-0.00234422
-0.00217634
-0.00192788
-0.00162813
-0.00130327
-0.000975007
-0.000659849
-0.000368883
-0.000108361
0.000119049
0.000313249
0.000475915
0.000609997
0.000719602
0.000809619
0.000884994
0.000950046
0.00100768
0.00105911
0.00110445
0.00114294
0.00117382
0.00119692
0.00121279
0.00122258
0.00122741
0.00122922
-0.000822636
-0.00083343
-0.000854837
-0.000879328
-0.000899026
-0.000909279
-0.000909628
-0.000902526
-0.000891472
-0.00088016
-0.000872648
-0.000873853
-0.000888608
-0.00091995
-0.000968212
-0.00103181
-0.00111081
-0.00121114
-0.00134459
-0.00152143
-0.00174369
-0.00200428
-0.00228796
-0.0025751
-0.00284603
-0.00308414
-0.00327977
-0.00338795
-0.00340948
-0.00332347
-0.00312223
-0.00280442
-0.00237696
-0.00186142
-0.00128634
-0.000660872
4.4132e-05
0.000865227
0.00175578
0.00251279
0.00282201
0.00248614
0.00209739
0.00182253
0.00142386
0.000894337
0.000322288
-0.000244851
-0.000768223
-0.00121473
-0.00155458
-0.00177326
-0.00187258
-0.00186116
-0.00175701
-0.00158095
-0.00135493
-0.00109998
-0.000834546
-0.000573265
-0.000326725
-0.000101638
9.84803e-05
0.000272693
0.000422035
0.000548944
0.00065682
0.000749448
0.000830225
0.000901654
0.000965036
0.00102048
0.00106757
0.00110574
0.00113486
0.0011556
0.00116925
0.00117749
0.00118175
0.00118395
-0.00082476
-0.000835538
-0.000858619
-0.00088583
-0.0009092
-0.000924224
-0.000930356
-0.000929545
-0.000924557
-0.000918375
-0.000914594
-0.0009179
-0.000933223
-0.000963892
-0.00101046
-0.00107112
-0.00114405
-0.00123115
-0.00133998
-0.0014795
-0.00165327
-0.00185657
-0.00207626
-0.00229383
-0.00249106
-0.00265457
-0.00277237
-0.00282705
-0.00280926
-0.00270676
-0.00251289
-0.0022268
-0.0018557
-0.00141949
-0.000945154
-0.000442182
0.000118196
0.00077945
0.00150055
0.00213247
0.00229638
0.00190595
0.00164259
0.00147132
0.00119868
0.000806714
0.000367211
-7.76828e-05
-0.000495698
-0.000859001
-0.0011453
-0.00134111
-0.00144713
-0.00146437
-0.00140426
-0.00128157
-0.00111293
-0.000915008
-0.000702962
-0.000489285
-0.000283364
-9.14661e-05
8.29441e-05
0.000238768
0.000376625
0.000498237
0.000605875
0.000701747
0.00078749
0.000863895
0.000930993
0.000988274
0.00103524
0.00107179
0.00109852
0.00111678
0.00112843
0.00113543
0.0011393
0.00114184
-0.000817671
-0.000827899
-0.000851621
-0.000880116
-0.000905724
-0.000924399
-0.000935584
-0.000940669
-0.000941598
-0.000940517
-0.000940361
-0.000945377
-0.000960368
-0.000988863
-0.00103181
-0.00108769
-0.00115405
-0.00123025
-0.00132004
-0.00142989
-0.00156355
-0.00171838
-0.00188413
-0.00204456
-0.00218163
-0.00228913
-0.00235266
-0.00236513
-0.00231879
-0.00220541
-0.00201995
-0.00176185
-0.00143787
-0.00106639
-0.000672684
-0.000265667
0.000182127
0.000718727
0.00130208
0.00183563
0.00187323
0.00148812
0.00136322
0.00123416
0.00103189
0.00073572
0.000396778
4.67864e-05
-0.00028887
-0.000585896
-0.000826227
-0.000997576
-0.00110379
-0.00113824
-0.00110885
-0.00102624
-0.000902876
-0.000751657
-0.000584658
-0.000412057
-0.000241645
-7.87273e-05
7.36903e-05
0.000214437
0.000343596
0.000461863
0.000570071
0.000668728
0.00075785
0.000836941
0.000905258
0.000962119
0.0010073
0.0010413
0.00106533
0.00108127
0.00109125
0.00109733
0.00110096
0.00110374
-0.000803058
-0.000812741
-0.000836065
-0.000864143
-0.000890194
-0.000910965
-0.000925985
-0.000936086
-0.000942363
-0.000946087
-0.00094942
-0.000956027
-0.000970411
-0.000996177
-0.00103465
-0.00108478
-0.00114419
-0.00121106
-0.00128643
-0.0013741
-0.00147691
-0.00159321
-0.00171544
-0.00183118
-0.00192708
-0.00198568
-0.00200774
-0.0019876
-0.00192
-0.00179957
-0.00162284
-0.00138946
-0.00110529
-0.000787008
-0.000457878
-0.000125407
0.000235577
0.000674479
0.0011435
0.00159378
0.00151513
0.00120934
0.0011576
0.00105948
0.000902864
0.000677494
0.000414772
0.000138047
-0.000132101
-0.000375788
-0.000578794
-0.000732333
-0.00082963
-0.00087264
-0.000864626
-0.000812469
-0.00072502
-0.000611833
-0.000482084
-0.000343641
-0.000202615
-6.32594e-05
7.18462e-05
0.000201274
0.00032432
0.00044046
0.000549011
0.000649012
0.000739258
0.000818484
0.000885663
0.000940294
0.000982619
0.00101368
0.00103517
0.00104922
0.00105804
0.00106359
0.00106715
0.00107009
-0.000784074
-0.00079342
-0.000815108
-0.000840858
-0.000865389
-0.000886494
-0.000903841
-0.000917743
-0.000928485
-0.000936483
-0.00094309
-0.000951271
-0.000965104
-0.00098816
-0.00102206
-0.00106623
-0.00111866
-0.0011772
-0.00124137
-0.00131283
-0.00139314
-0.00148075
-0.00156961
-0.00164981
-0.00170937
-0.00173729
-0.00173045
-0.00168705
-0.00160493
-0.00148128
-0.00131397
-0.00110275
-0.000852494
-0.000578083
-0.000300548
-2.54882e-05
0.00026984
0.000633494
0.00101103
0.00138339
0.00119246
0.00102026
0.000988222
0.000916977
0.000796383
0.000625016
0.00042035
0.000201146
-1.57855e-05
-0.0002149
-0.000385467
-0.000519474
-0.000610074
-0.00065823
-0.000665794
-0.000637043
-0.000577902
-0.000495049
-0.000395076
-0.000283757
-0.0001657
-4.43273e-05
7.79244e-05
0.00019916
0.00031771
0.000431842
0.000539592
0.000638923
0.00072792
0.000805034
0.000869333
0.000920684
0.000959805
0.000988141
0.00100765
0.00102052
0.0010288
0.00103426
0.00103796
0.001041
-0.000763603
-0.000772631
-0.000791207
-0.000812712
-0.000833863
-0.000853575
-0.000871652
-0.000887946
-0.000902048
-0.000913611
-0.000923186
-0.000932956
-0.000946443
-0.000967075
-0.000996699
-0.00103518
-0.00108091
-0.00113187
-0.00118687
-0.00124627
-0.00131049
-0.00137781
-0.00144308
-0.00149811
-0.00153319
-0.00153979
-0.00151445
-0.00145685
-0.00136704
-0.0012442
-0.00108735
-0.000896419
-0.000675243
-0.000436865
-0.000199991
3.15644e-05
0.000278591
0.000585105
0.000899025
0.00119044
0.000943941
0.000858707
0.000845409
0.000797696
0.000706002
0.000575977
0.000416923
0.000243941
7.03749e-05
-9.19843e-05
-0.000234729
-0.000351048
-0.000435378
-0.000486847
-0.000506006
-0.000495111
-0.000457753
-0.000398251
-0.000321056
-0.000230242
-0.000129286
-2.11199e-05
9.16747e-05
0.000206603
0.000321069
0.000432343
0.000537591
0.000634171
0.000719917
0.000793354
0.000853851
0.000901674
0.000937905
0.000964209
0.00098258
0.000995058
0.00100346
0.00100926
0.00101329
0.00101642
-0.000743051
-0.000751341
-0.000765292
-0.000780947
-0.000797207
-0.000814023
-0.000831297
-0.000848514
-0.000864752
-0.000879067
-0.000891281
-0.000902748
-0.00091629
-0.000935029
-0.000960958
-0.000994328
-0.00103397
-0.00107813
-0.00112547
-0.00117565
-0.00122839
-0.00128186
-0.00133161
-0.00137072
-0.0013911
-0.00138565
-0.00135102
-0.0012874
-0.00119609
-0.00107768
-0.000932199
-0.000759812
-0.00056346
-0.000354421
-0.000149025
5.00963e-05
0.000262601
0.000523084
0.000807462
0.000986304
0.000799098
0.000735576
0.000734825
0.000700259
0.000629999
0.000531359
0.000409443
0.000274048
0.000135486
2.89297e-06
-0.000117158
-0.000218848
-0.000297369
-0.000350673
-0.000378099
-0.00038026
-0.000358912
-0.000316538
-0.00025596
-0.000180036
-9.15271e-05
6.82069e-06
0.000112133
0.000221334
0.000331128
0.000438134
0.000539095
0.000631194
0.000712348
0.000781345
0.000837897
0.000882587
0.00091668
0.00094187
0.000960002
0.000972853
0.000981938
0.000988415
0.000992929
0.000996133
-0.000722024
-0.000728781
-0.000736913
-0.000745691
-0.000756038
-0.000768751
-0.000783823
-0.00080052
-0.000817633
-0.000833849
-0.000848411
-0.000861856
-0.000876166
-0.000893951
-0.000917181
-0.00094644
-0.000981007
-0.00101947
-0.00106059
-0.00110374
-0.00114833
-0.00119255
-0.00123262
-0.0012626
-0.00127553
-0.00126518
-0.00122826
-0.00116486
-0.00107669
-0.000965219
-0.000831363
-0.000675614
-0.000500298
-0.000315083
-0.000133871
4.11348e-05
0.000228614
0.000447191
0.000733806
0.000809519
0.000711045
0.000664577
0.000655692
0.000620799
0.000565562
0.000492523
0.000400811
0.000295697
0.000185161
7.63306e-05
-2.5552e-05
-0.000115816
-0.000188431
-0.000241959
-0.000274498
-0.000285383
-0.000274995
-0.000244493
-0.000195573
-0.00013032
-5.112e-05
3.92931e-05
0.000137778
0.000240848
0.000344826
0.000446074
0.000541283
0.000627775
0.00070372
0.000768217
0.000821255
0.000863574
0.000896448
0.000921431
0.000940106
0.000953925
0.000964082
0.000971457
0.000976525
0.000979764
-0.000698892
-0.000703254
-0.000705022
-0.000706605
-0.000710512
-0.000718177
-0.000729753
-0.000744504
-0.000761194
-0.0007784
-0.000794999
-0.000810804
-0.000826877
-0.000845083
-0.000867113
-0.000893735
-0.000924634
-0.000958791
-0.000995149
-0.00103303
-0.00107178
-0.00110978
-0.00114377
-0.00116867
-0.00117842
-0.00116742
-0.00113233
-0.00107279
-0.000990391
-0.000887061
-0.000764417
-0.000623405
-0.000466002
-0.00030043
-0.00013818
1.86657e-05
0.000187454
0.000385001
0.000630488
0.000688505
0.000649664
0.00061225
0.000590358
0.000553144
0.000511207
0.000459404
0.000391844
0.000310723
0.000222383
0.000132593
4.57296e-05
-3.36732e-05
-0.000101124
-0.000153335
-0.000188053
-0.000203865
-0.000200266
-0.000177564
-0.000136748
-7.94457e-05
-7.8582e-06
7.52686e-05
0.000166672
0.000262721
0.00035968
0.000453982
0.000542531
0.000622941
0.000693686
0.000754112
0.000804365
0.000845182
0.000877694
0.000903207
0.000922986
0.00093815
0.000949591
0.00095795
0.000963566
0.000966773
-0.00067182
-0.000673228
-0.000668882
-0.000663618
-0.000660967
-0.000662837
-0.000669685
-0.000681035
-0.000695898
-0.000713014
-0.000731139
-0.000749539
-0.000768375
-0.000788589
-0.000811303
-0.000837186
-0.00086618
-0.000897628
-0.000930693
-0.000964722
-0.000999095
-0.00103246
-0.00106206
-0.00108361
-0.00109187
-0.00108185
-0.00105012
-0.000995823
-0.000920172
-0.000825252
-0.000713184
-0.000585379
-0.000443679
-0.000295036
-0.000148735
-6.93113e-06
0.000143794
0.000322298
0.000531324
0.000599079
0.000591461
0.000557777
0.000526332
0.000492003
0.000463411
0.000429419
0.000381087
0.000319057
0.000248526
0.000174437
0.000100565
3.10701e-05
-2.99472e-05
-7.88436e-05
-0.000113045
-0.000130691
-0.000130758
-0.000113047
-7.81384e-05
-2.7367e-05
3.72167e-05
0.000112941
0.00019662
0.00028475
0.000373797
0.000460489
0.00054207
0.000616485
0.000682466
0.000739512
0.000787775
0.000827872
0.000860693
0.00088724
0.000908454
0.000925139
0.000937923
0.000947254
0.000953359
0.00095646
-0.00063967
-0.000638101
-0.000628584
-0.000617332
-0.000608331
-0.000603858
-0.000604836
-0.000611311
-0.000622815
-0.000638496
-0.000657251
-0.000678036
-0.000700244
-0.000723845
-0.000749146
-0.000776392
-0.000805495
-0.000835995
-0.000867235
-0.000898624
-0.000929589
-0.000959033
-0.000984735
-0.00100318
-0.00101001
-0.00100083
-0.000972355
-0.00092336
-0.000854617
-0.000768098
-0.000666195
-0.000550698
-0.000423446
-0.000290348
-0.000158558
-3.07474e-05
0.000103744
0.000262876
0.000439052
0.000518669
0.000524735
0.000493546
0.000461165
0.000434831
0.000418915
0.000399369
0.000366452
0.000320034
0.000264544
0.000204305
0.000142567
8.30907e-05
2.9688e-05
-1.4148e-05
-4.57282e-05
-6.30143e-05
-6.47172e-05
-5.03543e-05
-2.02466e-05
2.45098e-05
8.20829e-05
0.000150017
0.000225388
0.000305025
0.000385769
0.000464741
0.000539557
0.000608454
0.000670339
0.000724752
0.000771746
0.000811731
0.00084532
0.000873192
0.000895984
0.000914225
0.00092832
0.000938557
0.000945074
0.000948003
-0.000602384
-0.000598341
-0.000585023
-0.000568947
-0.000554088
-0.00054301
-0.000537216
-0.00053748
-0.000544063
-0.000556739
-0.000574779
-0.000597098
-0.000622562
-0.000650271
-0.000679617
-0.000710152
-0.00074143
-0.000772908
-0.000803954
-0.000834006
-0.000862505
-0.000888559
-0.000910475
-0.000925563
-0.000930372
-0.000921283
-0.000895366
-0.000851256
-0.00078934
-0.000711319
-0.000619582
-0.000516122
-0.000402802
-0.000284765
-0.000166929
-5.30133e-05
6.55302e-05
0.000204299
0.00035364
0.00043573
0.000445646
0.000419595
0.000394471
0.000379349
0.000374681
0.000366803
0.000346701
0.000313761
0.000271792
0.000224548
0.000174799
0.000125799
8.09687e-05
4.32924e-05
1.56368e-05
-2.03192e-08
-2.30121e-06
9.45439e-06
3.51476e-05
7.39448e-05
0.000124325
0.000184181
0.000250992
0.000322027
0.000394578
0.000466181
0.000534783
0.000598843
0.00065736
0.000709827
0.00075613
0.000796435
0.000831066
0.000860402
0.0008848
0.000904557
0.00091989
0.000930955
0.000937815
0.000940539
-0.000560785
-0.000555098
-0.000539452
-0.000519835
-0.000499892
-0.000482371
-0.000469378
-0.000462493
-0.000462823
-0.0004709
-0.000486562
-0.000508946
-0.000536699
-0.000568295
-0.000602292
-0.000637434
-0.000672658
-0.000707041
-0.000739733
-0.000770042
-0.000797353
-0.000820906
-0.000839487
-0.000851221
-0.000853611
-0.000843954
-0.000819917
-0.000780246
-0.000725066
-0.000655734
-0.000574393
-0.000483014
-0.000383413
-0.000280291
-0.000176412
-7.70012e-05
2.51706e-05
0.000143763
0.000269972
0.000346872
0.000356861
0.000337849
0.000324651
0.000322506
0.000328827
0.000330959
0.000322145
0.000301548
0.000272334
0.00023767
0.00019978
0.000161387
0.000125412
9.44994e-05
7.13255e-05
5.77612e-05
5.52348e-05
6.45605e-05
8.58815e-05
0.000118676
0.000161804
0.000213592
0.000271989
0.000334743
0.000399598
0.000464468
0.000527576
0.000587533
0.000643357
0.000694443
0.000740484
0.000781393
0.000817215
0.000848058
0.000874035
0.000895238
0.000911731
0.000923557
0.000930719
0.000933236
-0.000516042
-0.000509605
-0.000492945
-0.000471056
-0.00044708
-0.000423823
-0.000403891
-0.000389612
-0.000382913
-0.000385118
-0.000396736
-0.000417347
-0.000445694
-0.00047997
-0.00051814
-0.000558212
-0.000598392
-0.000637206
-0.000673302
-0.000705641
-0.000733406
-0.000755858
-0.000772165
-0.000781161
-0.000781303
-0.000770861
-0.000748271
-0.00071263
-0.000663982
-0.000603344
-0.000532485
-0.000453134
-0.000366898
-0.000278078
-0.000189353
-0.000104109
-1.85069e-05
8.01495e-05
0.000185016
0.00025095
0.000259052
0.000250211
0.000252015
0.000264559
0.000282048
0.00029339
0.000294866
0.000285839
0.00026872
0.000246062
0.000219575
0.000191426
0.000164047
0.000139775
0.000120896
0.000109309
0.000106453
0.000113292
0.000130233
0.000157099
0.000193162
0.00023721
0.000287668
0.000342749
0.000400611
0.000459498
0.000517849
0.000574372
0.000628066
0.0006782
0.000724275
0.000765958
0.00080304
0.000835382
0.000862883
0.00088546
0.00090304
0.000915579
0.000923027
0.000925363
-0.000469132
-0.000462678
-0.000446021
-0.000423041
-0.000396326
-0.000368606
-0.000342799
-0.000321779
-0.000308135
-0.000303888
-0.000310215
-0.000327267
-0.000354156
-0.000389146
-0.000429962
-0.000474106
-0.000519063
-0.000562963
-0.000603563
-0.000639372
-0.000669201
-0.000692191
-0.000707698
-0.000715093
-0.000713673
-0.000702657
-0.000681322
-0.000649286
-0.000606696
-0.000554332
-0.000493582
-0.000425804
-0.000352386
-0.000277417
-0.000202554
-0.000131454
-6.29417e-05
1.59212e-05
0.000101358
0.000152843
0.000158012
0.000161841
0.000180348
0.000208457
0.000237272
0.000257078
0.000267896
0.000269532
0.000263513
0.000251837
0.000235744
0.000216908
0.00019731
0.000178935
0.000163833
0.000153835
0.000150425
0.000154724
0.000167392
0.000188597
0.000218012
0.000254872
0.00029805
0.000346185
0.000397801
0.000451423
0.000505665
0.0005593
0.000611288
0.000660771
0.000707061
0.000749603
0.000787951
0.000821749
0.000850702
0.000874574
0.000893179
0.000906395
0.000914135
0.00091634
-0.000420512
-0.000414515
-0.000398557
-0.000375542
-0.000347547
-0.00031711
-0.000287231
-0.000261054
-0.000241564
-0.000231262
-0.000231874
-0.000244134
-0.000267682
-0.000301151
-0.000342389
-0.000388763
-0.000437491
-0.000485446
-0.000530425
-0.000570192
-0.000603037
-0.000627802
-0.000643831
-0.000650833
-0.000648741
-0.000637584
-0.00061744
-0.000588521
-0.00055123
-0.000506241
-0.000454645
-0.000397396
-0.000335478
-0.000273277
-0.0002107
-0.000152681
-0.00010097
-4.21091e-05
2.69928e-05
6.32383e-05
6.52953e-05
8.26038e-05
0.000117369
0.000159591
0.000198684
0.000225557
0.000244366
0.000255171
0.000258657
0.000256378
0.000249184
0.000238295
0.000225303
0.000211926
0.000199953
0.000191147
0.000187029
0.000188855
0.000197515
0.000213487
0.000236815
0.000267136
0.000303736
0.000345633
0.000391677
0.000440638
0.000491279
0.000542423
0.000592988
0.000641995
0.00068858
0.000731985
0.000771552
0.000806723
0.000837035
0.000862117
0.000881684
0.000895554
0.000903603
0.000905739
-0.000370087
-0.000364762
-0.000349943
-0.000327809
-0.000300035
-0.000268901
-0.000237275
-0.000208282
-0.000184985
-0.000170079
-0.000165623
-0.000172818
-0.000191859
-0.000221908
-0.000261198
-0.000307243
-0.000357087
-0.0004075
-0.000455524
-0.000498449
-0.000534073
-0.000560867
-0.000578021
-0.000585386
-0.000583285
-0.000572341
-0.000553299
-0.000526935
-0.000493984
-0.000455118
-0.000411276
-0.000363138
-0.000311028
-0.000259574
-0.000207272
-0.00015979
-0.000121709
-8.11851e-05
-2.66867e-05
-2.03969e-06
-3.7443e-06
2.23633e-05
7.24995e-05
0.000124884
0.000170407
0.00020182
0.000226435
0.000244252
0.000255145
0.000260316
0.000260288
0.000255871
0.000248303
0.000239018
0.000229587
0.000221698
0.000216861
0.000216425
0.000221467
0.000232727
0.000250572
0.000275002
0.00030567
0.000341941
0.000382957
0.000427713
0.000475108
0.000524009
0.000573296
0.000621882
0.000668742
0.000712933
0.000753606
0.000790028
0.000821583
0.00084778
0.000868252
0.000882757
0.000891141
0.000893273
-0.000317389
-0.000312771
-0.000299358
-0.000278879
-0.000252742
-0.000222956
-0.000192106
-0.000163049
-0.000138635
-0.000121451
-0.000113622
-0.000116614
-0.00013107
-0.000156692
-0.000192219
-0.000235564
-0.00028388
-0.000333973
-0.000382558
-0.000426567
-0.000463416
-0.000491259
-0.000509082
-0.000516714
-0.000514674
-0.00050395
-0.000485754
-0.00046131
-0.000431677
-0.000397575
-0.000359907
-0.000319022
-0.000275568
-0.000232461
-0.000188219
-0.000147477
-0.0001161
-8.68031e-05
-4.53888e-05
-2.43433e-05
-2.8907e-05
-1.38576e-06
5.61473e-05
0.000109254
0.000154366
0.000186895
0.000214551
0.000236871
0.000252937
0.000263596
0.000269059
0.000269745
0.000266573
0.000260686
0.00025345
0.000246366
0.000240943
0.00023857
0.000240453
0.000247546
0.000260496
0.000279623
0.000304915
0.000336052
0.000372452
0.000413314
0.00045767
0.000504435
0.000552455
0.000600552
0.00064756
0.000692375
0.000733982
0.000771489
0.00080415
0.000831366
0.00085269
0.000867821
0.000876567
0.000878747
-0.000261843
-0.000257875
-0.000246051
-0.000227869
-0.000204599
-0.000178008
-0.00015032
-0.000123958
-0.000101334
-8.46848e-05
-7.59391e-05
-7.65866e-05
-8.75164e-05
-0.00010885
-0.000139827
-0.000178764
-0.000223242
-0.000270229
-0.000316444
-0.000358709
-0.000394286
-0.000421144
-0.000438134
-0.000445028
-0.000442402
-0.000431421
-0.000413561
-0.000390332
-0.000363041
-0.000332485
-0.000299641
-0.000264305
-0.000228282
-0.00019185
-0.000154226
-0.000117582
-8.62829e-05
-5.80164e-05
-2.37153e-05
6.70699e-07
-1.62372e-06
1.69354e-05
6.71024e-05
0.000109774
0.000148251
0.000179154
0.000207431
0.000231987
0.000251283
0.000265771
0.000275348
0.000280064
0.00028053
0.000277589
0.000272363
0.000266158
0.000260402
0.000256482
0.000255692
0.000259157
0.000267764
0.000282115
0.0003025
0.000328895
0.000360971
0.000398126
0.000439517
0.000484114
0.000530747
0.000578165
0.000625091
0.000670284
0.00071259
0.000750983
0.000784597
0.000812736
0.000834867
0.000850621
0.000859749
0.000862008
-0.000202987
-0.000199598
-0.00018953
-0.00017418
-0.000154783
-0.0001329
-0.000110371
-8.91105e-05
-7.09742e-05
-5.76853e-05
-5.07849e-05
-5.15587e-05
-6.09051e-05
-7.91543e-05
-0.000105891
-0.000139866
-0.000179043
-0.000220736
-0.000261919
-0.000299581
-0.000331075
-0.000354402
-0.000368433
-0.000372937
-0.000368508
-0.000356365
-0.000338085
-0.000315309
-0.000289484
-0.000261494
-0.000232428
-0.00020157
-0.000171441
-0.000141102
-0.000109954
-7.8211e-05
-4.81212e-05
-1.94131e-05
1.26427e-05
3.78308e-05
3.92997e-05
5.30999e-05
8.45444e-05
0.000115934
0.000146978
0.000175311
0.000202803
0.000228014
0.000249163
0.000266282
0.000278983
0.000286999
0.000290624
0.000290382
0.000287134
0.000281983
0.000276217
0.000271184
0.000268226
0.000268601
0.000273395
0.000283458
0.000299354
0.000321324
0.000349277
0.000382799
0.000421178
0.000463448
0.000508447
0.00055488
0.000601392
0.00064664
0.000689358
0.000728406
0.000762811
0.000791774
0.000814667
0.000831031
0.000840545
0.000842887
-0.000140597
-0.000137738
-0.000129619
-0.000117582
-0.000102856
-8.68255e-05
-7.09556e-05
-5.66454e-05
-4.51694e-05
-3.76783e-05
-3.5218e-05
-3.8706e-05
-4.88345e-05
-6.59254e-05
-8.96954e-05
-0.000119173
-0.000152666
-0.000187895
-0.000222236
-0.000253052
-0.000278027
-0.000295439
-0.000304344
-0.000304628
-0.000296933
-0.000282494
-0.000262891
-0.000239776
-0.00021462
-0.000188385
-0.000162252
-0.000135073
-0.00010994
-8.52843e-05
-6.08018e-05
-3.6229e-05
-1.24248e-05
9.848e-06
3.27334e-05
5.37629e-05
5.84913e-05
7.25694e-05
9.48814e-05
0.000119866
0.000146166
0.000172238
0.000198397
0.000223391
0.000245578
0.000264572
0.000279766
0.000290635
0.000297154
0.000299535
0.000298364
0.000294513
0.000289117
0.000283445
0.000278855
0.000276697
0.000278219
0.000284479
0.000296276
0.00031409
0.000338049
0.000367922
0.000403133
0.000442803
0.000485807
0.000530846
0.000576526
0.000621439
0.000664235
0.000703678
0.000738689
0.000768359
0.000791946
0.000808883
0.000818753
0.000821146
-7.47058e-05
-7.23582e-05
-6.64364e-05
-5.81731e-05
-4.8773e-05
-3.94268e-05
-3.12405e-05
-2.51357e-05
-2.18457e-05
-2.19724e-05
-2.60456e-05
-3.45296e-05
-4.77705e-05
-6.58467e-05
-8.84378e-05
-0.000114653
-0.000143044
-0.000171701
-0.000198465
-0.000221212
-0.000238118
-0.000247915
-0.000250014
-0.000244541
-0.000232271
-0.000214468
-0.000192677
-0.000168482
-0.000143287
-0.00011804
-9.37603e-05
-7.05279e-05
-4.929e-05
-2.95784e-05
-1.11071e-05
6.45809e-06
2.2857e-05
3.77022e-05
5.21854e-05
6.55076e-05
7.29059e-05
8.49575e-05
0.000101926
0.000122087
0.000144524
0.00016809
0.000192555
0.000216878
0.000239634
0.000260081
0.000277425
0.000290915
0.000300219
0.000305269
0.000306362
0.000304139
0.000299544
0.000293765
0.000288135
0.000284053
0.00028288
0.000285839
0.000293924
0.000307822
0.000327863
0.000353998
0.000385801
0.000422509
0.000463072
0.000506229
0.000550592
0.000594722
0.000637214
0.000676746
0.000712133
0.000742343
0.000766507
0.000783925
0.000794075
0.000796456
-5.58114e-06
-3.73984e-06
-3.18693e-07
3.69794e-06
7.21082e-06
9.26293e-06
9.10501e-06
6.24536e-06
4.19422e-07
-8.49453e-06
-2.05518e-05
-3.57487e-05
-5.40006e-05
-7.50423e-05
-9.83136e-05
-0.000122862
-0.000147359
-0.000170195
-0.000189665
-0.000204188
-0.00021253
-0.000213982
-0.000208421
-0.000196315
-0.000178641
-0.000156731
-0.000132104
-0.000106253
-8.04846e-05
-5.57201e-05
-3.28764e-05
-1.23837e-05
5.41018e-06
2.08337e-05
3.41258e-05
4.564e-05
5.55112e-05
6.40428e-05
7.19841e-05
7.92285e-05
8.50798e-05
9.36605e-05
0.000105767
0.000121415
0.00014017
0.000161117
0.000183823
0.000207364
0.000230474
0.000252194
0.000271541
0.000287568
0.000299666
0.000307528
0.000311155
0.000310957
0.000307689
0.000302413
0.000296404
0.000291065
0.000287821
0.00028801
0.000292778
0.000302991
0.000319164
0.000341433
0.000369543
0.000402876
0.000440502
0.000481243
0.000523755
0.000566606
0.000608352
0.000647599
0.000683054
0.000713555
0.000738088
0.000755819
0.000766118
0.000768398
6.62825e-05
6.76268e-05
6.82157e-05
6.75129e-05
6.46411e-05
5.89386e-05
5.00198e-05
3.77803e-05
2.23519e-05
4.01578e-06
-1.68907e-05
-3.9905e-05
-6.45057e-05
-9.00203e-05
-0.000115565
-0.00014002
-0.000162079
-0.000180353
-0.000193538
-0.000200584
-0.000200856
-0.00019422
-0.000181066
-0.00016225
-0.000138983
-0.000112704
-8.49349e-05
-5.7094e-05
-3.03975e-05
-5.71564e-06
1.61978e-05
3.46126e-05
4.96204e-05
6.14579e-05
7.04107e-05
7.69185e-05
8.13245e-05
8.42405e-05
8.64372e-05
8.84591e-05
9.08838e-05
9.56659e-05
0.000103725
0.000115591
0.000131059
0.000149598
0.00017076
0.000193687
0.000217194
0.00024019
0.000261541
0.000280149
0.000295164
0.00030607
0.000312582
0.000314885
0.000313533
0.00030944
0.000303776
0.0002979
0.000293249
0.000291228
0.000293095
0.000299864
0.000312228
0.000330509
0.000354645
0.000384196
0.000418389
0.000456167
0.000496268
0.000537293
0.000577782
0.000616277
0.000651381
0.000681801
0.000706387
0.000724171
0.000734428
0.00073651
0.000140107
0.000140984
0.000138443
0.000132606
0.000122939
0.000109142
9.12048e-05
6.93817e-05
4.41421e-05
1.61366e-05
-1.40503e-05
-4.54622e-05
-7.71883e-05
-0.000108152
-0.00013713
-0.000162797
-0.000183812
-0.000198959
-0.00020728
-0.000208203
-0.000201631
-0.000187972
-0.000168095
-0.000143228
-0.000114828
-8.44578e-05
-5.3648e-05
-2.37741e-05
4.01317e-06
2.88794e-05
5.02202e-05
6.71804e-05
8.00387e-05
8.9047e-05
9.45346e-05
9.70142e-05
9.70694e-05
9.54311e-05
9.29292e-05
9.05271e-05
8.91697e-05
9.02826e-05
9.47848e-05
0.000103253
0.000115893
0.000132379
0.000152292
0.000174848
0.000198911
0.000223308
0.000246789
0.000268123
0.000286265
0.000300533
0.000310354
0.000315687
0.000316892
0.000314696
0.000310129
0.000304459
0.000299089
0.000295443
0.000294856
0.000298466
0.000307131
0.000321366
0.000341311
0.000366732
0.000397039
0.00043133
0.00046845
0.000507059
0.000545698
0.000582861
0.000617063
0.000646899
0.000671097
0.000688583
0.000698565
0.000700358
0.000214734
0.000215183
0.0002093
0.000198059
0.000181349
0.000159271
0.000132206
0.000100744
6.56269e-05
2.77671e-05
-1.16593e-05
-5.16247e-05
-9.07876e-05
-0.000127693
-0.00016081
-0.000188626
-0.000209772
-0.000223176
-0.000228181
-0.000224621
-0.000212864
-0.000193773
-0.000168614
-0.000138928
-0.000106384
-7.26582e-05
-3.92993e-05
-7.65897e-06
2.1156e-05
4.63283e-05
6.73533e-05
8.33319e-05
9.4631e-05
0.000101503
0.000104315
0.000103642
0.000100229
9.49532e-05
8.88029e-05
8.28287e-05
7.8173e-05
7.60471e-05
7.74727e-05
8.32439e-05
9.36584e-05
0.000108612
0.000127705
0.00015022
0.000175081
0.000201074
0.000226872
0.00025115
0.000272714
0.000290619
0.00030416
0.00031306
0.000317446
0.000317838
0.000315098
0.000310363
0.000304959
0.000300296
0.000297751
0.000298562
0.000303736
0.000313975
0.00032963
0.000350681
0.000376737
0.000407069
0.000440648
0.000476214
0.000512331
0.000547473
0.000580096
0.000608715
0.000631979
0.000648747
0.000658193
0.000659633
0.000288507
0.000288584
0.000279284
0.000262581
0.000238823
0.000208504
0.000172395
0.000131442
8.65926e-05
3.91631e-05
-9.50135e-06
-5.79438e-05
-0.000104521
-0.000147478
-0.00018505
-0.000215597
-0.000237766
-0.000250635
-0.000253809
-0.000247469
-0.000232355
-0.000209672
-0.000180983
-0.000148054
-0.000112707
-7.66883e-05
-4.15661e-05
-8.68445e-06
2.08744e-05
4.62975e-05
6.71218e-05
8.24457e-05
9.26618e-05
9.79982e-05
9.88647e-05
9.58671e-05
8.98466e-05
8.17857e-05
7.2736e-05
6.39292e-05
5.66511e-05
5.20951e-05
5.12869e-05
5.51078e-05
6.40115e-05
7.79963e-05
9.67465e-05
0.000119605
0.00014556
0.000173383
0.000201699
0.000229108
0.000254314
0.000276158
0.000293786
0.000306699
0.000314795
0.000318377
0.000318111
0.000314982
0.000310209
0.000305151
0.0003012
0.000299666
0.000301685
0.000308129
0.000319548
0.000336129
0.000357683
0.000383658
0.000413167
0.000445047
0.000477917
0.000510267
0.00054054
0.000567224
0.000588939
0.000604531
0.000613186
0.000614246
0.000359184
0.000358949
0.000346336
0.000324383
0.000293888
0.00025566
0.000210843
0.000160652
0.000106566
4.99477e-05
-7.53293e-06
-6.40738e-05
-0.00011774
-0.000166542
-0.000208562
-0.000242116
-0.000265924
-0.000279237
-0.000281905
-0.000274387
-0.000257698
-0.000233289
-0.000202906
-0.000168441
-0.000131787
-9.47181e-05
-5.88063e-05
-2.53858e-05
4.46657e-06
2.99269e-05
5.05394e-05
6.54119e-05
7.49047e-05
7.92244e-05
7.87857e-05
7.4232e-05
6.64537e-05
5.64763e-05
4.54826e-05
3.47757e-05
2.56573e-05
1.93894e-05
1.711e-05
1.97076e-05
2.77129e-05
4.12735e-05
6.01273e-05
8.36779e-05
0.000110969
0.00014079
0.000171749
0.000202383
0.000231333
0.000257273
0.000279186
0.000296382
0.00030854
0.000315747
0.000318469
0.000317519
0.000313988
0.00030916
0.000304408
0.000301085
0.00030042
0.000303427
0.000310825
0.00032299
0.000339921
0.000361239
0.000386206
0.000413781
0.000442673
0.000471436
0.000498557
0.000522562
0.000542106
0.000556077
0.000563717
0.000564419
0.000423947
0.000423454
0.00040782
0.000381113
0.000344579
0.000299099
0.00024634
0.000187776
0.000125054
5.99329e-05
-5.64164e-06
-6.95783e-05
-0.000129697
-0.000183837
-0.000230015
-0.000266581
-0.000292383
-0.000306869
-0.000310117
-0.000302814
-0.000286161
-0.00026175
-0.000231408
-0.000197058
-0.000160588
-0.000123749
-8.80903e-05
-5.49311e-05
-2.53442e-05
-1.79388e-07
2.00945e-05
3.45893e-05
4.36063e-05
4.73166e-05
4.61149e-05
4.06666e-05
3.18778e-05
2.08286e-05
8.73034e-06
-3.07155e-06
-1.31785e-05
-2.03093e-05
-2.33321e-05
-2.12769e-05
-1.35445e-05
8.208e-08
1.9416e-05
4.39124e-05
7.26775e-05
0.000104534
0.000138101
0.000171889
0.000204455
0.00023439
0.000260538
0.000282034
0.000298367
0.000309419
0.000315458
0.000317124
0.000315364
0.000311362
0.000306443
0.000301959
0.000299195
0.000299258
0.000303001
0.000310951
0.000323272
0.000339749
0.000359802
0.000382531
0.00040678
0.000431218
0.000454443
0.000475084
0.000491898
0.000503869
0.000510331
0.000510749
0.000479557
0.000478829
0.000460626
0.000429858
0.000387967
0.000336651
0.000277188
0.000211409
0.000141251
6.87981e-05
-3.71598e-06
-7.39396e-05
-0.000139499
-0.00019814
-0.000247883
-0.000287186
-0.000315073
-0.000331197
-0.000335844
-0.000329872
-0.00031459
-0.000291638
-0.000262839
-0.000230064
-0.00019513
-0.000159719
-0.000125326
-9.32393e-05
-6.4527e-05
-4.00581e-05
-2.03497e-05
-6.26083e-06
2.42395e-06
5.82728e-06
4.31572e-06
-1.45397e-06
-1.0576e-05
-2.19698e-05
-3.43851e-05
-4.64501e-05
-5.67767e-05
-6.40545e-05
-6.71117e-05
-6.49833e-05
-5.70351e-05
-4.29869e-05
-2.29545e-05
2.56433e-06
3.2742e-05
6.64487e-05
0.000102338
0.000138937
0.000174718
0.00020825
0.000238277
0.000263793
0.00028413
0.000298987
0.000308455
0.000312999
0.000313416
0.000310768
0.000306293
0.000301304
0.000297088
0.000294796
0.000295364
0.00029943
0.000307293
0.000318888
0.000333799
0.000351293
0.000370385
0.000389916
0.000408656
0.000425398
0.000439059
0.000448765
0.000453975
0.000454229
0.000522582
0.00052158
0.000501402
0.000467673
0.000422014
0.000366024
0.000301378
0.000230029
0.000154141
7.60622e-05
-1.71681e-06
-7.66379e-05
-0.000146203
-0.00020813
-0.000260516
-0.000301982
-0.000331752
-0.000349684
-0.000356237
-0.000352378
-0.000339461
-0.000319093
-0.000293019
-0.000262996
-0.000230718
-0.000197758
-0.000165528
-0.000135266
-0.000108023
-8.46858e-05
-6.58288e-05
-5.22503e-05
-4.38483e-05
-4.05495e-05
-4.20188e-05
-4.76341e-05
-5.65144e-05
-6.75874e-05
-7.96234e-05
-9.12625e-05
-0.000101122
-0.000107908
-0.000110467
-0.000107834
-9.93549e-05
-8.47199e-05
-6.3988e-05
-3.75986e-05
-6.32035e-06
2.87837e-05
6.64194e-05
0.000105141
0.000143439
0.000179859
0.000213087
0.000242032
0.000265901
0.000284251
0.000297014
0.000304491
0.000307322
0.000306427
0.000302925
0.000298045
0.000293023
0.000289004
0.00028695
0.000287572
0.00029127
0.000298117
0.00030786
0.000319954
0.000333617
0.000347911
0.000361824
0.000374366
0.000384654
0.000391989
0.00039597
0.000396217
0.000549718
0.000548396
0.000526956
0.000491389
0.000443402
0.000384586
0.000316747
0.000241961
0.000162565
8.11081e-05
2.6746e-07
-7.72675e-05
-0.000148955
-0.000212567
-0.000266336
-0.000309075
-0.000340218
-0.000359805
-0.000368421
-0.00036709
-0.000357143
-0.000340098
-0.00031756
-0.000291127
-0.000262334
-0.000232613
-0.000203271
-0.000175474
-0.000150235
-0.00012845
-0.00011076
-9.78456e-05
-8.97518e-05
-8.64448e-05
-8.76298e-05
-9.27319e-05
-0.000100917
-0.000111154
-0.000122254
-0.000132905
-0.000141778
-0.00014762
-0.000149315
-0.000145931
-0.000136822
-0.000121662
-0.00010047
-7.36204e-05
-4.18211e-05
-6.05492e-06
3.24597e-05
7.23474e-05
0.000112155
0.000150441
0.00018589
0.000217368
0.000244008
0.000265259
0.000280922
0.000291147
0.000296414
0.000297486
0.000295336
0.000291067
0.000285821
0.000280682
0.000276597
0.000274304
0.000274279
0.000276711
0.000281511
0.00028833
0.000296613
0.000305668
0.000314733
0.000323065
0.000330004
0.00033504
0.000337917
0.000338317
0.000558094
0.000556376
0.000534403
0.000498252
0.000449603
0.000390013
0.000321308
0.000245625
0.000165395
8.32786e-05
2.04349e-06
-7.55925e-05
-0.000147136
-0.000210486
-0.000264064
-0.000306888
-0.000338587
-0.000359352
-0.000369842
-0.000371075
-0.000364306
-0.000350916
-0.000332334
-0.000309968
-0.00028517
-0.000259212
-0.000233271
-0.000208424
-0.000185633
-0.000165775
-0.000149552
-0.000137489
-0.000129789
-0.000126447
-0.000127211
-0.000131564
-0.000138739
-0.00014777
-0.000157543
-0.000166827
-0.000174377
-0.000179015
-0.000179693
-0.000175534
-0.000165921
-0.000150528
-0.000129344
-0.000102685
-7.11799e-05
-3.57224e-05
2.57026e-06
4.24254e-05
8.24793e-05
0.000121365
0.000157796
0.000190655
0.000219041
0.000242335
0.000260234
0.000272757
0.00028023
0.000283249
0.000282623
0.000279299
0.000274287
0.000268574
0.000263053
0.000258451
0.000255291
0.000253863
0.000254226
0.000256226
0.000259539
0.000263722
0.000268274
0.0002727
0.000276567
0.00027955
0.000281524
0.000282207
0.000545622
0.000543419
0.000521686
0.000486279
0.000438757
0.000380602
0.000313583
0.00023982
0.000161746
8.20186e-05
3.37314e-06
-7.15607e-05
-0.000140435
-0.000201343
-0.000252926
-0.000294412
-0.000325594
-0.000346765
-0.000358609
-0.000362086
-0.000358328
-0.000348548
-0.000333973
-0.000315804
-0.000295196
-0.000273252
-0.00025101
-0.000229437
-0.000209423
-0.00019181
-0.000177263
-0.000166283
-0.000159111
-0.000155781
-0.000156088
-0.000159583
-0.000165576
-0.000173193
-0.00018142
-0.000189141
-0.000195223
-0.000198595
-0.000198299
-0.000193539
-0.000183741
-0.000168594
-0.000148068
-0.000122421
-9.21925e-05
-5.81718e-05
-2.13533e-05
1.71003e-05
5.59737e-05
9.40127e-05
0.000130011
0.000162896
0.000191781
0.00021602
0.000235237
0.000249344
0.000258526
0.000263215
0.000264047
0.000261801
0.000257333
0.000251505
0.000245124
0.000238882
0.000233321
0.000228805
0.00022552
0.000223489
0.000222599
0.000222639
0.000223351
0.000224471
0.00022577
0.000227085
0.0002284
0.000229432
0.000511295
0.000508545
0.000487851
0.000454547
0.000409997
0.000355556
0.000292876
0.000223972
0.000151172
7.70074e-05
4.04716e-06
-6.52837e-05
-0.000128877
-0.000185076
-0.000232758
-0.000271347
-0.000300764
-0.000321354
-0.000333773
-0.000338883
-0.000337658
-0.00033112
-0.000320285
-0.000306143
-0.000289652
-0.000271739
-0.000253292
-0.000235158
-0.000218132
-0.000202986
-0.000190328
-0.000180638
-0.000174156
-0.000170945
-0.000170845
-0.000173478
-0.000178247
-0.000184387
-0.000191008
-0.000197134
-0.000201771
-0.000203976
-0.000202908
-0.000197865
-0.000188337
-0.000174038
-0.000154923
-0.000131198
-0.000103306
-7.19113e-05
-3.78622e-05
-2.25508e-06
3.39341e-05
6.95962e-05
0.000103638
0.000135067
0.00016305
0.00018695
0.000206358
0.000221103
0.000231253
0.000237094
0.000239095
0.000237867
0.000234102
0.000228526
0.00022184
0.000214678
0.000207573
0.000200932
0.000195037
0.00019005
0.00018603
0.000182961
0.000180785
0.000179428
0.000178829
0.000178949
0.000179846
0.000181223
0.000455337
0.000452056
0.000433221
0.000403376
0.000363628
0.000315151
0.000259425
0.00019827
0.000133794
6.82711e-05
3.97917e-06
-5.69666e-05
-0.000112773
-0.000162076
-0.000203993
-0.000238117
-0.000264461
-0.000283369
-0.000295426
-0.000301362
-0.000301977
-0.000298088
-0.0002905
-0.000279998
-0.000267349
-0.000253301
-0.000238589
-0.00022393
-0.000210001
-0.000197471
-0.000186891
-0.000178673
-0.000173054
-0.000170107
-0.000169713
-0.000171564
-0.000175166
-0.000179878
-0.000184954
-0.000189574
-0.000192905
-0.000194153
-0.000192611
-0.000187686
-0.000178943
-0.000166131
-0.000149202
-0.000128308
-0.000103802
-7.62052e-05
-4.61364e-05
-1.4824e-05
1.72242e-05
4.89916e-05
7.95301e-05
0.000107974
0.000133577
0.000155749
0.000174081
0.000188358
0.000198562
0.000204856
0.000207565
0.00020714
0.00020412
0.000199087
0.000192628
0.000185298
0.00017759
0.000169923
0.000162629
0.000155958
0.000150088
0.000145141
0.000141199
0.000138327
0.00013658
0.000135997
0.000136681
0.00013833
0.000379242
0.000375557
0.000359413
0.000334332
0.000301128
0.00026074
0.000214405
0.000163664
0.000110291
5.61882e-05
3.23414e-06
-4.68551e-05
-9.2656e-05
-0.000133117
-0.000167587
-0.000195797
-0.000217808
-0.000233931
-0.000244643
-0.000250518
-0.000252171
-0.000250217
-0.000245261
-0.00023789
-0.000228687
-0.000218229
-0.000207092
-0.000195851
-0.000185054
-0.000175244
-0.000166873
-0.000160294
-0.00015571
-0.000153191
-0.000152653
-0.000153856
-0.000156416
-0.000159825
-0.000163492
-0.00016677
-0.000169
-0.000169553
-0.000167867
-0.00016347
-0.000156014
-0.000145295
-0.000131262
-0.000114029
-9.38692e-05
-7.12199e-05
-4.66979e-05
-2.05612e-05
6.07954e-06
3.2553e-05
5.81328e-05
8.21195e-05
0.000103891
0.000122941
0.000138902
0.000151551
0.000160818
0.000166781
0.000169645
0.000169726
0.00016742
0.000163172
0.000157446
0.000150698
0.000143358
0.000135811
0.000128392
0.000121382
0.000115013
0.000109477
0.000104935
0.000101523
9.93572e-05
9.8514e-05
9.91239e-05
0.000100896
0.000285667
0.000281827
0.000269252
0.000250145
0.000225037
0.000194602
0.000159771
0.000121715
8.17841e-05
4.14066e-05
1.98032e-06
-3.52419e-05
-6.92364e-05
-9.92683e-05
-0.0001249
-0.000145972
-0.000162554
-0.00017489
-0.000183333
-0.000188286
-0.000190179
-0.000189436
-0.000186472
-0.000181695
-0.00017551
-0.000168327
-0.000160559
-0.000152631
-0.000144948
-0.000137907
-0.000131851
-0.000127043
-0.000123642
-0.000121705
-0.000121176
-0.000121883
-0.00012355
-0.000125811
-0.00012824
-0.000130368
-0.000131721
-0.000131844
-0.00013033
-0.000126838
-0.000121115
-0.000113008
-0.000102476
-8.95913e-05
-7.45452e-05
-5.76455e-05
-3.92787e-05
-1.97986e-05
1.72493e-07
2.00909e-05
3.9415e-05
5.76269e-05
7.42512e-05
8.89026e-05
0.000101289
0.000111219
0.000118609
0.000123482
0.000125958
0.000126241
0.0001246
0.000121349
0.000116823
0.000111367
0.000105315
9.89793e-05
9.26462e-05
8.65696e-05
8.09723e-05
7.60496e-05
7.1973e-05
6.88928e-05
6.69345e-05
6.61732e-05
6.67583e-05
6.84375e-05
0.000178127
0.000174707
0.000166601
0.000154575
0.000138861
0.000119875
9.8198e-05
7.45687e-05
4.98327e-05
2.48787e-05
5.65002e-07
-2.23489e-05
-4.32538e-05
-6.17215e-05
-7.75069e-05
-9.05293e-05
-0.000100843
-0.000108604
-0.000114024
-0.000117343
-0.000118808
-0.000118669
-0.000117161
-0.000114523
-0.000110991
-0.000106813
-0.000102238
-9.75263e-05
-9.29305e-05
-8.86925e-05
-8.50203e-05
-8.20802e-05
-7.99684e-05
-7.87233e-05
-7.83137e-05
-7.86365e-05
-7.9526e-05
-8.07625e-05
-8.20891e-05
-8.3225e-05
-8.38848e-05
-8.37951e-05
-8.27103e-05
-8.04254e-05
-7.67875e-05
-7.17044e-05
-6.51492e-05
-5.71619e-05
-4.78497e-05
-3.73897e-05
-2.60141e-05
-1.39745e-05
-1.59773e-06
1.07807e-05
2.28212e-05
3.42079e-05
4.46356e-05
5.38667e-05
6.17154e-05
6.80508e-05
7.28062e-05
7.59821e-05
7.76395e-05
7.78922e-05
7.6896e-05
7.48373e-05
7.19217e-05
6.83631e-05
6.43751e-05
6.01633e-05
5.59197e-05
5.18199e-05
4.80226e-05
4.46707e-05
4.18921e-05
3.97988e-05
3.8484e-05
3.79969e-05
3.84806e-05
3.97859e-05
6.04787e-05
5.90965e-05
5.62851e-05
5.2163e-05
4.67758e-05
4.02668e-05
3.28402e-05
2.47529e-05
1.6299e-05
7.78454e-06
-4.97423e-07
-8.29107e-06
-1.53947e-05
-2.16697e-05
-2.70396e-05
-3.14835e-05
-3.50245e-05
-3.77173e-05
-3.9635e-05
-4.08534e-05
-4.1456e-05
-4.15244e-05
-4.1131e-05
-4.03493e-05
-3.92548e-05
-3.79288e-05
-3.64508e-05
-3.49096e-05
-3.33902e-05
-3.1973e-05
-3.07287e-05
-2.97104e-05
-2.89537e-05
-2.84718e-05
-2.82553e-05
-2.82701e-05
-2.84626e-05
-2.87607e-05
-2.90806e-05
-2.93306e-05
-2.94184e-05
-2.92551e-05
-2.87616e-05
-2.78723e-05
-2.65388e-05
-2.47322e-05
-2.24455e-05
-1.96948e-05
-1.65121e-05
-1.29511e-05
-9.11481e-06
-5.06511e-06
-8.84713e-07
3.30749e-06
7.39359e-06
1.12717e-05
1.48281e-05
1.79773e-05
2.06744e-05
2.28604e-05
2.45116e-05
2.56263e-05
2.62228e-05
2.63371e-05
2.60202e-05
2.53335e-05
2.43455e-05
2.31288e-05
2.17566e-05
2.03e-05
1.88263e-05
1.73973e-05
1.60699e-05
1.48968e-05
1.39247e-05
1.31927e-05
1.27353e-05
1.25626e-05
1.27352e-05
1.32558e-05
)
;

boundaryField
{
    lowerWall
    {
        type            fixedFluxPressure;
        gradient        uniform 0;
        value           nonuniform List<scalar> 
80
(
15792.8
15792.6
15791.5
15789.3
15785.9
15781.7
15777.1
15772.1
15767
15761.7
15756.5
15751.5
15746.8
15742.6
15739.1
15736.4
15734.6
15734
15734.6
15736.5
15739.7
15744.3
15750.3
15757.7
15766.4
15776.6
15788
15800.6
15814.1
15828.2
15842.7
15857.2
15871.5
15885
15897.4
15908.5
15917.8
15925.1
15930.3
15933.1
15933.6
15931.6
15927.3
15920.8
15912.4
15902.3
15890.7
15878.1
15864.7
15851
15837.2
15823.7
15810.8
15798.7
15787.7
15777.9
15769.5
15762.4
15756.6
15752
15748.7
15746.6
15745.5
15745.5
15746.5
15748.5
15751.4
15755
15759.3
15764
15769
15774.1
15779.1
15783.9
15788.4
15792.3
15795.4
15797.6
15798.5
15798.5
)
;
    }
    rightWall
    {
        type            zeroGradient;
    }
    atmosphere
    {
        type            totalPressure;
        rho             rho;
        psi             none;
        gamma           1;
        p0              uniform 0;
        value           nonuniform List<scalar> 
80
(
-4.93968e-07
-2.01127e-07
-2.05952e-07
-2.18952e-07
-2.37303e-07
-2.61562e-07
-2.92293e-07
-3.30026e-07
-3.75356e-07
-4.2878e-07
-4.90892e-07
-5.62058e-07
-6.42636e-07
-7.3254e-07
-8.31702e-07
-9.4042e-07
-1.05903e-06
-1.1871e-06
-1.32488e-06
-1.475e-06
-1.63676e-06
-1.80483e-06
-1.97501e-06
-2.13937e-06
-2.29148e-06
-2.4252e-06
-2.53695e-06
-2.62392e-06
-2.68379e-06
-2.71492e-06
-2.71549e-06
-2.68618e-06
-2.62712e-06
-2.53911e-06
-2.42478e-06
-2.28538e-06
-2.12515e-06
-1.94676e-06
-1.75458e-06
-1.55248e-06
-1.34529e-06
-1.13742e-06
-9.3373e-07
-7.39081e-07
-5.58228e-07
-3.95741e-07
-2.55961e-07
-1.42961e-07
-6.05234e-08
-1.21206e-08
0
0
0
0
0
0
0
0
0
0
0
0
0
0
0
0
0
0
0
0
0
0
0
0
0
0
0
0
0
0
)
;
    }
    leftWall
    {
        type            zeroGradient;
    }
    frontAndBack
    {
        type            empty;
    }
}


// ************************************************************************* //
