/*--------------------------------*- C++ -*----------------------------------*\
| =========                 |                                                 |
| \\      /  F ield         | OpenFOAM: The Open Source CFD Toolbox           |
|  \\    /   O peration     | Version:  2412                                  |
|   \\  /    A nd           | Website:  www.openfoam.com                      |
|    \\/     M anipulation  |                                                 |
\*---------------------------------------------------------------------------*/
FoamFile
{
    version     2.0;
    format      ascii;
    arch        "LSB;label=32;scalar=64";
    class       volScalarField;
    location    "1.2";
    object      p;
}
// * * * * * * * * * * * * * * * * * * * * * * * * * * * * * * * * * * * * * //

dimensions      [1 -1 -2 0 0 0 0];

internalField   nonuniform List<scalar> 
6400
(
7692.1
7691.66
7690.8
7689.51
7687.78
7685.59
7682.93
7679.75
7676.06
7671.82
7667
7661.61
7655.63
7649.06
7641.92
7634.23
7626.02
7617.37
7608.34
7599.03
7589.54
7580
7570.54
7561.31
7552.45
7544.11
7536.43
7529.53
7523.51
7518.43
7514.32
7511.19
7508.96
7507.56
7506.85
7506.69
7506.91
7507.34
7507.84
7508.3
7508.64
7508.86
7509
7509.14
7509.42
7509.99
7511
7512.62
7514.97
7518.14
7522.2
7527.16
7533.02
7539.7
7547.14
7555.21
7563.79
7572.74
7581.93
7591.2
7600.43
7609.5
7618.3
7626.74
7634.75
7642.27
7649.26
7655.68
7661.53
7666.81
7671.53
7675.68
7679.31
7682.41
7685.03
7687.18
7688.87
7690.13
7690.98
7691.41
7305.54
7305.11
7304.25
7302.97
7301.26
7299.08
7296.43
7293.27
7289.59
7285.35
7280.55
7275.15
7269.15
7262.55
7255.37
7247.62
7239.34
7230.6
7221.47
7212.04
7202.41
7192.73
7183.13
7173.76
7164.77
7156.31
7148.53
7141.56
7135.5
7130.42
7126.36
7123.3
7121.2
7119.95
7119.43
7119.46
7119.87
7120.47
7121.1
7121.62
7121.99
7122.15
7122.18
7122.18
7122.28
7122.66
7123.5
7124.95
7127.17
7130.25
7134.25
7139.21
7145.09
7151.83
7159.35
7167.53
7176.24
7185.33
7194.65
7204.05
7213.42
7222.6
7231.51
7240.04
7248.13
7255.7
7262.73
7269.19
7275.06
7280.34
7285.05
7289.2
7292.81
7295.91
7298.51
7300.64
7302.32
7303.58
7304.42
7304.85
6919.39
6918.96
6918.12
6916.87
6915.18
6913.05
6910.43
6907.31
6903.67
6899.46
6894.66
6889.26
6883.25
6876.6
6869.34
6861.49
6853.08
6844.16
6834.83
6825.16
6815.27
6805.31
6795.42
6785.75
6776.49
6767.78
6759.79
6752.67
6746.52
6741.42
6737.42
6734.51
6732.63
6731.66
6731.46
6731.83
6732.57
6733.45
6734.3
6734.95
6735.34
6735.43
6735.28
6735.03
6734.83
6734.88
6735.4
6736.58
6738.56
6741.47
6745.39
6750.33
6756.28
6763.15
6770.86
6779.27
6788.23
6797.6
6807.2
6816.88
6826.5
6835.92
6845.03
6853.74
6861.96
6869.64
6876.74
6883.25
6889.14
6894.43
6899.13
6903.25
6906.83
6909.89
6912.45
6914.55
6916.2
6917.43
6918.26
6918.68
6533.64
6533.22
6532.41
6531.2
6529.56
6527.49
6524.94
6521.89
6518.3
6514.14
6509.38
6504
6497.96
6491.26
6483.9
6475.9
6467.29
6458.13
6448.48
6438.45
6428.17
6417.78
6407.43
6397.31
6387.61
6378.5
6370.17
6362.79
6356.47
6351.33
6347.41
6344.7
6343.13
6342.58
6342.86
6343.74
6344.97
6346.3
6347.47
6348.33
6348.75
6348.72
6348.31
6347.68
6347.02
6346.59
6346.63
6347.38
6349.02
6351.71
6355.51
6360.46
6366.52
6373.62
6381.63
6390.41
6399.79
6409.59
6419.62
6429.73
6439.74
6449.51
6458.93
6467.89
6476.31
6484.14
6491.35
6497.91
6503.83
6509.11
6513.77
6517.85
6521.37
6524.36
6526.86
6528.9
6530.5
6531.69
6532.49
6532.9
6148.26
6147.86
6147.09
6145.94
6144.38
6142.4
6139.95
6136.99
6133.5
6129.43
6124.73
6119.37
6113.33
6106.57
6099.09
6090.9
6082.03
6072.54
6062.48
6051.96
6041.13
6030.14
6019.16
6008.4
5998.08
5988.4
5979.57
5971.8
5965.24
5960.01
5956.18
5953.73
5952.59
5952.61
5953.57
5955.18
5957.13
5959.09
5960.75
5961.89
5962.37
5962.16
5961.37
5960.17
5958.85
5957.72
5957.09
5957.24
5958.43
5960.8
5964.47
5969.45
5975.7
5983.14
5991.6
6000.91
6010.88
6021.29
6031.94
6042.62
6053.17
6063.43
6073.25
6082.55
6091.23
6099.25
6106.58
6113.21
6119.14
6124.39
6129
6133
6136.43
6139.33
6141.73
6143.68
6145.21
6146.34
6147.1
6147.49
5763.24
5762.87
5762.15
5761.08
5759.63
5757.76
5755.45
5752.64
5749.28
5745.33
5740.73
5735.43
5729.39
5722.58
5714.97
5706.56
5697.37
5687.46
5676.88
5665.74
5654.2
5642.42
5630.61
5619
5607.84
5597.38
5587.87
5579.56
5572.64
5567.26
5563.51
5561.39
5560.82
5561.62
5563.5
5566.13
5569.07
5571.91
5574.26
5575.8
5576.35
5575.9
5574.55
5572.57
5570.33
5568.23
5566.67
5566.02
5566.59
5568.57
5572.07
5577.12
5583.67
5591.57
5600.66
5610.7
5621.47
5632.7
5644.15
5655.61
5666.86
5677.73
5688.08
5697.79
5706.79
5715.03
5722.5
5729.19
5735.12
5740.32
5744.84
5748.72
5752.01
5754.78
5757.05
5758.88
5760.31
5761.36
5762.07
5762.43
5378.54
5378.21
5377.56
5376.59
5375.28
5373.58
5371.44
5368.82
5365.65
5361.87
5357.41
5352.21
5346.21
5339.36
5331.62
5322.97
5313.41
5302.99
5291.78
5279.87
5267.43
5254.66
5241.78
5229.07
5216.81
5205.32
5194.9
5185.85
5178.41
5172.8
5169.12
5167.41
5167.57
5169.38
5172.52
5176.51
5180.82
5184.89
5188.18
5190.28
5190.94
5190.12
5187.99
5184.93
5181.41
5177.99
5175.18
5173.47
5173.22
5174.71
5178.04
5183.23
5190.19
5198.75
5208.68
5219.7
5231.51
5243.81
5256.31
5268.75
5280.88
5292.52
5303.5
5313.71
5323.08
5331.58
5339.18
5345.91
5351.81
5356.92
5361.3
5365.01
5368.13
5370.7
5372.8
5374.47
5375.77
5376.72
5377.36
5377.69
4994.13
4993.83
4993.27
4992.44
4991.31
4989.81
4987.91
4985.54
4982.62
4979.07
4974.82
4969.78
4963.87
4957.01
4949.14
4940.23
4930.27
4919.26
4907.29
4894.46
4880.92
4866.91
4852.69
4838.58
4824.91
4812.08
4800.45
4790.4
4782.25
4776.27
4772.62
4771.37
4772.46
4775.6
4780.38
4786.21
4792.38
4798.14
4802.76
4805.63
4806.43
4805.09
4801.88
4797.3
4792.03
4786.81
4782.35
4779.23
4777.92
4778.85
4782.02
4787.44
4794.98
4804.43
4815.48
4827.78
4840.95
4854.63
4868.46
4882.12
4895.34
4907.91
4919.64
4930.44
4940.23
4948.98
4956.71
4963.46
4969.28
4974.23
4978.41
4981.89
4984.76
4987.1
4988.97
4990.44
4991.56
4992.38
4992.93
4993.22
4609.94
4609.7
4609.25
4608.59
4607.67
4606.44
4604.84
4602.79
4600.2
4596.97
4593
4588.2
4582.44
4575.63
4567.67
4558.51
4548.1
4536.43
4523.57
4509.64
4494.78
4479.25
4463.36
4447.48
4432.03
4417.46
4404.25
4392.86
4383.71
4377.17
4373.47
4372.67
4374.96
4379.8
4386.73
4395.02
4403.74
4411.84
4418.28
4422.23
4423.21
4421.14
4416.4
4409.71
4402.04
4394.41
4387.76
4382.85
4380.1
4380.47
4383.51
4389.29
4397.66
4408.31
4420.84
4434.81
4449.73
4465.15
4480.64
4495.82
4510.37
4524.05
4536.67
4548.13
4558.37
4567.39
4575.21
4581.92
4587.58
4592.31
4596.21
4599.38
4601.92
4603.94
4605.52
4606.73
4607.64
4608.29
4608.73
4608.97
4225.91
4225.74
4225.43
4224.97
4224.33
4223.43
4222.21
4220.56
4218.39
4215.58
4211.99
4207.53
4202.02
4195.34
4187.36
4177.97
4167.1
4154.71
4140.85
4125.6
4109.16
4091.79
4073.84
4055.76
4038.04
4021.24
4005.95
3992.77
3982.25
3974.87
3971.01
3970.91
3974.37
3981.28
3991.02
4002.61
4014.8
4026.12
4035.11
4040.57
4041.81
4038.69
4031.79
4022.16
4011.18
4000.31
3990.82
3983.74
3979.84
3979
3981.87
3988.23
3997.75
4010.02
4024.51
4040.63
4057.78
4075.4
4092.95
4109.98
4126.13
4141.13
4154.78
4166.98
4177.69
4186.94
4194.81
4201.39
4206.81
4211.2
4214.71
4217.46
4219.59
4221.21
4222.42
4223.31
4223.95
4224.4
4224.71
4224.89
3841.97
3841.88
3841.73
3841.53
3841.22
3840.73
3839.97
3838.83
3837.2
3834.93
3831.84
3827.87
3822.74
3816.31
3808.4
3798.85
3787.53
3774.37
3759.36
3742.6
3724.28
3704.69
3684.23
3663.41
3642.82
3623.16
3605.16
3589.59
3577.16
3568.51
3564.17
3564.49
3569.48
3579.03
3592.41
3608.42
3625.34
3641.11
3653.68
3661.28
3662.85
3658.24
3648.28
3634.54
3619.03
3603.77
3590.51
3580.55
3574.68
3573.16
3576.18
3583.49
3594.66
3609.13
3626.19
3645.1
3665.1
3685.46
3705.54
3724.81
3742.87
3759.4
3774.22
3787.22
3798.39
3807.83
3815.64
3821.98
3827.03
3830.96
3833.95
3836.17
3837.75
3838.86
3839.61
3840.11
3840.43
3840.64
3840.79
3840.89
3458.02
3458.02
3458.07
3458.17
3458.26
3458.26
3458.08
3457.58
3456.63
3455.07
3452.73
3449.32
3444.72
3438.69
3431
3421.4
3409.69
3395.73
3379.45
3360.95
3340.41
3318.17
3294.66
3270.46
3246.27
3222.94
3201.4
3182.62
3167.55
3157.01
3151.74
3152.24
3158.77
3171.52
3189.6
3211.5
3234.9
3256.9
3274.51
3285.15
3287.17
3280.37
3266.05
3246.55
3224.77
3203.59
3185.41
3171.85
3163.93
3161.78
3165.31
3174.13
3187.65
3205.1
3225.58
3248.11
3271.71
3295.47
3318.64
3340.6
3360.9
3379.21
3395.31
3409.14
3420.73
3430.24
3437.86
3443.81
3448.33
3451.65
3453.95
3455.47
3456.38
3456.86
3457.05
3457.06
3456.99
3456.91
3456.87
3456.88
3073.95
3074.06
3074.34
3074.8
3075.36
3075.95
3076.46
3076.75
3076.64
3075.95
3074.45
3071.9
3068.07
3062.67
3055.41
3045.95
3033.96
3019.2
3001.56
2981.06
2957.94
2932.54
2905.35
2877.02
2848.34
2820.32
2794.15
2771.09
2752.36
2739.05
2732.09
2732.26
2740.16
2756.42
2780.44
2810.22
2842.55
2873.31
2898.1
2913.09
2915.69
2905.67
2885.09
2857.42
2826.94
2797.82
2773.35
2755.38
2745.59
2743.2
2747.87
2759
2775.81
2797.31
2822.32
2849.54
2877.68
2905.66
2932.58
2957.75
2980.67
3000.98
3018.47
3033.11
3045.02
3054.43
3061.65
3067
3070.77
3073.26
3074.7
3075.35
3075.42
3075.13
3074.63
3074.07
3073.55
3073.13
3072.86
3072.77
2689.62
2689.86
2690.41
2691.28
2692.4
2693.69
2695.03
2696.27
2697.2
2697.59
2697.18
2695.7
2692.89
2688.42
2681.89
2672.85
2660.8
2645.32
2626.19
2603.45
2577.33
2548.22
2516.65
2483.29
2449.07
2415.13
2382.94
2354.15
2330.38
2313.01
2303.19
2301.98
2310.52
2329.82
2361.36
2401.55
2446.22
2489.41
2524.5
2545.73
2549.12
2534.3
2504.63
2465.27
2422.69
2383.06
2350.94
2328.81
2317.12
2315.23
2322.04
2336.67
2358.1
2385.09
2416.08
2449.33
2483.19
2516.36
2547.79
2576.75
2602.71
2625.28
2644.25
2659.63
2671.64
2680.68
2687.2
2691.66
2694.43
2695.84
2696.18
2695.74
2694.79
2693.56
2692.26
2691.02
2689.96
2689.15
2688.63
2688.41
2304.89
2305.28
2306.13
2307.46
2309.21
2311.32
2313.65
2316.03
2318.22
2319.95
2320.89
2320.76
2319.25
2316.07
2310.72
2302.55
2290.77
2274.72
2254.04
2228.75
2199.18
2165.77
2129.05
2089.7
2048.65
2007.13
1966.87
1930.16
1899.41
1876.33
1862.16
1857.98
1865.1
1884.64
1925.97
1980.36
2042.77
2103.86
2153.5
2183.4
2187.84
2166.17
2123.52
2067.3
2007.3
1953.25
1912.01
1886.39
1874.66
1874.66
1884.9
1904.45
1932.28
1967.03
2006.34
2047.56
2088.61
2128.11
2164.88
2198.24
2227.67
2252.77
2273.29
2289.26
2301.03
2309.27
2314.69
2317.9
2319.36
2319.4
2318.37
2316.58
2314.37
2312.02
2309.76
2307.75
2306.09
2304.84
2304.04
2303.69
1919.61
1920.14
1921.32
1923.16
1925.63
1928.67
1932.16
1935.91
1939.64
1942.98
1945.57
1947.04
1947.16
1945.69
1942.14
1935.55
1924.65
1908.3
1885.95
1857.75
1824.24
1785.9
1743.22
1696.75
1647.16
1595.58
1544.34
1497.09
1457.24
1426.56
1405.73
1396.05
1400.69
1423.46
1463.06
1532.14
1619.98
1708.71
1780.77
1823.31
1829.15
1797.5
1734.85
1652.46
1567.08
1495.99
1448.09
1422.52
1413.08
1417.63
1433.54
1459.96
1496.15
1541.19
1592.01
1644.17
1694.6
1741.64
1784.63
1823.03
1856.39
1884.32
1906.46
1922.72
1933.7
1940.48
1944.23
1945.78
1945.58
1943.93
1941.19
1937.75
1934.01
1930.33
1926.95
1924.06
1921.74
1920.02
1918.93
1918.43
1533.58
1534.28
1535.79
1538.16
1541.4
1545.5
1550.34
1555.73
1561.32
1566.66
1571.19
1574.52
1576.51
1577.2
1576.3
1572.47
1563.43
1547.17
1522.86
1491.14
1453.07
1409.23
1359.84
1305.26
1245.8
1182.32
1117.94
1057.46
1004.41
960.858
925.043
899.024
891.626
916.387
960.763
1053.05
1174.18
1297.78
1399.17
1459.32
1466.9
1420.69
1330.65
1213.92
1094.38
999.758
947.418
917.36
917.263
935.078
964.171
1003.62
1053.18
1111.33
1175.61
1240.74
1302.42
1358.01
1407.9
1451.8
1489.57
1520.84
1544.79
1560.96
1570.19
1574.44
1575.77
1575.25
1573.09
1569.43
1564.59
1559.1
1553.51
1548.24
1543.59
1539.74
1536.72
1534.53
1533.13
1532.48
1146.62
1147.49
1149.33
1152.22
1156.24
1161.46
1167.86
1175.2
1183.11
1190.95
1197.82
1203.06
1206.82
1209.99
1213.01
1214.01
1208.53
1192.73
1165.57
1129.21
1086.07
1036.43
980.027
917.801
849.493
772.477
687.463
601.253
523.18
463.196
411.053
359.113
313.839
289.02
328.056
483.597
683.659
863.714
1002.61
1086.88
1097.05
1030.61
905.732
739.421
548.162
391.657
335.019
345.663
378.88
417.444
459.657
512.381
585.147
672.351
761.725
843.454
915.015
978.553
1035.53
1085.13
1127.62
1163.09
1189.59
1205.23
1211.09
1210.91
1208.82
1206.02
1201.86
1195.9
1188.46
1180.41
1172.55
1165.41
1159.35
1154.49
1150.8
1148.15
1146.47
1145.67
758.622
759.673
761.815
765.126
769.853
776.258
784.406
794.07
804.924
816.142
825.919
832.877
837.565
842.947
851.491
861.363
862.8
848.212
816.562
773.809
725.146
669.348
605.634
537.161
459.986
363.295
257.096
165.386
103.888
77.622
59.9545
45.5452
32.4131
22.3243
23.8193
78.3161
225.097
436.193
613.672
722.342
734.841
647.923
487.543
282.871
115
37.6083
27.7786
38.3774
49.8226
60.2376
73.5088
91.5298
136.911
227.071
344.8
453.29
536.573
605.146
668.911
724.887
772.509
813.583
844.009
858.219
857.394
848.987
842.489
837.901
832.241
823.692
812.877
801.466
790.828
781.508
773.907
768.078
763.816
760.815
758.855
757.887
368.81
370.116
372.514
375.993
381.172
388.722
398.931
411.36
426.118
442.571
456.699
464.869
467.657
473.078
491.184
518.384
533.686
521.868
479.852
425.345
372.017
314.456
248.879
185.797
129.071
65.2737
17.4695
-1.70813
-8.22649
-7.86573
-6.78313
-6.01714
-5.74923
-6.66615
-6.93759
-3.33916
13.7991
135.883
294.144
412.823
426.552
330.526
172.922
37.6873
0.261519
-6.97295
-7.78655
-6.89737
-7.15419
-7.57222
-8.25236
-8.55534
-6.00005
6.20005
49.6867
123.707
187.124
249.26
315.167
373.545
424.856
476.23
516.011
526.977
512.392
488.445
474.679
470.905
465.43
453.607
437.646
421.401
407.323
395.332
386.092
379.482
374.963
371.835
369.615
368.389
83.057
83.9955
85.329
87.0061
89.7423
94.7634
103.016
113.532
127.723
147.223
164.457
171.808
166.513
162.277
183.057
233.022
270.665
257.731
196.599
134.438
101.3
76.0492
37.4783
4.90213
-7.63575
-8.82347
-8.6535
-8.26263
-8.0098
-7.94763
-7.90187
-7.85885
-7.67434
-7.53029
-7.16281
-7.13144
-6.10001
9.66917
97.3385
201.642
216.287
129.523
23.9259
-11.9743
-9.68316
-8.13626
-8.18868
-8.31249
-8.28792
-8.19649
-8.35036
-8.63119
-8.78972
-9.06931
-9.23247
-8.08806
4.44869
38.4486
80.2531
105.412
134.342
192.935
251.476
261.51
224.91
179.21
166.937
173.608
172.895
158.888
139.684
122.342
109.898
99.5958
92.9546
89.0593
86.792
85.2192
83.9496
83.0443
-5.60073
-5.59909
-5.39379
-5.15075
-4.61432
-2.81691
1.33915
6.22601
11.5857
21.3678
32.5449
34.858
28.4189
17.5998
17.8174
41.672
70.5158
75.0561
33.1264
-1.06438
-9.83268
-10.1817
-9.70068
-9.57394
-9.6513
-9.75506
-9.60791
-9.27547
-9.13389
-9.30008
-9.46181
-9.37584
-9.24433
-9.05236
-8.70626
-8.85931
-8.99339
2.27454
45.4031
108.887
119.763
60.2911
7.41269
-7.96502
-10.7081
-9.74325
-9.54663
-9.53208
-9.50724
-9.5391
-9.51805
-9.35147
-9.40072
-9.80904
-10.2527
-10.4462
-10.4903
-10.5933
-10.7566
-9.78145
-1.59404
30.9686
72.3872
67.9866
38.8407
16.8923
22.7442
33.6275
35.1476
25.37
14.8807
9.24885
4.27011
-0.801047
-3.53873
-4.58523
-4.98055
-5.26534
-5.46322
-5.45439
-6.38144
-6.29701
-6.11293
-5.8551
-5.58349
-5.33704
-5.80473
-8.47563
-12.9759
-12.9604
-6.4303
2.50016
-0.171135
-10.5452
-12.2203
-11.8
-11.6706
-11.611
-11.0809
-10.6606
-10.6553
-10.5989
-10.3793
-10.2529
-10.3186
-10.4823
-10.5189
-10.3998
-10.508
-10.9075
-11.0194
-10.7819
-10.5293
-10.2553
-9.84148
-9.7731
-10.1065
-8.42687
16.4866
75.7376
90.7321
43.2321
-0.401082
-9.10624
-10.5136
-10.4412
-10.4296
-10.4824
-10.5791
-10.7047
-10.7216
-10.6365
-10.6082
-10.8132
-11.0256
-11.115
-11.0311
-11.0027
-11.037
-11.0012
-11.0776
-11.5501
-12.0171
-11.9411
-11.9065
-12.2322
-8.82923
1.65623
-2.9878
-12.1557
-13.8411
-10.4671
-6.81668
-5.14163
-5.20508
-5.58074
-5.81071
-6.02393
-6.17147
-6.23334
-7.1241
-7.07202
-6.9728
-6.91378
-7.09549
-7.97291
-10.1829
-12.8224
-15.1568
-16.413
-16.5698
-15.9284
-15.0033
-13.978
-13.1411
-12.5617
-12.1834
-11.9084
-11.6437
-11.4177
-11.2329
-11.0759
-10.9062
-10.7625
-10.745
-10.8971
-11.0397
-11.3019
-11.8482
-12.3932
-12.4083
-11.9841
-11.5492
-11.2532
-10.8283
-10.4796
-10.4287
-9.94518
-9.57168
0.784108
13.6482
-6.73926
-9.98048
-10.1437
-10.6653
-10.9993
-11.1292
-11.3156
-11.5519
-11.8343
-12.0939
-12.0965
-11.8749
-11.6663
-11.5844
-11.5183
-11.3812
-11.3707
-11.4576
-11.573
-11.7556
-11.97
-12.1731
-12.3814
-12.6729
-13.2597
-14.4018
-15.3613
-15.8989
-16.0762
-15.7839
-14.7324
-12.3681
-8.6413
-7.03677
-6.77946
-6.7317
-6.78822
-6.88087
-6.92999
-8.13554
-8.14523
-8.1927
-8.44005
-9.39998
-11.6262
-13.856
-15.2405
-16.4191
-17.259
-17.2825
-16.7686
-15.8052
-14.6923
-13.7214
-13.0902
-12.6928
-12.3682
-12.0953
-11.8927
-11.7342
-11.5666
-11.3627
-11.1583
-11.0164
-10.9869
-11.2526
-11.8845
-12.842
-13.5148
-13.4348
-12.8901
-12.3641
-11.9857
-11.6327
-11.1565
-10.6615
-10.2843
-9.5068
-8.59857
-8.11957
-8.85116
-9.87625
-10.6398
-11.11
-11.4983
-11.8335
-12.1471
-12.4589
-12.8179
-13.1752
-13.262
-12.8825
-12.2583
-11.7943
-11.5917
-11.6241
-11.7271
-11.8802
-12.03
-12.1586
-12.3113
-12.54
-12.8419
-13.2172
-13.8633
-14.9285
-16.074
-16.8754
-17.185
-16.983
-16.2972
-15.0735
-12.7192
-10.0109
-8.55069
-7.9789
-7.8529
-7.85629
-7.86731
-9.32336
-9.39882
-9.5928
-10.1009
-11.4556
-13.6524
-15.2854
-16.4396
-17.4704
-18.0863
-18.0895
-17.4896
-16.4855
-15.3602
-14.388
-13.7031
-13.252
-12.926
-12.6694
-12.4595
-12.2743
-12.0929
-11.9027
-11.7103
-11.5456
-11.4996
-11.7538
-12.4677
-13.4951
-14.1572
-14.035
-13.4819
-12.9882
-12.6202
-12.2613
-11.8762
-11.2207
-10.4943
-9.64484
-8.87478
-8.69864
-9.28574
-10.2138
-11.0131
-11.6431
-12.1519
-12.5463
-12.9139
-13.2287
-13.5718
-13.9594
-14.0844
-13.6734
-12.9077
-12.289
-12.03
-12.0467
-12.1917
-12.3645
-12.5395
-12.7136
-12.898
-13.1153
-13.4002
-13.8229
-14.522
-15.5547
-16.7196
-17.6876
-18.1614
-18.0646
-17.4582
-16.3704
-14.9852
-12.7948
-10.5601
-9.50437
-9.16351
-9.04612
-9.00282
-10.5204
-10.6382
-10.9164
-11.4796
-12.6895
-14.4056
-15.8109
-16.9572
-17.9386
-18.4887
-18.4933
-17.8838
-16.9179
-15.8447
-14.9162
-14.2407
-13.7828
-13.4626
-13.2211
-13.0242
-12.8515
-12.6884
-12.5284
-12.3904
-12.2901
-12.2995
-12.5356
-13.1136
-13.9171
-14.4336
-14.3113
-13.8722
-13.5176
-13.2511
-12.9796
-12.6416
-11.9564
-11.0943
-10.3958
-9.90054
-9.77414
-10.2089
-10.9013
-11.6661
-12.3943
-12.9186
-13.249
-13.5701
-13.8138
-14.0808
-14.429
-14.5558
-14.2117
-13.5724
-13.0406
-12.792
-12.7627
-12.8459
-12.9662
-13.1142
-13.2674
-13.4389
-13.6494
-13.9409
-14.388
-15.0919
-16.0885
-17.223
-18.1919
-18.7279
-18.6732
-18.0898
-17.1136
-16.0043
-14.3306
-12.2444
-11.0338
-10.5323
-10.2995
-10.2032
-11.6091
-11.7449
-12.0242
-12.5197
-13.4218
-14.6876
-15.9252
-16.9833
-17.834
-18.3006
-18.2661
-17.7637
-16.9549
-16.0573
-15.2752
-14.6917
-14.2832
-13.9913
-13.7745
-13.5946
-13.4405
-13.3056
-13.1928
-13.0976
-13.0566
-13.1119
-13.3204
-13.7154
-14.2542
-14.5788
-14.4939
-14.2519
-14.0961
-13.9621
-13.8772
-13.736
-13.1042
-12.1234
-11.4527
-11.0651
-10.9995
-11.3215
-11.812
-12.5491
-13.3629
-13.8435
-14.0268
-14.218
-14.3378
-14.4659
-14.7063
-14.8009
-14.5705
-14.1466
-13.7793
-13.5732
-13.5089
-13.5366
-13.6201
-13.7189
-13.8449
-13.9991
-14.1913
-14.4628
-14.8684
-15.479
-16.3253
-17.3022
-18.1675
-18.6905
-18.6879
-18.1859
-17.2997
-16.2265
-14.8435
-13.2859
-12.2677
-11.7434
-11.4649
-11.3358
-12.562
-12.6929
-12.9311
-13.3281
-13.9634
-14.8432
-15.7771
-16.6266
-17.2955
-17.6496
-17.5992
-17.2962
-16.7392
-16.103
-15.5316
-15.0838
-14.7518
-14.5031
-14.3095
-14.1546
-14.0224
-13.9139
-13.8302
-13.7763
-13.7716
-13.8423
-14.0141
-14.2868
-14.6029
-14.802
-14.7947
-14.7569
-14.7695
-14.7311
-14.7849
-14.9692
-14.5357
-13.4653
-12.7165
-12.3302
-12.2891
-12.5309
-12.9275
-13.7365
-14.6045
-14.9483
-14.928
-14.9582
-14.9571
-14.9328
-15.0035
-15.0395
-14.9035
-14.6584
-14.4256
-14.2698
-14.1973
-14.1918
-14.2343
-14.3084
-14.412
-14.5435
-14.7167
-14.952
-15.2837
-15.7536
-16.3773
-17.0863
-17.7154
-18.0716
-18.1268
-17.7429
-17.0118
-16.0765
-14.9823
-13.9184
-13.1828
-12.7331
-12.4752
-12.3385
-13.4012
-13.5105
-13.7013
-14.0092
-14.4617
-15.0507
-15.6881
-16.2866
-16.7623
-17.0334
-17.0569
-16.887
-16.5601
-16.1631
-15.7819
-15.4603
-15.2034
-14.9996
-14.8356
-14.7023
-14.5934
-14.5085
-14.4494
-14.4206
-14.4343
-14.5055
-14.6447
-14.8441
-15.0617
-15.2208
-15.2959
-15.4063
-15.526
-15.5439
-15.5754
-16.0174
-15.8494
-14.8484
-14.04
-13.6442
-13.5929
-13.7825
-14.2165
-15.1288
-15.9657
-16.0644
-15.8377
-15.7807
-15.6904
-15.545
-15.4917
-15.4473
-15.3364
-15.1759
-15.0175
-14.8969
-14.8282
-14.8076
-14.8281
-14.8811
-14.9633
-15.0746
-15.2211
-15.4138
-15.6688
-16.0028
-16.4157
-16.8591
-17.2319
-17.429
-17.421
-17.1253
-16.5897
-15.8948
-15.1297
-14.426
-13.9064
-13.5542
-13.3394
-13.2168
-14.1524
-14.2357
-14.3866
-14.624
-14.9537
-15.3612
-15.7994
-16.2118
-16.5449
-16.7524
-16.81
-16.7281
-16.5545
-16.3181
-16.0705
-15.8437
-15.6492
-15.4866
-15.3516
-15.241
-15.1532
-15.0875
-15.0477
-15.0358
-15.059
-15.1268
-15.2457
-15.4112
-15.6022
-15.7808
-15.9316
-16.164
-16.3859
-16.4297
-16.3081
-16.7497
-16.7573
-15.9953
-15.2147
-14.8692
-14.8292
-15.0184
-15.5466
-16.3847
-17.0654
-16.9327
-16.6638
-16.6091
-16.4619
-16.2219
-16.0817
-15.9754
-15.85
-15.7133
-15.5856
-15.4848
-15.42
-15.3928
-15.3999
-15.4367
-15.5003
-15.5904
-15.7092
-15.8614
-16.0518
-16.2829
-16.5458
-16.805
-16.9959
-17.0858
-17.0216
-16.7861
-16.4027
-15.9194
-15.3997
-14.9208
-14.5429
-14.2706
-14.0973
-13.9999
-14.8362
-14.8973
-15.0176
-15.2019
-15.4481
-15.7429
-16.057
-16.3534
-16.5968
-16.7591
-16.827
-16.8076
-16.7029
-16.5595
-16.3983
-16.2393
-16.0943
-15.9674
-15.8596
-15.7707
-15.7014
-15.6527
-15.6268
-15.6258
-15.6541
-15.7176
-15.8221
-15.9694
-16.1535
-16.3601
-16.5891
-16.9458
-17.3385
-17.4253
-17.195
-17.2325
-17.305
-16.8184
-16.1901
-15.9111
-15.8982
-16.1075
-16.6452
-17.3255
-17.764
-17.4713
-17.4194
-17.4199
-17.2078
-16.8779
-16.678
-16.5244
-16.381
-16.249
-16.1346
-16.0447
-15.9837
-15.9531
-15.9513
-15.9753
-16.023
-16.0931
-16.1858
-16.3019
-16.4409
-16.5989
-16.7646
-16.9162
-17.0257
-17.0364
-16.9506
-16.7588
-16.4747
-16.1281
-15.7607
-15.4187
-15.1362
-14.9245
-14.7861
-14.7134
-15.4708
-15.5157
-15.6122
-15.7568
-15.944
-16.1631
-16.3949
-16.6149
-16.799
-16.9289
-16.9954
-16.9999
-16.9497
-16.8619
-16.7569
-16.6463
-16.54
-16.4436
-16.3599
-16.2909
-16.2382
-16.2036
-16.1887
-16.1953
-16.226
-16.2848
-16.3772
-16.5085
-16.6835
-16.9067
-17.1958
-17.6389
-18.2197
-18.426
-18.0309
-17.7038
-17.7381
-17.4589
-17.0039
-16.7704
-16.779
-16.9771
-17.4003
-17.9038
-18.1329
-17.9376
-18.1941
-18.2267
-17.8751
-17.4918
-17.2385
-17.0532
-16.8997
-16.7708
-16.6647
-16.5823
-16.5247
-16.4924
-16.4842
-16.4983
-16.5322
-16.5844
-16.6538
-16.7391
-16.8376
-16.9431
-17.0454
-17.1303
-17.177
-17.1604
-17.0741
-16.9169
-16.6992
-16.4414
-16.1712
-15.9179
-15.7032
-15.5384
-15.4287
-15.376
-16.0721
-16.1056
-16.1831
-16.2973
-16.4416
-16.6072
-16.7814
-16.9479
-17.0904
-17.1964
-17.259
-17.2778
-17.2578
-17.2082
-17.1395
-17.0636
-16.9874
-16.916
-16.853
-16.8013
-16.7628
-16.7397
-16.7334
-16.7455
-16.7777
-16.8326
-16.9148
-17.0311
-17.191
-17.4101
-17.7176
-18.1935
-18.816
-19.1875
-18.7328
-18.1973
-18.2062
-17.9895
-17.6834
-17.4903
-17.5044
-17.6866
-18.0077
-18.408
-18.5427
-18.5009
-18.9344
-18.9081
-18.4587
-18.0374
-17.7547
-17.5537
-17.3978
-17.2736
-17.1747
-17.0989
-17.045
-17.0124
-17
-17.0062
-17.0287
-17.0658
-17.1156
-17.1758
-17.2429
-17.3109
-17.3724
-17.4152
-17.4262
-17.3935
-17.3117
-17.1815
-17.0111
-16.8149
-16.6112
-16.4194
-16.2544
-16.1256
-16.0391
-16.0011
-16.6515
-16.6768
-16.7388
-16.8291
-16.9413
-17.0686
-17.2017
-17.3297
-17.4418
-17.529
-17.5861
-17.612
-17.6092
-17.5834
-17.5415
-17.4906
-17.4371
-17.3855
-17.3395
-17.3019
-17.275
-17.2608
-17.2609
-17.2767
-17.3094
-17.361
-17.435
-17.5374
-17.6782
-17.8742
-18.1514
-18.5706
-19.1303
-19.5247
-19.3717
-18.7791
-18.7315
-18.5588
-18.2457
-18.0893
-18.1053
-18.2911
-18.6183
-18.9571
-19.0335
-19.1634
-19.5423
-19.388
-18.9104
-18.4976
-18.2183
-18.0202
-17.8703
-17.7542
-17.6637
-17.595
-17.5457
-17.5144
-17.4997
-17.5001
-17.5138
-17.5387
-17.5726
-17.6133
-17.657
-17.6991
-17.7318
-17.7479
-17.7392
-17.6989
-17.6239
-17.5155
-17.3801
-17.2279
-17.0714
-16.9237
-16.7955
-16.6943
-16.6261
-16.5985
-17.2155
-17.2349
-17.2841
-17.3553
-17.4431
-17.5419
-17.6451
-17.745
-17.8341
-17.9061
-17.9569
-17.9852
-17.9923
-17.9815
-17.9574
-17.9248
-17.8886
-17.8525
-17.82
-17.7936
-17.7757
-17.7681
-17.7724
-17.7899
-17.8219
-17.8696
-17.9356
-18.0245
-18.1437
-18.3063
-18.5299
-18.8532
-19.2968
-19.6768
-19.7876
-19.438
-19.299
-19.1342
-18.7506
-18.568
-18.5769
-18.7808
-19.1887
-19.5239
-19.5586
-19.7953
-20.0144
-19.7092
-19.2454
-18.8784
-18.6292
-18.4502
-18.3157
-18.2123
-18.1326
-18.0724
-18.0288
-18.0001
-17.9849
-17.9816
-17.9887
-18.0043
-18.0261
-18.0518
-18.0782
-18.1012
-18.1153
-18.1153
-18.096
-18.0535
-17.9863
-17.8959
-17.7871
-17.6671
-17.545
-17.4297
-17.3291
-17.2492
-17.1953
-17.1748
-17.7673
-17.7821
-17.8209
-17.877
-17.9458
-18.0231
-18.1039
-18.1827
-18.2541
-18.3136
-18.3581
-18.3863
-18.3987
-18.3973
-18.3851
-18.3654
-18.3419
-18.3177
-18.2954
-18.2776
-18.2663
-18.2632
-18.2698
-18.2873
-18.3168
-18.3593
-18.4165
-18.4912
-18.5882
-18.7159
-18.8852
-19.1184
-19.4439
-19.7991
-20.0015
-19.9292
-19.789
-19.5683
-19.1392
-18.9014
-18.8956
-19.1346
-19.5954
-20.023
-20.1061
-20.3351
-20.3035
-19.9344
-19.506
-19.204
-18.9991
-18.85
-18.7377
-18.6513
-18.5847
-18.5342
-18.4973
-18.4723
-18.4579
-18.4527
-18.4553
-18.464
-18.4769
-18.4917
-18.5057
-18.5156
-18.5177
-18.5082
-18.4837
-18.4421
-18.3828
-18.3072
-18.219
-18.1234
-18.0269
-17.936
-17.8565
-17.793
-17.7502
-17.7345
-18.3081
-18.3196
-18.3501
-18.3941
-18.4482
-18.509
-18.5727
-18.6353
-18.6929
-18.7421
-18.7807
-18.8073
-18.8222
-18.8265
-18.8221
-18.8115
-18.7971
-18.7815
-18.7669
-18.7554
-18.7488
-18.7484
-18.7557
-18.7717
-18.7972
-18.8331
-18.8802
-18.94
-19.0152
-19.1101
-19.2312
-19.3894
-19.6047
-19.8764
-20.0955
-20.1653
-20.0665
-19.7969
-19.3504
-19.0627
-19.0388
-19.304
-19.786
-20.2949
-20.5059
-20.6294
-20.419
-20.0531
-19.7163
-19.496
-19.343
-19.2298
-19.1436
-19.0765
-19.0244
-18.9844
-18.9547
-18.9342
-18.9216
-18.9158
-18.9156
-18.9196
-18.9261
-18.9332
-18.9387
-18.9401
-18.9348
-18.92
-18.8937
-18.8546
-18.8028
-18.7394
-18.6674
-18.5906
-18.5136
-18.4413
-18.3781
-18.3274
-18.2932
-18.281
-18.8391
-18.848
-18.8719
-18.9066
-18.9491
-18.9971
-19.0477
-19.0977
-19.1444
-19.1853
-19.2184
-19.2428
-19.2585
-19.266
-19.2666
-19.262
-19.254
-19.2446
-19.2355
-19.2285
-19.2249
-19.2259
-19.2327
-19.246
-19.2666
-19.2947
-19.3309
-19.3756
-19.4298
-19.4949
-19.5736
-19.6699
-19.7912
-19.9501
-20.1159
-20.1816
-20.1063
-19.8121
-19.3949
-19.0953
-19.0526
-19.2985
-19.7558
-20.2401
-20.5404
-20.581
-20.3861
-20.1085
-19.9055
-19.773
-19.6749
-19.5999
-19.5409
-19.4937
-19.4562
-19.4269
-19.4048
-19.389
-19.3788
-19.3734
-19.3718
-19.3728
-19.375
-19.3769
-19.3768
-19.3729
-19.3632
-19.3459
-19.3198
-19.2841
-19.2391
-19.1859
-19.1268
-19.0646
-19.0028
-18.9449
-18.8942
-18.8536
-18.8261
-18.8164
-19.3613
-19.3682
-19.387
-19.4144
-19.448
-19.4861
-19.5264
-19.5667
-19.6047
-19.6386
-19.667
-19.6889
-19.7043
-19.7134
-19.717
-19.7163
-19.7127
-19.7076
-19.7023
-19.6981
-19.6963
-19.6977
-19.7031
-19.7131
-19.7282
-19.7484
-19.7737
-19.8037
-19.8383
-19.8771
-19.9197
-19.9659
-20.0138
-20.0653
-20.1143
-20.1262
-20.0208
-19.7456
-19.3967
-19.1328
-19.0793
-19.2612
-19.6205
-20.015
-20.3049
-20.3708
-20.2954
-20.1823
-20.1105
-20.0558
-20.009
-19.9697
-19.9363
-19.9079
-19.8844
-19.8653
-19.8505
-19.8396
-19.8322
-19.8278
-19.8256
-19.8248
-19.8244
-19.8231
-19.8196
-19.8125
-19.8006
-19.7826
-19.7577
-19.7257
-19.6869
-19.6422
-19.5935
-19.5428
-19.4928
-19.4462
-19.4055
-19.3728
-19.3506
-19.3428
-19.876
-19.8813
-19.8962
-19.9179
-19.9446
-19.975
-20.0073
-20.0399
-20.071
-20.0992
-20.1234
-20.1428
-20.1573
-20.1669
-20.1722
-20.174
-20.1732
-20.1708
-20.168
-20.1656
-20.1645
-20.1655
-20.1691
-20.1757
-20.1853
-20.1978
-20.2128
-20.2295
-20.247
-20.2638
-20.2776
-20.2858
-20.2833
-20.264
-20.2289
-20.1593
-20.0153
-19.7839
-19.512
-19.3166
-19.2711
-19.3895
-19.6322
-19.922
-20.1521
-20.2689
-20.3048
-20.34
-20.3598
-20.3638
-20.3571
-20.3471
-20.3354
-20.3235
-20.3123
-20.3025
-20.2944
-20.2881
-20.2836
-20.2806
-20.2786
-20.2771
-20.2752
-20.272
-20.2666
-20.2579
-20.2452
-20.2276
-20.2046
-20.1763
-20.1429
-20.1054
-20.065
-20.0235
-19.9829
-19.9452
-19.9123
-19.8859
-19.868
-19.8616
-20.3844
-20.3886
-20.4004
-20.4177
-20.439
-20.4634
-20.4894
-20.5159
-20.5415
-20.565
-20.5855
-20.6026
-20.6159
-20.6254
-20.6314
-20.6346
-20.6354
-20.6347
-20.6333
-20.6318
-20.6309
-20.6311
-20.6326
-20.6357
-20.6403
-20.6459
-20.652
-20.6575
-20.661
-20.6607
-20.653
-20.636
-20.6042
-20.5502
-20.4704
-20.3577
-20.2009
-20.0083
-19.8162
-19.6896
-19.6625
-19.7402
-19.8957
-20.0948
-20.2823
-20.4262
-20.5296
-20.6125
-20.6697
-20.7035
-20.7255
-20.7374
-20.7423
-20.7435
-20.7426
-20.7406
-20.7384
-20.7364
-20.7347
-20.7333
-20.732
-20.7303
-20.7278
-20.7237
-20.7175
-20.7083
-20.6957
-20.6791
-20.6584
-20.6336
-20.605
-20.5734
-20.5399
-20.5058
-20.4726
-20.442
-20.4153
-20.394
-20.3794
-20.3742
-20.8879
-20.8912
-20.9006
-20.9144
-20.9316
-20.9512
-20.9723
-20.9939
-21.0149
-21.0346
-21.052
-21.0669
-21.0788
-21.0878
-21.0939
-21.0976
-21.0994
-21.0996
-21.0989
-21.0977
-21.0965
-21.0956
-21.0951
-21.095
-21.0952
-21.0951
-21.0939
-21.0905
-21.0834
-21.0706
-21.0499
-21.018
-20.9716
-20.9053
-20.8146
-20.697
-20.5544
-20.4032
-20.2726
-20.1941
-20.1802
-20.2332
-20.3362
-20.4757
-20.6235
-20.7574
-20.8709
-20.9635
-21.0328
-21.0823
-21.118
-21.1424
-21.1591
-21.17
-21.177
-21.1813
-21.184
-21.1857
-21.1866
-21.1868
-21.1864
-21.1851
-21.1826
-21.1783
-21.172
-21.163
-21.1511
-21.1359
-21.1175
-21.0959
-21.0715
-21.0449
-21.0171
-20.989
-20.9618
-20.9368
-20.9151
-20.8978
-20.8859
-20.8817
-21.3875
-21.3901
-21.3977
-21.4088
-21.4226
-21.4385
-21.4557
-21.4734
-21.4907
-21.5071
-21.5219
-21.5347
-21.5452
-21.5534
-21.5593
-21.563
-21.5651
-21.5657
-21.5652
-21.5639
-21.5621
-21.56
-21.5577
-21.555
-21.5515
-21.5468
-21.5401
-21.5302
-21.5161
-21.4959
-21.4675
-21.4286
-21.3774
-21.311
-21.2265
-21.1235
-21.0074
-20.8942
-20.8047
-20.7533
-20.7452
-20.7816
-20.853
-20.9532
-21.0666
-21.1783
-21.2797
-21.3661
-21.4354
-21.4896
-21.5316
-21.5632
-21.5866
-21.6039
-21.6166
-21.6257
-21.6322
-21.6369
-21.64
-21.6419
-21.6426
-21.6419
-21.6397
-21.6358
-21.6298
-21.6214
-21.6106
-21.597
-21.5808
-21.5622
-21.5414
-21.5191
-21.4959
-21.4727
-21.4504
-21.4299
-21.4122
-21.3981
-21.3885
-21.385
-21.8842
-21.8863
-21.8924
-21.9013
-21.9125
-21.9254
-21.9395
-21.954
-21.9683
-21.982
-21.9944
-22.0053
-22.0145
-22.0217
-22.027
-22.0306
-22.0325
-22.0331
-22.0325
-22.0309
-22.0285
-22.0253
-22.0213
-22.0164
-22.0102
-22.0021
-21.9913
-21.9773
-21.9588
-21.9345
-21.9029
-21.8623
-21.8118
-21.7506
-21.6777
-21.5938
-21.5042
-21.4208
-21.3575
-21.3215
-21.315
-21.3402
-21.3915
-21.465
-21.5515
-21.6409
-21.726
-21.8018
-21.8662
-21.9195
-21.9628
-21.9973
-22.0244
-22.0455
-22.0618
-22.0743
-22.0837
-22.0907
-22.0957
-22.099
-22.1007
-22.1009
-22.0993
-22.0959
-22.0906
-22.0832
-22.0735
-22.0617
-22.0476
-22.0316
-22.014
-21.9953
-21.976
-21.9568
-21.9384
-21.9216
-21.9072
-21.8956
-21.8878
-21.885
-22.3787
-22.3803
-22.3852
-22.3925
-22.4016
-22.4121
-22.4235
-22.4354
-22.4473
-22.4586
-22.4691
-22.4783
-22.4861
-22.4923
-22.4969
-22.5001
-22.5017
-22.502
-22.5011
-22.499
-22.4959
-22.4918
-22.4865
-22.4799
-22.4717
-22.4612
-22.448
-22.4315
-22.4107
-22.3847
-22.3526
-22.3134
-22.2665
-22.2122
-22.1508
-22.0838
-22.0154
-21.9538
-21.9075
-21.881
-21.8757
-21.8937
-21.9317
-21.9866
-22.0531
-22.1241
-22.1942
-22.2591
-22.3166
-22.3663
-22.4082
-22.4429
-22.4714
-22.4944
-22.5127
-22.5273
-22.5387
-22.5475
-22.554
-22.5585
-22.5612
-22.5622
-22.5613
-22.5587
-22.5542
-22.5478
-22.5395
-22.5292
-22.5172
-22.5036
-22.4888
-22.4731
-22.457
-22.4411
-22.4259
-22.4122
-22.4003
-22.3909
-22.3845
-22.3822
-22.8714
-22.8727
-22.8767
-22.8826
-22.8899
-22.8985
-22.9078
-22.9176
-22.9274
-22.9368
-22.9455
-22.9532
-22.9598
-22.965
-22.9689
-22.9714
-22.9726
-22.9725
-22.9712
-22.9686
-22.9649
-22.9599
-22.9537
-22.9459
-22.9363
-22.9244
-22.9098
-22.8921
-22.8705
-22.8445
-22.8136
-22.7771
-22.7351
-22.6879
-22.6366
-22.5829
-22.5302
-22.484
-22.4492
-22.4289
-22.4254
-22.4386
-22.4678
-22.5098
-22.5615
-22.6182
-22.6756
-22.7305
-22.7808
-22.8256
-22.8647
-22.8981
-22.9263
-22.9498
-22.9692
-22.9849
-22.9975
-23.0075
-23.0151
-23.0205
-23.0241
-23.0258
-23.0258
-23.024
-23.0204
-23.0151
-23.008
-22.9994
-22.9892
-22.9777
-22.9653
-22.9521
-22.9388
-22.9256
-22.9131
-22.9018
-22.8921
-22.8844
-22.8792
-22.8773
-23.3628
-23.3639
-23.3671
-23.3719
-23.3779
-23.3849
-23.3925
-23.4004
-23.4085
-23.4162
-23.4234
-23.4298
-23.4352
-23.4395
-23.4426
-23.4445
-23.4452
-23.4446
-23.4429
-23.4398
-23.4356
-23.43
-23.423
-23.4144
-23.404
-23.3914
-23.3763
-23.3582
-23.3369
-23.3119
-23.283
-23.25
-23.213
-23.1727
-23.13
-23.0867
-23.0454
-23.0101
-22.9834
-22.9676
-22.9652
-22.9756
-22.9988
-23.0316
-23.0725
-23.118
-23.1651
-23.2111
-23.2545
-23.2942
-23.3297
-23.361
-23.388
-23.4111
-23.4306
-23.4467
-23.46
-23.4706
-23.479
-23.4852
-23.4895
-23.4919
-23.4926
-23.4916
-23.4889
-23.4847
-23.4789
-23.4716
-23.4631
-23.4536
-23.4432
-23.4322
-23.4212
-23.4103
-23.4
-23.3907
-23.3827
-23.3764
-23.3721
-23.3706
-23.8533
-23.8542
-23.8568
-23.8606
-23.8655
-23.8712
-23.8774
-23.8839
-23.8904
-23.8967
-23.9025
-23.9078
-23.9122
-23.9156
-23.918
-23.9193
-23.9194
-23.9184
-23.9162
-23.9127
-23.908
-23.902
-23.8946
-23.8856
-23.8747
-23.8619
-23.8468
-23.8291
-23.8087
-23.7853
-23.7589
-23.7295
-23.6974
-23.6632
-23.6278
-23.5927
-23.56
-23.5324
-23.5113
-23.4994
-23.4976
-23.5062
-23.5251
-23.5512
-23.5839
-23.6206
-23.6592
-23.6977
-23.7348
-23.7696
-23.8015
-23.8301
-23.8554
-23.8775
-23.8965
-23.9125
-23.9259
-23.9369
-23.9457
-23.9524
-23.9573
-23.9603
-23.9617
-23.9614
-23.9596
-23.9563
-23.9517
-23.9458
-23.9388
-23.9309
-23.9223
-23.9132
-23.9041
-23.8951
-23.8866
-23.879
-23.8725
-23.8673
-23.8638
-23.8626
-24.3431
-24.3437
-24.3458
-24.3489
-24.3528
-24.3574
-24.3625
-24.3678
-24.373
-24.3781
-24.3828
-24.387
-24.3905
-24.3931
-24.3948
-24.3955
-24.3951
-24.3937
-24.3911
-24.3873
-24.3823
-24.376
-24.3684
-24.3592
-24.3483
-24.3356
-24.3209
-24.3041
-24.2849
-24.2634
-24.2396
-24.2137
-24.186
-24.1572
-24.1279
-24.0994
-24.0734
-24.0517
-24.0347
-24.0258
-24.0246
-24.0323
-24.0475
-24.0684
-24.0945
-24.1243
-24.1559
-24.1881
-24.2197
-24.25
-24.2783
-24.3042
-24.3275
-24.3482
-24.3663
-24.3819
-24.3951
-24.4062
-24.4151
-24.4221
-24.4274
-24.4309
-24.4328
-24.4333
-24.4322
-24.4299
-24.4263
-24.4216
-24.4159
-24.4094
-24.4024
-24.395
-24.3874
-24.3801
-24.3731
-24.3669
-24.3615
-24.3573
-24.3544
-24.3535
-24.8322
-24.8327
-24.8344
-24.8369
-24.8401
-24.8437
-24.8478
-24.852
-24.8563
-24.8604
-24.8641
-24.8674
-24.87
-24.8719
-24.8729
-24.8731
-24.8723
-24.8705
-24.8676
-24.8636
-24.8584
-24.852
-24.8443
-24.8351
-24.8244
-24.8121
-24.7981
-24.7823
-24.7647
-24.7451
-24.7239
-24.7012
-24.6775
-24.6532
-24.6291
-24.606
-24.5853
-24.5683
-24.555
-24.5485
-24.5477
-24.5542
-24.5664
-24.5829
-24.6038
-24.628
-24.654
-24.6809
-24.7078
-24.7341
-24.759
-24.7822
-24.8035
-24.8226
-24.8396
-24.8545
-24.8673
-24.8781
-24.887
-24.8942
-24.8997
-24.9036
-24.906
-24.907
-24.9067
-24.9051
-24.9024
-24.8988
-24.8943
-24.8891
-24.8834
-24.8774
-24.8712
-24.8652
-24.8595
-24.8544
-24.85
-24.8466
-24.8443
-24.8435
-25.3209
-25.3213
-25.3226
-25.3246
-25.3272
-25.3301
-25.3333
-25.3367
-25.3401
-25.3433
-25.3462
-25.3487
-25.3506
-25.3518
-25.3523
-25.352
-25.3508
-25.3487
-25.3456
-25.3414
-25.3361
-25.3297
-25.3221
-25.3132
-25.3029
-25.2912
-25.278
-25.2634
-25.2472
-25.2297
-25.2109
-25.1911
-25.1708
-25.1504
-25.1305
-25.1118
-25.0955
-25.0823
-25.0724
-25.0678
-25.0679
-25.0724
-25.0819
-25.0949
-25.1115
-25.1312
-25.1526
-25.1751
-25.198
-25.2207
-25.2426
-25.2633
-25.2825
-25.3001
-25.3159
-25.3298
-25.342
-25.3525
-25.3613
-25.3684
-25.374
-25.3782
-25.381
-25.3825
-25.3827
-25.3819
-25.38
-25.3773
-25.3738
-25.3697
-25.3652
-25.3603
-25.3554
-25.3505
-25.3459
-25.3417
-25.3382
-25.3353
-25.3335
-25.3329
-25.8093
-25.8096
-25.8106
-25.8122
-25.8143
-25.8166
-25.8191
-25.8218
-25.8244
-25.8268
-25.8291
-25.8308
-25.8321
-25.8328
-25.8329
-25.8321
-25.8306
-25.8282
-25.8249
-25.8207
-25.8154
-25.8091
-25.8017
-25.7931
-25.7833
-25.7723
-25.7601
-25.7467
-25.732
-25.7164
-25.6998
-25.6827
-25.6653
-25.6481
-25.6317
-25.6166
-25.6038
-25.5937
-25.5865
-25.5827
-25.5836
-25.5872
-25.5945
-25.6045
-25.6176
-25.6336
-25.6513
-25.6702
-25.6897
-25.7093
-25.7285
-25.7468
-25.7641
-25.7801
-25.7946
-25.8076
-25.8191
-25.8291
-25.8376
-25.8446
-25.8503
-25.8546
-25.8576
-25.8595
-25.8603
-25.8601
-25.8589
-25.857
-25.8544
-25.8512
-25.8477
-25.8438
-25.8399
-25.8359
-25.8322
-25.8289
-25.826
-25.8237
-25.8222
-25.8217
-26.2974
-26.2976
-26.2984
-26.2997
-26.3013
-26.3031
-26.3051
-26.3071
-26.3091
-26.311
-26.3126
-26.3137
-26.3145
-26.3148
-26.3144
-26.3134
-26.3116
-26.309
-26.3056
-26.3013
-26.2962
-26.29
-26.2829
-26.2747
-26.2655
-26.2553
-26.244
-26.2318
-26.2186
-26.2047
-26.1901
-26.1753
-26.1604
-26.1459
-26.1324
-26.1202
-26.1103
-26.1029
-26.0978
-26.0943
-26.0953
-26.0992
-26.1045
-26.1119
-26.122
-26.135
-26.1497
-26.1656
-26.1823
-26.1993
-26.216
-26.2323
-26.2477
-26.2622
-26.2755
-26.2875
-26.2982
-26.3077
-26.3158
-26.3226
-26.3282
-26.3326
-26.3358
-26.338
-26.3392
-26.3395
-26.3389
-26.3377
-26.3359
-26.3335
-26.3308
-26.3278
-26.3247
-26.3215
-26.3186
-26.3159
-26.3136
-26.3117
-26.3105
-26.3102
-26.7854
-26.7855
-26.7861
-26.7871
-26.7883
-26.7897
-26.7912
-26.7927
-26.7942
-26.7956
-26.7967
-26.7974
-26.7977
-26.7976
-26.7969
-26.7956
-26.7936
-26.7909
-26.7875
-26.7833
-26.7782
-26.7723
-26.7655
-26.7578
-26.7492
-26.7398
-26.7295
-26.7183
-26.7065
-26.6942
-26.6814
-26.6685
-26.6558
-26.6436
-26.6323
-26.6224
-26.6148
-26.6096
-26.6061
-26.6034
-26.6041
-26.6081
-26.6118
-26.617
-26.6248
-26.6353
-26.6477
-26.6611
-26.6755
-26.6902
-26.7049
-26.7192
-26.733
-26.746
-26.7581
-26.7692
-26.7791
-26.7879
-26.7956
-26.8022
-26.8076
-26.812
-26.8154
-26.8178
-26.8193
-26.82
-26.82
-26.8194
-26.8181
-26.8165
-26.8144
-26.8122
-26.8097
-26.8073
-26.805
-26.8028
-26.801
-26.7996
-26.7986
-26.7983
-27.2732
-27.2732
-27.2737
-27.2745
-27.2754
-27.2764
-27.2776
-27.2787
-27.2797
-27.2806
-27.2813
-27.2816
-27.2816
-27.2812
-27.2802
-27.2787
-27.2766
-27.2738
-27.2704
-27.2663
-27.2614
-27.2557
-27.2493
-27.2421
-27.2342
-27.2255
-27.2161
-27.2061
-27.1956
-27.1846
-27.1735
-27.1623
-27.1513
-27.141
-27.1316
-27.1234
-27.1175
-27.1136
-27.1109
-27.109
-27.1097
-27.1129
-27.1161
-27.1198
-27.1259
-27.1347
-27.1451
-27.1566
-27.169
-27.1818
-27.1947
-27.2074
-27.2196
-27.2313
-27.2422
-27.2523
-27.2615
-27.2697
-27.2769
-27.2832
-27.2885
-27.2928
-27.2962
-27.2988
-27.3006
-27.3016
-27.302
-27.3018
-27.3012
-27.3001
-27.2986
-27.2969
-27.2951
-27.2933
-27.2914
-27.2898
-27.2883
-27.2872
-27.2864
-27.2862
-27.7609
-27.7609
-27.7613
-27.7619
-27.7625
-27.7633
-27.7641
-27.7649
-27.7656
-27.7661
-27.7664
-27.7665
-27.7662
-27.7655
-27.7644
-27.7627
-27.7605
-27.7577
-27.7543
-27.7503
-27.7456
-27.7403
-27.7343
-27.7276
-27.7203
-27.7123
-27.7038
-27.6948
-27.6854
-27.6758
-27.666
-27.6562
-27.6468
-27.638
-27.63
-27.6233
-27.6185
-27.6155
-27.6131
-27.6117
-27.6122
-27.6146
-27.6177
-27.6206
-27.6257
-27.6331
-27.6421
-27.652
-27.6627
-27.6739
-27.6852
-27.6964
-27.7073
-27.7177
-27.7276
-27.7368
-27.7452
-27.7528
-27.7595
-27.7654
-27.7705
-27.7747
-27.7782
-27.7809
-27.7828
-27.7841
-27.7849
-27.7851
-27.7848
-27.7842
-27.7833
-27.7821
-27.7808
-27.7794
-27.778
-27.7767
-27.7756
-27.7747
-27.7741
-27.774
-28.2486
-28.2486
-28.2489
-28.2493
-28.2498
-28.2503
-28.2508
-28.2514
-28.2518
-28.252
-28.252
-28.2518
-28.2513
-28.2505
-28.2492
-28.2474
-28.2451
-28.2424
-28.2391
-28.2352
-28.2308
-28.2258
-28.2201
-28.214
-28.2073
-28.2
-28.1923
-28.1843
-28.1759
-28.1674
-28.1588
-28.1503
-28.1422
-28.1347
-28.1279
-28.1222
-28.1181
-28.1157
-28.1134
-28.1125
-28.1129
-28.1146
-28.1173
-28.1201
-28.1245
-28.1309
-28.1387
-28.1473
-28.1566
-28.1663
-28.1762
-28.1861
-28.1958
-28.2051
-28.214
-28.2223
-28.23
-28.237
-28.2433
-28.2488
-28.2536
-28.2577
-28.2611
-28.2639
-28.266
-28.2675
-28.2685
-28.269
-28.2691
-28.2689
-28.2683
-28.2676
-28.2666
-28.2656
-28.2646
-28.2637
-28.2628
-28.2622
-28.2617
-28.2616
-28.7364
-28.7363
-28.7366
-28.7368
-28.7371
-28.7375
-28.7378
-28.7381
-28.7382
-28.7382
-28.7381
-28.7377
-28.737
-28.736
-28.7346
-28.7327
-28.7305
-28.7278
-28.7246
-28.7209
-28.7167
-28.712
-28.7068
-28.7011
-28.695
-28.6884
-28.6815
-28.6743
-28.6669
-28.6594
-28.6518
-28.6445
-28.6374
-28.631
-28.6252
-28.6204
-28.6168
-28.6145
-28.6128
-28.612
-28.6123
-28.6136
-28.6158
-28.6186
-28.6226
-28.6282
-28.6349
-28.6423
-28.6504
-28.6589
-28.6676
-28.6763
-28.6849
-28.6932
-28.7012
-28.7087
-28.7158
-28.7222
-28.728
-28.7333
-28.7378
-28.7417
-28.745
-28.7477
-28.7499
-28.7516
-28.7528
-28.7535
-28.7539
-28.754
-28.7538
-28.7533
-28.7528
-28.7521
-28.7514
-28.7507
-28.7501
-28.7496
-28.7493
-28.7492
-29.2241
-29.2241
-29.2242
-29.2244
-29.2246
-29.2248
-29.2249
-29.225
-29.225
-29.2248
-29.2245
-29.2239
-29.2231
-29.222
-29.2205
-29.2187
-29.2164
-29.2138
-29.2108
-29.2073
-29.2033
-29.199
-29.1942
-29.1889
-29.1833
-29.1774
-29.1712
-29.1648
-29.1582
-29.1515
-29.1449
-29.1385
-29.1325
-29.1269
-29.122
-29.1178
-29.1148
-29.1127
-29.1113
-29.1107
-29.1109
-29.112
-29.1138
-29.1164
-29.1201
-29.1249
-29.1307
-29.1372
-29.1443
-29.1517
-29.1593
-29.167
-29.1746
-29.182
-29.1892
-29.1959
-29.2023
-29.2082
-29.2136
-29.2184
-29.2227
-29.2264
-29.2296
-29.2323
-29.2346
-29.2363
-29.2377
-29.2386
-29.2392
-29.2395
-29.2396
-29.2394
-29.2391
-29.2387
-29.2382
-29.2378
-29.2374
-29.237
-29.2368
-29.2368
-29.712
-29.7119
-29.712
-29.7121
-29.7121
-29.7122
-29.7122
-29.7122
-29.712
-29.7117
-29.7112
-29.7106
-29.7097
-29.7085
-29.707
-29.7051
-29.703
-29.7005
-29.6976
-29.6942
-29.6905
-29.6865
-29.6821
-29.6773
-29.6722
-29.6669
-29.6613
-29.6556
-29.6497
-29.6438
-29.6381
-29.6325
-29.6273
-29.6225
-29.6183
-29.6147
-29.612
-29.6102
-29.609
-29.6085
-29.6088
-29.6097
-29.6113
-29.6137
-29.617
-29.6212
-29.6262
-29.6319
-29.638
-29.6445
-29.6512
-29.6579
-29.6647
-29.6713
-29.6777
-29.6838
-29.6895
-29.6949
-29.6999
-29.7044
-29.7084
-29.7119
-29.715
-29.7176
-29.7198
-29.7217
-29.7231
-29.7242
-29.725
-29.7254
-29.7257
-29.7258
-29.7257
-29.7255
-29.7252
-29.7249
-29.7247
-29.7245
-29.7243
-29.7243
-30.1999
-30.1998
-30.1998
-30.1999
-30.1998
-30.1998
-30.1998
-30.1996
-30.1993
-30.1989
-30.1983
-30.1976
-30.1966
-30.1954
-30.1939
-30.1921
-30.19
-30.1876
-30.1848
-30.1817
-30.1782
-30.1745
-30.1704
-30.1661
-30.1615
-30.1567
-30.1517
-30.1466
-30.1414
-30.1362
-30.1312
-30.1263
-30.1218
-30.1177
-30.1141
-30.1111
-30.1087
-30.1071
-30.106
-30.1057
-30.1059
-30.1068
-30.1082
-30.1104
-30.1133
-30.117
-30.1214
-30.1263
-30.1316
-30.1373
-30.1431
-30.1491
-30.155
-30.1609
-30.1666
-30.1721
-30.1773
-30.1822
-30.1868
-30.1909
-30.1946
-30.198
-30.2009
-30.2035
-30.2057
-30.2075
-30.209
-30.2102
-30.2111
-30.2117
-30.2121
-30.2123
-30.2124
-30.2124
-30.2123
-30.2122
-30.2121
-30.2119
-30.2119
-30.2119
-30.6879
-30.6878
-30.6878
-30.6878
-30.6877
-30.6876
-30.6874
-30.6872
-30.6868
-30.6863
-30.6857
-30.6849
-30.6839
-30.6826
-30.6811
-30.6794
-30.6774
-30.6751
-30.6725
-30.6696
-30.6664
-30.6629
-30.6592
-30.6553
-30.6512
-30.6468
-30.6424
-30.6378
-30.6332
-30.6287
-30.6242
-30.62
-30.6161
-30.6126
-30.6095
-30.6069
-30.6048
-30.6034
-30.6025
-30.6022
-30.6024
-30.6032
-30.6046
-30.6065
-30.6091
-30.6123
-30.6161
-30.6204
-30.6251
-30.63
-30.6352
-30.6404
-30.6457
-30.6509
-30.656
-30.6609
-30.6656
-30.67
-30.6742
-30.678
-30.6815
-30.6846
-30.6874
-30.6899
-30.692
-30.6938
-30.6953
-30.6965
-30.6975
-30.6982
-30.6988
-30.6991
-30.6994
-30.6995
-30.6995
-30.6995
-30.6995
-30.6994
-30.6994
-30.6995
-31.176
-31.1759
-31.1758
-31.1758
-31.1757
-31.1755
-31.1753
-31.175
-31.1745
-31.174
-31.1733
-31.1725
-31.1714
-31.1702
-31.1687
-31.1671
-31.1651
-31.163
-31.1605
-31.1578
-31.1549
-31.1518
-31.1484
-31.1448
-31.1411
-31.1372
-31.1333
-31.1292
-31.1251
-31.1211
-31.1173
-31.1136
-31.1102
-31.1072
-31.1045
-31.1022
-31.1004
-31.0992
-31.0984
-31.0981
-31.0984
-31.0991
-31.1003
-31.1021
-31.1044
-31.1072
-31.1105
-31.1143
-31.1184
-31.1227
-31.1272
-31.1318
-31.1365
-31.1411
-31.1456
-31.15
-31.1543
-31.1583
-31.1621
-31.1656
-31.1688
-31.1717
-31.1744
-31.1767
-31.1787
-31.1805
-31.182
-31.1833
-31.1843
-31.1851
-31.1857
-31.1861
-31.1865
-31.1867
-31.1868
-31.1869
-31.187
-31.187
-31.187
-31.1871
-31.6642
-31.6641
-31.664
-31.6639
-31.6638
-31.6636
-31.6633
-31.6629
-31.6625
-31.6619
-31.6612
-31.6603
-31.6593
-31.658
-31.6566
-31.6551
-31.6532
-31.6512
-31.6489
-31.6465
-31.6438
-31.6409
-31.6379
-31.6346
-31.6313
-31.6278
-31.6243
-31.6207
-31.6171
-31.6136
-31.6102
-31.607
-31.6041
-31.6014
-31.5991
-31.5971
-31.5956
-31.5945
-31.5938
-31.5936
-31.5938
-31.5945
-31.5956
-31.5972
-31.5992
-31.6017
-31.6046
-31.6079
-31.6115
-31.6153
-31.6192
-31.6233
-31.6274
-31.6315
-31.6355
-31.6395
-31.6433
-31.6469
-31.6503
-31.6535
-31.6565
-31.6592
-31.6617
-31.6639
-31.6659
-31.6676
-31.6691
-31.6703
-31.6713
-31.6722
-31.6728
-31.6734
-31.6738
-31.6741
-31.6743
-31.6745
-31.6746
-31.6746
-31.6747
-31.6748
-32.1525
-32.1523
-32.1522
-32.1521
-32.152
-32.1517
-32.1514
-32.151
-32.1506
-32.15
-32.1493
-32.1484
-32.1474
-32.1462
-32.1449
-32.1434
-32.1417
-32.1398
-32.1377
-32.1354
-32.133
-32.1303
-32.1276
-32.1247
-32.1217
-32.1186
-32.1154
-32.1122
-32.1091
-32.106
-32.103
-32.1003
-32.0977
-32.0954
-32.0934
-32.0917
-32.0903
-32.0893
-32.0888
-32.0886
-32.0888
-32.0894
-32.0904
-32.0919
-32.0937
-32.0959
-32.0984
-32.1013
-32.1044
-32.1077
-32.1112
-32.1148
-32.1184
-32.122
-32.1256
-32.1291
-32.1325
-32.1358
-32.1389
-32.1418
-32.1446
-32.1471
-32.1494
-32.1515
-32.1533
-32.155
-32.1564
-32.1576
-32.1586
-32.1595
-32.1602
-32.1608
-32.1612
-32.1616
-32.1619
-32.1621
-32.1622
-32.1623
-32.1624
-32.1625
-32.6408
-32.6407
-32.6406
-32.6405
-32.6403
-32.64
-32.6397
-32.6393
-32.6389
-32.6383
-32.6375
-32.6367
-32.6357
-32.6346
-32.6334
-32.6319
-32.6303
-32.6286
-32.6267
-32.6246
-32.6224
-32.62
-32.6175
-32.6149
-32.6122
-32.6095
-32.6067
-32.6038
-32.601
-32.5984
-32.5958
-32.5934
-32.5911
-32.5891
-32.5873
-32.5859
-32.5847
-32.5838
-32.5833
-32.5832
-32.5834
-32.584
-32.5849
-32.5862
-32.5878
-32.5897
-32.592
-32.5945
-32.5972
-32.6001
-32.6031
-32.6063
-32.6095
-32.6127
-32.6158
-32.619
-32.622
-32.625
-32.6278
-32.6304
-32.6329
-32.6353
-32.6374
-32.6393
-32.6411
-32.6426
-32.644
-32.6452
-32.6462
-32.647
-32.6477
-32.6483
-32.6488
-32.6492
-32.6495
-32.6498
-32.65
-32.6501
-32.6501
-32.6502
-33.1293
-33.1291
-33.1291
-33.1289
-33.1287
-33.1285
-33.1281
-33.1277
-33.1273
-33.1267
-33.126
-33.1251
-33.1242
-33.1232
-33.122
-33.1207
-33.1192
-33.1176
-33.1159
-33.114
-33.112
-33.1098
-33.1076
-33.1053
-33.1029
-33.1004
-33.0979
-33.0955
-33.093
-33.0907
-33.0884
-33.0863
-33.0844
-33.0826
-33.0811
-33.0798
-33.0787
-33.078
-33.0776
-33.0775
-33.0777
-33.0782
-33.079
-33.0802
-33.0816
-33.0833
-33.0853
-33.0875
-33.0898
-33.0924
-33.095
-33.0978
-33.1006
-33.1034
-33.1062
-33.109
-33.1117
-33.1143
-33.1169
-33.1193
-33.1216
-33.1237
-33.1256
-33.1274
-33.1291
-33.1305
-33.1318
-33.133
-33.1339
-33.1348
-33.1355
-33.1361
-33.1366
-33.137
-33.1373
-33.1376
-33.1378
-33.1379
-33.138
-33.1381
-33.6178
-33.6177
-33.6176
-33.6175
-33.6173
-33.617
-33.6167
-33.6163
-33.6158
-33.6153
-33.6146
-33.6138
-33.6129
-33.612
-33.6109
-33.6096
-33.6083
-33.6068
-33.6052
-33.6035
-33.6017
-33.5998
-33.5978
-33.5958
-33.5937
-33.5915
-33.5893
-33.5871
-33.585
-33.5829
-33.581
-33.5791
-33.5774
-33.5759
-33.5745
-33.5734
-33.5725
-33.5719
-33.5715
-33.5714
-33.5716
-33.5721
-33.5728
-33.5739
-33.5751
-33.5767
-33.5784
-33.5803
-33.5823
-33.5845
-33.5869
-33.5893
-33.5917
-33.5942
-33.5967
-33.5991
-33.6015
-33.6039
-33.6061
-33.6083
-33.6104
-33.6123
-33.6141
-33.6158
-33.6173
-33.6186
-33.6199
-33.6209
-33.6219
-33.6227
-33.6233
-33.6239
-33.6244
-33.6248
-33.6252
-33.6254
-33.6256
-33.6258
-33.6259
-33.6259
-34.1064
-34.1063
-34.1062
-34.1061
-34.1059
-34.1057
-34.1054
-34.105
-34.1045
-34.1039
-34.1033
-34.1026
-34.1018
-34.1009
-34.0999
-34.0988
-34.0975
-34.0962
-34.0948
-34.0932
-34.0916
-34.0899
-34.0882
-34.0863
-34.0845
-34.0826
-34.0806
-34.0788
-34.0769
-34.0751
-34.0734
-34.0718
-34.0703
-34.069
-34.0678
-34.0668
-34.0661
-34.0655
-34.0652
-34.0651
-34.0653
-34.0658
-34.0664
-34.0673
-34.0685
-34.0698
-34.0713
-34.0729
-34.0747
-34.0766
-34.0787
-34.0807
-34.0829
-34.085
-34.0872
-34.0894
-34.0915
-34.0936
-34.0956
-34.0975
-34.0994
-34.1011
-34.1028
-34.1043
-34.1057
-34.1069
-34.1081
-34.1091
-34.1099
-34.1107
-34.1113
-34.1119
-34.1124
-34.1128
-34.1131
-34.1134
-34.1136
-34.1137
-34.1138
-34.1139
-34.5951
-34.595
-34.595
-34.5948
-34.5946
-34.5944
-34.5941
-34.5937
-34.5933
-34.5928
-34.5922
-34.5915
-34.5908
-34.59
-34.589
-34.588
-34.5869
-34.5857
-34.5844
-34.5831
-34.5816
-34.5801
-34.5786
-34.577
-34.5753
-34.5737
-34.572
-34.5704
-34.5688
-34.5673
-34.5658
-34.5644
-34.5631
-34.5619
-34.5609
-34.5601
-34.5594
-34.5589
-34.5587
-34.5586
-34.5588
-34.5592
-34.5598
-34.5606
-34.5616
-34.5627
-34.564
-34.5654
-34.567
-34.5687
-34.5704
-34.5722
-34.5741
-34.5759
-34.5778
-34.5797
-34.5816
-34.5834
-34.5852
-34.5869
-34.5886
-34.5901
-34.5916
-34.593
-34.5943
-34.5954
-34.5964
-34.5973
-34.5981
-34.5988
-34.5994
-34.6
-34.6004
-34.6008
-34.6011
-34.6014
-34.6016
-34.6018
-34.6019
-34.6019
-35.0838
-35.0838
-35.0837
-35.0836
-35.0834
-35.0832
-35.0829
-35.0826
-35.0822
-35.0817
-35.0812
-35.0806
-35.0799
-35.0791
-35.0783
-35.0774
-35.0764
-35.0753
-35.0742
-35.073
-35.0717
-35.0704
-35.069
-35.0676
-35.0662
-35.0648
-35.0634
-35.062
-35.0606
-35.0593
-35.058
-35.0568
-35.0557
-35.0548
-35.0539
-35.0532
-35.0526
-35.0522
-35.052
-35.0519
-35.0521
-35.0525
-35.053
-35.0537
-35.0545
-35.0555
-35.0566
-35.0578
-35.0592
-35.0606
-35.0621
-35.0637
-35.0653
-35.0669
-35.0685
-35.0701
-35.0717
-35.0733
-35.0749
-35.0764
-35.0779
-35.0793
-35.0806
-35.0818
-35.0829
-35.084
-35.0849
-35.0857
-35.0864
-35.0871
-35.0876
-35.0881
-35.0886
-35.0889
-35.0892
-35.0895
-35.0897
-35.0898
-35.0899
-35.09
-35.5727
-35.5726
-35.5725
-35.5724
-35.5723
-35.5721
-35.5718
-35.5715
-35.5711
-35.5707
-35.5703
-35.5697
-35.5691
-35.5684
-35.5677
-35.5669
-35.566
-35.565
-35.5641
-35.563
-35.5619
-35.5608
-35.5596
-35.5584
-35.5572
-35.556
-35.5548
-35.5536
-35.5525
-35.5513
-35.5502
-35.5492
-35.5483
-35.5475
-35.5467
-35.5461
-35.5456
-35.5453
-35.5451
-35.5451
-35.5452
-35.5455
-35.546
-35.5466
-35.5473
-35.5482
-35.5491
-35.5502
-35.5513
-35.5525
-35.5538
-35.5551
-35.5565
-35.5578
-35.5592
-35.5606
-35.562
-35.5633
-35.5647
-35.566
-35.5673
-35.5685
-35.5697
-35.5708
-35.5718
-35.5727
-35.5735
-35.5742
-35.5748
-35.5754
-35.5759
-35.5764
-35.5768
-35.5771
-35.5774
-35.5777
-35.5778
-35.578
-35.5781
-35.5781
-36.0615
-36.0615
-36.0614
-36.0613
-36.0612
-36.061
-36.0608
-36.0605
-36.0602
-36.0598
-36.0594
-36.0589
-36.0584
-36.0578
-36.0571
-36.0564
-36.0557
-36.0549
-36.054
-36.0531
-36.0522
-36.0512
-36.0502
-36.0492
-36.0482
-36.0472
-36.0462
-36.0452
-36.0442
-36.0433
-36.0424
-36.0415
-36.0408
-36.0401
-36.0395
-36.0389
-36.0385
-36.0382
-36.0381
-36.0381
-36.0382
-36.0385
-36.0389
-36.0394
-36.04
-36.0407
-36.0415
-36.0424
-36.0433
-36.0444
-36.0454
-36.0465
-36.0477
-36.0488
-36.0499
-36.0511
-36.0522
-36.0534
-36.0546
-36.0557
-36.0568
-36.0579
-36.0589
-36.0598
-36.0607
-36.0614
-36.0621
-36.0628
-36.0633
-36.0638
-36.0643
-36.0647
-36.0651
-36.0654
-36.0656
-36.0659
-36.066
-36.0662
-36.0663
-36.0663
-36.5504
-36.5504
-36.5503
-36.5502
-36.5501
-36.55
-36.5498
-36.5495
-36.5493
-36.549
-36.5486
-36.5482
-36.5477
-36.5472
-36.5466
-36.546
-36.5454
-36.5448
-36.5441
-36.5433
-36.5426
-36.5417
-36.5409
-36.5401
-36.5392
-36.5384
-36.5376
-36.5368
-36.536
-36.5352
-36.5345
-36.5338
-36.5332
-36.5326
-36.5321
-36.5317
-36.5313
-36.5311
-36.531
-36.531
-36.5311
-36.5313
-36.5317
-36.5321
-36.5326
-36.5331
-36.5338
-36.5345
-36.5353
-36.5361
-36.537
-36.5379
-36.5388
-36.5398
-36.5407
-36.5416
-36.5426
-36.5435
-36.5445
-36.5455
-36.5464
-36.5473
-36.5481
-36.5489
-36.5496
-36.5503
-36.5509
-36.5514
-36.5519
-36.5523
-36.5527
-36.5531
-36.5534
-36.5537
-36.5539
-36.5541
-36.5543
-36.5544
-36.5545
-36.5545
-37.0394
-37.0393
-37.0393
-37.0392
-37.0391
-37.039
-37.0388
-37.0386
-37.0384
-37.0382
-37.0378
-37.0375
-37.0371
-37.0367
-37.0362
-37.0357
-37.0352
-37.0347
-37.0342
-37.0336
-37.0329
-37.0323
-37.0316
-37.0309
-37.0303
-37.0297
-37.029
-37.0284
-37.0277
-37.0271
-37.0265
-37.026
-37.0255
-37.0251
-37.0247
-37.0243
-37.0241
-37.0239
-37.0238
-37.0238
-37.0239
-37.0241
-37.0244
-37.0247
-37.0251
-37.0255
-37.026
-37.0266
-37.0272
-37.0279
-37.0286
-37.0293
-37.03
-37.0307
-37.0315
-37.0322
-37.033
-37.0337
-37.0345
-37.0353
-37.036
-37.0368
-37.0375
-37.0381
-37.0387
-37.0392
-37.0397
-37.0401
-37.0405
-37.0409
-37.0412
-37.0415
-37.0418
-37.042
-37.0422
-37.0424
-37.0426
-37.0427
-37.0427
-37.0428
-37.5284
-37.5283
-37.5283
-37.5282
-37.5282
-37.5281
-37.5279
-37.5278
-37.5276
-37.5274
-37.5272
-37.5269
-37.5266
-37.5262
-37.5259
-37.5255
-37.5251
-37.5247
-37.5243
-37.5238
-37.5233
-37.5228
-37.5223
-37.5218
-37.5213
-37.5209
-37.5204
-37.5199
-37.5194
-37.5189
-37.5185
-37.5181
-37.5178
-37.5174
-37.5172
-37.5169
-37.5167
-37.5166
-37.5165
-37.5166
-37.5166
-37.5168
-37.517
-37.5172
-37.5175
-37.5178
-37.5182
-37.5186
-37.5191
-37.5196
-37.5201
-37.5206
-37.5212
-37.5217
-37.5222
-37.5228
-37.5234
-37.524
-37.5246
-37.5252
-37.5257
-37.5263
-37.5268
-37.5273
-37.5278
-37.5282
-37.5286
-37.5289
-37.5292
-37.5295
-37.5298
-37.53
-37.5302
-37.5304
-37.5306
-37.5308
-37.5309
-37.531
-37.531
-37.531
-38.0174
-38.0173
-38.0173
-38.0173
-38.0172
-38.0172
-38.0171
-38.017
-38.0169
-38.0167
-38.0165
-38.0163
-38.0161
-38.0158
-38.0156
-38.0153
-38.0151
-38.0148
-38.0145
-38.0141
-38.0138
-38.0134
-38.013
-38.0127
-38.0124
-38.0121
-38.0117
-38.0114
-38.0111
-38.0108
-38.0105
-38.0102
-38.01
-38.0098
-38.0096
-38.0095
-38.0093
-38.0093
-38.0092
-38.0092
-38.0093
-38.0094
-38.0095
-38.0097
-38.0099
-38.0101
-38.0104
-38.0106
-38.011
-38.0113
-38.0116
-38.012
-38.0123
-38.0127
-38.0131
-38.0134
-38.0138
-38.0142
-38.0147
-38.0151
-38.0155
-38.0159
-38.0163
-38.0166
-38.0169
-38.0172
-38.0175
-38.0178
-38.018
-38.0182
-38.0184
-38.0186
-38.0187
-38.0189
-38.019
-38.0191
-38.0192
-38.0192
-38.0193
-38.0193
-38.5064
-38.5064
-38.5064
-38.5063
-38.5063
-38.5063
-38.5062
-38.5062
-38.5061
-38.506
-38.5059
-38.5058
-38.5056
-38.5055
-38.5053
-38.5052
-38.505
-38.5049
-38.5047
-38.5044
-38.5042
-38.504
-38.5038
-38.5036
-38.5034
-38.5033
-38.5031
-38.5029
-38.5027
-38.5026
-38.5024
-38.5023
-38.5022
-38.5021
-38.502
-38.5019
-38.5019
-38.5019
-38.5019
-38.5019
-38.5019
-38.502
-38.502
-38.5021
-38.5022
-38.5023
-38.5025
-38.5026
-38.5028
-38.503
-38.5032
-38.5033
-38.5035
-38.5037
-38.5039
-38.5041
-38.5043
-38.5045
-38.5048
-38.505
-38.5053
-38.5055
-38.5057
-38.5059
-38.5061
-38.5063
-38.5065
-38.5066
-38.5068
-38.5069
-38.507
-38.5071
-38.5072
-38.5073
-38.5074
-38.5075
-38.5075
-38.5075
-38.5076
-38.5076
-38.9955
-38.9955
-38.9954
-38.9954
-38.9954
-38.9954
-38.9954
-38.9954
-38.9954
-38.9953
-38.9953
-38.9952
-38.9952
-38.9951
-38.9951
-38.9951
-38.995
-38.9949
-38.9949
-38.9948
-38.9947
-38.9947
-38.9946
-38.9946
-38.9945
-38.9945
-38.9945
-38.9944
-38.9944
-38.9944
-38.9944
-38.9944
-38.9944
-38.9944
-38.9944
-38.9945
-38.9945
-38.9945
-38.9945
-38.9945
-38.9945
-38.9945
-38.9946
-38.9946
-38.9946
-38.9946
-38.9946
-38.9946
-38.9947
-38.9947
-38.9947
-38.9947
-38.9947
-38.9947
-38.9948
-38.9948
-38.9948
-38.9949
-38.9949
-38.995
-38.9951
-38.9952
-38.9952
-38.9953
-38.9954
-38.9954
-38.9955
-38.9955
-38.9956
-38.9956
-38.9957
-38.9957
-38.9957
-38.9958
-38.9958
-38.9958
-38.9958
-38.9958
-38.9959
-38.9959
)
;

boundaryField
{
    lowerWall
    {
        type            calculated;
        value           nonuniform List<scalar> 
80
(
7885.61
7885.16
7884.3
7883.01
7881.29
7879.1
7876.43
7873.26
7869.56
7865.32
7860.51
7855.11
7849.14
7842.57
7835.42
7827.73
7819.53
7810.87
7801.85
7792.53
7783.05
7773.5
7764.04
7754.81
7745.95
7737.62
7729.94
7723.04
7717.01
7711.93
7707.83
7704.69
7702.46
7701.06
7700.36
7700.19
7700.41
7700.85
7701.35
7701.8
7702.15
7702.36
7702.5
7702.64
7702.92
7703.49
7704.51
7706.12
7708.47
7711.64
7715.7
7720.66
7726.52
7733.21
7740.64
7748.71
7757.29
7766.25
7775.43
7784.7
7793.93
7803
7811.8
7820.25
7828.26
7835.77
7842.76
7849.19
7855.04
7860.32
7865.03
7869.19
7872.81
7875.92
7878.53
7880.68
7882.37
7883.64
7884.48
7884.92
)
;
    }
    rightWall
    {
        type            calculated;
        value           nonuniform List<scalar> 
80
(
7691.41
7304.85
6918.68
6532.9
6147.49
5762.43
5377.69
4993.22
4608.97
4224.89
3840.89
3456.88
3072.77
2688.41
2303.69
1918.43
1532.48
1145.67
757.887
368.389
83.0443
-5.45439
-6.23334
-6.92999
-7.86731
-9.00282
-10.2032
-11.3358
-12.3385
-13.2168
-13.9999
-14.7134
-15.376
-16.0011
-16.5985
-17.1748
-17.7345
-18.281
-18.8164
-19.3428
-19.8616
-20.3742
-20.8817
-21.385
-21.885
-22.3822
-22.8773
-23.3706
-23.8626
-24.3535
-24.8435
-25.3329
-25.8217
-26.3102
-26.7983
-27.2862
-27.774
-28.2616
-28.7492
-29.2368
-29.7243
-30.2119
-30.6995
-31.1871
-31.6748
-32.1625
-32.6502
-33.1381
-33.6259
-34.1139
-34.6019
-35.09
-35.5781
-36.0663
-36.5545
-37.0428
-37.531
-38.0193
-38.5076
-38.9959
)
;
    }
    atmosphere
    {
        type            calculated;
        value           nonuniform List<scalar> 
80
(
-39.24
-39.24
-39.24
-39.24
-39.24
-39.24
-39.24
-39.24
-39.24
-39.24
-39.24
-39.24
-39.24
-39.24
-39.24
-39.24
-39.24
-39.24
-39.24
-39.24
-39.24
-39.24
-39.24
-39.24
-39.2401
-39.2401
-39.2402
-39.2402
-39.2403
-39.2404
-39.2404
-39.2405
-39.2406
-39.2406
-39.2407
-39.2407
-39.2408
-39.2408
-39.2408
-39.2409
-39.2409
-39.2409
-39.2409
-39.2408
-39.2408
-39.2408
-39.2407
-39.2407
-39.2406
-39.2405
-39.2405
-39.2404
-39.2403
-39.2403
-39.2402
-39.2401
-39.2401
-39.24
-39.24
-39.24
-39.24
-39.24
-39.24
-39.24
-39.24
-39.24
-39.24
-39.24
-39.24
-39.24
-39.24
-39.24
-39.24
-39.24
-39.24
-39.24
-39.24
-39.24
-39.24
-39.24
)
;
    }
    leftWall
    {
        type            calculated;
        value           nonuniform List<scalar> 
80
(
7692.1
7305.54
6919.39
6533.64
6148.26
5763.24
5378.54
4994.13
4609.94
4225.91
3841.97
3458.02
3073.95
2689.62
2304.89
1919.61
1533.58
1146.62
758.622
368.81
83.057
-5.60073
-6.38144
-7.1241
-8.13554
-9.32336
-10.5204
-11.6091
-12.562
-13.4012
-14.1524
-14.8362
-15.4708
-16.0721
-16.6515
-17.2155
-17.7673
-18.3081
-18.8391
-19.3613
-19.876
-20.3844
-20.8879
-21.3875
-21.8842
-22.3787
-22.8714
-23.3628
-23.8533
-24.3431
-24.8322
-25.3209
-25.8093
-26.2974
-26.7854
-27.2732
-27.7609
-28.2486
-28.7364
-29.2241
-29.712
-30.1999
-30.6879
-31.176
-31.6642
-32.1525
-32.6408
-33.1293
-33.6178
-34.1064
-34.5951
-35.0838
-35.5727
-36.0615
-36.5504
-37.0394
-37.5284
-38.0174
-38.5064
-38.9955
)
;
    }
    frontAndBack
    {
        type            empty;
    }
}


// ************************************************************************* //
