/*--------------------------------*- C++ -*----------------------------------*\
| =========                 |                                                 |
| \\      /  F ield         | OpenFOAM: The Open Source CFD Toolbox           |
|  \\    /   O peration     | Version:  2412                                  |
|   \\  /    A nd           | Website:  www.openfoam.com                      |
|    \\/     M anipulation  |                                                 |
\*---------------------------------------------------------------------------*/
FoamFile
{
    version     2.0;
    format      ascii;
    arch        "LSB;label=32;scalar=64";
    class       volScalarField;
    location    "0.85";
    object      p_rgh;
}
// * * * * * * * * * * * * * * * * * * * * * * * * * * * * * * * * * * * * * //

dimensions      [1 -1 -2 0 0 0 0];

internalField   nonuniform List<scalar> 
6400
(
23551.2
23550.1
23521.3
23514.7
23522.4
23524.2
23521.5
23519.5
23514.1
23511
23512.9
23519.7
23525.3
23530.2
23534.1
23537.2
23539.5
23540.7
23542.2
23546.1
23554.3
23568
23588.4
23616.3
23653
23699.4
23755.8
23821.1
23893
23968.3
24043.4
24115
24181.2
24240.9
24294.2
24341.4
24383.4
24420.4
24452.7
24479.4
24500
24514.1
24522.8
24528
24532.4
24538.2
24545.3
24551.4
24552.1
24542.5
24518.8
24479.5
24426
24361.6
24290.1
24214.3
24135.3
24052.3
23963.6
23868.1
23766.9
23663.7
23564.9
23477.3
23406.3
23353.5
23316
23287.6
23260.9
23230.8
23195.4
23156.3
23117.9
23086.2
23068.1
23068
23084
23106.9
23123.9
23138.6
23538.3
23561.4
23546.3
23526.3
23516.6
23512.8
23507.3
23506.3
23505.3
23505.2
23506.1
23510.6
23516.1
23522.4
23528.2
23533.3
23538
23542.3
23547.2
23554.7
23567.2
23586.1
23612
23644.8
23685
23733.3
23790
23854.6
23924.5
23996.4
24066.8
24132.8
24193.2
24247.7
24296.8
24341.6
24382.8
24420.6
24454.3
24482.3
24503.1
24515.9
24521.9
24523.5
24524.2
24526.3
24530
24532.5
24529.3
24515.2
24486.9
24443.8
24388.1
24324
24255.8
24186.2
24115.7
24042.2
23962.7
23875.3
23780.4
23682
23587.1
23503.2
23435.8
23385.8
23349.3
23319.3
23288.1
23250.9
23207
23159.3
23113.4
23076.2
23055.4
23055.3
23072.9
23096.9
23115.7
23131.6
23529.5
23545.5
23548.2
23542.8
23533.9
23528.8
23522.3
23520.4
23519.7
23521
23524.7
23531.1
23537.7
23543.5
23547.9
23551.1
23553.7
23556.9
23561.9
23570.2
23583.1
23601.4
23625.7
23656.7
23695.3
23742.5
23798.6
23862.6
23932.1
24003.6
24073.7
24139.9
24200.9
24256.6
24307.7
24354.8
24398.6
24438.6
24473.5
24501.3
24520.2
24529.6
24531.2
24528.2
24524.5
24522.5
24522.3
24521.1
24514.2
24496.9
24466.4
24422.6
24368.4
24307.9
24245.3
24182.8
24119.9
24054
23981.5
23899.9
23809.6
23714.9
23622.9
23541.2
23474.9
23424.4
23385.3
23350.6
23313.5
23270.4
23221.3
23170.2
23123.4
23088.3
23070.4
23070.5
23082.2
23096.6
23105.2
23115.5
23550.9
23550.3
23554.5
23555.3
23552.1
23550.2
23545.1
23543.5
23543.5
23544.8
23548.3
23554
23560.9
23566.3
23569.5
23571.4
23573.5
23577.2
23583.7
23593.7
23607.4
23625.1
23647.6
23676.3
23712.8
23758.4
23813.3
23876.3
23944.5
24014.7
24083.6
24148.9
24209.8
24266.2
24318.8
24368.1
24414.3
24456.4
24492.3
24519.5
24536.2
24542.3
24539.7
24532.3
24524.3
24518.1
24513.9
24508.7
24498.1
24477.7
24445.3
24401.5
24349.3
24293.2
24236.8
24181.8
24127.2
24069.5
24004.6
23929.5
23844.6
23754
23665.2
23585.6
23519.9
23467.8
23424.4
23383.6
23340.4
23293.2
23243.2
23193.4
23149.3
23116.9
23099.2
23094.2
23095.8
23097.1
23095.7
23103.3
23585
23573.5
23572.9
23571.6
23570.1
23570.1
23566.8
23565.8
23566.7
23568.5
23571.7
23575.7
23582
23588.8
23594.4
23599.5
23604.8
23611.2
23619.9
23631.7
23646.9
23665.5
23688
23715.8
23750.6
23793.9
23846.2
23906.1
23971.2
24038.3
24104.3
24167.4
24226.6
24282.2
24334.8
24385
24432.3
24475.1
24510.7
24536.5
24550.4
24552.8
24546.2
24534.8
24522.9
24513.1
24505.2
24496.5
24482.8
24460.1
24426.9
24384
24334.8
24283.5
24233.4
24185.7
24138.7
24088.6
24030.7
23961.6
23881.6
23795.2
23709.8
23632.5
23567.1
23512.7
23464.5
23417.5
23369.2
23320.6
23273.8
23230.6
23193.4
23164.5
23144.1
23129
23118.8
23107.3
23101.3
23111
23612.3
23598.6
23600.1
23597.3
23594.6
23592.7
23588.8
23586.5
23587.4
23590.8
23595.9
23600.4
23605.7
23612.1
23619.1
23626.9
23635.6
23645.5
23657.1
23670.9
23687.3
23706.7
23729.7
23757.6
23791.8
23833.8
23884.1
23941.9
24004.6
24069.1
24132.3
24192.4
24248.5
24301
24350.9
24398.5
24443.4
24483.7
24516.8
24539.9
24551.3
24551.6
24543.5
24531.3
24519.2
24509.6
24502.1
24493.8
24480.6
24458.9
24427.1
24386.4
24339.8
24291.4
24244.2
24199.4
24155.3
24108
24052.6
23986
23908.7
23825.3
23743.1
23668.4
23603.9
23547.8
23496.1
23445.4
23396
23350.3
23310.7
23277.4
23248.9
23223.9
23200.3
23175.7
23156.9
23138.8
23133.8
23145.1
23644.3
23627.4
23627.9
23625.1
23620.1
23614.1
23609.2
23605.7
23605.9
23609.5
23615.5
23621.6
23627.5
23634.3
23642.6
23652.5
23663.6
23676.3
23690.9
23707.6
23726.6
23747.8
23771.8
23799.5
23832.4
23872.2
23919.4
23973.4
24031.6
24091
24148.7
24202.9
24253.3
24300.6
24345.9
24389.9
24432
24470.3
24502.1
24524.6
24536.4
24538
24532.2
24523.1
24514.5
24508.3
24503.4
24496.9
24484.5
24463.1
24431.3
24390.6
24344.1
24295.7
24248.6
24203.7
24159.7
24112.4
24057.5
23992
23917.1
23837.7
23760.6
23690.8
23629.7
23574.8
23523.2
23474.2
23429.7
23392.2
23362
23337.3
23314.8
23291.2
23263.8
23233.6
23211
23193
23189.6
23195.3
23679.8
23663.8
23659.1
23654.9
23648.6
23640.6
23636.7
23634.6
23636.5
23643.1
23652.3
23662.2
23670.6
23678.4
23687.3
23697.6
23709.2
23722.3
23737.4
23754.2
23772.6
23792.2
23813.6
23838
23867.4
23903.6
23947.6
23998.6
24053.9
24110.2
24164.4
24214.8
24260.9
24303.5
24343.8
24382.4
24419
24451.8
24478.4
24496.4
24504.7
24504.3
24498.2
24490.2
24483.8
24480.2
24478.2
24474.5
24465
24446.9
24419
24382.6
24340.5
24296
24251.9
24209.3
24166.6
24120.3
24066.4
24003.1
23932
23858.3
23787.7
23723.8
23666.3
23612.5
23560.7
23513
23473
23442.6
23419.6
23400
23380.1
23357.1
23328.4
23298.3
23276.3
23260.3
23254.3
23245.8
23719.4
23705.2
23697.4
23691.4
23683.4
23673.6
23671
23671.1
23674.1
23682.5
23694.2
23706.5
23716.9
23725.4
23733.7
23742.7
23752.7
23764.3
23777.5
23792.3
23807.9
23824
23841.2
23861
23885.8
23917.7
23957.8
24005.1
24056.9
24109.6
24160.2
24206.7
24248.7
24287.2
24323
24356.9
24388.6
24416.5
24438.7
24453.3
24459.6
24458.9
24454.1
24448.8
24445.6
24445.2
24445.9
24444.3
24437.1
24421.8
24397.8
24366.1
24328.8
24288.8
24248.1
24207.6
24165.8
24119.9
24066.9
24006.1
23939.9
23873.1
23810.2
23753.3
23700.7
23650
23601
23557.1
23522.3
23497.5
23479
23461.6
23442.6
23420.4
23392.7
23366.9
23346.4
23330.1
23316.3
23294.6
23771.3
23758
23748.6
23741.1
23733
23722.5
23719.9
23721.6
23725.3
23733.1
23744.5
23756.1
23765.5
23772.4
23778.3
23784.4
23791.2
23799.5
23809.6
23821
23833.3
23846.1
23860
23877
23899.3
23929.2
23967.4
24012.6
24061.9
24111.7
24158.9
24201.6
24239.6
24273.4
24304.2
24332.5
24358.3
24380.6
24397.8
24408.8
24413.4
24413.2
24411
24409.7
24410.9
24414.4
24418.2
24419.2
24414.7
24403.3
24384.5
24359
24328.2
24293.8
24257
24218.3
24176.6
24129.9
24076.7
24017.5
23955.4
23894.9
23838.9
23787.8
23739.3
23691.7
23646.3
23606.8
23576.5
23554.8
23537.4
23520.1
23502.4
23483
23459.3
23439.1
23418.4
23399.9
23377.6
23355.2
23831.2
23821.6
23812
23802
23794.4
23785.9
23782.8
23786.2
23791.8
23799.6
23809.5
23818.9
23825.4
23828.9
23830.6
23831.8
23833.7
23837.1
23842.3
23849.1
23857
23866.1
23877.2
23892.2
23913.4
23942.8
23980.7
24025.6
24074.2
24122.8
24168.3
24208.6
24243.2
24272.5
24297.6
24319.1
24337.5
24352.4
24363
24368.9
24370.8
24370.5
24370.4
24372.6
24377.8
24385
24392.1
24396.7
24397.1
24392.5
24382.5
24367
24345.7
24319.2
24287.6
24251.2
24209.2
24161
24106.3
24047.4
23987.8
23931.6
23880.6
23833.4
23787.4
23741.6
23698.5
23662.2
23634.4
23613.1
23594.8
23577.2
23561.8
23547.5
23529.8
23514.9
23491.5
23472.6
23448.1
23433.5
23899
23892.4
23883.8
23871.7
23863.1
23858.2
23855.7
23861
23870
23879.7
23888.6
23894.2
23895.6
23893.4
23889.2
23884.2
23879.9
23876.9
23875.9
23876.8
23879.4
23884
23891.6
23904.1
23923.8
23952.3
23989.7
24034.4
24083
24131.6
24176.7
24216.1
24248.6
24274.3
24294.3
24309.4
24320.6
24328.2
24332.3
24333.4
24332.6
24331.6
24332.4
24336.1
24342.7
24351
24359.6
24367.3
24373.5
24377.7
24378.9
24375.7
24366.2
24349.2
24324.3
24291.1
24249.8
24200.7
24145.6
24087.8
24031.7
23980.7
23935.1
23892.2
23848.5
23803.5
23760.6
23724.1
23695.8
23673.3
23653.8
23637
23625
23616.1
23604.8
23592.9
23566.8
23550.8
23532.7
23519.3
23977.9
23972.5
23964.6
23952.6
23942.5
23939.6
23938.4
23944.3
23954.2
23964.3
23971.4
23972.9
23968.6
23960.1
23949.4
23938
23927.5
23918.8
23912.4
23908.5
23907
23908.1
23912.8
23922.6
23939.8
23965.9
24001
24043.3
24089.6
24136.1
24179.1
24215.8
24245
24266.5
24281.2
24290.5
24295.7
24298
24298
24296.8
24295.4
24295
24296.7
24300.7
24306.6
24313.7
24321.7
24331
24342
24354.3
24366.2
24374.6
24376.2
24368.6
24350.3
24321
24281.3
24232.7
24178.8
24124.2
24073.9
24030.3
23992.2
23955.1
23915.1
23871.7
23828.7
23790.8
23760.5
23737
23718.1
23704.7
23697.1
23692.7
23686.2
23675.7
23649.4
23639.1
23627.9
23607.3
24062.2
24057.4
24051
24040.8
24030.9
24025.3
24025.6
24031.2
24039.9
24047.8
24051
24047.3
24037.3
24023
24006.8
23990.4
23975.5
23963
23953.5
23947
23943.4
23942.7
23945.3
23952.9
23967.5
23990.4
24022
24060.5
24103.1
24145.9
24185.2
24218.4
24243.8
24261.3
24271.9
24277.2
24279.1
24279.1
24278.2
24277.3
24277
24277.7
24279.4
24281.9
24284.9
24288.7
24294.4
24303.9
24318.3
24337
24357.4
24375.1
24385.8
24386.1
24374.2
24349.3
24312.3
24266
24215.3
24166.5
24124.3
24090
24060.1
24028.7
23991.4
23948.4
23904.2
23864
23831.5
23807.7
23791.7
23783.8
23781
23778.9
23775.7
23767.2
23744.4
23742.3
23730.7
23710.2
24149.8
24144.7
24140.3
24131.6
24125.7
24115.6
24114.2
24119.1
24125
24128.6
24126.5
24117.7
24103
24084.8
24065.3
24046.6
24029.8
24016.2
24006
23999
23994.7
23992.8
23993.7
23998.9
24010.2
24029.2
24056.1
24089.5
24126.7
24164.2
24198.5
24227
24248.3
24262.3
24270.1
24273.6
24274.6
24274.7
24274.7
24275
24275.5
24276
24275.9
24275.1
24273.9
24273.6
24276.9
24286.4
24303.4
24327
24353.7
24378.9
24397.6
24405.8
24400.9
24381.8
24349.4
24307.6
24262.8
24222
24189.6
24164.9
24142.2
24114.2
24077
24032.6
23986.7
23944.9
23911.3
23888.2
23875.9
23873.3
23873.5
23871.1
23869.9
23866.1
23848.2
23852.7
23836.7
23829.8
24239
24235.2
24230.2
24219.3
24216.2
24208
24204.5
24206.3
24208.9
24207.9
24201.2
24188.5
24171.2
24151.6
24131.6
24112.8
24096.6
24083.5
24073.8
24066.7
24061.4
24057.4
24055.3
24056.5
24062.9
24076.2
24096.5
24122.8
24152.7
24183
24211
24234.1
24251.3
24262.6
24269.2
24272.7
24274.7
24276.2
24277.4
24278.2
24278
24276.1
24272.3
24266.8
24260.7
24256.5
24257.3
24266.3
24284.5
24311
24342.2
24373.4
24399.6
24416.2
24419.5
24407.8
24382.4
24348.3
24313
24283.4
24262.7
24247.7
24231
24204.9
24166.9
24121.2
24075.1
24034.3
24002.3
23980.7
23971
23970.5
23970.4
23965.7
23967.5
23969.3
23955.3
23960.7
23944.6
23946.8
24323.4
24323.9
24317.6
24307.3
24298.6
24292.5
24289.7
24289.1
24287.7
24282.8
24272.9
24258.4
24240.8
24222
24203.5
24186.8
24172.5
24161.1
24152.2
24145.1
24138.7
24132.7
24127.9
24125.8
24128.2
24136.6
24151.1
24170.9
24194
24217.7
24239.8
24258.3
24272.3
24281.8
24287.9
24291.7
24294.2
24295.8
24296.3
24295.2
24291.9
24286
24277.7
24267.8
24258.3
24251.9
24251.9
24260.8
24279.8
24307.7
24341.4
24376.5
24408
24430.9
24441
24436.5
24419.1
24394.7
24370.7
24353
24342.6
24334.5
24320.3
24293.8
24255.4
24211.4
24169.3
24133.6
24105.2
24085.1
24076.6
24076.8
24075.7
24069.2
24075.7
24082.5
24069.2
24074.4
24065.4
24069.6
24402.5
24406.9
24397.5
24392.9
24386
24380.3
24376.4
24372.6
24366.9
24357.9
24345.3
24329.8
24312.5
24294.8
24277.8
24262.2
24248.8
24237.4
24227.6
24218.6
24210
24201.7
24194.6
24190.1
24189.7
24194.4
24204.2
24218.4
24235.2
24252.9
24269.4
24283.4
24294.2
24301.7
24306.4
24309
24309.9
24309
24306.1
24300.8
24293.2
24283.4
24272.3
24261
24251.5
24246.3
24248
24258.6
24278.5
24306.8
24340.8
24376.8
24410.2
24436.3
24451.5
24454.4
24447.4
24435.7
24425.2
24419.5
24417.3
24413
24399.4
24373
24337.3
24299.9
24266.9
24239.2
24215.1
24195
24185.5
24185.2
24184.1
24176.6
24184.7
24192.8
24177.1
24187.3
24181.9
24195.2
24469.5
24479.4
24473.8
24467.8
24462.7
24458.3
24453.9
24448.3
24440.7
24430.7
24418.5
24404.8
24390.1
24375.5
24361.4
24348.4
24336.7
24326.1
24316.6
24307.6
24299.2
24291.5
24285.3
24281.4
24280.6
24283.2
24289.1
24297.7
24307.9
24318.6
24328.5
24336.7
24342.7
24346.5
24348
24347.6
24345.4
24341.4
24335.7
24328.5
24320.2
24311.2
24302.6
24295.1
24290.4
24289.8
24295
24306.7
24325.1
24349
24376.7
24405.4
24432.1
24453.8
24468.5
24475.8
24477.3
24476.3
24475.5
24476
24476.1
24471.7
24459
24438
24413.1
24389.5
24369
24350.1
24331.2
24315.1
24309.1
24310
24307.7
24299.4
24306.5
24315.6
24295.9
24309
24300.5
24332.8
24508.6
24517.6
24513.9
24511.1
24510.3
24509.4
24507.9
24505.5
24502.3
24498.5
24494
24489.1
24484.1
24479.1
24474.4
24470
24466.1
24462.4
24459
24455.9
24453.1
24450.8
24449.2
24448.3
24448.3
24449.1
24450.6
24452.7
24455
24457.4
24459.5
24461.1
24462
24462.3
24461.9
24460.9
24459.2
24457
24454.3
24451.5
24448.7
24446.1
24444
24442.7
24442.5
24443.7
24446.7
24451.5
24458.1
24466
24474.7
24483.5
24491.5
24498
24502.8
24506
24508
24509.5
24510.7
24511.5
24511.4
24509.3
24504.6
24497.9
24491.2
24485.5
24480.9
24476.4
24470.3
24463.4
24462.1
24466.3
24466.3
24458.7
24459.9
24469.4
24463.4
24468.2
24454.6
24481.4
0.24676
0.572057
0.453408
0.326475
0.263753
0.209029
0.161458
0.134008
0.120132
0.112295
0.110502
0.108786
0.107422
0.108559
0.112252
0.121749
0.134105
0.14521
0.164699
0.206749
0.252415
0.294233
0.339385
0.389181
0.437175
0.482927
0.530645
0.574153
0.616577
0.672084
0.741225
0.799804
0.853959
0.907531
0.948585
0.972254
0.982146
0.985333
0.974852
0.949743
0.909642
0.866386
0.821581
0.828306
0.824773
0.812451
0.793766
0.771815
0.746872
0.719032
0.687829
0.654415
0.617265
0.578031
0.541128
0.510364
0.486734
0.473363
0.504522
0.567288
0.632451
0.692746
0.750301
0.809707
0.863814
0.911856
0.947344
0.979303
1.00789
1.02359
1.03176
1.02982
1.00518
0.977651
0.944928
0.901348
0.880705
0.864025
0.935111
0.883502
0.000796338
-0.00346143
-0.00138029
6.47906e-05
0.000353461
0.000101123
1.31155e-05
3.92976e-05
1.51739e-05
-5.15527e-07
4.03889e-07
3.6105e-05
6.78599e-05
6.75053e-05
5.49926e-05
5.19496e-05
5.69409e-05
6.35428e-05
6.10514e-05
5.84807e-05
5.47531e-05
5.68622e-05
6.33144e-05
7.06905e-05
7.56325e-05
7.81107e-05
8.06812e-05
8.52589e-05
8.79889e-05
8.87734e-05
8.8721e-05
8.84802e-05
8.8703e-05
8.91304e-05
8.88394e-05
8.75401e-05
8.43604e-05
8.0062e-05
7.64699e-05
7.3645e-05
7.09049e-05
6.71735e-05
6.28539e-05
6.05021e-05
6.06639e-05
6.03222e-05
5.84955e-05
5.77206e-05
6.31002e-05
7.03878e-05
6.59445e-05
6.55266e-05
7.76605e-05
7.2646e-05
7.03978e-05
8.51137e-05
7.25909e-05
5.732e-05
7.75973e-05
0.000103262
8.4302e-05
4.21987e-05
6.72881e-05
0.00010517
9.74991e-05
5.72006e-05
4.78172e-05
7.32165e-05
0.000103866
8.08532e-05
4.07484e-05
5.88344e-05
8.86804e-05
7.75955e-05
6.94022e-05
6.97455e-05
4.23643e-05
3.77542e-05
2.3633e-05
8.06653e-05
0.000309411
-0.00372479
-0.00115596
0.000454919
0.000503022
1.31593e-05
-0.000124431
-6.09399e-06
6.48676e-05
6.93856e-05
2.59056e-05
1.82837e-05
4.85549e-05
7.27987e-05
7.17216e-05
6.17867e-05
5.23566e-05
5.66588e-05
6.63917e-05
7.03103e-05
7.1188e-05
7.0626e-05
7.20093e-05
7.77232e-05
8.36496e-05
8.86179e-05
9.16919e-05
9.32161e-05
9.31425e-05
9.27607e-05
9.28652e-05
9.33656e-05
9.37086e-05
9.33691e-05
9.25741e-05
9.18346e-05
9.02371e-05
8.74497e-05
8.45046e-05
8.20348e-05
8.03363e-05
7.81876e-05
7.43882e-05
7.12184e-05
7.09834e-05
7.11979e-05
7.01688e-05
6.74406e-05
6.88098e-05
7.47205e-05
7.33772e-05
7.03554e-05
7.89193e-05
7.46738e-05
6.67903e-05
8.09747e-05
7.77788e-05
6.37869e-05
6.85861e-05
8.48134e-05
8.3543e-05
6.00386e-05
6.9124e-05
9.11999e-05
8.94534e-05
6.52143e-05
6.28798e-05
7.79799e-05
9.91771e-05
8.94498e-05
6.06233e-05
6.17472e-05
8.74387e-05
8.76589e-05
7.88842e-05
7.85787e-05
6.52684e-05
5.52312e-05
5.81925e-05
6.7796e-05
0.00376551
-0.000226163
-0.00125586
-0.000418027
0.000283909
0.000241639
3.20141e-05
-3.81197e-05
8.64819e-06
6.501e-05
7.13528e-05
4.6627e-05
3.9975e-05
5.55092e-05
6.79679e-05
7.40476e-05
7.20441e-05
6.78605e-05
6.72191e-05
6.91276e-05
7.4285e-05
7.77899e-05
8.04933e-05
8.32651e-05
8.652e-05
9.08753e-05
9.46918e-05
9.657e-05
9.64494e-05
9.49624e-05
9.38218e-05
9.38713e-05
9.46655e-05
9.4659e-05
9.34732e-05
9.21484e-05
9.11708e-05
9.01074e-05
8.84977e-05
8.59269e-05
8.38876e-05
8.31417e-05
8.10303e-05
7.75708e-05
7.51909e-05
7.40767e-05
7.44865e-05
7.38335e-05
7.11634e-05
7.53602e-05
7.84117e-05
7.0317e-05
7.74269e-05
8.22888e-05
6.55875e-05
7.21843e-05
7.97196e-05
7.20667e-05
6.6287e-05
7.03467e-05
8.77996e-05
6.97063e-05
5.9124e-05
7.28471e-05
9.08732e-05
7.7987e-05
6.93383e-05
6.44518e-05
7.91162e-05
9.70113e-05
8.62706e-05
6.49744e-05
7.65985e-05
8.42614e-05
7.69508e-05
8.34398e-05
8.98708e-05
8.75561e-05
9.18478e-05
7.75027e-05
0.00158695
0.00122428
-4.27006e-05
-0.000357547
-6.7805e-05
0.000119546
9.03687e-05
3.00775e-05
1.29809e-05
3.46306e-05
6.58933e-05
6.61481e-05
5.89804e-05
5.99604e-05
6.40865e-05
6.89463e-05
7.0686e-05
6.96263e-05
7.0481e-05
7.13845e-05
7.54566e-05
7.93989e-05
8.20865e-05
8.54939e-05
8.95446e-05
9.37311e-05
9.60082e-05
9.61414e-05
9.55668e-05
9.471e-05
9.40262e-05
9.388e-05
9.42436e-05
9.44576e-05
9.35334e-05
9.20739e-05
9.10632e-05
9.03897e-05
8.96138e-05
8.75073e-05
8.50037e-05
8.37395e-05
8.28249e-05
8.00882e-05
7.71565e-05
7.45988e-05
7.46637e-05
7.63922e-05
7.40845e-05
7.38091e-05
8.02441e-05
7.4582e-05
7.38291e-05
8.17792e-05
7.06258e-05
7.16432e-05
7.86199e-05
7.42686e-05
7.12725e-05
6.63899e-05
8.48629e-05
7.69946e-05
6.50413e-05
6.41356e-05
8.29364e-05
7.91181e-05
7.30942e-05
7.14857e-05
7.24042e-05
8.36452e-05
8.83639e-05
7.24056e-05
7.48417e-05
8.87958e-05
8.39104e-05
7.8755e-05
7.99125e-05
7.88873e-05
8.89135e-05
8.01887e-05
-0.00040203
0.000870171
0.000473731
2.64818e-06
-6.46371e-05
3.8226e-05
7.8097e-05
6.92589e-05
3.76986e-05
2.95594e-05
5.03393e-05
6.58877e-05
6.64629e-05
6.42304e-05
6.24553e-05
6.43744e-05
6.80098e-05
6.9954e-05
7.15279e-05
7.29497e-05
7.58747e-05
8.02202e-05
8.3271e-05
8.70754e-05
9.11564e-05
9.46187e-05
9.63679e-05
9.60766e-05
9.52554e-05
9.48401e-05
9.4973e-05
9.49354e-05
9.46458e-05
9.45416e-05
9.40648e-05
9.29411e-05
9.18043e-05
9.10349e-05
9.08517e-05
8.98108e-05
8.74602e-05
8.51865e-05
8.38755e-05
8.15125e-05
7.93587e-05
7.6887e-05
7.42176e-05
7.58049e-05
7.75109e-05
7.61083e-05
7.86457e-05
7.7822e-05
7.7042e-05
8.08791e-05
7.11759e-05
7.35554e-05
8.19773e-05
7.48091e-05
7.01522e-05
6.93735e-05
8.69979e-05
7.87081e-05
6.97188e-05
6.50961e-05
8.50275e-05
8.57164e-05
7.15986e-05
6.76434e-05
7.75898e-05
8.56414e-05
8.87013e-05
7.97798e-05
7.15287e-05
8.25179e-05
9.10093e-05
9.12217e-05
8.69826e-05
7.51042e-05
7.79105e-05
7.22984e-05
-0.000735694
6.44923e-06
0.00031274
0.000154782
-6.87394e-07
-1.26587e-06
3.43551e-05
6.16807e-05
5.60374e-05
4.1106e-05
4.4503e-05
5.80392e-05
6.63621e-05
6.95838e-05
6.9129e-05
6.91692e-05
7.09437e-05
7.19349e-05
7.45421e-05
7.67167e-05
7.83693e-05
8.19693e-05
8.62506e-05
9.04628e-05
9.40805e-05
9.66842e-05
9.71941e-05
9.60279e-05
9.45688e-05
9.38539e-05
9.41259e-05
9.44648e-05
9.41269e-05
9.37151e-05
9.36239e-05
9.32549e-05
9.22573e-05
9.09215e-05
9.02949e-05
8.97248e-05
8.78576e-05
8.54686e-05
8.37643e-05
8.10018e-05
7.87096e-05
7.88472e-05
7.68088e-05
7.41291e-05
7.7178e-05
8.04087e-05
7.97932e-05
7.55116e-05
8.09881e-05
8.59734e-05
7.16837e-05
6.98116e-05
8.64817e-05
8.60502e-05
6.97158e-05
6.49568e-05
9.02877e-05
9.1408e-05
7.67715e-05
6.2352e-05
7.81172e-05
9.93316e-05
8.91371e-05
7.0341e-05
7.36247e-05
8.72894e-05
8.51768e-05
8.26034e-05
7.71339e-05
7.21397e-05
7.57922e-05
8.76806e-05
9.82914e-05
8.77771e-05
7.95522e-05
6.96263e-05
-0.000135505
-0.0002881
6.4553e-05
0.000148565
7.63754e-05
2.50391e-05
2.12737e-05
4.9283e-05
6.84435e-05
6.11122e-05
5.65886e-05
5.95544e-05
6.36462e-05
6.80961e-05
7.08078e-05
7.0252e-05
7.06301e-05
7.23688e-05
7.55592e-05
7.96892e-05
8.14652e-05
8.40322e-05
8.84463e-05
9.32825e-05
9.69099e-05
9.88106e-05
9.94635e-05
9.91307e-05
9.8437e-05
9.79402e-05
9.79504e-05
9.81589e-05
9.78619e-05
9.71022e-05
9.68357e-05
9.71105e-05
9.68395e-05
9.54607e-05
9.41813e-05
9.32694e-05
9.12165e-05
8.85299e-05
8.67115e-05
8.43699e-05
8.01334e-05
7.99556e-05
8.29032e-05
7.93615e-05
7.55146e-05
8.32953e-05
8.68982e-05
7.42535e-05
7.74087e-05
9.38526e-05
8.14572e-05
6.50114e-05
7.8788e-05
9.74416e-05
8.32601e-05
5.88584e-05
7.9204e-05
9.89928e-05
9.52021e-05
7.35513e-05
6.74311e-05
8.85146e-05
0.000102322
8.88029e-05
7.58431e-05
8.89675e-05
8.72096e-05
7.55193e-05
7.87741e-05
7.76766e-05
6.77351e-05
7.33335e-05
9.08216e-05
9.14714e-05
8.65186e-05
7.86161e-05
0.000252693
-0.000142018
-5.69753e-05
7.07819e-05
8.68167e-05
5.70424e-05
3.12743e-05
3.58569e-05
5.55258e-05
6.31342e-05
6.2459e-05
6.2233e-05
6.48563e-05
6.63166e-05
7.03189e-05
7.17317e-05
7.20584e-05
7.35868e-05
7.63771e-05
8.02702e-05
8.37287e-05
8.66497e-05
9.04453e-05
9.46648e-05
9.71415e-05
9.77677e-05
9.75083e-05
9.72717e-05
9.73217e-05
9.74291e-05
9.75095e-05
9.76769e-05
9.77634e-05
9.717e-05
9.63346e-05
9.6261e-05
9.63746e-05
9.53073e-05
9.36991e-05
9.25947e-05
9.1037e-05
8.81991e-05
8.59998e-05
8.57273e-05
8.2643e-05
7.87427e-05
8.35772e-05
8.72799e-05
7.77588e-05
7.98616e-05
9.4293e-05
8.19953e-05
7.0175e-05
8.95633e-05
9.37457e-05
7.39971e-05
6.51227e-05
9.01765e-05
9.65855e-05
7.07496e-05
6.91615e-05
9.01299e-05
9.71989e-05
8.88881e-05
7.41717e-05
7.31296e-05
9.35434e-05
9.35809e-05
7.52439e-05
8.39161e-05
9.51049e-05
8.00339e-05
7.53799e-05
8.02462e-05
7.30111e-05
6.88543e-05
7.93343e-05
8.17969e-05
8.55352e-05
8.75883e-05
0.00027112
8.06019e-05
-1.87154e-05
2.48052e-05
7.01902e-05
8.02992e-05
5.99515e-05
4.5075e-05
4.9662e-05
5.89772e-05
6.4825e-05
6.65064e-05
6.83255e-05
6.76895e-05
6.92587e-05
7.20955e-05
7.42857e-05
7.64574e-05
7.79431e-05
8.0959e-05
8.54303e-05
8.97728e-05
9.38796e-05
9.75346e-05
9.96923e-05
0.000100088
9.95749e-05
9.91959e-05
9.94215e-05
9.97856e-05
9.98546e-05
9.97483e-05
0.000100032
0.000100197
9.94969e-05
9.89164e-05
9.90182e-05
9.83925e-05
9.67176e-05
9.47882e-05
9.34421e-05
9.15477e-05
8.82537e-05
8.73638e-05
8.8004e-05
8.32213e-05
8.25482e-05
9.24661e-05
8.7307e-05
7.61849e-05
9.31306e-05
9.39054e-05
7.52856e-05
8.28243e-05
9.35129e-05
8.84997e-05
6.7999e-05
8.16035e-05
9.83726e-05
8.39136e-05
6.87388e-05
8.29259e-05
9.226e-05
8.89455e-05
9.05033e-05
7.56135e-05
8.23177e-05
9.62873e-05
7.95916e-05
7.30257e-05
9.35229e-05
9.10841e-05
8.02373e-05
8.41949e-05
7.67417e-05
6.96222e-05
7.45615e-05
7.16954e-05
7.43982e-05
8.32753e-05
0.000107364
0.000160029
5.12636e-05
2.56022e-05
4.15814e-05
6.69216e-05
7.29522e-05
6.06974e-05
5.55983e-05
5.82131e-05
6.42751e-05
6.74225e-05
7.0649e-05
6.94954e-05
6.89062e-05
7.14352e-05
7.48458e-05
7.82767e-05
8.02078e-05
8.23804e-05
8.66586e-05
9.14226e-05
9.53656e-05
9.83093e-05
0.00010032
0.000101121
0.00010126
0.00010136
0.000101841
0.000102427
0.000102685
0.000102428
0.000102417
0.000102978
0.000102755
0.000101785
0.00010141
0.00010116
0.000100375
9.81428e-05
9.58874e-05
9.51516e-05
9.36163e-05
9.048e-05
9.13769e-05
9.08722e-05
8.45564e-05
9.26326e-05
9.76152e-05
8.19378e-05
9.0223e-05
9.61799e-05
8.38779e-05
8.82364e-05
9.28183e-05
9.47482e-05
7.43748e-05
8.07424e-05
9.85957e-05
9.439e-05
7.30566e-05
8.26536e-05
9.35023e-05
8.39281e-05
9.1701e-05
9.14947e-05
7.90913e-05
8.80548e-05
8.37507e-05
6.74502e-05
7.8328e-05
8.74276e-05
7.98647e-05
8.78726e-05
8.7057e-05
7.85189e-05
8.32742e-05
7.70853e-05
6.94628e-05
7.00085e-05
-6.2832e-06
0.000130841
9.79586e-05
5.86978e-05
4.25792e-05
5.14876e-05
6.43436e-05
6.649e-05
6.42523e-05
6.19749e-05
6.44538e-05
6.55196e-05
6.97221e-05
7.12467e-05
7.12178e-05
7.26684e-05
7.54335e-05
7.90544e-05
8.24069e-05
8.49133e-05
8.88122e-05
9.31943e-05
9.66623e-05
9.8824e-05
9.97989e-05
0.00010037
0.000100932
0.000101356
0.000101809
0.000102334
0.000102813
0.000102875
0.00010278
0.000103588
0.000104436
0.000104298
0.000103968
0.000103626
0.000103885
0.000103588
0.000100351
9.74912e-05
9.83148e-05
9.72234e-05
9.46949e-05
9.63337e-05
9.13598e-05
9.34399e-05
0.000101109
8.9733e-05
9.74545e-05
0.000100418
8.2603e-05
9.089e-05
9.97333e-05
0.000106247
8.05362e-05
7.77613e-05
9.6669e-05
0.000110565
8.5379e-05
7.81007e-05
9.56677e-05
8.84989e-05
8.39309e-05
9.93441e-05
9.14326e-05
8.52953e-05
8.52709e-05
7.2833e-05
7.29782e-05
7.91842e-05
7.11655e-05
7.51203e-05
8.65404e-05
8.16981e-05
8.67179e-05
8.84201e-05
7.74844e-05
6.67061e-05
-1.38901e-05
6.11592e-05
9.09417e-05
8.52348e-05
6.31424e-05
5.49691e-05
5.7465e-05
6.32477e-05
6.74865e-05
6.70071e-05
6.7556e-05
6.57231e-05
6.7745e-05
7.08862e-05
7.28511e-05
7.4394e-05
7.65247e-05
7.96281e-05
8.41583e-05
8.79901e-05
9.19626e-05
9.6008e-05
9.89344e-05
0.00010069
0.00010173
0.00010254
0.000103584
0.000104491
0.000105125
0.000105612
0.000106231
0.000106817
0.000106945
0.000107574
0.000108858
0.000109837
0.000110479
0.000109902
0.000108977
0.000110565
0.000109573
0.000104206
0.000101542
0.00010505
0.00010346
0.000101791
9.83409e-05
0.000101722
0.000106977
8.95696e-05
0.000100217
0.000114982
9.2374e-05
8.4426e-05
9.46485e-05
0.000118148
9.72318e-05
7.95429e-05
8.42262e-05
0.000111883
0.000105548
8.78452e-05
9.09042e-05
9.36013e-05
7.84485e-05
8.6366e-05
9.95541e-05
9.47268e-05
8.89983e-05
7.95423e-05
7.83335e-05
8.48577e-05
7.38427e-05
6.27584e-05
7.457e-05
7.50029e-05
7.59934e-05
8.5183e-05
8.744e-05
7.94146e-05
4.39594e-05
3.50226e-05
5.97896e-05
7.78365e-05
7.54782e-05
6.55859e-05
6.13574e-05
6.1445e-05
6.61882e-05
6.83742e-05
7.05087e-05
6.8551e-05
6.82165e-05
7.06897e-05
7.39779e-05
7.60526e-05
7.79529e-05
7.99118e-05
8.4127e-05
8.85093e-05
9.23192e-05
9.57609e-05
9.81682e-05
0.000100018
0.000101241
0.000102278
0.000103399
0.00010446
0.000105271
0.000105939
0.000106818
0.000108096
0.00010918
0.000110364
0.000112072
0.00011383
0.00011599
0.000116995
0.000114078
0.000113457
0.000116596
0.000113957
0.000105665
0.0001073
0.000112863
0.000111797
0.000101204
0.000106023
0.000121507
9.72585e-05
8.92225e-05
0.000117562
0.000111157
9.42131e-05
7.91322e-05
0.000109623
0.000109397
9.65967e-05
7.82266e-05
9.19626e-05
0.000104372
0.000106942
9.6267e-05
9.73611e-05
8.36983e-05
7.02985e-05
8.41354e-05
9.51058e-05
9.46426e-05
8.67198e-05
8.53466e-05
9.39764e-05
9.03782e-05
7.13216e-05
6.66677e-05
6.95455e-05
6.52638e-05
6.75484e-05
7.86472e-05
8.47906e-05
9.67046e-05
5.30379e-05
5.39117e-05
6.28043e-05
6.95101e-05
6.92174e-05
6.7348e-05
6.3729e-05
6.45133e-05
6.55796e-05
6.90882e-05
6.97305e-05
6.92269e-05
7.00808e-05
7.33852e-05
7.63412e-05
7.96651e-05
8.1906e-05
8.54377e-05
8.95877e-05
9.29807e-05
9.582e-05
9.77163e-05
9.91637e-05
0.000100708
0.000102147
0.000103614
0.000105008
0.0001061
0.000107075
0.000108312
0.000110158
0.00011216
0.000114149
0.000116266
0.000117888
0.000119917
0.000123204
0.000121388
0.000115685
0.000117871
0.000122965
0.000115829
0.000108516
0.000115541
0.000125531
0.000110325
0.000100932
0.000126025
0.000116597
9.02544e-05
0.000103641
0.000113795
0.000112748
7.79713e-05
9.62516e-05
0.000104414
0.000105286
9.60245e-05
8.55131e-05
8.40189e-05
0.000108272
0.000102223
0.000100991
9.64171e-05
7.5067e-05
6.83255e-05
8.00858e-05
8.45772e-05
7.93617e-05
8.04903e-05
8.9627e-05
9.77436e-05
9.12264e-05
7.82736e-05
7.67559e-05
7.62549e-05
6.70638e-05
6.41344e-05
7.03433e-05
0.000100513
7.50048e-05
6.67122e-05
6.13894e-05
6.2363e-05
6.56456e-05
6.94372e-05
6.81948e-05
6.67321e-05
6.45981e-05
6.62306e-05
6.85466e-05
6.98131e-05
6.97413e-05
7.1669e-05
7.3848e-05
7.79331e-05
8.13091e-05
8.46427e-05
8.83198e-05
9.12645e-05
9.38061e-05
9.57228e-05
9.73305e-05
9.89822e-05
0.000100453
0.000101954
0.000103623
0.000105192
0.000106682
0.000108461
0.000111021
0.000114056
0.00011712
0.000119964
0.000121609
0.000121838
0.00012481
0.000127137
0.000120864
0.000116752
0.0001236
0.00012692
0.000115968
0.000111362
0.000129283
0.000125861
0.000103
0.000117815
0.000123887
0.000104885
0.000104169
0.000105493
0.000120256
8.46674e-05
9.15181e-05
9.92737e-05
9.65439e-05
0.000107819
0.00010382
8.01697e-05
9.65478e-05
0.000107509
9.52695e-05
9.83073e-05
9.36097e-05
7.642e-05
7.67892e-05
7.65697e-05
6.77965e-05
6.77368e-05
7.41962e-05
7.80622e-05
8.65081e-05
8.4237e-05
7.74605e-05
8.13651e-05
8.10149e-05
6.95591e-05
6.28266e-05
8.3264e-05
7.37741e-05
7.33298e-05
6.88184e-05
6.49715e-05
6.3643e-05
6.75069e-05
6.99706e-05
7.02744e-05
6.76619e-05
6.66843e-05
6.78208e-05
7.05212e-05
7.12415e-05
7.29888e-05
7.41013e-05
7.72989e-05
8.09197e-05
8.39337e-05
8.69313e-05
8.92497e-05
9.14238e-05
9.3443e-05
9.5436e-05
9.77455e-05
9.98633e-05
0.000101791
0.000103965
0.000106413
0.000108805
0.000111162
0.000114015
0.000117412
0.000120992
0.000124031
0.0001259
0.000124912
0.00012472
0.00012849
0.000127735
0.000120644
0.000119981
0.000129428
0.000127636
0.00011267
0.000123437
0.000130894
0.000112858
0.000118386
0.000121476
0.000108334
0.000109606
0.000105937
0.000126535
9.29869e-05
9.29813e-05
0.000103227
8.98495e-05
0.000102159
0.000118766
9.1018e-05
8.27275e-05
0.00010126
9.12959e-05
8.95321e-05
9.56593e-05
9.05656e-05
8.88458e-05
8.83472e-05
7.49849e-05
6.83554e-05
7.40553e-05
6.65846e-05
6.77569e-05
7.71072e-05
7.2555e-05
6.96996e-05
7.76357e-05
8.01697e-05
7.39073e-05
7.00076e-05
6.92177e-05
6.9832e-05
7.21213e-05
7.11785e-05
6.72951e-05
6.61606e-05
6.76533e-05
6.94003e-05
6.90784e-05
6.82696e-05
6.76878e-05
6.99971e-05
7.12064e-05
7.38565e-05
7.53761e-05
7.77388e-05
8.10609e-05
8.38396e-05
8.64678e-05
8.85075e-05
9.03835e-05
9.22852e-05
9.42554e-05
9.66384e-05
9.9309e-05
0.000101702
0.000104177
0.000107361
0.000111017
0.000114476
0.000117567
0.00012049
0.000123935
0.000126944
0.000128662
0.00012778
0.000125887
0.000127342
0.000130478
0.000127373
0.000120946
0.000124764
0.000131451
0.000119342
0.000124623
0.000129603
0.000112291
0.000120515
0.000127475
0.000112996
0.000109049
0.000102597
0.000131225
0.000103738
8.9256e-05
0.000104427
8.86557e-05
8.77653e-05
0.000110483
0.000108109
8.43112e-05
8.80825e-05
8.33323e-05
7.47789e-05
8.28061e-05
8.42875e-05
8.507e-05
9.499e-05
9.18833e-05
8.07653e-05
8.63361e-05
8.23881e-05
6.70614e-05
6.67698e-05
6.94846e-05
6.14695e-05
5.82089e-05
6.46514e-05
6.97161e-05
6.87631e-05
7.03151e-05
6.68764e-05
7.03683e-05
7.3949e-05
7.28755e-05
6.89493e-05
6.70474e-05
6.70779e-05
6.77406e-05
6.83621e-05
6.724e-05
6.84335e-05
6.87994e-05
7.12005e-05
7.32108e-05
7.49501e-05
7.74964e-05
7.97913e-05
8.21341e-05
8.42507e-05
8.63903e-05
8.87822e-05
9.12646e-05
9.40272e-05
9.74533e-05
0.00010074
0.000103765
0.000107141
0.000111416
0.000116089
0.00011999
0.000121992
0.00012405
0.0001273
0.000129677
0.000128801
0.000127117
0.000127144
0.00012871
0.000129853
0.000126943
0.000126467
0.000131199
0.000117542
0.000126038
0.000137719
0.00011365
0.000113213
0.000125383
0.000119141
0.000110695
9.41723e-05
0.000127637
0.000120212
9.25022e-05
9.7364e-05
9.16743e-05
8.24356e-05
8.57103e-05
0.0001008
9.65401e-05
9.65639e-05
8.81869e-05
7.02314e-05
7.11178e-05
7.12373e-05
6.38544e-05
7.04354e-05
7.87263e-05
7.4017e-05
7.84149e-05
9.01643e-05
8.20246e-05
7.09888e-05
7.32876e-05
7.37542e-05
6.63235e-05
6.20648e-05
6.31892e-05
7.13501e-05
7.54022e-05
7.02596e-05
6.88887e-05
7.11349e-05
7.29917e-05
7.07615e-05
6.8477e-05
6.71346e-05
6.73106e-05
6.90096e-05
6.85074e-05
6.95034e-05
6.93601e-05
7.08385e-05
7.30101e-05
7.46123e-05
7.65264e-05
7.82227e-05
8.00951e-05
8.20827e-05
8.42736e-05
8.68788e-05
8.97169e-05
9.26157e-05
9.60527e-05
0.00010052
0.000104833
0.00010853
0.000112221
0.000116798
0.000122065
0.000124723
0.000124624
0.000126437
0.000130857
0.000131479
0.000129627
0.000130645
0.000130395
0.00012929
0.000127569
0.000131746
0.000142985
0.000121087
0.000117045
0.000139267
0.000124623
0.000117272
0.00012432
0.000122601
0.000108323
8.45386e-05
0.000110482
0.000123984
0.000112213
9.98757e-05
9.86694e-05
9.96587e-05
8.25904e-05
7.90011e-05
8.7102e-05
0.000101551
0.000104635
8.68738e-05
8.03157e-05
8.04382e-05
6.80189e-05
6.00129e-05
6.34263e-05
6.36945e-05
5.94542e-05
6.77956e-05
7.63227e-05
7.03418e-05
6.38586e-05
6.61764e-05
6.83484e-05
6.6663e-05
6.44109e-05
7.27486e-05
7.87733e-05
7.67085e-05
7.20763e-05
6.93227e-05
7.01838e-05
6.94789e-05
6.88564e-05
6.7554e-05
6.64163e-05
6.76765e-05
6.74558e-05
6.86419e-05
6.88314e-05
6.94816e-05
7.12169e-05
7.26955e-05
7.43485e-05
7.58588e-05
7.75806e-05
7.96736e-05
8.21314e-05
8.50622e-05
8.84647e-05
9.19151e-05
9.54234e-05
0.000100033
0.000105545
0.000110519
0.000113852
0.000116485
0.000121472
0.00012708
0.000128073
0.000126766
0.000130539
0.000134479
0.000133235
0.000135251
0.000139238
0.000137851
0.0001293
0.00012594
0.000150805
0.000139767
0.000120232
0.000133048
0.000122636
0.000117443
0.00012628
0.000138902
0.000118127
8.97499e-05
9.68832e-05
0.000105962
0.000128992
0.000109719
9.3158e-05
0.000103242
9.81949e-05
8.09755e-05
7.15063e-05
8.07148e-05
9.38318e-05
9.1086e-05
8.96071e-05
9.40206e-05
8.70524e-05
7.41873e-05
6.87523e-05
7.17425e-05
6.76991e-05
6.05349e-05
6.43689e-05
6.92594e-05
6.50651e-05
6.07813e-05
6.09428e-05
6.19874e-05
6.2398e-05
7.23249e-05
7.4753e-05
7.72882e-05
7.45806e-05
6.98678e-05
6.89272e-05
6.82748e-05
6.9244e-05
6.94046e-05
6.78566e-05
6.80288e-05
6.73585e-05
6.82082e-05
6.89484e-05
6.93945e-05
7.06149e-05
7.17616e-05
7.31603e-05
7.46454e-05
7.63792e-05
7.859e-05
8.12479e-05
8.43344e-05
8.80778e-05
9.23456e-05
9.63271e-05
0.000100389
0.0001056
0.000111761
0.000116784
0.000118705
0.000120854
0.000127199
0.000133188
0.000132932
0.00013333
0.000138049
0.000138462
0.000138369
0.000143683
0.000151756
0.000147096
0.000126535
0.000143198
0.000149074
0.000136844
0.000146361
0.000127018
0.000107554
0.000105712
0.000141221
0.000131061
0.00010991
0.00010615
8.1817e-05
0.000117821
0.000121109
0.000100511
9.83807e-05
9.71215e-05
8.76303e-05
7.62756e-05
7.01547e-05
6.92886e-05
6.65823e-05
6.99161e-05
7.72672e-05
7.72102e-05
7.54102e-05
7.01616e-05
7.07785e-05
7.71345e-05
7.30555e-05
6.53322e-05
6.52495e-05
6.62948e-05
6.43382e-05
6.28038e-05
6.23791e-05
6.20389e-05
7.24827e-05
7.02906e-05
7.16673e-05
7.27868e-05
7.0391e-05
6.91881e-05
6.75216e-05
6.78848e-05
6.89509e-05
6.83148e-05
6.83841e-05
6.77522e-05
6.8086e-05
6.89126e-05
6.92527e-05
6.99178e-05
7.0483e-05
7.14075e-05
7.28081e-05
7.47119e-05
7.714e-05
8.00126e-05
8.32418e-05
8.70471e-05
9.1931e-05
9.70804e-05
0.000101276
0.000105076
0.000110221
0.0001171
0.000122284
0.000123942
0.000126903
0.000134305
0.000139653
0.000140956
0.000144793
0.00014797
0.000147597
0.000144659
0.000154499
0.000166022
0.000145504
0.000144568
0.00014272
0.000131125
0.000153814
0.000148394
0.000126617
8.66056e-05
0.000119596
0.000132445
0.000119162
0.000126733
8.31943e-05
9.11464e-05
0.00010246
9.57226e-05
9.79629e-05
9.74137e-05
9.13794e-05
8.7856e-05
8.23244e-05
7.27551e-05
6.21878e-05
6.08762e-05
6.51177e-05
5.99946e-05
6.01615e-05
6.14907e-05
5.73477e-05
6.17853e-05
6.96655e-05
6.85278e-05
6.43514e-05
6.26411e-05
6.13926e-05
6.08911e-05
6.11404e-05
6.15158e-05
7.34409e-05
6.90019e-05
6.6792e-05
6.84288e-05
6.89495e-05
6.97181e-05
6.82529e-05
6.70587e-05
6.71228e-05
6.68748e-05
6.72206e-05
6.72798e-05
6.76191e-05
6.84309e-05
6.87673e-05
6.91911e-05
6.95292e-05
7.01625e-05
7.13492e-05
7.32694e-05
7.58562e-05
7.88957e-05
8.22488e-05
8.58825e-05
9.05012e-05
9.63067e-05
0.000101753
0.000105557
0.000108926
0.000114847
0.000123212
0.000129612
0.000132148
0.000135553
0.000142309
0.000148144
0.000152443
0.000156169
0.000161332
0.000155469
0.000154489
0.000168287
0.000160641
0.000164014
0.000157216
0.000120139
0.000138517
0.000149486
0.000157199
8.60809e-05
9.61965e-05
0.000119489
0.000114789
0.000128773
0.000106621
9.19607e-05
9.6822e-05
8.99799e-05
8.45751e-05
8.30253e-05
8.16387e-05
8.63254e-05
9.19934e-05
9.21964e-05
8.04657e-05
7.29766e-05
7.79199e-05
7.08073e-05
6.2714e-05
6.58017e-05
6.44833e-05
5.92511e-05
6.14259e-05
6.47344e-05
6.43229e-05
6.32585e-05
6.21412e-05
6.08915e-05
6.04579e-05
6.048e-05
7.12451e-05
6.99513e-05
6.73468e-05
6.69457e-05
6.71251e-05
6.87864e-05
6.88172e-05
6.78499e-05
6.7199e-05
6.70266e-05
6.73685e-05
6.77824e-05
6.80706e-05
6.8535e-05
6.85367e-05
6.85333e-05
6.8701e-05
6.93413e-05
7.04206e-05
7.21256e-05
7.47073e-05
7.80327e-05
8.17889e-05
8.55109e-05
8.92935e-05
9.42079e-05
0.000100277
0.000105857
0.000110256
0.000114753
0.00012191
0.000131513
0.000139456
0.000142464
0.000145649
0.000153477
0.000161482
0.000163341
0.000170388
0.000171339
0.000164611
0.00016981
0.00015752
0.000166775
0.000183149
0.00013487
0.000140067
0.000142225
0.000179105
0.000121072
8.96597e-05
9.86305e-05
0.000114006
0.000110375
0.000118097
9.18364e-05
9.42699e-05
0.00010464
9.69437e-05
8.3961e-05
6.88696e-05
6.008e-05
6.06966e-05
6.80522e-05
6.77684e-05
6.14404e-05
6.85243e-05
7.1525e-05
6.23094e-05
5.99831e-05
6.51263e-05
6.48801e-05
6.33899e-05
6.3348e-05
6.1875e-05
6.02761e-05
6.00597e-05
6.02411e-05
6.00858e-05
5.99899e-05
6.62084e-05
6.69612e-05
6.75549e-05
6.70079e-05
6.58598e-05
6.62139e-05
6.65379e-05
6.65778e-05
6.61472e-05
6.64702e-05
6.70625e-05
6.76666e-05
6.78692e-05
6.79547e-05
6.77447e-05
6.75301e-05
6.75504e-05
6.82771e-05
6.95008e-05
7.096e-05
7.31626e-05
7.65479e-05
8.08086e-05
8.5068e-05
8.84869e-05
9.195e-05
9.73089e-05
0.000104321
0.000111486
0.000117708
0.000123035
0.00013027
0.000142033
0.000151264
0.00015342
0.000157931
0.0001691
0.000173099
0.000179422
0.000183398
0.000180488
0.000188276
0.000165688
0.000161647
0.000197361
0.000153829
0.000147685
0.000127526
0.000170687
0.000159604
0.000124659
8.99846e-05
0.000115584
9.92361e-05
0.000118219
9.87892e-05
7.90219e-05
8.64294e-05
8.93598e-05
8.80738e-05
8.22378e-05
7.15788e-05
6.08075e-05
6.04912e-05
6.55485e-05
6.02194e-05
5.86592e-05
6.44216e-05
6.31083e-05
5.69684e-05
5.73904e-05
5.99824e-05
6.16522e-05
6.3366e-05
6.32943e-05
6.10596e-05
5.92164e-05
5.87636e-05
5.8719e-05
5.86659e-05
6.45475e-05
6.45244e-05
6.6324e-05
6.69879e-05
6.61647e-05
6.57641e-05
6.56009e-05
6.63871e-05
6.63216e-05
6.69045e-05
6.75639e-05
6.80597e-05
6.8069e-05
6.77118e-05
6.72722e-05
6.70765e-05
6.70191e-05
6.75893e-05
6.90401e-05
7.07266e-05
7.25852e-05
7.54372e-05
7.9549e-05
8.42307e-05
8.80797e-05
9.08657e-05
9.51336e-05
0.000102412
0.000111637
0.000120626
0.000126964
0.00013077
0.000140345
0.000155559
0.000163921
0.000167046
0.000176648
0.000181377
0.000189272
0.000194203
0.00019001
0.000207462
0.000191609
0.000166877
0.000207389
0.000175018
0.000159188
0.000118576
0.00014165
0.000156949
0.000148971
9.30114e-05
0.000109198
9.26986e-05
9.87497e-05
9.80555e-05
8.49929e-05
8.8081e-05
8.62257e-05
8.3795e-05
8.61304e-05
8.2868e-05
7.11504e-05
6.35732e-05
6.75887e-05
6.845e-05
6.28499e-05
6.02629e-05
6.11762e-05
5.92853e-05
5.79794e-05
5.82807e-05
5.82856e-05
5.84405e-05
5.92767e-05
5.94588e-05
5.88461e-05
5.83304e-05
5.80375e-05
5.76413e-05
6.35215e-05
6.31142e-05
6.3839e-05
6.48048e-05
6.50412e-05
6.5203e-05
6.46757e-05
6.5791e-05
6.59636e-05
6.64352e-05
6.67942e-05
6.68551e-05
6.6742e-05
6.63543e-05
6.59537e-05
6.6013e-05
6.61099e-05
6.6213e-05
6.73643e-05
6.96137e-05
7.19661e-05
7.4286e-05
7.72099e-05
8.14044e-05
8.64396e-05
9.05149e-05
9.42017e-05
9.99439e-05
0.000109064
0.000120279
0.00013036
0.00013519
0.000141069
0.000155651
0.00016992
0.000179016
0.000193199
0.000197872
0.000205134
0.000210836
0.000200943
0.000215988
0.000209818
0.000164283
0.000194934
0.000187243
0.000183956
0.000135103
0.000122754
0.000126362
0.00014192
0.000112598
0.000100964
0.000104324
0.000104915
9.80413e-05
8.16395e-05
7.63057e-05
6.53999e-05
5.94086e-05
6.54625e-05
6.85446e-05
6.36234e-05
5.82533e-05
5.86163e-05
6.29236e-05
6.46541e-05
6.11567e-05
5.80543e-05
5.63503e-05
5.63445e-05
5.82174e-05
5.99379e-05
5.91902e-05
5.73716e-05
5.62662e-05
5.59763e-05
5.59488e-05
5.60538e-05
5.59653e-05
6.22266e-05
6.20623e-05
6.18329e-05
6.24486e-05
6.31233e-05
6.43027e-05
6.39197e-05
6.51074e-05
6.53664e-05
6.55766e-05
6.55745e-05
6.50336e-05
6.46604e-05
6.44683e-05
6.43157e-05
6.46202e-05
6.51616e-05
6.51437e-05
6.54754e-05
6.76019e-05
7.08873e-05
7.36368e-05
7.51946e-05
7.71074e-05
8.21102e-05
8.95476e-05
9.61784e-05
0.000100228
0.000105033
0.000114586
0.000127924
0.000137866
0.000146199
0.000160873
0.00017493
0.000182627
0.000202783
0.000216179
0.000229509
0.000236621
0.000220019
0.000225751
0.000234233
0.000191056
0.000190485
0.000178118
0.000201476
0.000168687
0.000143902
0.000128878
0.000119703
0.00011063
8.50339e-05
7.87071e-05
7.73337e-05
8.49112e-05
8.95039e-05
8.96575e-05
7.64784e-05
6.5266e-05
6.60042e-05
6.61887e-05
6.10125e-05
5.94982e-05
5.84036e-05
5.64203e-05
5.79113e-05
5.85436e-05
5.68168e-05
5.47986e-05
5.34759e-05
5.32971e-05
5.53699e-05
5.72605e-05
5.70641e-05
5.57625e-05
5.48599e-05
5.42548e-05
5.39328e-05
5.38107e-05
6.05888e-05
6.09573e-05
6.09655e-05
6.14835e-05
6.17771e-05
6.3189e-05
6.27671e-05
6.36169e-05
6.36919e-05
6.34798e-05
6.3363e-05
6.26592e-05
6.21756e-05
6.22133e-05
6.23049e-05
6.24862e-05
6.32315e-05
6.38427e-05
6.39904e-05
6.50934e-05
6.81112e-05
7.19209e-05
7.43786e-05
7.47495e-05
7.64215e-05
8.33244e-05
9.46226e-05
0.000103038
0.000105871
0.000110958
0.000123631
0.000136405
0.000147695
0.000169983
0.000194291
0.000198172
0.000208936
0.00022121
0.000245209
0.000263256
0.000245755
0.000222607
0.000224985
0.000216319
0.000223847
0.000165034
0.000167618
0.000168871
0.000162943
0.000167548
0.00013429
0.000108445
9.50847e-05
9.49629e-05
7.59289e-05
6.65215e-05
6.89537e-05
7.76765e-05
7.62233e-05
6.65862e-05
6.41933e-05
6.45662e-05
5.78515e-05
5.71167e-05
6.1545e-05
6.03852e-05
5.73574e-05
5.54687e-05
5.33914e-05
5.26465e-05
5.37631e-05
5.34198e-05
5.24581e-05
5.24236e-05
5.28043e-05
5.27685e-05
5.27224e-05
5.24614e-05
5.20352e-05
5.17575e-05
5.82562e-05
5.86739e-05
5.92364e-05
5.99543e-05
5.99136e-05
6.12632e-05
6.08146e-05
6.12421e-05
6.11447e-05
6.03902e-05
6.0152e-05
5.9722e-05
5.95314e-05
5.98892e-05
6.02643e-05
6.01541e-05
6.04157e-05
6.16238e-05
6.29299e-05
6.36858e-05
6.47242e-05
6.73581e-05
7.16847e-05
7.54373e-05
7.68657e-05
7.81711e-05
8.55706e-05
9.74139e-05
0.000104258
0.000109193
0.000123147
0.000138807
0.000146523
0.000164599
0.000204555
0.000226758
0.000239078
0.00023722
0.000252388
0.000288288
0.000309204
0.000275674
0.000225251
0.000180798
0.000242051
0.000198894
0.000171191
0.000150737
0.00013307
0.000144044
0.000152147
0.00011568
9.135e-05
9.38224e-05
8.55252e-05
7.39071e-05
6.12108e-05
6.03609e-05
6.62399e-05
6.26298e-05
5.76931e-05
5.97053e-05
5.51759e-05
5.03303e-05
5.35524e-05
5.67196e-05
5.64581e-05
5.53763e-05
5.23683e-05
4.8943e-05
4.96003e-05
5.1768e-05
5.22942e-05
5.14076e-05
5.06102e-05
5.01116e-05
5.00207e-05
4.99492e-05
4.97136e-05
4.95512e-05
5.70849e-05
5.71514e-05
5.78538e-05
5.83728e-05
5.78185e-05
5.8825e-05
5.84131e-05
5.85048e-05
5.84853e-05
5.74675e-05
5.70606e-05
5.69427e-05
5.72062e-05
5.78786e-05
5.85388e-05
5.85009e-05
5.81369e-05
5.88527e-05
6.11109e-05
6.32076e-05
6.3566e-05
6.31828e-05
6.52506e-05
7.13594e-05
7.86115e-05
8.1185e-05
8.20275e-05
8.96946e-05
9.83126e-05
0.000103759
0.00011967
0.000145906
0.00015871
0.00016207
0.000193274
0.000232924
0.000274033
0.000276798
0.000260225
0.000269381
0.000312539
0.000349503
0.000310318
0.00015749
0.00021513
0.000197216
0.000180285
0.000143629
0.000112323
0.000102865
0.000110521
0.000102006
8.45195e-05
7.85851e-05
8.03762e-05
8.37019e-05
7.19502e-05
6.05367e-05
6.35873e-05
6.43624e-05
5.72407e-05
5.68665e-05
5.68001e-05
5.3338e-05
5.2447e-05
5.26594e-05
5.09957e-05
5.08024e-05
5.13972e-05
4.93084e-05
4.73571e-05
4.7375e-05
4.83123e-05
4.87113e-05
4.87219e-05
4.85306e-05
4.82979e-05
4.79898e-05
4.76682e-05
4.7527e-05
5.52392e-05
5.52042e-05
5.55465e-05
5.60172e-05
5.52279e-05
5.58563e-05
5.56273e-05
5.55145e-05
5.5697e-05
5.48136e-05
5.43863e-05
5.44363e-05
5.49434e-05
5.5729e-05
5.64541e-05
5.69169e-05
5.70316e-05
5.71562e-05
5.85758e-05
6.1235e-05
6.31983e-05
6.32372e-05
6.27848e-05
6.50077e-05
7.22824e-05
7.95653e-05
8.12188e-05
8.60199e-05
9.52282e-05
9.98386e-05
0.000109302
0.000138338
0.000170046
0.000178246
0.000195662
0.000227767
0.000298205
0.00035062
0.000349631
0.00029289
0.00025178
0.000326104
0.000437409
0.000215745
0.000221829
0.000199262
0.000200953
0.000156394
0.000124454
0.000113307
9.97275e-05
0.000103358
9.04071e-05
7.18741e-05
6.50509e-05
7.0609e-05
6.8232e-05
5.84698e-05
5.72528e-05
5.99626e-05
5.56322e-05
5.28533e-05
5.23399e-05
5.16883e-05
5.27254e-05
5.42699e-05
5.1559e-05
4.74615e-05
4.67878e-05
4.75594e-05
4.76073e-05
4.66357e-05
4.58428e-05
4.56191e-05
4.58678e-05
4.62214e-05
4.63241e-05
4.60751e-05
4.57755e-05
4.57142e-05
5.3641e-05
5.33584e-05
5.3018e-05
5.33873e-05
5.28163e-05
5.32231e-05
5.31838e-05
5.29068e-05
5.33016e-05
5.28627e-05
5.27516e-05
5.29983e-05
5.34093e-05
5.39661e-05
5.43536e-05
5.48426e-05
5.59259e-05
5.67153e-05
5.71115e-05
5.82738e-05
6.03068e-05
6.22525e-05
6.37835e-05
6.47015e-05
6.73442e-05
7.31862e-05
7.63595e-05
8.14072e-05
9.33116e-05
0.000101779
0.000104452
0.000118782
0.000155112
0.000182964
0.000207795
0.000218915
0.000269152
0.000361216
0.000470208
0.000458773
0.000275673
0.000187883
0.000480024
0.000251863
0.000197695
0.000168801
0.000202035
0.00015512
0.000138257
0.000116055
8.81303e-05
8.83268e-05
8.5274e-05
7.75737e-05
6.85773e-05
6.44663e-05
6.28637e-05
5.91604e-05
5.65677e-05
5.58137e-05
5.29503e-05
5.21904e-05
5.15684e-05
4.9315e-05
4.77542e-05
4.95324e-05
5.07104e-05
4.83918e-05
4.54774e-05
4.43665e-05
4.49945e-05
4.52523e-05
4.47833e-05
4.43731e-05
4.43459e-05
4.45473e-05
4.46268e-05
4.438e-05
4.41005e-05
4.40954e-05
5.12005e-05
5.10376e-05
5.03739e-05
5.04998e-05
5.04451e-05
5.10662e-05
5.12683e-05
5.06257e-05
5.08803e-05
5.07838e-05
5.11449e-05
5.18829e-05
5.22417e-05
5.2459e-05
5.2644e-05
5.292e-05
5.42585e-05
5.58221e-05
5.60707e-05
5.59966e-05
5.74673e-05
5.97762e-05
6.21303e-05
6.40383e-05
6.49643e-05
6.76835e-05
6.9868e-05
7.48246e-05
8.81552e-05
0.000102008
0.000107542
0.000109688
0.00013683
0.000177289
0.000235103
0.000258498
0.00027901
0.000320668
0.000483539
0.000689042
0.0005884
0.000103004
0.00052735
0.000349101
0.000216111
0.000135153
0.000124128
0.000112558
0.000114663
0.000111738
9.1254e-05
7.69508e-05
6.91474e-05
6.96892e-05
6.79516e-05
6.15423e-05
5.62459e-05
5.53839e-05
5.72768e-05
5.62222e-05
5.06168e-05
4.89276e-05
5.06765e-05
5.16933e-05
4.9445e-05
4.66826e-05
4.57828e-05
4.59869e-05
4.55867e-05
4.40639e-05
4.30932e-05
4.27418e-05
4.25638e-05
4.27042e-05
4.30217e-05
4.32501e-05
4.32708e-05
4.30351e-05
4.28145e-05
4.28196e-05
4.85741e-05
4.86654e-05
4.83806e-05
4.81638e-05
4.81985e-05
4.90888e-05
4.98742e-05
4.91228e-05
4.90199e-05
4.89242e-05
4.93322e-05
5.04512e-05
5.10163e-05
5.08892e-05
5.08083e-05
5.1024e-05
5.24511e-05
5.47372e-05
5.52814e-05
5.35054e-05
5.34363e-05
5.67304e-05
6.02562e-05
6.24991e-05
6.30408e-05
6.38816e-05
6.32144e-05
6.51579e-05
7.59497e-05
8.87953e-05
9.74722e-05
9.35647e-05
0.000101374
0.000121417
0.000194568
0.000284076
0.000402186
0.000270035
0.000265274
0.000567213
0.000981895
0.000114876
0.000401001
0.000352099
0.000216654
0.000175973
0.000122405
0.000100273
8.5127e-05
9.03309e-05
8.43268e-05
7.22584e-05
6.22918e-05
5.9066e-05
5.91904e-05
5.81977e-05
5.32975e-05
4.85103e-05
5.07289e-05
5.44554e-05
5.12491e-05
4.71094e-05
4.56309e-05
4.72408e-05
4.89456e-05
4.80824e-05
4.50941e-05
4.32511e-05
4.35143e-05
4.34074e-05
4.25627e-05
4.16609e-05
4.11028e-05
4.11967e-05
4.16336e-05
4.19066e-05
4.19217e-05
4.17427e-05
4.1641e-05
4.17038e-05
4.58969e-05
4.62462e-05
4.6868e-05
4.68945e-05
4.65945e-05
4.68951e-05
4.79492e-05
4.75453e-05
4.73982e-05
4.742e-05
4.75101e-05
4.83207e-05
4.91916e-05
4.94673e-05
4.93266e-05
4.87306e-05
4.86552e-05
5.09116e-05
5.43486e-05
5.44385e-05
5.14485e-05
5.10997e-05
5.40066e-05
5.72786e-05
5.99778e-05
6.41674e-05
6.50597e-05
6.34742e-05
6.83706e-05
7.68927e-05
9.21283e-05
9.84229e-05
0.00010187
8.08605e-05
9.9671e-05
0.000164845
0.000567376
0.00217855
0.000972535
0.000420124
0.00213994
0.000735061
0.00170489
0.000255916
0.000115099
0.000128397
0.000104691
8.69056e-05
7.03882e-05
7.09069e-05
6.75696e-05
6.43852e-05
6.12299e-05
5.42374e-05
4.85884e-05
5.05324e-05
5.33404e-05
4.9029e-05
4.58499e-05
4.79458e-05
4.84092e-05
4.8064e-05
4.66975e-05
4.46895e-05
4.39774e-05
4.49462e-05
4.45936e-05
4.282e-05
4.19549e-05
4.15855e-05
4.10568e-05
4.05148e-05
4.01751e-05
4.02623e-05
4.05965e-05
4.07722e-05
4.07644e-05
4.06428e-05
4.06133e-05
4.06765e-05
4.35072e-05
4.37101e-05
4.457e-05
4.54656e-05
4.54663e-05
4.47689e-05
4.51819e-05
4.50224e-05
4.51719e-05
4.58121e-05
4.60127e-05
4.58542e-05
4.58536e-05
4.66621e-05
4.82671e-05
4.90081e-05
4.71641e-05
4.47627e-05
4.68961e-05
5.24568e-05
5.44555e-05
5.21466e-05
4.94052e-05
4.7428e-05
4.70134e-05
5.24788e-05
5.79119e-05
5.64523e-05
5.31514e-05
4.61617e-05
5.38276e-05
6.57494e-05
8.8871e-05
7.30675e-05
1.63557e-05
-0.000100093
5.90817e-05
0.139825
1363.56
1360.65
1360.59
1363.49
0.139805
0.000162349
4.53477e-05
6.697e-05
6.33688e-05
6.02231e-05
5.02476e-05
4.80881e-05
4.55425e-05
4.71904e-05
5.18702e-05
4.96013e-05
4.15366e-05
3.93081e-05
4.50724e-05
4.69056e-05
4.48101e-05
4.4011e-05
4.2142e-05
4.22896e-05
4.48451e-05
4.56125e-05
4.31879e-05
4.16526e-05
4.16986e-05
4.14737e-05
4.09562e-05
4.02205e-05
3.9442e-05
3.89992e-05
3.89446e-05
3.91716e-05
3.94536e-05
3.95335e-05
3.95267e-05
3.9508e-05
3.95664e-05
3.96179e-05
4.20892e-05
4.17113e-05
4.19571e-05
4.30089e-05
4.38356e-05
4.29104e-05
4.23295e-05
4.18295e-05
4.19999e-05
4.3227e-05
4.45344e-05
4.46333e-05
4.30625e-05
4.1649e-05
4.25977e-05
4.59983e-05
4.83751e-05
4.57885e-05
4.16109e-05
4.29189e-05
4.91786e-05
5.35061e-05
5.30969e-05
4.97022e-05
4.63379e-05
4.87165e-05
5.33528e-05
5.59337e-05
5.93568e-05
4.75503e-05
3.65521e-05
1.65807e-05
2.23257e-05
7.78268e-05
6.90549e-05
-3.2737e-05
-0.000338033
0.0139008
71575.8
71479.2
71478.7
71577.7
0.0222562
-2.91386e-05
1.72003e-05
-1.25539e-05
1.82597e-05
3.77864e-05
3.69474e-05
3.39205e-05
3.21876e-05
3.21358e-05
3.65621e-05
3.96619e-05
3.78666e-05
3.54473e-05
3.82889e-05
4.00316e-05
3.98185e-05
4.15084e-05
4.10056e-05
3.87352e-05
3.9043e-05
4.15584e-05
4.18778e-05
4.05614e-05
3.97089e-05
3.93788e-05
3.91588e-05
3.86738e-05
3.80664e-05
3.77501e-05
3.77759e-05
3.79789e-05
3.81637e-05
3.81656e-05
3.81625e-05
3.82166e-05
3.83184e-05
3.83491e-05
4.00561e-05
3.98087e-05
3.94229e-05
3.96296e-05
4.06049e-05
4.03277e-05
3.96261e-05
3.88744e-05
3.87104e-05
3.9373e-05
4.0991e-05
4.29134e-05
4.32762e-05
4.14638e-05
3.89558e-05
3.84097e-05
4.14949e-05
4.54028e-05
4.47461e-05
4.06553e-05
3.89747e-05
4.1166e-05
4.22905e-05
4.0071e-05
3.71286e-05
3.85119e-05
3.77748e-05
3.14993e-05
4.25958e-05
5.47122e-05
5.25949e-05
7.24512e-06
-4.37564e-05
-9.95674e-06
5.93236e-05
0.000109307
-0.000208827
1.33581
71657.9
71756
71755.5
71657.3
1.34582
-0.000276241
-1.94004e-05
-7.71343e-05
-3.68597e-05
-6.4841e-06
1.01117e-05
1.75029e-05
2.18158e-05
2.21705e-05
2.35228e-05
2.65812e-05
2.8641e-05
2.99764e-05
3.4443e-05
3.59126e-05
3.32991e-05
3.37562e-05
3.66427e-05
3.77574e-05
3.71664e-05
3.7112e-05
3.75948e-05
3.78439e-05
3.77322e-05
3.73576e-05
3.69664e-05
3.65802e-05
3.63176e-05
3.6347e-05
3.65096e-05
3.66343e-05
3.668e-05
3.66135e-05
3.66196e-05
3.67203e-05
3.68091e-05
3.67775e-05
3.65636e-05
3.70062e-05
3.70962e-05
3.65428e-05
3.65907e-05
3.64837e-05
3.62977e-05
3.60945e-05
3.63561e-05
3.64693e-05
3.61458e-05
3.69303e-05
3.8647e-05
4.02968e-05
4.04672e-05
3.82864e-05
3.56423e-05
3.7916e-05
4.40856e-05
4.57886e-05
4.24037e-05
4.07221e-05
4.11015e-05
3.79912e-05
3.28309e-05
3.56631e-05
3.4679e-05
8.9599e-06
-6.70293e-06
-1.64005e-06
1.93486e-05
1.56373e-05
-5.68563e-05
-0.000135578
-0.00011638
-8.16413e-05
-0.000171943
-0.000273877
-0.000466777
-0.000506563
-0.00051184
-0.000459459
-0.000259202
-0.000243529
-9.05585e-05
-7.08325e-05
-5.43742e-05
-3.62014e-05
-1.57555e-05
-5.64152e-07
8.79172e-06
1.17117e-05
1.4475e-05
1.94424e-05
2.2578e-05
2.27717e-05
2.69903e-05
3.15505e-05
3.11496e-05
2.92417e-05
3.00836e-05
3.29537e-05
3.45275e-05
3.47293e-05
3.43392e-05
3.44442e-05
3.47683e-05
3.47555e-05
3.45146e-05
3.42999e-05
3.43003e-05
3.45949e-05
3.48911e-05
3.49859e-05
3.4951e-05
3.48515e-05
3.48525e-05
3.49602e-05
3.50181e-05
3.4926e-05
3.22933e-05
3.28139e-05
3.37937e-05
3.38386e-05
3.3239e-05
3.25152e-05
3.23587e-05
3.26257e-05
3.36991e-05
3.52413e-05
3.52618e-05
3.44244e-05
3.36074e-05
3.35276e-05
3.47419e-05
3.65936e-05
3.47075e-05
3.10218e-05
3.30601e-05
3.71624e-05
3.5226e-05
3.1172e-05
3.41526e-05
3.74712e-05
3.2189e-05
3.61363e-05
5.4567e-05
4.60092e-05
1.65292e-05
-1.72738e-05
-2.5738e-05
6.82678e-06
1.58351e-05
-4.0448e-05
-0.000121965
-0.0001368
-0.000204409
-0.000283306
-0.000335327
-0.000371185
-0.000369261
-0.000322676
-0.000267893
-0.000244289
-0.000152212
-9.35686e-05
-6.39674e-05
-4.96555e-05
-3.30218e-05
-1.6378e-05
-4.30131e-06
1.61504e-07
3.01381e-06
1.04119e-05
1.83173e-05
1.96893e-05
2.02838e-05
2.28976e-05
2.55786e-05
2.68939e-05
2.71903e-05
2.7994e-05
2.92941e-05
3.08106e-05
3.13251e-05
3.1493e-05
3.17112e-05
3.17427e-05
3.17346e-05
3.18943e-05
3.22182e-05
3.26722e-05
3.29931e-05
3.3031e-05
3.29458e-05
3.28511e-05
3.28279e-05
3.28732e-05
3.28718e-05
3.27605e-05
2.89492e-05
2.86526e-05
2.96155e-05
3.05823e-05
3.03575e-05
2.92765e-05
2.87601e-05
2.89874e-05
2.96095e-05
3.13139e-05
3.2735e-05
3.33724e-05
3.38288e-05
3.39325e-05
3.23085e-05
3.24461e-05
3.40778e-05
3.23204e-05
3.12201e-05
3.3946e-05
3.15717e-05
1.9839e-05
1.53162e-05
2.04817e-05
1.09204e-05
-4.0864e-06
1.44643e-05
3.88746e-05
4.40929e-05
1.93405e-05
-3.56853e-05
-6.02282e-05
-3.41168e-05
-5.01568e-05
-0.00012568
-0.000146995
-0.000190043
-0.000231374
-0.000267979
-0.000291207
-0.000316633
-0.000293136
-0.000207857
-0.000184195
-0.000149768
-0.000111578
-7.46076e-05
-5.46689e-05
-4.17665e-05
-2.86412e-05
-1.53792e-05
-6.88803e-06
-3.32218e-06
1.70836e-06
1.01768e-05
1.52372e-05
1.74151e-05
1.80708e-05
1.88704e-05
2.12103e-05
2.37299e-05
2.48819e-05
2.51119e-05
2.62847e-05
2.74329e-05
2.80956e-05
2.84357e-05
2.85288e-05
2.87219e-05
2.92477e-05
2.9911e-05
3.05442e-05
3.09052e-05
3.09264e-05
3.0812e-05
3.07225e-05
3.06705e-05
3.06136e-05
3.05079e-05
3.03628e-05
2.64421e-05
2.59422e-05
2.63069e-05
2.73578e-05
2.78817e-05
2.68582e-05
2.58123e-05
2.61874e-05
2.70424e-05
2.82644e-05
2.92087e-05
2.85982e-05
2.7153e-05
2.80463e-05
2.89396e-05
2.80704e-05
2.91319e-05
2.99295e-05
2.97358e-05
3.411e-05
3.8815e-05
3.06927e-05
2.28971e-05
3.21016e-05
2.82434e-05
-8.12595e-06
-2.73988e-05
-2.38663e-05
-1.14936e-05
4.2413e-06
-2.29224e-05
-7.56845e-05
-7.8327e-05
-6.11606e-05
-0.000102225
-0.000132693
-0.000169223
-0.00020828
-0.000224969
-0.000222254
-0.000238439
-0.000240864
-0.000198433
-0.00016127
-0.000135467
-0.000114739
-8.44391e-05
-6.00093e-05
-4.64694e-05
-3.65672e-05
-2.58261e-05
-1.51874e-05
-7.4099e-06
-1.77883e-06
4.09072e-06
7.68125e-06
1.14186e-05
1.48357e-05
1.60178e-05
1.65244e-05
1.84739e-05
2.07444e-05
2.17444e-05
2.28301e-05
2.39105e-05
2.46152e-05
2.50353e-05
2.53164e-05
2.5763e-05
2.65481e-05
2.7401e-05
2.81235e-05
2.85353e-05
2.86322e-05
2.8559e-05
2.84673e-05
2.83667e-05
2.8219e-05
2.803e-05
2.78789e-05
2.35839e-05
2.39536e-05
2.3667e-05
2.41403e-05
2.52477e-05
2.55758e-05
2.46065e-05
2.41e-05
2.45359e-05
2.57378e-05
2.84247e-05
3.11524e-05
2.90969e-05
2.41975e-05
2.15246e-05
1.96227e-05
1.92245e-05
1.9712e-05
1.7521e-05
1.67507e-05
2.17661e-05
1.93407e-05
1.2513e-05
2.72291e-05
4.83928e-05
3.5188e-05
9.75299e-06
-1.16523e-05
-2.32255e-05
-1.34207e-05
-1.00894e-05
-4.1748e-05
-8.20583e-05
-8.07043e-05
-0.000104564
-0.000123797
-0.000145999
-0.000177457
-0.000198764
-0.00019662
-0.00019222
-0.000189356
-0.000174246
-0.000148376
-0.000119856
-0.000105032
-8.62028e-05
-6.49033e-05
-5.05963e-05
-3.99964e-05
-3.01321e-05
-2.13276e-05
-1.38503e-05
-6.64154e-06
6.75876e-07
3.59243e-06
5.17692e-06
8.81128e-06
1.24385e-05
1.36718e-05
1.45082e-05
1.63989e-05
1.80706e-05
1.9608e-05
2.07503e-05
2.13669e-05
2.17763e-05
2.22363e-05
2.29444e-05
2.39276e-05
2.4858e-05
2.55948e-05
2.60339e-05
2.62367e-05
2.62714e-05
2.61935e-05
2.60133e-05
2.57621e-05
2.55062e-05
2.53909e-05
2.07838e-05
2.2388e-05
2.23178e-05
2.09611e-05
2.07514e-05
2.18448e-05
2.28887e-05
2.32499e-05
2.31371e-05
2.15911e-05
1.98948e-05
2.31816e-05
2.93049e-05
3.02494e-05
2.72045e-05
2.37914e-05
2.24703e-05
2.35305e-05
2.14198e-05
1.49656e-05
1.29411e-05
7.82997e-06
-8.60671e-06
-1.26142e-05
8.94875e-06
2.17296e-05
1.11265e-05
-4.98358e-06
-1.36615e-05
-3.19306e-05
-3.06505e-05
-2.12279e-05
-6.60329e-05
-7.93187e-05
-9.92723e-05
-0.00011404
-0.000127072
-0.000147965
-0.000164637
-0.000171445
-0.000164203
-0.000156002
-0.000147237
-0.000136417
-0.000112069
-9.54437e-05
-8.21529e-05
-6.53829e-05
-5.32623e-05
-4.37268e-05
-3.25044e-05
-2.22467e-05
-1.63341e-05
-1.21058e-05
-4.96746e-06
6.37493e-07
2.76211e-06
4.39999e-06
7.48764e-06
9.90588e-06
1.13867e-05
1.31989e-05
1.49245e-05
1.65302e-05
1.76735e-05
1.82862e-05
1.87789e-05
1.94079e-05
2.0277e-05
2.13492e-05
2.22836e-05
2.30273e-05
2.35232e-05
2.38289e-05
2.39757e-05
2.39393e-05
2.37044e-05
2.3377e-05
2.3074e-05
2.30034e-05
1.81378e-05
2.04165e-05
2.23696e-05
2.20634e-05
1.98836e-05
1.87672e-05
1.90412e-05
2.01243e-05
2.22569e-05
2.43915e-05
2.09219e-05
1.37805e-05
1.26975e-05
1.61118e-05
1.78207e-05
1.74049e-05
1.86886e-05
2.39429e-05
2.76172e-05
2.41884e-05
2.31916e-05
2.336e-05
6.58199e-06
-1.97071e-05
-2.22063e-05
-4.8863e-06
-2.38576e-06
-2.17346e-05
-1.76817e-05
-3.36942e-05
-6.48097e-05
-3.52295e-05
-6.56701e-05
-7.28784e-05
-9.14918e-05
-0.000104953
-0.000112227
-0.000129334
-0.000141701
-0.000143626
-0.000140361
-0.000135632
-0.000123324
-0.000118518
-0.000103862
-8.89024e-05
-7.83434e-05
-6.34634e-05
-5.1217e-05
-4.44193e-05
-3.64089e-05
-2.54099e-05
-1.71548e-05
-1.37011e-05
-9.55568e-06
-4.12503e-06
9.70583e-08
2.14117e-06
4.13936e-06
6.29339e-06
8.37277e-06
1.06301e-05
1.24436e-05
1.38795e-05
1.48715e-05
1.5474e-05
1.61032e-05
1.68879e-05
1.77988e-05
1.88376e-05
1.97183e-05
2.04647e-05
2.10604e-05
2.14803e-05
2.17064e-05
2.16981e-05
2.14397e-05
2.10864e-05
2.07771e-05
2.07521e-05
1.66052e-05
1.56371e-05
1.74195e-05
1.99346e-05
2.04181e-05
1.93915e-05
1.84467e-05
1.69208e-05
1.55698e-05
1.94807e-05
2.68579e-05
2.6272e-05
1.95652e-05
1.47807e-05
1.1713e-05
7.41721e-06
4.79849e-06
8.03807e-06
1.23566e-05
1.05218e-05
1.36618e-05
2.61128e-05
2.75942e-05
6.92956e-06
-2.01279e-05
-2.9523e-05
-1.10705e-05
-1.36233e-05
-2.83415e-05
-1.39576e-05
-6.63326e-05
-4.59638e-05
-6.30464e-05
-6.53734e-05
-8.46304e-05
-0.000101678
-0.000101052
-0.000108619
-0.000122723
-0.000120412
-0.000121538
-0.00012316
-0.000111417
-0.000104093
-9.37676e-05
-8.07818e-05
-7.32647e-05
-6.23582e-05
-4.90037e-05
-4.06387e-05
-3.54632e-05
-2.82647e-05
-2.01422e-05
-1.46719e-05
-1.07264e-05
-7.1718e-06
-3.50648e-06
-7.43371e-07
1.65172e-06
3.79931e-06
5.94746e-06
8.32036e-06
1.01363e-05
1.14287e-05
1.23727e-05
1.30572e-05
1.38361e-05
1.47326e-05
1.55858e-05
1.64905e-05
1.72859e-05
1.80126e-05
1.86886e-05
1.92135e-05
1.95031e-05
1.95285e-05
1.92949e-05
1.89845e-05
1.87247e-05
1.87278e-05
1.82526e-05
1.58482e-05
1.47074e-05
1.53104e-05
1.59905e-05
1.57e-05
1.58859e-05
1.64813e-05
1.34693e-05
8.19847e-06
1.16905e-05
2.02643e-05
2.35725e-05
2.22356e-05
1.99869e-05
1.55401e-05
1.03909e-05
9.34622e-06
7.93408e-06
-1.87964e-06
-6.82997e-06
1.87022e-06
1.3271e-05
2.99949e-05
2.3842e-05
-2.00446e-05
-3.44339e-05
-1.20197e-05
-4.11941e-05
-7.58888e-06
-4.73457e-05
-4.44317e-05
-6.64079e-05
-6.15974e-05
-6.72191e-05
-8.93843e-05
-9.66706e-05
-9.51791e-05
-0.000106513
-0.000103567
-0.000104196
-0.000106291
-0.00010038
-9.32128e-05
-8.53568e-05
-7.3157e-05
-6.55208e-05
-5.88836e-05
-4.87387e-05
-3.89719e-05
-3.28441e-05
-2.71248e-05
-2.1399e-05
-1.65058e-05
-1.1806e-05
-8.24668e-06
-5.52732e-06
-3.25816e-06
-5.75034e-07
1.98539e-06
4.17099e-06
6.33418e-06
7.96016e-06
9.11604e-06
1.01195e-05
1.09729e-05
1.18691e-05
1.28135e-05
1.35831e-05
1.4325e-05
1.50384e-05
1.57426e-05
1.64431e-05
1.70082e-05
1.73204e-05
1.73757e-05
1.7213e-05
1.70053e-05
1.6868e-05
1.69249e-05
1.52029e-05
1.69629e-05
1.66321e-05
1.6538e-05
1.66707e-05
1.54487e-05
1.30414e-05
1.293e-05
1.56925e-05
1.33276e-05
8.33614e-06
1.00795e-05
1.4923e-05
1.71851e-05
1.79779e-05
1.79609e-05
1.79348e-05
2.13987e-05
2.10725e-05
6.63529e-06
-4.40019e-06
-7.99857e-06
-1.80873e-05
-1.67473e-05
1.32143e-05
9.66113e-06
-2.88522e-05
-1.03558e-05
-4.38728e-05
-1.99202e-05
-3.98011e-05
-3.3055e-05
-6.13156e-05
-6.86552e-05
-6.18457e-05
-7.01674e-05
-8.49687e-05
-8.56214e-05
-9.35123e-05
-9.49208e-05
-9.3296e-05
-9.08252e-05
-8.72679e-05
-8.13235e-05
-7.61079e-05
-6.70581e-05
-5.88798e-05
-5.25828e-05
-4.53401e-05
-3.79349e-05
-3.2187e-05
-2.59861e-05
-2.02187e-05
-1.66088e-05
-1.31593e-05
-9.61839e-06
-6.63928e-06
-4.50668e-06
-1.9982e-06
6.13801e-07
2.69701e-06
4.54994e-06
5.99333e-06
7.11037e-06
8.2394e-06
9.28056e-06
1.02198e-05
1.11007e-05
1.17718e-05
1.2369e-05
1.2995e-05
1.36603e-05
1.43406e-05
1.49001e-05
1.52282e-05
1.53367e-05
1.52951e-05
1.52131e-05
1.52031e-05
1.53123e-05
1.06128e-05
1.21649e-05
1.19242e-05
1.12565e-05
1.18759e-05
1.34985e-05
1.42963e-05
1.0979e-05
1.0716e-05
1.3254e-05
1.05365e-05
6.55465e-06
5.45848e-06
4.08716e-06
1.40582e-06
-1.11397e-06
-1.57107e-06
6.81118e-06
1.62046e-05
6.34976e-06
-2.68504e-06
7.44824e-06
2.26773e-06
-1.8333e-05
-1.71213e-05
2.55245e-06
-2.13804e-05
-1.33663e-05
-3.43261e-05
-3.5948e-05
-5.05171e-05
-3.21926e-05
-4.2564e-05
-6.08624e-05
-6.6271e-05
-6.34353e-05
-7.14757e-05
-7.4738e-05
-7.78271e-05
-8.17787e-05
-8.11216e-05
-7.80164e-05
-7.55386e-05
-7.08488e-05
-6.5987e-05
-5.95248e-05
-5.35422e-05
-4.80456e-05
-4.11009e-05
-3.40826e-05
-2.99728e-05
-2.54662e-05
-1.96831e-05
-1.56626e-05
-1.31697e-05
-1.05625e-05
-7.51228e-06
-5.06508e-06
-2.6985e-06
-3.84531e-07
1.39113e-06
2.91411e-06
4.25644e-06
5.44656e-06
6.70079e-06
7.8773e-06
8.82117e-06
9.57678e-06
1.01412e-05
1.06364e-05
1.11723e-05
1.17505e-05
1.23431e-05
1.28427e-05
1.31747e-05
1.33528e-05
1.34813e-05
1.35677e-05
1.36791e-05
1.38153e-05
1.13608e-05
1.28658e-05
1.328e-05
1.17491e-05
8.48673e-06
5.84845e-06
7.98775e-06
1.19741e-05
1.28886e-05
1.75914e-05
2.20729e-05
2.25808e-05
2.13643e-05
1.86838e-05
1.43465e-05
8.55189e-06
2.27364e-07
3.97235e-06
2.58424e-05
3.04919e-05
8.08629e-06
-5.05429e-06
-4.12603e-06
-3.21953e-06
-2.18038e-05
-1.11576e-05
-1.4639e-05
-2.00713e-05
-1.9499e-05
-2.59938e-05
-4.86456e-05
-4.36951e-05
-3.97238e-05
-4.42503e-05
-6.00689e-05
-6.19078e-05
-6.15715e-05
-6.64623e-05
-6.78091e-05
-6.85924e-05
-6.80859e-05
-6.60442e-05
-6.39486e-05
-6.19878e-05
-5.83233e-05
-5.19513e-05
-4.6577e-05
-4.31327e-05
-3.82686e-05
-3.09866e-05
-2.61553e-05
-2.32371e-05
-1.93641e-05
-1.54128e-05
-1.26491e-05
-1.04176e-05
-7.71291e-06
-5.27376e-06
-3.1076e-06
-1.18978e-06
2.74804e-07
1.57691e-06
2.88998e-06
4.18694e-06
5.49605e-06
6.67055e-06
7.57628e-06
8.21735e-06
8.68011e-06
9.0927e-06
9.53571e-06
9.99857e-06
1.04721e-05
1.09022e-05
1.12641e-05
1.1528e-05
1.18221e-05
1.20785e-05
1.22926e-05
1.24111e-05
7.31453e-06
6.40533e-06
8.42657e-06
1.11755e-05
1.39233e-05
9.77517e-06
2.51873e-06
3.82511e-08
-1.5523e-06
-6.72111e-07
4.88884e-06
1.14558e-05
1.58341e-05
1.67194e-05
1.62544e-05
1.462e-05
-1.61188e-06
-2.03524e-05
-1.03252e-05
1.22584e-05
1.75634e-05
6.89967e-06
-7.67144e-06
-4.14132e-07
-1.33966e-05
-2.0831e-05
-1.10134e-05
-2.70103e-05
-1.63348e-05
-1.71164e-05
-3.08729e-05
-4.00037e-05
-4.71148e-05
-3.73862e-05
-4.58072e-05
-5.65017e-05
-5.17471e-05
-5.43092e-05
-5.84725e-05
-5.70454e-05
-5.78094e-05
-5.7017e-05
-5.34703e-05
-5.18777e-05
-5.09206e-05
-4.64201e-05
-4.04562e-05
-3.65663e-05
-3.38506e-05
-2.87911e-05
-2.37691e-05
-2.05594e-05
-1.79716e-05
-1.50093e-05
-1.21825e-05
-9.76562e-06
-7.27381e-06
-5.15155e-06
-3.34034e-06
-1.80912e-06
-5.64526e-07
6.6174e-07
1.96248e-06
3.28788e-06
4.56465e-06
5.61402e-06
6.42362e-06
6.99225e-06
7.39135e-06
7.73095e-06
8.0622e-06
8.37674e-06
8.70289e-06
9.03745e-06
9.43663e-06
9.803e-06
1.0239e-05
1.06324e-05
1.09398e-05
1.10441e-05
8.27614e-06
5.51909e-06
3.82794e-06
1.80267e-06
7.01333e-06
1.51803e-05
1.48239e-05
1.10949e-05
6.40952e-06
5.14641e-07
-2.87606e-06
-1.7436e-06
7.61161e-07
1.32682e-06
5.03124e-06
2.06931e-05
2.38009e-05
1.90207e-07
-1.30911e-05
-9.01213e-06
-3.28069e-06
4.39908e-06
-9.73521e-06
-8.50278e-07
3.53172e-06
-8.78102e-06
-2.28475e-06
-2.94062e-05
-2.05467e-05
-2.25397e-05
-2.51942e-05
-2.43514e-05
-4.40752e-05
-3.80525e-05
-3.33728e-05
-4.76827e-05
-4.64241e-05
-4.38816e-05
-4.91886e-05
-4.75669e-05
-4.82918e-05
-4.93308e-05
-4.63364e-05
-4.30577e-05
-4.20842e-05
-3.99213e-05
-3.55884e-05
-3.12331e-05
-2.83871e-05
-2.51663e-05
-2.18111e-05
-1.87879e-05
-1.6267e-05
-1.37974e-05
-1.13474e-05
-9.03493e-06
-6.72343e-06
-4.93762e-06
-3.43553e-06
-2.13341e-06
-1.00721e-06
2.07267e-07
1.45872e-06
2.65433e-06
3.79041e-06
4.66282e-06
5.33379e-06
5.83851e-06
6.19346e-06
6.46961e-06
6.70125e-06
6.88775e-06
7.10954e-06
7.36592e-06
7.78379e-06
8.22853e-06
8.75119e-06
9.19719e-06
9.53775e-06
9.63845e-06
3.42657e-06
5.80888e-06
1.01799e-05
7.51341e-06
2.96413e-06
5.7869e-06
1.19617e-05
1.55527e-05
1.7223e-05
1.60973e-05
1.37573e-05
1.37761e-05
1.44923e-05
1.04475e-05
2.49881e-06
9.87359e-06
1.98059e-05
6.85844e-06
-2.80514e-06
-1.73702e-06
-5.07052e-06
8.13935e-06
-3.95991e-06
-1.00362e-05
-5.52921e-06
-8.0265e-06
3.56002e-06
-2.13166e-05
-1.4321e-05
-2.17429e-05
-3.08843e-05
-1.63816e-05
-3.21722e-05
-3.85755e-05
-2.65282e-05
-3.58788e-05
-4.10131e-05
-3.60806e-05
-4.01887e-05
-4.05804e-05
-3.99119e-05
-4.0442e-05
-3.92261e-05
-3.641e-05
-3.4711e-05
-3.26488e-05
-2.97147e-05
-2.68435e-05
-2.44171e-05
-2.14383e-05
-1.90248e-05
-1.69057e-05
-1.46667e-05
-1.22356e-05
-1.00435e-05
-8.13301e-06
-6.14042e-06
-4.64442e-06
-3.3522e-06
-2.10757e-06
-1.04096e-06
9.66423e-08
1.23225e-06
2.18751e-06
3.09702e-06
3.80572e-06
4.35711e-06
4.80397e-06
5.1086e-06
5.30231e-06
5.43243e-06
5.49671e-06
5.64837e-06
5.86782e-06
6.29196e-06
6.77135e-06
7.32985e-06
7.77407e-06
8.08103e-06
8.16371e-06
-2.067e-06
-4.53278e-06
-3.18516e-06
1.29619e-06
2.24052e-07
-3.9293e-06
-4.07989e-06
-2.31125e-06
-8.04092e-08
1.8618e-06
2.70454e-06
4.01249e-06
4.7926e-06
2.31261e-06
-4.07652e-06
4.11776e-06
2.27611e-05
1.18469e-05
-6.83086e-07
5.62608e-07
-1.38909e-05
-2.12278e-06
3.57029e-06
-3.02924e-06
-5.6618e-06
-1.23002e-05
-8.69742e-07
-2.15683e-05
-1.12753e-05
-1.01045e-05
-3.05398e-05
-1.63333e-05
-1.9981e-05
-3.45606e-05
-2.51388e-05
-2.63763e-05
-3.49445e-05
-3.08874e-05
-3.12484e-05
-3.32495e-05
-3.28029e-05
-3.24438e-05
-3.11264e-05
-2.88801e-05
-2.80962e-05
-2.67368e-05
-2.3799e-05
-2.15708e-05
-2.06218e-05
-1.84347e-05
-1.60329e-05
-1.42403e-05
-1.26265e-05
-1.0569e-05
-8.61154e-06
-7.11605e-06
-5.46425e-06
-4.14073e-06
-2.99519e-06
-1.76509e-06
-7.54177e-07
1.7552e-07
1.0904e-06
1.77069e-06
2.41721e-06
2.97519e-06
3.43098e-06
3.8229e-06
4.08003e-06
4.1954e-06
4.25977e-06
4.24333e-06
4.3416e-06
4.54015e-06
4.95219e-06
5.40519e-06
5.92341e-06
6.33397e-06
6.59234e-06
6.65561e-06
6.40259e-06
9.86233e-06
6.92918e-06
7.99061e-06
1.03946e-05
7.7384e-06
2.86092e-06
-1.59679e-06
-4.12097e-06
-2.31712e-06
3.72052e-06
1.22452e-05
1.70643e-05
1.06612e-05
-9.16627e-06
-1.71847e-05
5.36455e-06
1.3791e-05
9.77744e-06
1.67646e-05
-2.18734e-06
-8.4403e-06
-2.99509e-06
-5.95733e-06
-7.16208e-06
-1.11853e-05
2.58085e-06
-1.7451e-05
-1.48547e-05
-6.23048e-06
-2.26947e-05
-1.7969e-05
-1.51504e-05
-2.62472e-05
-2.35783e-05
-1.91307e-05
-2.65998e-05
-2.67865e-05
-2.47165e-05
-2.49154e-05
-2.46147e-05
-2.51089e-05
-2.43851e-05
-2.15158e-05
-2.05464e-05
-2.10084e-05
-1.93077e-05
-1.66532e-05
-1.59597e-05
-1.50366e-05
-1.31626e-05
-1.13484e-05
-1.01135e-05
-8.68133e-06
-7.08099e-06
-5.93107e-06
-4.59505e-06
-3.36183e-06
-2.36096e-06
-1.27008e-06
-3.75011e-07
2.8233e-07
9.14007e-07
1.36074e-06
1.79068e-06
2.22743e-06
2.60646e-06
2.93263e-06
3.13364e-06
3.1628e-06
3.1734e-06
3.12422e-06
3.18426e-06
3.34796e-06
3.7216e-06
4.11843e-06
4.53592e-06
4.86618e-06
5.07509e-06
5.14325e-06
-9.91148e-06
-5.34748e-06
-1.24885e-06
1.27837e-06
8.04103e-06
1.45642e-05
1.80142e-05
1.64053e-05
8.2447e-06
-3.49562e-06
-1.2999e-05
-1.10965e-05
4.47396e-06
2.4822e-05
2.10291e-05
1.52033e-06
-1.59488e-06
4.30694e-06
-2.93152e-06
7.5479e-06
3.76512e-08
-7.28906e-06
-1.86532e-06
6.89728e-08
-8.11466e-06
-1.25019e-05
-4.32672e-07
-6.42301e-06
-1.54705e-05
-7.72135e-06
-1.34316e-05
-1.68568e-05
-1.10308e-05
-1.73464e-05
-2.04717e-05
-1.44545e-05
-1.67009e-05
-1.95155e-05
-1.90797e-05
-1.81263e-05
-1.65008e-05
-1.6644e-05
-1.77549e-05
-1.60067e-05
-1.3821e-05
-1.42718e-05
-1.45129e-05
-1.2549e-05
-1.12598e-05
-1.07312e-05
-9.77599e-06
-8.3785e-06
-7.39948e-06
-6.53297e-06
-5.37058e-06
-4.49395e-06
-3.49331e-06
-2.40881e-06
-1.57649e-06
-7.71827e-07
-9.65364e-08
3.04465e-07
6.64628e-07
9.28052e-07
1.19011e-06
1.50658e-06
1.80159e-06
2.05347e-06
2.21939e-06
2.20717e-06
2.18637e-06
2.14501e-06
2.19335e-06
2.30303e-06
2.58191e-06
2.89151e-06
3.19362e-06
3.41679e-06
3.55254e-06
3.62283e-06
-4.01563e-06
-8.4627e-06
-1.09362e-05
-1.30081e-05
-1.30083e-05
-9.18981e-06
-1.53332e-06
8.04448e-06
1.48394e-05
1.44902e-05
7.15248e-06
-3.38316e-06
-8.79659e-06
5.53137e-06
1.99824e-05
1.21188e-05
-3.37893e-07
-2.6818e-06
-8.49355e-06
-4.02278e-07
4.40442e-06
-8.19152e-06
-6.44144e-06
3.74918e-06
-2.748e-06
-1.03656e-05
-5.08597e-06
-2.37757e-06
-1.04409e-05
-4.98184e-06
-8.13482e-06
-1.18731e-05
-7.01655e-06
-8.62789e-06
-1.35023e-05
-1.09163e-05
-9.44084e-06
-1.04924e-05
-1.12405e-05
-1.15463e-05
-1.01259e-05
-8.8432e-06
-9.91999e-06
-1.03125e-05
-8.70832e-06
-8.0367e-06
-8.63271e-06
-8.03606e-06
-6.94133e-06
-6.3362e-06
-5.93134e-06
-5.1942e-06
-4.5449e-06
-4.08789e-06
-3.37857e-06
-2.77209e-06
-2.15668e-06
-1.41822e-06
-8.48794e-07
-3.92567e-07
-2.11928e-09
2.06149e-07
3.8597e-07
5.43513e-07
7.01353e-07
8.96678e-07
1.07365e-06
1.2066e-06
1.30815e-06
1.28538e-06
1.25167e-06
1.22552e-06
1.27815e-06
1.35344e-06
1.51985e-06
1.71564e-06
1.90779e-06
2.04454e-06
2.11045e-06
2.15718e-06
-1.3027e-06
-1.92961e-06
-1.64472e-06
-9.25446e-07
-4.68674e-07
7.73585e-08
5.68083e-07
5.50196e-07
2.622e-07
6.41797e-07
2.18088e-06
1.10769e-06
-3.74122e-06
-5.93699e-06
-1.30059e-06
4.16497e-07
-3.16291e-07
3.26619e-06
-3.81562e-07
2.78429e-06
4.61386e-06
-2.29182e-06
-4.17931e-06
9.95105e-07
8.51662e-07
-2.32773e-06
-1.17574e-06
-1.35787e-06
-4.59241e-06
-1.19654e-06
-1.88009e-06
-4.79146e-06
-3.0496e-06
-2.12786e-06
-4.23014e-06
-4.11136e-06
-3.3486e-06
-3.32977e-06
-3.39377e-06
-3.74307e-06
-3.54417e-06
-2.81763e-06
-2.86975e-06
-3.3487e-06
-3.08849e-06
-2.63383e-06
-2.75206e-06
-2.72353e-06
-2.39681e-06
-2.12242e-06
-1.99698e-06
-1.78559e-06
-1.54409e-06
-1.39379e-06
-1.15442e-06
-9.23716e-07
-7.17463e-07
-4.67047e-07
-2.71112e-07
-1.37292e-07
-2.05217e-08
3.87692e-08
9.12318e-08
1.49721e-07
2.1317e-07
2.91069e-07
3.60994e-07
4.03619e-07
4.38698e-07
4.28968e-07
4.1201e-07
3.96131e-07
4.14907e-07
4.42576e-07
4.99079e-07
5.63952e-07
6.288e-07
6.77621e-07
6.94353e-07
7.15001e-07
)
;

boundaryField
{
    lowerWall
    {
        type            fixedFluxPressure;
        gradient        uniform 0;
        value           nonuniform List<scalar> 
80
(
23551.2
23550.1
23521.3
23514.7
23522.4
23524.2
23521.5
23519.5
23514.1
23511
23512.9
23519.7
23525.3
23530.2
23534.1
23537.2
23539.5
23540.7
23542.2
23546.1
23554.3
23568
23588.4
23616.3
23653
23699.4
23755.8
23821.1
23893
23968.3
24043.4
24115
24181.2
24240.9
24294.2
24341.4
24383.4
24420.4
24452.7
24479.4
24500
24514.1
24522.8
24528
24532.4
24538.2
24545.3
24551.4
24552.1
24542.5
24518.8
24479.5
24426
24361.6
24290.1
24214.3
24135.3
24052.3
23963.6
23868.1
23766.9
23663.7
23564.9
23477.3
23406.3
23353.5
23316
23287.6
23260.9
23230.8
23195.4
23156.3
23117.9
23086.2
23068.1
23068
23084
23106.9
23123.9
23138.6
)
;
    }
    rightWall
    {
        type            zeroGradient;
    }
    atmosphere
    {
        type            totalPressure;
        rho             rho;
        psi             none;
        gamma           1;
        p0              uniform 0;
        value           nonuniform List<scalar> 
80
(
0
0
0
0
0
0
0
0
0
0
0
0
0
0
0
0
0
0
0
0
0
0
0
0
-2.47036e-12
-2.88861e-11
-1.05088e-10
-1.26408e-10
-3.87526e-10
-6.51927e-10
-6.85338e-10
-1.23886e-09
-1.58849e-09
-1.89127e-09
-2.46645e-09
-2.9323e-09
-3.35295e-09
-3.73496e-09
-4.01252e-09
-4.17784e-09
-4.18113e-09
-4.04111e-09
-3.8077e-09
-3.4707e-09
-3.03298e-09
-2.56031e-09
-2.09565e-09
-1.63926e-09
-1.21838e-09
-8.58139e-10
-5.64246e-10
-3.35883e-10
-1.72359e-10
-6.79801e-11
-1.35225e-11
0
0
0
0
0
0
0
0
0
0
0
0
0
0
0
0
0
0
0
0
0
0
0
0
0
)
;
    }
    leftWall
    {
        type            zeroGradient;
    }
    frontAndBack
    {
        type            empty;
    }
}


// ************************************************************************* //
