/*--------------------------------*- C++ -*----------------------------------*\
| =========                 |                                                 |
| \\      /  F ield         | OpenFOAM: The Open Source CFD Toolbox           |
|  \\    /   O peration     | Version:  2412                                  |
|   \\  /    A nd           | Website:  www.openfoam.com                      |
|    \\/     M anipulation  |                                                 |
\*---------------------------------------------------------------------------*/
FoamFile
{
    version     2.0;
    format      ascii;
    arch        "LSB;label=32;scalar=64";
    class       volScalarField;
    location    "8.25";
    object      p_rgh;
}
// * * * * * * * * * * * * * * * * * * * * * * * * * * * * * * * * * * * * * //

dimensions      [1 -1 -2 0 0 0 0];

internalField   nonuniform List<scalar> 
6400
(
7296.41
7295.9
7294.85
7293.29
7291.26
7288.83
7286.07
7283.08
7279.97
7276.82
7273.74
7270.81
7268.11
7265.7
7263.63
7261.95
7260.67
7259.81
7259.37
7259.33
7259.68
7260.38
7261.4
7262.69
7264.21
7265.91
7267.74
7269.66
7271.62
7273.57
7275.47
7277.29
7279
7280.56
7281.95
7283.15
7284.14
7284.91
7285.45
7285.74
7285.78
7285.58
7285.13
7284.43
7283.5
7282.34
7280.98
7279.42
7277.7
7275.85
7273.9
7271.88
7269.85
7267.85
7265.93
7264.14
7262.53
7261.17
7260.09
7259.35
7258.98
7259.02
7259.49
7260.4
7261.75
7263.54
7265.74
7268.3
7271.17
7274.28
7277.55
7280.89
7284.19
7287.36
7290.29
7292.87
7295.02
7296.68
7297.79
7298.33
7296.91
7296.39
7295.31
7293.7
7291.6
7289.09
7286.24
7283.17
7279.96
7276.73
7273.57
7270.57
7267.81
7265.35
7263.25
7261.54
7260.25
7259.39
7258.96
7258.95
7259.33
7260.07
7261.13
7262.47
7264.04
7265.79
7267.67
7269.64
7271.64
7273.63
7275.57
7277.43
7279.16
7280.75
7282.16
7283.38
7284.39
7285.16
7285.71
7286
7286.05
7285.85
7285.39
7284.69
7283.74
7282.57
7281.18
7279.61
7277.86
7275.97
7273.98
7271.92
7269.84
7267.78
7265.81
7263.97
7262.31
7260.89
7259.76
7258.98
7258.57
7258.58
7259.04
7259.95
7261.32
7263.13
7265.37
7267.98
7270.91
7274.1
7277.46
7280.89
7284.29
7287.55
7290.57
7293.23
7295.45
7297.16
7298.3
7298.86
7297.97
7297.41
7296.26
7294.54
7292.31
7289.64
7286.62
7283.35
7279.96
7276.55
7273.22
7270.08
7267.19
7264.63
7262.46
7260.7
7259.39
7258.54
7258.14
7258.18
7258.62
7259.44
7260.59
7262.03
7263.69
7265.55
7267.53
7269.58
7271.67
7273.75
7275.76
7277.68
7279.47
7281.11
7282.56
7283.81
7284.85
7285.65
7286.21
7286.52
7286.57
7286.36
7285.9
7285.18
7284.21
7283.01
7281.58
7279.95
7278.15
7276.19
7274.12
7271.98
7269.8
7267.64
7265.56
7263.61
7261.84
7260.32
7259.1
7258.23
7257.76
7257.72
7258.14
7259.04
7260.43
7262.3
7264.61
7267.33
7270.4
7273.74
7277.27
7280.89
7284.49
7287.95
7291.16
7293.99
7296.35
7298.16
7299.38
7299.98
7299.62
7299
7297.74
7295.86
7293.43
7290.5
7287.2
7283.64
7279.96
7276.27
7272.69
7269.32
7266.24
7263.53
7261.25
7259.42
7258.08
7257.24
7256.88
7256.99
7257.54
7258.48
7259.76
7261.34
7263.16
7265.17
7267.29
7269.49
7271.71
7273.91
7276.03
7278.05
7279.93
7281.64
7283.16
7284.47
7285.54
7286.38
7286.96
7287.28
7287.34
7287.13
7286.66
7285.91
7284.91
7283.67
7282.18
7280.48
7278.58
7276.52
7274.33
7272.05
7269.73
7267.42
7265.18
7263.06
7261.13
7259.45
7258.08
7257.08
7256.5
7256.38
7256.76
7257.65
7259.08
7261.02
7263.45
7266.33
7269.6
7273.18
7276.98
7280.89
7284.8
7288.57
7292.07
7295.17
7297.75
7299.73
7301.06
7301.72
7301.9
7301.2
7299.79
7297.7
7294.96
7291.69
7287.99
7284.03
7279.94
7275.87
7271.94
7268.26
7264.92
7262
7259.57
7257.65
7256.28
7255.45
7255.16
7255.37
7256.05
7257.16
7258.63
7260.41
7262.44
7264.65
7266.98
7269.37
7271.77
7274.13
7276.4
7278.56
7280.55
7282.36
7283.96
7285.33
7286.47
7287.34
7287.96
7288.3
7288.37
7288.16
7287.67
7286.9
7285.86
7284.55
7282.98
7281.18
7279.17
7276.97
7274.62
7272.16
7269.65
7267.13
7264.66
7262.32
7260.16
7258.26
7256.69
7255.51
7254.78
7254.55
7254.86
7255.74
7257.2
7259.24
7261.83
7264.93
7268.48
7272.39
7276.56
7280.88
7285.22
7289.42
7293.33
7296.8
7299.69
7301.91
7303.4
7304.13
7304.9
7304.1
7302.49
7300.09
7296.97
7293.22
7289
7284.5
7279.88
7275.31
7270.92
7266.84
7263.17
7259.99
7257.37
7255.34
7253.92
7253.12
7252.92
7253.27
7254.14
7255.47
7257.19
7259.23
7261.53
7264
7266.59
7269.23
7271.86
7274.43
7276.89
7279.21
7281.34
7283.27
7284.98
7286.44
7287.64
7288.57
7289.22
7289.59
7289.67
7289.46
7288.95
7288.15
7287.06
7285.67
7284.01
7282.09
7279.93
7277.56
7275.01
7272.32
7269.56
7266.77
7264.02
7261.38
7258.93
7256.75
7254.91
7253.49
7252.56
7252.17
7252.39
7253.24
7254.74
7256.91
7259.7
7263.09
7266.99
7271.32
7275.98
7280.83
7285.72
7290.49
7294.95
7298.92
7302.22
7304.76
7306.46
7307.3
7308.72
7307.79
7305.91
7303.13
7299.49
7295.12
7290.22
7285.03
7279.74
7274.55
7269.6
7265.02
7260.93
7257.43
7254.57
7252.4
7250.95
7250.2
7250.12
7250.66
7251.77
7253.39
7255.42
7257.79
7260.42
7263.23
7266.15
7269.09
7272
7274.82
7277.51
7280.02
7282.33
7284.41
7286.23
7287.79
7289.06
7290.06
7290.76
7291.16
7291.26
7291.05
7290.53
7289.69
7288.54
7287.07
7285.3
7283.24
7280.9
7278.32
7275.52
7272.56
7269.49
7266.36
7263.26
7260.25
7257.43
7254.89
7252.71
7250.98
7249.78
7249.2
7249.28
7250.09
7251.63
7253.95
7256.99
7260.71
7265.06
7269.92
7275.18
7280.69
7286.29
7291.78
7296.97
7301.59
7305.43
7308.37
7310.36
7311.33
7313.48
7312.42
7310.2
7306.9
7302.56
7297.36
7291.6
7285.57
7279.48
7273.53
7267.88
7262.7
7258.11
7254.21
7251.08
7248.77
7247.28
7246.6
7246.68
7247.47
7248.9
7250.87
7253.3
7256.08
7259.13
7262.35
7265.65
7268.96
7272.21
7275.33
7278.29
7281.03
7283.53
7285.77
7287.73
7289.4
7290.78
7291.84
7292.6
7293.03
7293.15
7292.95
7292.41
7291.53
7290.32
7288.76
7286.86
7284.64
7282.1
7279.27
7276.19
7272.9
7269.45
7265.92
7262.38
7258.93
7255.65
7252.66
7250.05
7247.93
7246.4
7245.55
7245.46
7246.19
7247.78
7250.25
7253.58
7257.73
7262.61
7268.12
7274.11
7280.42
7286.86
7293.23
7299.3
7304.8
7309.41
7312.91
7315.26
7316.36
7319.35
7318.18
7315.43
7311.25
7305.8
7299.52
7292.84
7285.96
7279.01
7272.17
7265.69
7259.77
7254.58
7250.23
7246.79
7244.31
7242.8
7242.23
7242.54
7243.65
7245.47
7247.9
7250.81
7254.1
7257.66
7261.37
7265.14
7268.88
7272.52
7276
7279.26
7282.27
7284.99
7287.42
7289.53
7291.32
7292.79
7293.93
7294.74
7295.22
7295.37
7295.17
7294.62
7293.71
7292.43
7290.77
7288.74
7286.34
7283.57
7280.46
7277.05
7273.37
7269.49
7265.48
7261.42
7257.42
7253.58
7250.03
7246.89
7244.28
7242.33
7241.14
7240.81
7241.43
7243.05
7245.71
7249.37
7254.01
7259.53
7265.81
7272.68
7279.92
7287.25
7294.48
7301.51
7308.14
7313.93
7318.41
7321.34
7322.54
7326.56
7325.12
7321.4
7315.65
7308.33
7300.71
7293.41
7285.97
7278.21
7270.39
7262.92
7256.13
7250.22
7245.33
7241.54
7238.9
7237.39
7236.98
7237.59
7239.12
7241.44
7244.42
7247.94
7251.84
7256.01
7260.31
7264.64
7268.9
7272.99
7276.87
7280.47
7283.77
7286.73
7289.35
7291.62
7293.54
7295.11
7296.33
7297.21
7297.74
7297.91
7297.73
7297.18
7296.24
7294.9
7293.15
7290.98
7288.38
7285.37
7281.95
7278.16
7274.04
7269.64
7265.06
7260.38
7255.72
7251.21
7246.99
7243.19
7239.98
7237.49
7235.86
7235.22
7235.68
7237.32
7240.16
7244.2
7249.41
7255.69
7262.9
7270.82
7279.08
7287.25
7294.96
7302.2
7310.09
7318.42
7324.62
7328.62
7330.12
7335.35
7333.29
7328.04
7320.21
7310.25
7301.25
7293.15
7285.63
7277.03
7268.08
7259.45
7251.62
7244.87
7239.34
7235.16
7232.35
7230.89
7230.72
7231.72
7233.78
7236.73
7240.41
7244.66
7249.31
7254.21
7259.21
7264.19
7269.03
7273.65
7277.98
7281.96
7285.57
7288.79
7291.62
7294.05
7296.1
7297.77
7299.07
7300.01
7300.6
7300.81
7300.66
7300.11
7299.16
7297.78
7295.94
7293.63
7290.83
7287.55
7283.79
7279.57
7274.94
7269.96
7264.71
7259.3
7253.86
7248.54
7243.5
7238.9
7234.94
7231.78
7229.59
7228.53
7228.76
7230.37
7233.4
7237.89
7243.77
7250.93
7259.26
7268.4
7277.84
7286.92
7294.09
7301.58
7310.94
7322.01
7331.44
7337.12
7339.32
7346.09
7343.06
7336.17
7326.33
7314.55
7303.86
7293.98
7285.41
7275.65
7265.25
7255.17
7246.07
7238.29
7232.03
7227.42
7224.46
7223.11
7223.26
7224.8
7227.54
7231.27
7235.81
7240.95
7246.5
7252.27
7258.1
7263.84
7269.36
7274.57
7279.4
7283.79
7287.74
7291.22
7294.25
7296.84
7299.01
7300.78
7302.16
7303.17
7303.81
7304.08
7303.97
7303.45
7302.5
7301.08
7299.17
7296.73
7293.74
7290.17
7286.05
7281.36
7276.17
7270.52
7264.5
7258.23
7251.86
7245.57
7239.53
7233.97
7229.08
7225.08
7222.18
7220.58
7220.47
7221.99
7225.21
7230.19
7236.86
7245.05
7254.79
7265.46
7276.44
7286.91
7294.61
7304.41
7315.5
7327.31
7339.88
7347.26
7350.51
7359.35
7355.33
7347.19
7336.03
7322.38
7309.27
7297.35
7286.52
7274.31
7261.82
7249.87
7239.2
7230.2
7223.1
7218.01
7214.94
7213.81
7214.43
7216.69
7220.28
7224.99
7230.58
7236.81
7243.44
7250.26
7257.06
7263.68
7269.97
7275.84
7281.21
7286.05
7290.33
7294.08
7297.3
7300.04
7302.31
7304.16
7305.61
7306.69
7307.39
7307.72
7307.67
7307.2
7306.28
7304.87
7302.91
7300.36
7297.18
7293.34
7288.83
7283.64
7277.81
7271.39
7264.48
7257.21
7249.75
7242.3
7235.07
7228.33
7222.32
7217.28
7213.47
7211.13
7210.57
7211.9
7215.28
7220.8
7228.43
7238.11
7249.34
7261.94
7275.12
7288.07
7299.69
7310.42
7323.76
7339.45
7351.43
7360.03
7364.33
7375.89
7371.14
7361.95
7349.1
7334.08
7318.36
7303.27
7288.31
7272.83
7257.51
7243.24
7230.63
7220.18
7212.13
7206.58
7203.49
7202.73
7204.07
7207.2
7211.87
7217.8
7224.68
7232.22
7240.15
7248.21
7256.15
7263.8
7270.97
7277.57
7283.53
7288.82
7293.44
7297.42
7300.81
7303.66
7306.02
7307.93
7309.43
7310.56
7311.34
7311.75
7311.78
7311.39
7310.55
7309.18
7307.22
7304.59
7301.25
7297.14
7292.24
7286.51
7279.99
7272.72
7264.79
7256.35
7247.59
7238.75
7230.1
7221.93
7214.54
7208.22
7203.28
7200.06
7198.76
7199.75
7203.22
7209.29
7217.97
7229.13
7242.45
7257.55
7273.69
7290.1
7305.9
7322.07
7338.2
7353.6
7366.93
7376.5
7381.54
7396.46
7391.09
7380.47
7365.67
7348.04
7329.13
7309.8
7290.2
7270.67
7251.92
7234.73
7219.84
7207.72
7198.63
7192.64
7189.66
7189.47
7191.75
7196.1
7202.16
7209.59
7218.04
7227.18
7236.67
7246.21
7255.5
7264.33
7272.5
7279.9
7286.48
7292.21
7297.14
7301.33
7304.84
7307.76
7310.16
7312.09
7313.62
7314.78
7315.64
7316.14
7316.29
7316.04
7315.33
7314.07
7312.16
7309.52
7306.06
7301.71
7296.42
7290.14
7282.87
7274.64
7265.55
7255.75
7245.46
7234.97
7224.6
7214.7
7205.64
7197.73
7191.33
7186.84
7184.63
7185.09
7188.54
7195.15
7204.98
7217.93
7233.7
7251.8
7271.58
7292.21
7312.9
7333.16
7352.79
7370.94
7386.2
7397.33
7402.97
7421.97
7415.75
7403.29
7385.68
7364.34
7340.8
7316.21
7291.38
7267.11
7244.25
7223.68
7206.14
7192.14
7181.95
7175.62
7172.98
7173.68
7177.26
7183.19
7190.98
7200.24
7210.61
7221.68
7233.06
7244.36
7255.24
7265.43
7274.73
7283.01
7290.22
7296.38
7301.56
7305.88
7309.45
7312.38
7314.75
7316.66
7318.17
7319.35
7320.26
7320.88
7321.2
7321.15
7320.65
7319.59
7317.82
7315.24
7311.72
7307.18
7301.54
7294.71
7286.64
7277.37
7266.96
7255.58
7243.47
7230.99
7218.54
7206.57
7195.5
7185.66
7177.42
7171.28
7167.77
7167.43
7170.66
7177.77
7188.86
7203.86
7222.43
7244.1
7268.15
7293.69
7319.77
7345.47
7369.85
7391.83
7409.99
7423.03
7429.56
7453.33
7445.94
7431.03
7409.61
7383.26
7353.74
7322.68
7291.55
7261.61
7233.91
7209.38
7188.83
7172.8
7161.55
7155.06
7153.06
7155.09
7160.47
7168.43
7178.29
7189.75
7202.43
7215.84
7229.48
7242.87
7255.62
7267.39
7277.95
7287.16
7294.98
7301.49
7306.83
7311.17
7314.7
7317.54
7319.81
7321.6
7323.03
7324.19
7325.14
7325.89
7326.43
7326.68
7326.51
7325.78
7324.28
7321.86
7318.38
7313.73
7307.8
7300.45
7291.58
7281.18
7269.31
7256.1
7241.84
7226.95
7211.97
7197.52
7184.13
7172
7161.45
7153.16
7147.88
7146.33
7149.09
7156.58
7168.98
7186.26
7208.02
7233.81
7262.85
7294.23
7326.83
7359.15
7389.63
7416.76
7438.88
7454.51
7462.3
7492.13
7483.23
7465.1
7438.6
7405.53
7368.2
7329.12
7290.4
7253.73
7220.27
7191.03
7166.92
7148.62
7136.4
7130.12
7129.35
7133.44
7141.5
7152.26
7164.18
7178.12
7193.51
7209.73
7226.04
7241.9
7256.83
7270.43
7282.4
7292.57
7300.96
7307.7
7313.02
7317.21
7320.59
7323.22
7325.29
7326.87
7328.16
7329.25
7330.23
7331.14
7331.94
7332.57
7332.88
7332.64
7331.58
7329.47
7326.14
7321.49
7315.39
7307.61
7297.95
7286.34
7272.87
7257.57
7240.76
7222.95
7204.88
7187.46
7171.63
7157.02
7143.56
7132.32
7124.52
7121.14
7122.99
7130.62
7144.39
7164.26
7189.69
7220.23
7255.2
7293.58
7334.06
7374.6
7412.98
7446.93
7474.33
7493.46
7502.89
7539.01
7528.51
7506.61
7473.75
7432.12
7384.86
7335.62
7287.1
7241.78
7200.66
7164.98
7134.36
7101.97
7077.31
7067.32
7073.32
7091.3
7114.98
7135
7151.39
7166.07
7184.6
7204.19
7223.66
7242.39
7259.84
7275.49
7288.95
7300.02
7308.78
7315.48
7320.45
7324.15
7327.27
7329.43
7331.19
7332.43
7333.48
7334.41
7335.35
7336.4
7337.56
7338.72
7339.7
7340.19
7339.84
7338.25
7335.28
7330.8
7324.82
7316.86
7306.52
7293.7
7278.59
7260.98
7241.12
7219.72
7197.68
7176.43
7158.52
7140.94
7120.77
7092.38
7063.31
7043.01
7039.83
7055.76
7089.87
7130.88
7164.35
7200.88
7243.5
7290.86
7341.73
7392.7
7440.91
7483.23
7517.11
7540.61
7551.84
7595.89
7583.2
7557.11
7517.54
7465.28
7390.77
7143.29
6632.01
6013.33
5340.11
4715.47
4183.23
3811.22
3593.88
3508.89
3547.02
3710.69
3997.71
4379.16
4766.23
5087.16
5410.99
5715.01
5979.61
6209.25
6405.01
6565.15
6693.23
6794.09
6874.83
6934.99
6975.07
7007.05
7046.83
7085.4
7110.56
7121.59
7120.96
7114.53
7112.21
7120.54
7140.63
7167.47
7191.47
7204.1
7200.25
7173.13
7127.29
7072.36
7014.83
6952.27
6863.89
6747.51
6626.53
6452.62
6217.08
5929.28
5594.15
5236.95
4905.92
4550.44
4101
3711.16
3431.84
3278.07
3250.18
3358.56
3627.45
4078.61
4689.54
5314.9
5988.58
6631.96
7183.54
7404.17
7475.14
7527.77
7569.31
7598.84
7611.76
7224.6
7260.25
7003.47
6334.84
5104.54
3489.69
2080.86
1174.02
615.62
273.497
52.6055
1.59081
1.23649
0.978058
0.838301
0.809315
0.822151
0.86271
0.906232
33.1318
144.247
298.756
490.758
715.632
967.366
1233.04
1489.17
1714.14
1881.81
1996.98
2071.69
2115.75
2140.98
2154.71
2161.37
2174.23
2199.33
2227.29
2252.93
2274.53
2291.56
2306.56
2319.98
2334.39
2349.62
2362.51
2364.99
2351.89
2319.17
2258.76
2157.69
1998.56
1787.54
1537.56
1250.24
956.985
680.275
437.141
239.922
96.0276
1.41527
1.40258
1.50044
1.60068
1.70411
1.81221
1.92722
2.05434
2.13101
36.3388
268.52
663.315
1280.64
2277.45
3728.59
5272.62
6421.56
7075.09
7401.19
7521.9
3041.74
2642.84
1966.67
1124.66
470.848
90.5009
2.25051
1.9547
1.55428
1.239
1.16141
1.122
1.0122
0.890319
0.817604
0.779303
0.771944
0.769685
0.741522
0.704746
0.650225
0.598371
0.534474
0.724358
1.07472
1.56498
2.10049
2.50101
2.58656
2.3211
1.9622
1.64343
1.58378
1.08768
0.502672
0.314649
0.22186
0.186869
0.134398
0.0658311
0.0334403
0.0915892
0.1566
0.210299
0.291836
0.354792
0.396962
0.909821
1.59572
2.36423
3.10424
3.50623
2.78017
1.82228
1.24759
1.02966
0.787289
0.658103
0.752509
0.829655
1.08362
1.25007
1.37853
1.48953
1.59821
1.70457
1.80659
1.89486
1.9576
1.98088
1.8918
1.80608
1.74889
14.0779
178.024
558.266
1282.04
2202.24
2987.07
3394.24
20.6966
2.17531
2.17969
2.23462
2.06229
2.21626
2.75866
2.81872
2.47168
1.7771
1.43896
1.08118
0.821938
0.786563
0.762917
0.752747
0.745709
0.730557
0.710464
0.648982
0.578791
0.531001
0.495659
0.458344
0.442684
0.450343
0.507556
0.576975
0.5882
0.495997
0.394695
0.361301
0.977977
0.785651
0.310629
0.258906
0.224759
0.216263
0.208527
0.0914798
0.0344072
0.0681025
0.108321
0.169361
0.243643
0.299617
0.279222
0.240842
0.26563
0.427177
0.684392
0.93413
0.616596
0.459444
0.496437
0.543155
0.553607
0.589981
0.643189
0.755571
1.12859
1.75175
2.02558
1.86129
1.78504
1.82067
1.90308
2.05022
2.51336
3.01085
2.5851
1.60421
1.22742
0.650261
0.306229
0.25666
0.371694
0.0821733
-0.159373
-0.144237
4.02693
3.38333
2.26476
2.0098
2.77142
3.29458
3.8718
3.99565
1.98374
0.782307
0.751317
0.740625
0.727602
0.715188
0.711603
0.711666
0.697631
0.675453
0.643986
0.596107
0.542177
0.492836
0.44941
0.408417
0.376877
0.346502
0.330546
0.324434
0.322406
0.309475
0.284731
0.25758
0.988133
0.873343
0.288811
0.232668
0.194715
0.185854
0.157646
0.020213
0.0129267
0.0464597
0.0925729
0.147041
0.203057
0.276915
0.23636
0.196203
0.173685
0.210752
0.311393
0.518915
0.365475
0.379531
0.415404
0.446416
0.477063
0.511749
0.531239
0.782408
1.96802
2.19934
2.333
2.43825
2.51639
2.68561
2.84169
3.4099
5.43185
5.43533
5.31435
3.36213
0.94918
0.727035
0.451309
0.237099
0.475389
0.47178
0.0662781
0.0590796
1.2878
1.18636
2.70829
2.78228
2.6774
2.92883
3.30107
3.60502
0.861105
0.601671
0.642971
0.662545
0.673306
0.673605
0.662431
0.657975
0.643739
0.61992
0.587773
0.548948
0.510975
0.472318
0.428255
0.390516
0.348316
0.309536
0.286789
0.271934
0.263428
0.260647
0.255049
0.233889
0.301414
0.777099
0.698167
0.543658
0.147644
0.13527
0.123627
0.157513
0.612677
0.581749
0.201802
0.175048
0.233138
0.227203
0.180001
0.140497
0.126496
0.157079
0.235572
0.40853
0.321198
0.348102
0.361221
0.367502
0.379515
0.392635
0.419443
1.23906
1.88697
2.04051
1.68459
1.49943
1.58757
1.82648
2.13178
2.78712
4.87895
5.27465
5.13938
4.99719
2.09266
0.585953
0.395314
0.310437
0.332704
0.314479
0.0859592
0.105368
0.752932
0.649508
1.91861
2.58802
2.35259
2.474
2.80616
3.31
2.92951
0.432012
0.530895
0.58188
0.608063
0.611951
0.60574
0.600437
0.587175
0.566694
0.539927
0.514237
0.487139
0.450519
0.413923
0.375674
0.334471
0.295291
0.266051
0.242981
0.225172
0.213399
0.205104
0.185617
0.131393
0.138331
0.637893
0.550048
0.53582
0.5302
0.198504
0.139384
0.658424
0.834062
0.891893
0.895575
0.371212
0.158405
0.151974
0.116825
0.10579
0.128087
0.203124
0.233513
0.2715
0.28717
0.284163
0.281868
0.285646
0.285197
0.285663
0.834984
1.54163
0.78118
0.618069
0.735912
0.844658
0.938442
1.07007
1.18326
1.73635
5.0551
4.94592
4.78356
3.42346
0.463418
0.24945
0.210283
0.144136
0.0691332
0.0146476
0.0928077
0.572583
0.403917
0.72916
2.46651
2.19335
1.34556
2.5089
3.04857
3.60033
1.1134
0.431813
0.504933
0.534151
0.546451
0.549895
0.546324
0.535567
0.518999
0.496964
0.474303
0.453246
0.421832
0.383099
0.345826
0.314295
0.283805
0.255703
0.227652
0.200227
0.174981
0.152034
0.123707
0.0724409
-0.00735307
-0.0304651
0.0409105
0.4885
0.491995
0.0292528
0.523655
0.818744
0.874415
0.931997
0.987507
0.614128
0.168607
0.157784
0.409157
0.409767
0.439345
0.357817
0.182939
0.205892
0.209915
0.205975
0.205142
0.204473
0.195891
0.23039
0.308338
0.25131
0.338541
0.439854
0.544842
0.634529
0.875397
1.62262
2.60709
4.72976
4.84719
4.64368
4.52036
4.49713
0.775701
0.0515698
0.0427855
-0.00432288
-0.0634308
-0.0930545
0.0857237
0.561294
0.345194
0.854886
2.24269
1.61893
1.05736
2.45207
2.96823
3.45791
2.29778
0.587187
0.441727
0.47403
0.489878
0.496174
0.495052
0.48783
0.475079
0.457434
0.435549
0.410772
0.384012
0.356074
0.327485
0.298653
0.269776
0.245172
0.218377
0.187779
0.154313
0.119072
0.0808346
0.0380532
-0.0173035
-0.0860367
-0.149416
-0.118027
-0.0858074
-0.094658
-0.0805396
0.1982
0.945994
1.01542
1.06549
0.699176
0.213919
0.241137
0.632927
0.614395
0.604799
0.249781
0.132139
0.139546
0.137889
0.141871
0.207587
0.207886
0.140447
0.095505
0.113307
0.13385
0.191739
0.321405
0.38875
0.441571
0.613258
1.27435
4.45069
4.79139
4.53262
4.31681
4.22554
4.26011
1.55668
-0.210288
-0.184065
-0.205213
-0.231812
-0.229873
0.0333378
0.678312
0.476625
0.0950837
-0.290596
0.59002
2.38108
2.62034
3.0237
0.621696
1.33284
1.12449
0.506466
0.419478
0.437344
0.446527
0.448288
0.443904
0.434352
0.420221
0.402311
0.381363
0.35819
0.333459
0.307647
0.281089
0.254113
0.225892
0.198062
0.168917
0.135128
0.094042
0.0500763
0.0163326
-0.008331
-0.0337407
-0.0612165
-0.08098
-0.0791812
-0.0529019
-0.0095494
0.0436242
0.103187
0.786064
1.17682
0.642008
0.283305
0.334385
0.698648
0.660539
0.587361
0.087593
0.0834725
0.0764267
0.0779782
0.163057
0.156769
0.144578
0.0651875
0.00456085
-0.00532859
0.00434565
0.161752
0.397659
0.452342
0.309979
0.231223
0.153304
0.46421
4.23852
4.26225
4.04928
3.96996
4.01661
2.47519
-0.474278
-0.43426
-0.405958
-0.388641
-0.358964
-0.0986558
0.80933
0.685613
0.35184
-0.033741
-0.293144
1.20186
2.81581
0.4675
0.298061
0.659283
1.11647
0.615244
0.373894
0.391711
0.402388
0.406229
0.404095
0.397014
0.385672
0.370684
0.352705
0.332382
0.310275
0.28682
0.262339
0.236982
0.210624
0.182783
0.152332
0.11777
0.0775645
0.0350398
0.00241647
-0.00870286
-0.00233931
0.00485895
0.00337809
-0.000375839
0.00816552
0.0402181
0.0990304
0.173454
0.419813
1.27497
0.644522
0.369517
0.413475
0.791239
0.731255
0.236955
0.0635851
0.0302328
0.0164432
0.0986949
0.0975438
0.0909312
0.0597276
-0.0529159
-0.0867192
-0.115758
-0.0817228
0.205701
0.237928
0.277167
0.263686
-0.0202412
-0.156628
-0.352979
2.4587
4.10164
3.86616
3.77852
3.81556
4.00751
-0.273152
-0.66093
-0.564421
-0.497348
-0.436242
-0.164243
0.913187
0.855756
0.630427
0.362179
0.149749
0.0603188
-0.152983
0.150838
0.475606
0.71512
1.04354
0.481282
0.337142
0.353565
0.364357
0.369186
0.36847
0.363108
0.353736
0.340881
0.325104
0.306957
0.286941
0.265474
0.242889
0.219393
0.195021
0.169679
0.143191
0.113552
0.0796255
0.0422324
0.0106945
0.000485248
0.0134238
0.0346644
0.0445144
0.0453426
0.172225
0.239848
0.153108
0.202979
0.321367
0.687048
1.10474
0.81447
0.48138
0.856929
0.761983
0.120248
0.027457
-0.0300135
-0.0051032
0.0346347
0.030051
0.0266741
-0.073526
-0.121347
-0.16713
-0.214982
-0.136022
0.0788027
0.0968737
0.120203
0.118692
-0.20367
-0.38483
-0.584067
3.48681
3.97864
3.74555
3.64469
3.65793
3.83551
0.241241
-0.842542
-0.659189
-0.542054
-0.459314
-0.242586
0.895156
0.911327
0.868986
0.770275
0.689946
0.259988
0.328749
0.502063
0.891541
1.18141
0.327599
0.285047
0.307237
0.321897
0.331905
0.336859
0.336885
0.332619
0.324568
0.313176
0.298932
0.282355
0.263932
0.244094
0.223189
0.20147
0.179085
0.156108
0.133807
0.112473
0.0857492
0.0578541
0.0339047
0.0425418
0.135829
0.191167
0.242565
0.282456
0.256805
0.251767
0.260634
0.211403
0.307758
0.373833
2.1658
2.97259
0.534967
0.455351
0.492282
0.100261
-0.0227562
-0.0972318
-0.0813692
-0.0393059
-0.0408922
-0.0385635
-0.148056
-0.171627
-0.222049
-0.284448
-0.231741
-0.0157168
-0.010819
-0.000475087
-0.0168134
-0.358282
-0.569728
-0.531702
4.28921
3.91832
3.67389
3.53124
3.55154
3.70744
0.508493
-0.968502
-0.690861
-0.526572
-0.43264
-0.383115
-0.0392692
0.822277
0.956395
0.971019
1.00559
0.710133
0.661555
0.866658
1.41883
1.32277
0.294116
0.264145
0.28216
0.295376
0.3043
0.308906
0.309166
0.305464
0.298171
0.287668
0.274398
0.258865
0.241573
0.222984
0.203469
0.183297
0.162654
0.141719
0.120743
0.106902
0.0949526
0.0767385
0.0498062
0.0380164
0.16624
0.28147
0.283804
0.2746
0.247214
0.152016
0.133437
0.184304
0.277323
0.351767
2.69409
3.48499
0.940621
0.344268
0.220869
0.0600276
-0.0797284
-0.165452
-0.200789
-0.194294
-0.173945
-0.163033
-0.176051
-0.203793
-0.246908
-0.312316
-0.345081
-0.063771
-0.0715233
-0.0691829
-0.0974869
-0.444477
-0.691255
-0.475324
4.28336
3.91034
3.64873
3.4322
3.49229
3.65313
1.95389
-0.977464
-0.672558
-0.472443
-0.374996
-0.336498
-0.0862511
-0.0678781
0.771866
1.0457
0.779339
0.70806
1.16342
1.47223
1.48269
0.455061
0.223485
0.244532
0.260819
0.272893
0.280832
0.28488
0.285029
0.281475
0.274485
0.264388
0.251599
0.236611
0.219965
0.202184
0.183659
0.164659
0.14535
0.125988
0.106749
0.0880612
0.0786842
0.0699485
0.0568011
0.0423007
0.0369687
0.101679
0.27227
0.266245
0.0646542
0.00234023
0.0286668
0.128901
0.226988
0.309829
3.31441
3.5166
0.827852
0.293667
0.179735
0.0165465
-0.133927
-0.231839
-0.293039
-0.321257
-0.317297
-0.288602
-0.25159
-0.229572
-0.245274
-0.298832
-0.366267
-0.210063
-0.0722757
-0.0791122
-0.119378
-0.44086
-0.734112
-0.857182
3.29168
3.97139
3.68652
3.52239
3.50875
3.6921
3.12935
-0.994495
-0.617955
-0.404929
-0.305636
-0.0784783
-0.0483335
-0.0673228
-0.0466606
0.0994052
0.54189
1.44922
1.48715
1.34835
0.21904
0.187334
0.210365
0.228988
0.243395
0.254084
0.261101
0.264475
0.264242
0.260495
0.253416
0.243287
0.230482
0.215482
0.198892
0.181352
0.164344
0.150105
0.1287
0.108092
0.0902254
0.0729087
0.0568617
0.0501422
0.046917
0.0375369
0.0187615
0.0100299
0.103751
0.263721
0.0667496
-0.0105604
0.0126632
0.0820761
0.158096
0.463396
3.55235
3.53245
1.8915
0.233886
0.148857
-0.0113635
-0.17474
-0.288047
-0.365561
-0.405777
-0.403137
-0.36584
-0.285448
-0.226177
-0.223785
-0.261983
-0.317827
-0.365901
-0.0593546
-0.0267564
-0.0731697
-0.437659
-0.711565
-0.989638
0.695271
4.13156
3.82831
3.63816
3.63595
3.8475
0.690705
-0.962178
-0.553535
-0.335951
-0.206636
0.288642
-0.0120792
-0.0201952
-0.0129761
0.0963145
0.394808
0.247547
0.131217
0.137149
0.160329
0.181542
0.200892
0.217025
0.229625
0.238902
0.244862
0.247445
0.24661
0.24237
0.234838
0.224228
0.210854
0.19517
0.177857
0.164909
0.167046
0.15942
0.136231
0.0953402
0.0695755
0.053986
0.0399837
0.0277432
0.0243328
0.0217478
0.00963005
0.00481819
0.00289106
0.198737
0.135496
0.00520576
0.018843
0.0530413
0.0786493
2.62347
3.52793
3.54135
3.57212
0.457201
0.13246
-0.0168813
-0.190494
-0.322284
-0.41538
-0.469466
-0.473415
-0.433651
-0.198969
0.425874
0.433867
-0.0822694
-0.250984
-0.281929
-0.212796
0.0783648
-0.0113222
-0.415971
-0.605053
-0.883761
0.8898
4.42276
4.10291
3.91848
3.94336
2.14521
-1.367
-0.825231
-0.468633
-0.265443
-0.0812428
0.435834
0.0141028
0.0126931
0.02471
0.0471684
0.068486
0.0941617
0.117921
0.139076
0.159382
0.177938
0.194192
0.207915
0.218865
0.226848
0.231772
0.2335
0.231908
0.226936
0.21861
0.207044
0.192455
0.175242
0.158128
0.17388
0.15377
0.133913
0.114991
0.0974138
0.0586876
0.0295029
0.0176496
0.00866385
0.0024888
-0.000973866
-0.0016063
-0.00106428
0.0001701
0.133777
0.156028
0.0586178
0.0527928
0.0235766
-0.00132239
3.5028
3.52528
2.03173
2.65876
1.46516
0.140653
0.00150268
-0.172899
-0.318167
-0.423011
-0.486437
-0.496371
-0.460301
-0.315638
0.647144
0.731562
0.672871
-0.087457
-0.188367
-0.180289
0.0528179
-0.140453
-0.282661
-0.431156
-0.679702
0.0664281
4.61961
4.52749
0.472648
-0.914968
-1.29874
-1.06861
-0.656204
-0.375925
-0.195673
0.0510059
1.31556
0.0356093
0.036246
0.047857
0.0642648
0.0830558
0.103235
0.123077
0.141788
0.159184
0.175142
0.189188
0.20118
0.210717
0.217564
0.221541
0.222424
0.219998
0.214106
0.20465
0.191598
0.175006
0.155164
0.140966
0.141853
0.124635
0.102656
0.0822994
0.0643589
0.0493641
0.0165224
-0.00997306
-0.0151513
-0.0168583
-0.0159334
-0.00851673
-0.00379542
-0.00314288
0.0598237
0.166148
0.155244
0.0434129
-0.00570106
-0.0461177
3.01876
3.28817
0.905164
1.08927
1.31835
0.262274
0.031988
-0.12619
-0.266756
-0.372828
-0.439266
-0.455258
-0.425556
-0.372422
0.142442
0.789612
0.862036
0.469786
-0.0835858
-0.0792354
-0.0719384
-0.074212
-0.109449
-0.216466
-0.417194
-0.618363
-0.376014
-0.144422
-1.27284
-1.23537
-1.03999
-0.760806
-0.489755
-0.288998
-0.14099
0.802197
2.00988
0.0560805
0.0570208
0.0673739
0.080485
0.0954533
0.111641
0.128156
0.144204
0.159463
0.173457
0.185893
0.196455
0.204835
0.210759
0.213946
0.214071
0.210805
0.203845
0.192911
0.177724
0.158072
0.134354
0.106869
0.0782872
0.0595024
0.051404
0.0402413
0.022072
0.00846321
-0.00039656
-0.0344273
-0.0439711
-0.040018
-0.033525
-0.0152064
-0.00615404
-0.00380382
-0.000320041
0.13208
0.121321
0.022443
-0.0161147
0.0426522
3.065
1.85833
0.472317
1.88466
1.64278
0.270917
0.052376
-0.0717911
-0.18064
-0.268103
-0.326887
-0.345868
-0.326378
-0.285726
-0.195884
0.840515
0.942091
0.89498
0.0639405
0.00472867
0.0366016
0.0578798
0.0580274
-0.000795083
-0.138733
-0.352315
-0.569276
-0.675957
-0.769452
-0.773847
-0.663558
-0.503368
-0.349364
-0.215343
0.315553
1.71753
1.697
0.0740117
0.0761417
0.0835697
0.0938701
0.106026
0.11937
0.133319
0.147195
0.160524
0.172883
0.183953
0.193413
0.200934
0.206183
0.20879
0.208312
0.204265
0.196141
0.183358
0.165172
0.140955
0.110782
0.0762434
0.0398964
0.00450635
-0.0273366
-0.0534323
-0.0439429
-0.0426622
-0.0584922
-0.0827953
-0.0779601
-0.0667441
-0.053429
-0.0306504
-0.0155248
-0.00553256
-0.00533007
0.00947979
0.0227082
0.0153859
-0.0121842
1.05642
3.07192
1.05525
0.173851
1.93237
2.02889
0.671424
0.0471042
-0.0336807
-0.0894555
-0.137964
-0.177066
-0.194582
-0.187551
-0.164136
0.054068
0.966969
1.02911
1.01018
0.148854
0.0826154
0.124415
0.163116
0.190771
0.1792
0.119416
-0.00896285
-0.182687
-0.291846
-0.349333
-0.403405
-0.371625
-0.307098
-0.239325
0.0721889
1.70838
1.73826
-0.128936
0.0894523
0.091909
0.0971203
0.105171
0.115147
0.126324
0.138206
0.150275
0.16202
0.173071
0.183097
0.191758
0.198709
0.203559
0.205846
0.204987
0.200313
0.191023
0.175991
0.153636
0.122809
0.0840944
0.0404936
-0.00442063
-0.0474509
-0.0854352
-0.115473
-0.135641
-0.144169
-0.14269
-0.132475
-0.116548
-0.0967176
-0.0752962
-0.0528828
-0.0255123
-0.016986
-0.00932729
0.00145596
0.011318
0.0176176
-0.000499578
1.38541
1.73812
0.190762
0.187137
1.89087
2.02456
0.568568
0.0140059
-0.0156306
-0.0152635
-0.0176443
-0.0299049
-0.0410155
-0.0434961
-0.0354676
0.701778
1.05957
1.11068
0.56442
0.112731
0.146162
0.186058
0.233998
0.278408
0.299359
0.308004
0.369588
0.151996
-0.0102881
-0.0935347
-0.146387
-0.167056
-0.166595
-0.132138
1.23441
1.67059
0.16
-0.131499
0.101991
0.104023
0.108026
0.11456
0.122871
0.132389
0.14265
0.153244
0.163716
0.173757
0.183017
0.191152
0.197814
0.202564
0.204839
0.203925
0.198908
0.188577
0.170861
0.143022
0.103735
0.0552797
0.00301138
-0.049016
-0.0985046
-0.142249
-0.176946
-0.200147
-0.209079
-0.203153
-0.185185
-0.159248
-0.129542
-0.0993263
-0.0704641
-0.0452294
-0.0259801
-0.00665655
0.00495088
0.0133088
0.0220415
0.0190021
0.25519
0.020038
0.00623229
0.20814
2.41151
1.84815
0.180157
-0.0197114
-0.00221239
0.0410354
0.0746916
0.0865984
0.0845478
0.0792989
0.514378
1.08789
1.12628
0.471676
0.108292
0.159929
0.199628
0.226702
0.274053
0.321576
0.356565
0.365319
0.532726
0.96354
0.291489
0.107219
0.0294252
-0.0292456
0.453021
1.18906
1.26094
0.664385
-0.142123
-0.1237
0.111772
0.113345
0.11674
0.122212
0.129278
0.137492
0.146483
0.155899
0.165397
0.174686
0.183411
0.191264
0.197902
0.202852
0.205476
0.204943
0.200059
0.189081
0.168406
0.134412
0.0862999
0.0292248
-0.0286658
-0.0851835
-0.140801
-0.191277
-0.228479
-0.258741
-0.27041
-0.261108
-0.235775
-0.200279
-0.161692
-0.123807
-0.0877067
-0.0575762
-0.0319633
0.767405
0.166643
0.0148971
0.0259547
0.0406331
0.0435454
0.0496839
0.0729209
0.981874
2.60775
2.44641
0.219011
-0.0242232
0.0234669
0.087782
0.139271
0.165569
0.171588
0.74266
1.07314
1.0555
0.270116
0.139666
0.151333
0.178347
0.210617
0.248476
0.290082
0.330471
0.362783
0.379822
0.420906
1.19825
1.27324
1.03428
0.743095
1.18315
1.29306
1.259
0.928905
-0.139417
-0.114557
-0.103608
0.11937
0.120559
0.12363
0.128323
0.134443
0.141636
0.149635
0.158137
0.166894
0.175633
0.184007
0.191781
0.198614
0.204029
0.207374
0.207736
0.203524
0.193003
0.169958
0.131046
0.0756519
0.0127072
-0.0446816
-0.104154
-0.144785
-0.0239388
0.0898738
-0.0473994
-0.181377
-0.0859978
0.0584295
0.353857
0.31459
0.0160154
-0.104022
-0.0592738
0.590718
1.79591
1.76686
0.127435
0.0248324
0.0562331
0.0849035
0.108226
0.217216
2.54288
2.71118
2.65897
0.646414
0.00321956
0.0622323
0.129074
0.183048
0.249659
0.940824
1.06792
0.910036
0.254825
0.178343
0.175579
0.183246
0.201541
0.2276
0.25784
0.289584
0.318806
0.340669
0.349498
0.342569
0.318238
0.734632
1.53041
1.46508
1.37957
1.29358
0.745958
-0.112859
-0.0957531
-0.0818567
-0.0767155
0.125131
0.126065
0.128953
0.133053
0.138432
0.144863
0.152076
0.159875
0.168046
0.176331
0.184498
0.192324
0.199488
0.205559
0.209962
0.211843
0.209524
0.200435
0.177796
0.137749
0.0766345
0.00997704
0.0288557
0.219813
0.319561
0.345492
0.283212
0.232803
0.209323
0.30549
0.352497
0.407692
0.469883
0.022068
-0.108397
-0.0574127
1.33321
1.84201
1.85092
0.369817
0.0205729
0.0681493
0.110683
0.147222
2.18105
2.84343
2.78696
2.73653
1.85409
0.159496
0.105934
0.214011
0.592022
0.923917
0.960571
0.668657
0.256384
0.209366
0.201209
0.198624
0.204119
0.216758
0.235593
0.257481
0.279519
0.298386
0.310568
0.312786
0.303001
0.279164
0.240326
0.419469
0.717029
0.73666
0.274148
-0.0539869
-0.0578651
-0.0526889
-0.0491051
-0.0481897
0.129351
0.130103
0.132947
0.136525
0.141328
0.147115
0.153715
0.160947
0.16862
0.176548
0.184568
0.192474
0.199993
0.206775
0.212379
0.216076
0.216023
0.214677
0.209696
0.16318
0.0978012
0.0231903
0.128281
0.701582
0.830689
0.138182
-0.0379341
-0.114426
-0.158699
-0.159624
-0.0745556
-0.0943519
-0.167017
-0.167502
-0.100843
0.874028
1.86562
1.8699
1.86988
1.76332
0.0380613
0.191835
0.1246
0.293731
2.0804
2.68241
1.76775
1.39291
1.20171
0.737973
0.683936
0.626563
0.616588
0.579292
0.384258
0.23877
0.227094
0.219372
0.213423
0.211314
0.21426
0.223528
0.236404
0.251021
0.265013
0.275819
0.280953
0.278344
0.266515
0.244968
0.210948
0.164799
0.112231
0.0619891
0.0233703
-0.000846772
-0.0127338
-0.0176341
-0.0200057
-0.0213105
0.132296
0.133055
0.1355
0.138757
0.143124
0.1484
0.154475
0.161209
0.168442
0.176058
0.183921
0.191846
0.199617
0.206974
0.21363
0.218938
0.221152
0.228952
0.415741
0.67184
0.669335
0.0580144
0.168015
0.671989
1.08522
0.394338
0.43624
0.244099
-0.0557165
-0.104007
-0.0483034
0.603916
0.839027
0.767704
1.29641
1.87623
1.88882
1.89023
1.89152
1.91144
1.22407
0.0650254
0.137844
0.416972
0.367166
0.371359
0.119601
0.0877065
0.130008
0.341747
0.347588
0.29005
0.241631
0.228019
0.231457
0.230963
0.22729
0.222528
0.21863
0.217166
0.219025
0.224579
0.232529
0.241386
0.24934
0.254539
0.255233
0.250229
0.238286
0.219141
0.19261
0.159159
0.122278
0.0867956
0.0556528
0.0326279
0.017897
0.0094813
0.00474111
0.00240741
0.133972
0.13484
0.136945
0.139895
0.143887
0.148716
0.154325
0.160599
0.167423
0.174711
0.182335
0.190135
0.197943
0.205568
0.212795
0.218939
0.222637
0.226347
0.876058
3.58478
3.36431
0.227238
0.227305
0.66989
1.68117
1.72356
1.65524
1.59076
1.54217
1.42622
1.52633
1.58384
1.67529
1.78653
1.86
1.88922
1.90274
1.9122
1.92066
1.48584
0.372862
0.0705298
0.137992
0.188248
0.150321
0.13472
0.121
0.115869
0.12474
0.144844
0.167823
0.189904
0.207469
0.218975
0.224659
0.225995
0.224457
0.221664
0.219105
0.217893
0.21867
0.221516
0.225882
0.230534
0.234245
0.235725
0.23377
0.227437
0.216128
0.199675
0.178241
0.152763
0.124891
0.0969479
0.0730414
0.0538172
0.0399019
0.0307368
0.0251881
0.0224867
0.134627
0.135485
0.137332
0.140053
0.143693
0.148116
0.153289
0.159115
0.165518
0.172411
0.179669
0.187163
0.194749
0.202249
0.209411
0.21548
0.219468
0.227558
1.83189
3.83643
3.78331
1.93773
0.340913
1.4502
1.85782
1.80353
1.7423
1.67936
1.62489
1.59684
1.58776
1.37899
0.930155
1.5934
1.69601
1.07563
0.949946
0.714233
0.308439
0.0225157
0.0309397
0.0896963
0.133412
0.153217
0.153471
0.146644
0.140846
0.13969
0.146189
0.159202
0.175012
0.19075
0.203848
0.213136
0.218435
0.220306
0.219825
0.218151
0.216318
0.215123
0.215025
0.216069
0.217842
0.21956
0.220391
0.219437
0.215866
0.20902
0.19855
0.184453
0.166884
0.14664
0.12501
0.103596
0.0843615
0.0682858
0.0559242
0.0472341
0.0417337
0.0390286
0.134333
0.135124
0.136801
0.139307
0.142604
0.146643
0.151381
0.15675
0.16269
0.169102
0.175874
0.182899
0.190028
0.197049
0.203626
0.208974
0.212463
0.230453
2.30759
3.90658
3.8697
3.02159
0.459191
1.13246
1.93333
1.88277
1.82118
0.867505
0.0539201
0.0812155
0.104675
-0.0697263
-0.112148
-0.0854351
-0.089612
-0.113844
-0.0908613
-0.0617057
-0.0263624
0.0168881
0.0659798
0.1113
0.142474
0.157687
0.160647
0.158378
0.155894
0.156068
0.160592
0.16904
0.17984
0.190988
0.200686
0.207913
0.212311
0.214045
0.214005
0.212887
0.211398
0.210106
0.209328
0.209083
0.209083
0.208876
0.207824
0.205341
0.200861
0.193946
0.184387
0.172224
0.157713
0.14142
0.124233
0.107283
0.0917237
0.0783813
0.0677396
0.059957
0.0548899
0.0523749
0.13315
0.133878
0.13542
0.137681
0.140648
0.144305
0.1486
0.153491
0.158915
0.164772
0.17097
0.177402
0.1839
0.190202
0.1959
0.200302
0.20295
0.223278
2.33404
3.97983
3.95079
3.27657
0.570155
0.762213
2.00521
1.94178
0.542787
0.155426
0.0990148
0.0587145
0.0431587
-0.0151542
-0.128464
-0.163904
-0.136319
-0.103044
-0.0666728
-0.0291928
0.0103251
0.0519187
0.0927789
0.127339
0.151068
0.169817
0.203341
0.199524
0.165915
0.166302
0.169289
0.174869
0.182262
0.190156
0.197258
0.202703
0.206219
0.207333
0.207447
0.206535
0.205146
0.203693
0.202391
0.201253
0.20005
0.198658
0.196423
0.193037
0.188125
0.181398
0.172745
0.162232
0.150095
0.136765
0.122871
0.109205
0.0965247
0.0854582
0.0764216
0.0696491
0.0651599
0.0629212
0.131145
0.131826
0.133207
0.135206
0.137854
0.141119
0.144961
0.149348
0.154207
0.159457
0.165016
0.170767
0.176521
0.181993
0.18674
0.19019
0.191795
0.194599
1.60379
4.0515
4.00843
3.57955
0.624313
0.740254
2.02623
1.2718
0.281248
0.207529
0.18658
0.773316
0.78316
0.768856
0.754201
0.238917
-0.129822
-0.0895932
-0.0472171
-0.004928
0.0362246
0.0752815
0.109771
0.137317
0.195702
0.243022
0.247211
0.247945
0.244022
0.214292
0.187414
0.180869
0.18388
0.188287
0.193479
0.197413
0.199828
0.200703
0.200504
0.199535
0.198096
0.196468
0.194799
0.193087
0.191209
0.189012
0.186027
0.182151
0.177112
0.170722
0.16293
0.153808
0.143556
0.132502
0.121109
0.109929
0.0995109
0.0903186
0.0826988
0.0769004
0.0730123
0.0710718
0.128395
0.129019
0.130205
0.131953
0.134277
0.137137
0.140513
0.144366
0.148627
0.153235
0.158108
0.163115
0.168073
0.172705
0.176583
0.179244
0.180109
0.178713
0.630694
4.0951
4.05503
4.04056
1.33018
0.678524
1.53793
1.1553
0.286304
0.371608
0.873384
0.82457
0.792368
0.78078
0.780599
0.573653
-0.113062
-0.0878586
-0.0371569
0.0108421
0.054017
0.0912392
0.121431
0.146521
0.218187
0.244509
0.248294
0.249375
0.249454
0.249835
0.250755
0.20722
0.180984
0.185462
0.189254
0.191942
0.193417
0.193772
0.193264
0.192135
0.190572
0.188798
0.18687
0.18478
0.182452
0.179829
0.176415
0.172345
0.167386
0.161419
0.154428
0.146483
0.137751
0.128485
0.119029
0.109784
0.10115
0.0934927
0.0870909
0.0821759
0.0788555
0.0772008
0.124969
0.125499
0.126497
0.127998
0.129983
0.132432
0.135327
0.138623
0.142269
0.146211
0.150363
0.154596
0.158752
0.162599
0.165761
0.167868
0.168575
0.166674
0.206929
2.46288
4.11316
4.13643
2.84607
0.458065
0.880086
1.05382
0.275395
0.351096
0.854657
0.78036
-0.0971942
-0.234584
-0.188802
-0.156358
-0.135915
-0.100341
-0.0388005
0.0168784
0.0638149
0.101387
0.129044
0.152988
0.227394
0.24347
0.246584
0.247773
0.248207
0.248871
0.214901
0.176071
0.178055
0.181609
0.184322
0.186007
0.186703
0.18655
0.18574
0.184438
0.182782
0.18088
0.178773
0.176438
0.173795
0.1707
0.167372
0.16336
0.158624
0.153124
0.146866
0.139924
0.132433
0.124593
0.116666
0.108952
0.101755
0.095356
0.0899863
0.0858435
0.083031
0.0816313
0.120905
0.121324
0.122155
0.123403
0.125045
0.127082
0.129485
0.132213
0.135233
0.138491
0.141899
0.14535
0.148723
0.151844
0.154418
0.156127
0.156876
0.156216
0.155865
1.14019
4.18332
4.18243
3.4833
0.394074
0.31117
0.654102
0.265863
0.201444
0.4901
0.0553697
-0.26721
-0.294373
-0.297455
-0.267516
-0.207947
-0.135752
-0.0607481
0.0057506
0.0592706
0.100703
0.129699
0.157831
0.233813
0.240204
0.24275
0.244112
0.244891
0.195827
0.167324
0.170632
0.173951
0.176673
0.1785
0.179407
0.179515
0.178977
0.177937
0.176511
0.174785
0.172812
0.170615
0.168176
0.165427
0.162337
0.158942
0.155042
0.150591
0.145561
0.139968
0.133882
0.127418
0.120736
0.11404
0.107562
0.101536
0.0961777
0.0916737
0.0881883
0.0858132
0.0846304
0.116251
0.116575
0.117247
0.11824
0.119554
0.121182
0.123087
0.125244
0.127629
0.130182
0.132827
0.13549
0.138086
0.14049
0.1425
0.143869
0.144524
0.144679
0.143676
0.229522
2.93278
4.21813
4.19517
0.558822
0.251739
0.219767
0.260843
0.100624
0.0703795
0.27673
-0.0653802
-0.353818
-0.366178
-0.331757
-0.269157
-0.180198
-0.100106
-0.0223116
0.0395344
0.0935773
0.141213
0.157005
0.175165
0.210167
0.237433
0.239009
0.214025
0.159925
0.162781
0.16585
0.168596
0.170609
0.171749
0.1721
0.171819
0.171039
0.169865
0.168382
0.166637
0.164658
0.162462
0.160046
0.157377
0.154278
0.150941
0.147223
0.143092
0.13852
0.133522
0.128177
0.122578
0.116857
0.111174
0.105709
0.100645
0.0961463
0.0923611
0.0894255
0.0874182
0.0864149
0.111101
0.111347
0.111854
0.112609
0.113613
0.114835
0.116245
0.117832
0.119567
0.121395
0.12326
0.125117
0.126907
0.128541
0.129898
0.130794
0.131149
0.13139
0.131334
0.130405
1.20682
4.27149
4.37105
1.78644
0.257109
0.177394
0.223384
0.00737207
0.014664
0.944841
1.07622
-0.413349
-0.444325
-0.322449
0.545066
0.966893
0.205484
-0.0613569
0.0111799
0.070552
0.142855
0.167164
0.17073
0.157737
0.162366
0.196477
0.181599
0.154102
0.156975
0.159736
0.161992
0.163473
0.164148
0.164158
0.163669
0.162786
0.161579
0.160105
0.158397
0.156471
0.154334
0.152016
0.149232
0.146399
0.143253
0.13978
0.135972
0.131831
0.127385
0.122692
0.117836
0.112924
0.108084
0.103457
0.0991827
0.0953908
0.0921989
0.0897186
0.088018
0.0871639
0.10557
0.105735
0.106087
0.106623
0.107321
0.108137
0.109058
0.110075
0.11115
0.112241
0.113313
0.114333
0.115256
0.116023
0.116573
0.116727
0.116489
0.116038
0.115436
0.111506
0.326809
3.37251
4.60998
3.0107
0.266235
0.168787
0.0415554
-0.0752777
0.0808712
1.69791
1.76788
0.571064
-0.503149
0.0877306
1.72853
1.80046
1.87854
0.218936
-0.0218624
0.0375724
0.093251
0.15207
0.168426
0.166679
0.138952
0.141523
0.144647
0.14906
0.150702
0.152313
0.15423
0.155387
0.155826
0.155704
0.155167
0.154298
0.153147
0.151748
0.150126
0.148291
0.146221
0.143862
0.141438
0.138764
0.135826
0.132618
0.129144
0.125418
0.121471
0.117356
0.113143
0.108916
0.104776
0.100842
0.0972165
0.094005
0.091303
0.0892009
0.0877578
0.0870297
0.0997586
0.0998423
0.100059
0.100381
0.100763
0.101175
0.101616
0.102063
0.102478
0.102832
0.103101
0.103247
0.10323
0.103006
0.102475
0.101697
0.100539
0.09908
0.0971873
0.0929232
0.0851426
1.25709
4.81299
4.9017
0.284366
0.161059
0.0178489
-0.127016
0.589454
1.81911
1.74855
1.68732
1.5758
1.62183
1.66019
1.75704
1.87194
1.25773
-0.0599629
0.010618
0.0588777
0.109902
0.15593
0.166781
0.157456
0.133129
0.135883
0.138657
0.141388
0.143745
0.14549
0.14653
0.146939
0.146859
0.146406
0.145648
0.144622
0.143354
0.14186
0.140149
0.138237
0.136116
0.133829
0.131336
0.128625
0.125693
0.122551
0.119217
0.115723
0.112116
0.108457
0.104818
0.101251
0.0978894
0.0948025
0.0920665
0.0897741
0.0879911
0.0867645
0.086145
0.0937586
0.0937785
0.0938695
0.093966
0.0940303
0.0940513
0.0940208
0.0939054
0.0936726
0.0932996
0.0927556
0.0919915
0.0909722
0.0896869
0.0879769
0.0859353
0.083484
0.0807218
0.0775037
0.0725193
0.0642083
0.0644564
2.21613
5.31475
4.51835
0.133669
-0.00389032
-0.15963
0.58227
1.80792
1.72556
1.66127
1.61134
1.59413
1.63145
1.71282
1.39581
0.912714
0.429222
-0.0105313
0.0401149
0.0775129
0.119156
0.155679
0.162628
0.13435
0.126438
0.129183
0.131885
0.134248
0.136015
0.137122
0.137655
0.137738
0.137461
0.136882
0.136037
0.134952
0.133641
0.132117
0.130392
0.128474
0.126377
0.124094
0.121625
0.118973
0.116151
0.113181
0.110092
0.106927
0.103737
0.100583
0.0975257
0.0946451
0.0920017
0.0896529
0.087706
0.0861974
0.0851514
0.0846266
0.0876638
0.0876396
0.0875938
0.0874626
0.0872256
0.0868774
0.0863933
0.0857377
0.0848827
0.0837979
0.0824354
0.0807328
0.0786437
0.0761353
0.0731678
0.0696991
0.0656736
0.0611767
0.0562793
0.0501625
0.0411051
0.0336233
0.0700346
3.39527
6.01328
0.101081
-0.0254598
-0.186437
0.106858
1.78922
1.73664
1.67694
1.63917
1.62899
1.44218
0.501355
0.377247
0.531871
2.03067
0.0384614
0.0252937
0.0627867
0.0860779
0.120373
0.15087
0.124655
0.115882
0.118725
0.12156
0.124057
0.126007
0.127329
0.12811
0.128454
0.128434
0.128096
0.127478
0.126608
0.125506
0.124188
0.122669
0.120964
0.11908
0.117024
0.114801
0.112422
0.109902
0.107262
0.104533
0.101753
0.0989687
0.0962306
0.0935936
0.0911163
0.0888546
0.0868612
0.085202
0.0839236
0.0830131
0.0825741
0.0815569
0.0814847
0.0812898
0.080948
0.0804424
0.0797565
0.0788521
0.0776966
0.0762594
0.0744912
0.0723227
0.0696821
0.066509
0.0627602
0.0583893
0.0533202
0.0474835
0.0409054
0.0336931
0.025684
0.0151588
0.00426803
-0.016316
0.0747636
5.99695
0.404042
-0.0476511
-0.187269
-0.27331
0.135307
1.35607
1.33784
0.647146
-0.0843304
-0.0083828
0.174761
0.372434
0.602654
2.08372
0.473763
0.0132452
0.0481796
0.071629
0.0862821
0.0981835
0.105502
0.104373
0.107472
0.110642
0.11343
0.115692
0.117335
0.118443
0.119105
0.119385
0.119326
0.118965
0.118337
0.117465
0.11637
0.115072
0.113586
0.111925
0.1101
0.108121
0.106002
0.103761
0.101422
0.0990155
0.096577
0.0941478
0.091772
0.0894955
0.087365
0.0854278
0.0837278
0.0823127
0.0812168
0.0804573
0.0800745
0.0754844
0.075342
0.0750102
0.0744919
0.0737559
0.0727702
0.0714943
0.0698953
0.067929
0.0655263
0.0625965
0.0590568
0.0548333
0.0499081
0.0439938
0.0371687
0.0292911
0.0203147
0.0102947
-0.00055559
-0.0137471
-0.0280321
-0.050954
0.315674
5.9844
0.28569
-0.0720898
-0.166924
-0.264943
-0.348141
-0.338798
-0.406969
-0.388248
-0.0754036
1.11797
3.2307
1.49008
1.11891
2.12505
0.457734
0.00088784
0.0326589
0.0557268
0.0710073
0.08098
0.0895969
0.101475
0.0971814
0.0993493
0.102625
0.105286
0.107312
0.108786
0.109793
0.11039
0.110624
0.110536
0.110161
0.109529
0.108665
0.107591
0.106328
0.10489
0.103291
0.101547
0.0996753
0.0976962
0.0956353
0.0935229
0.0913926
0.0892802
0.0872229
0.0852586
0.0834258
0.0817638
0.0803089
0.0790986
0.0781605
0.0775158
0.0771846
0.069472
0.0692524
0.0688193
0.0681603
0.0672319
0.0659926
0.0644054
0.0624298
0.0600022
0.0570383
0.0534288
0.0490636
0.043816
0.0375112
0.0302992
0.0216738
0.0115351
-0.000204157
-0.0131716
-0.0285664
-0.0461226
-0.0655118
-0.0914491
1.26696
6.11294
1.60983
-0.108758
-0.135731
-0.18228
-0.235261
-0.271313
-0.286423
0.154786
4.41371
4.48868
4.54388
3.71472
3.38326
2.09283
0.0169872
-0.0132342
0.0163543
0.0388997
0.0547918
0.0668775
0.0825347
0.0886937
0.0910998
0.0880881
0.0918842
0.0949837
0.0974119
0.0992602
0.100609
0.10152
0.102044
0.102225
0.102101
0.101706
0.101071
0.100218
0.0991726
0.0979524
0.0965745
0.0950574
0.0934216
0.0916904
0.0898901
0.0880497
0.0861995
0.0843702
0.0825925
0.0808984
0.07932
0.0778906
0.0766409
0.0756019
0.0747966
0.0742445
0.0739589
0.0635603
0.0632876
0.0627936
0.0620246
0.0609415
0.0595025
0.0576702
0.0553921
0.0525875
0.049163
0.0449975
0.0399497
0.0338614
0.0265347
0.0178116
0.00735035
-0.00525548
-0.0203698
-0.0367564
-0.0583432
-0.0834114
-0.112553
-0.143908
1.70187
6.34002
6.18229
0.102209
-0.101837
-0.0992767
-0.111549
-0.134626
1.87533
4.59316
4.59655
4.62999
4.27109
3.27528
3.29657
0.557792
-0.0634171
-0.0277224
0.000420057
0.0224135
0.0387736
0.0532114
0.0692754
0.0761521
0.0750145
0.0771126
0.0814265
0.0849539
0.0877682
0.0899682
0.0916364
0.0928403
0.0936353
0.094068
0.0941811
0.0940125
0.0935942
0.0929543
0.092118
0.0911073
0.0899421
0.088643
0.087233
0.0857368
0.0841805
0.0825904
0.0809933
0.0794152
0.0778822
0.0764214
0.0750606
0.0738289
0.0727528
0.0718586
0.0711659
0.0706921
0.0704474
0.0578248
0.0575351
0.0570027
0.0561528
0.0549566
0.0533754
0.0513655
0.0488641
0.0457822
0.0420218
0.0374501
0.0318989
0.025172
0.0170157
0.00710764
-0.00502577
-0.0200446
-0.0389184
-0.0592838
-0.0897252
-0.128881
-0.176479
0.616176
6.15053
6.30904
6.27063
-0.0486666
-0.0732582
-0.0367918
-0.0354454
2.19556
4.63449
4.65499
3.94995
3.00137
2.24017
3.51146
2.82574
-0.0226151
-0.073103
-0.0404326
-0.0137938
0.00752941
0.0240863
0.0378101
0.0540166
0.0597951
0.0609648
0.0666725
0.0714331
0.0753367
0.0784915
0.0810008
0.08295
0.0844119
0.0854473
0.0861068
0.0864351
0.086473
0.0862558
0.0858138
0.0851743
0.0843616
0.083398
0.0823056
0.0811084
0.0798317
0.0785
0.0771374
0.0757668
0.0744108
0.0730919
0.0718339
0.0706614
0.0696003
0.0686735
0.0679042
0.067309
0.0669033
0.0666954
0.0523408
0.0520558
0.0514911
0.0505901
0.0493251
0.0476577
0.0455371
0.042897
0.0396475
0.0356994
0.0308944
0.0250472
0.0179376
0.00926371
-0.00138313
-0.0145997
-0.0312066
-0.0523288
-0.0794159
-0.118545
-0.175285
-0.24839
5.54055
6.3035
6.24163
6.13125
-0.226408
-0.059616
0.00428166
0.024849
3.05898
2.40568
1.76656
1.73695
2.02347
3.5783
3.52393
-0.04348
-0.116021
-0.0802887
-0.0502232
-0.0253344
-0.00490139
0.011522
0.0245858
0.0348861
0.0435155
0.0508099
0.0569388
0.0620388
0.0662413
0.0696703
0.0724314
0.0746124
0.0762897
0.0775282
0.078382
0.0788977
0.079118
0.0790806
0.0788178
0.0783582
0.0777278
0.0769503
0.0760488
0.0750479
0.0739719
0.072844
0.0716856
0.070517
0.0693577
0.0682276
0.0671481
0.0661411
0.0652294
0.0644333
0.0637732
0.0632634
0.0629169
0.0627409
0.0471437
0.046862
0.0462722
0.0453513
0.0440603
0.04236
0.0401979
0.0375088
0.0341914
0.0302281
0.0253852
0.0194727
0.0122936
0.00350399
-0.00731117
-0.0208466
-0.0381099
-0.0607426
-0.0919212
-0.137554
-0.207944
0.837578
6.18329
6.27155
6.25149
1.04837
-0.217112
-0.0590533
0.0157801
3.19497
1.90936
1.85495
2.01695
4.17432
4.17525
2.82004
0.00652159
-0.148937
-0.115115
-0.0840031
-0.0568563
-0.0338711
-0.0145692
0.00135833
0.0143668
0.0250819
0.0340658
0.0416484
0.0480185
0.0533358
0.0577436
0.0613673
0.0643128
0.0666693
0.0685141
0.069914
0.0709255
0.0715968
0.0719715
0.072089
0.071983
0.0716828
0.0712153
0.0706051
0.0698761
0.0690525
0.0681574
0.0672124
0.0662368
0.0652482
0.064264
0.0633019
0.0623808
0.0615203
0.0607404
0.060059
0.0594944
0.0590585
0.0587623
0.0586125
0.042229
0.0419416
0.0413452
0.0404317
0.0391492
0.0374695
0.0353416
0.0327221
0.0295556
0.0256437
0.0209281
0.0152382
0.00829207
-0.000251165
-0.0105566
-0.0234805
-0.04005
-0.0620328
-0.093032
-0.140088
-0.213831
2.46193
6.32955
6.38558
1.49539
-0.388065
-0.214047
-0.0901369
3.87747
5.88871
1.90898
2.03422
4.2856
4.15289
1.44232
-0.196242
-0.170896
-0.141254
-0.112041
-0.0848393
-0.0606076
-0.0395818
-0.0216057
-0.00645367
0.00623363
0.0168774
0.0258924
0.033528
0.0399691
0.0453752
0.0498844
0.0536162
0.0566737
0.0591448
0.0611054
0.0626221
0.0637521
0.0645447
0.0650439
0.0652896
0.0653161
0.0651532
0.064828
0.0643656
0.0637902
0.063125
0.0623917
0.06161
0.0607971
0.0599688
0.0591404
0.0583275
0.0575466
0.0568152
0.0561508
0.0555692
0.0550868
0.0547137
0.0544589
0.0543298
0.0375769
0.0372866
0.0367094
0.0358291
0.0345997
0.0329718
0.0309321
0.028434
0.0254109
0.0217483
0.0173421
0.0120588
0.00571865
-0.0018622
-0.0112869
-0.0227609
-0.0373054
-0.0562204
-0.0825034
-0.122489
-0.164246
1.53022
3.18966
1.26359
-0.13262
-0.196688
-0.234986
2.57757
6.06873
6.05143
5.63282
5.52844
3.09354
0.00387643
-0.211825
-0.185183
-0.159579
-0.133196
-0.107473
-0.0835223
-0.0619312
-0.0428859
-0.0263623
-0.0121981
-0.000126041
0.0101671
0.0189546
0.0264424
0.0327978
0.0381658
0.042671
0.0464228
0.0495181
0.0520407
0.0540634
0.0556506
0.0568592
0.0577386
0.0583325
0.05868
0.0588153
0.0587683
0.0585657
0.0582326
0.0577927
0.0572679
0.056678
0.0560407
0.0553716
0.0546845
0.0539931
0.053311
0.0526527
0.0520335
0.0514689
0.0509731
0.0505606
0.0502401
0.0500195
0.049907
0.0331762
0.0328969
0.0323566
0.0315213
0.0303595
0.0288422
0.0269507
0.0246433
0.0218627
0.0185293
0.014562
0.00986614
0.00432542
-0.00220504
-0.00998821
-0.0194467
-0.0312038
-0.0451364
-0.0636887
-0.0914147
-0.0772009
0.359121
0.471176
0.110188
0.0552965
-0.0464564
1.12157
5.99287
6.02298
6.02852
6.0405
4.03648
-0.271535
-0.23664
-0.204379
-0.174916
-0.148871
-0.124551
-0.10164
-0.0804771
-0.061303
-0.0442192
-0.0292178
-0.0161803
-0.00491259
0.0048024
0.0131643
0.0203395
0.0264707
0.0316824
0.0360831
0.0397696
0.0428297
0.0453414
0.0473727
0.0489851
0.0502339
0.0511674
0.0518277
0.0522525
0.0524745
0.0525232
0.0524248
0.0522035
0.0518818
0.0514796
0.0510147
0.050503
0.0499586
0.049394
0.0488212
0.0482521
0.0476996
0.0471768
0.0466979
0.0462754
0.0459226
0.045647
0.0454562
0.0453579
0.0290225
0.0287703
0.0282734
0.0274986
0.0264348
0.0250634
0.0233636
0.0212987
0.0188225
0.0158842
0.0124395
0.00844008
0.00382706
-0.00146766
-0.00752753
-0.0144248
-0.0221281
-0.0317833
-0.0428088
-0.0581339
-0.0815145
-0.0841222
0.0293809
0.125449
0.152601
0.0244777
2.37369
5.96871
5.99144
6.02267
4.90225
0.115017
-0.280638
-0.231179
-0.192492
-0.162179
-0.137077
-0.114859
-0.0945517
-0.0759514
-0.0590678
-0.0439227
-0.0304879
-0.0186774
-0.00835959
0.000618795
0.00840685
0.0151373
0.0209266
0.0258777
0.0300826
0.0336247
0.0365811
0.0390225
0.041012
0.0426075
0.043861
0.0448182
0.0455187
0.0459972
0.046285
0.0464102
0.0463982
0.0462715
0.0460504
0.0457527
0.0453945
0.04499
0.0445521
0.0440922
0.0436209
0.0431488
0.042687
0.0422473
0.0418423
0.0414834
0.0411826
0.040947
0.0407839
0.040699
0.0251044
0.0248852
0.0244315
0.0237327
0.022789
0.0215867
0.0201025
0.0183086
0.0161738
0.0136717
0.0107885
0.00751838
0.00385618
-0.000203969
-0.00463522
-0.00937869
-0.0143516
-0.0195608
-0.0245866
-0.0302159
-0.0370031
-0.0377776
0.349358
0.771751
0.426796
0.155821
0.903559
5.73736
6.03409
5.01326
0.765527
-0.333713
-0.263994
-0.211032
-0.173563
-0.145858
-0.12342
-0.103892
-0.0862481
-0.0701432
-0.0554925
-0.0422695
-0.030436
-0.0199328
-0.0106715
-0.00254337
0.0045603
0.0107414
0.0160915
0.0206934
0.0246228
0.0279498
0.0307408
0.0330584
0.0349606
0.0365007
0.0377262
0.0386787
0.0393939
0.0399035
0.0402365
0.0404196
0.0404761
0.0404265
0.0402886
0.0400779
0.0398088
0.0394946
0.0391469
0.0387764
0.0383922
0.0380037
0.0376205
0.0372531
0.0369131
0.0366109
0.0363572
0.0361586
0.0360223
0.0359509
0.0213948
0.021205
0.0207966
0.0201844
0.0193702
0.0183444
0.017085
0.0155723
0.0137923
0.0117398
0.00942095
0.00685639
0.00408353
0.00114307
-0.00188321
-0.00485855
-0.00759637
-0.00981684
-0.0110735
-0.011238
-0.0100143
-0.00442415
0.292605
0.856314
0.843099
0.518029
0.905709
0.976741
1.58101
0.399249
-0.304539
-0.278611
-0.220686
-0.178709
-0.149151
-0.126763
-0.108156
-0.0917501
-0.0768737
-0.0632612
-0.050818
-0.0395067
-0.0292991
-0.0201584
-0.0120267
-0.00482877
0.00150754
0.00705724
0.0118892
0.0160678
0.0196537
0.0227045
0.0252763
0.0274236
0.0291985
0.0306488
0.0318164
0.0327371
0.0334426
0.0339612
0.0343197
0.0345423
0.03465
0.0346606
0.0345891
0.0344492
0.0342541
0.0340157
0.033745
0.0334512
0.0331426
0.0328269
0.0325128
0.0322098
0.0319281
0.0316776
0.0314675
0.0313041
0.0311934
0.0311358
0.0178552
0.0176888
0.017332
0.0168105
0.0161249
0.0152715
0.0142353
0.013002
0.01157
0.00995278
0.00817327
0.00626125
0.00426963
0.00226764
0.000353248
-0.00131379
-0.00252562
-0.00300075
-0.002392
-0.000449362
0.00302062
0.00833544
0.0430951
0.492938
0.93465
0.894651
0.760374
-0.00880581
-0.275389
-0.274369
-0.24287
-0.204027
-0.169844
-0.143423
-0.123117
-0.106456
-0.0919034
-0.0787528
-0.0666842
-0.055546
-0.0452787
-0.0358646
-0.0272923
-0.0195441
-0.0125883
-0.00637144
-0.000866277
0.00398766
0.00823897
0.0119343
0.0151209
0.0178451
0.0201532
0.0220914
0.0237052
0.0250356
0.0261175
0.0269813
0.027654
0.028161
0.028526
0.0287707
0.0289131
0.0289678
0.0289477
0.0288647
0.0287307
0.0285565
0.0283519
0.0281248
0.0278823
0.0276311
0.0273787
0.0271337
0.0269053
0.0267025
0.0265329
0.0264026
0.0263152
0.0262714
0.0144464
0.0143013
0.0140031
0.0135708
0.013008
0.0123193
0.0114985
0.0105395
0.0094461
0.00823639
0.00694147
0.00559572
0.00425168
0.00298564
0.00188528
0.00108935
0.000776519
0.00114778
0.00240464
0.00466126
0.0078523
0.0114839
0.013892
0.0315148
0.259688
0.376555
0.306434
-0.00328752
-0.163569
-0.167615
-0.157138
-0.141472
-0.125393
-0.110665
-0.0976559
-0.0859916
-0.0752798
-0.0653132
-0.0559917
-0.0472647
-0.0391202
-0.0315686
-0.0246192
-0.0182732
-0.0125286
-0.0073036
-0.00268452
0.00142512
0.00504995
0.0082172
0.0109625
0.0133215
0.0153314
0.01703
0.0184546
0.0196382
0.0206092
0.0213925
0.0220112
0.0224874
0.0228418
0.0230925
0.0232542
0.0233389
0.0233572
0.0233194
0.0232359
0.0231164
0.022969
0.0228004
0.0226165
0.022423
0.0222266
0.0220348
0.0218558
0.0216973
0.0215652
0.0214653
0.0213984
0.0213679
0.0111337
0.0110137
0.0107782
0.0104325
0.00998777
0.00946141
0.00885317
0.0081586
0.00738148
0.00653843
0.00565925
0.00477612
0.00393406
0.00320171
0.0026502
0.00237592
0.00250623
0.0031586
0.00441307
0.00625108
0.00846424
0.0104339
0.0107269
0.0069917
-0.00280564
-0.021826
-0.0487644
-0.0731388
-0.0945904
-0.101875
-0.101242
-0.0949927
-0.0888842
-0.0813533
-0.073632
-0.0661025
-0.0588354
-0.0518311
-0.0451019
-0.0386722
-0.0325699
-0.0268255
-0.021465
-0.0165061
-0.011957
-0.00780828
-0.00407755
-0.000735908
0.00223706
0.00484547
0.00711975
0.00908595
0.0107717
0.0122058
0.0134166
0.0144295
0.0152668
0.015949
0.0164954
0.0169245
0.0172533
0.017496
0.017664
0.0177665
0.0178124
0.0178102
0.0177688
0.0176962
0.017599
0.0174826
0.0173516
0.017211
0.0170665
0.0169245
0.0167917
0.0166746
0.0165774
0.0165052
0.0164553
0.0164382
0.00789019
0.00779964
0.00762579
0.00737042
0.00705074
0.00668716
0.00628575
0.00584071
0.00534852
0.00481772
0.00427164
0.00373977
0.00325918
0.00288308
0.00266971
0.00267523
0.0029673
0.00359599
0.0045622
0.00578846
0.00705035
0.00786669
0.00731565
0.00400202
-0.00333164
-0.0147927
-0.0300122
-0.0448023
-0.0554328
-0.0612553
-0.0632041
-0.062864
-0.0591751
-0.0553904
-0.0513454
-0.0471394
-0.0428479
-0.0385198
-0.0342019
-0.0299453
-0.0257978
-0.0218008
-0.0179905
-0.0143978
-0.0110462
-0.00795101
-0.00512684
-0.00257806
-0.000251703
0.00177218
0.00355502
0.00510835
0.00644955
0.00759812
0.00857411
0.00939595
0.0100808
0.0106451
0.011104
0.011472
0.0117619
0.0119839
0.0121463
0.0122562
0.0123202
0.0123456
0.0123391
0.0123071
0.0122544
0.0121851
0.012103
0.0120119
0.0119165
0.0118219
0.0117331
0.011655
0.0115904
0.0115439
0.0115085
0.0115041
0.00470086
0.00464284
0.00453307
0.00437762
0.00419088
0.00398844
0.00377601
0.00354591
0.00328898
0.00300604
0.00271247
0.00243505
0.0022053
0.00205424
0.00201639
0.00211667
0.00237885
0.00281692
0.0034063
0.00407596
0.00467476
0.00491893
0.00434257
0.00229032
-0.00180506
-0.00781878
-0.015452
-0.0227184
-0.0283079
-0.0318098
-0.0335044
-0.0338587
-0.0328664
-0.0316987
-0.0304296
-0.0289867
-0.0273286
-0.0254596
-0.0234104
-0.0212245
-0.0189512
-0.0166382
-0.0143304
-0.0120694
-0.00989209
-0.00783041
-0.00590572
-0.00413324
-0.00251337
-0.00106798
0.000212978
0.00133735
0.00231536
0.00315875
0.00388023
0.0044926
0.00500876
0.00544058
0.00579892
0.00609361
0.00633291
0.00652342
0.00667055
0.00677924
0.00685445
0.00690125
0.00692448
0.00692834
0.00691623
0.00689097
0.00685518
0.00681172
0.00676386
0.0067151
0.00666881
0.00662803
0.00659451
0.00657243
0.00655174
0.00655929
0.00155393
0.00153524
0.00150004
0.0014507
0.00139249
0.00133276
0.00127542
0.00121654
0.0011489
0.00107043
0.000988756
0.000920641
0.00088617
0.000898481
0.000965106
0.00108161
0.00123705
0.00142088
0.00160841
0.00176003
0.00181883
0.00170038
0.00129039
0.000464957
-0.000843801
-0.00254167
-0.00460182
-0.00648335
-0.00794126
-0.00889256
-0.00942937
-0.00964329
-0.00963193
-0.0100487
-0.0108791
-0.0117166
-0.012347
-0.0126861
-0.0127236
-0.0124825
-0.0120007
-0.0113204
-0.010488
-0.00955051
-0.00855067
-0.00753483
-0.00653164
-0.00556791
-0.00466048
-0.00382656
-0.00307222
-0.00239964
-0.00180726
-0.00129089
-0.000844016
-0.000458603
-0.000125104
0.000163975
0.000413998
0.000628987
0.000812221
0.000966636
0.00109504
0.0012002
0.00128496
0.00135207
0.00140414
0.0014434
0.00147174
0.0014908
0.00150208
0.00150716
0.00150766
0.00150524
0.00150148
0.00149781
0.00149509
0.00149656
0.00149306
0.0015198
)
;

boundaryField
{
    lowerWall
    {
        type            fixedFluxPressure;
        gradient        uniform 0;
        value           nonuniform List<scalar> 
80
(
7296.41
7295.9
7294.85
7293.29
7291.26
7288.83
7286.07
7283.08
7279.97
7276.82
7273.74
7270.81
7268.11
7265.7
7263.63
7261.95
7260.67
7259.81
7259.37
7259.33
7259.68
7260.38
7261.4
7262.69
7264.21
7265.91
7267.74
7269.66
7271.62
7273.57
7275.47
7277.29
7279
7280.56
7281.95
7283.15
7284.14
7284.91
7285.45
7285.74
7285.78
7285.58
7285.13
7284.43
7283.5
7282.34
7280.98
7279.42
7277.7
7275.85
7273.9
7271.88
7269.85
7267.85
7265.93
7264.14
7262.53
7261.17
7260.09
7259.35
7258.98
7259.02
7259.49
7260.4
7261.75
7263.54
7265.74
7268.3
7271.17
7274.28
7277.55
7280.89
7284.19
7287.36
7290.29
7292.87
7295.02
7296.68
7297.79
7298.33
)
;
    }
    rightWall
    {
        type            zeroGradient;
    }
    atmosphere
    {
        type            totalPressure;
        rho             rho;
        psi             none;
        gamma           1;
        p0              uniform 0;
        value           nonuniform List<scalar> 
80
(
0
0
0
0
0
0
0
0
0
0
0
0
0
0
0
0
0
0
0
0
0
0
0
0
0
0
0
0
0
0
0
0
-9.24378e-05
-0.000936966
-0.0022788
-0.003761
-0.00515861
-0.00634885
-0.0072775
-0.0079305
-0.00831508
-0.00845108
-0.00837296
-0.00812381
-0.00774836
-0.00728737
-0.00677822
-0.0062485
-0.00572303
-0.00521923
-0.00474931
-0.00432077
-0.00393717
-0.00359842
-0.00330087
-0.00303899
-0.00280368
-0.00258978
-0.0023957
-0.00222126
-0.00206615
-0.00192945
-0.00180976
-0.00170544
-0.00161484
-0.00153642
-0.00146875
-0.00141056
-0.00136068
-0.00131809
-0.00128187
-0.00125118
-0.0012253
-0.00120354
-0.0011853
-0.00116993
-0.00115709
-0.00114477
-0.0011409
-0.00108973
)
;
    }
    leftWall
    {
        type            zeroGradient;
    }
    frontAndBack
    {
        type            empty;
    }
}


// ************************************************************************* //
