/*--------------------------------*- C++ -*----------------------------------*\
| =========                 |                                                 |
| \\      /  F ield         | OpenFOAM: The Open Source CFD Toolbox           |
|  \\    /   O peration     | Version:  2412                                  |
|   \\  /    A nd           | Website:  www.openfoam.com                      |
|    \\/     M anipulation  |                                                 |
\*---------------------------------------------------------------------------*/
FoamFile
{
    version     2.0;
    format      ascii;
    arch        "LSB;label=32;scalar=64";
    class       volScalarField;
    location    "6.5";
    object      p_rgh;
}
// * * * * * * * * * * * * * * * * * * * * * * * * * * * * * * * * * * * * * //

dimensions      [1 -1 -2 0 0 0 0];

internalField   nonuniform List<scalar> 
6400
(
7778.21
7778.37
7778.57
7778.78
7778.99
7779.21
7779.42
7779.63
7779.83
7780.02
7780.17
7780.27
7780.27
7780.14
7779.84
7779.31
7778.5
7777.37
7775.86
7773.93
7771.54
7768.67
7765.3
7761.42
7757.07
7752.26
7747.05
7741.5
7735.7
7729.76
7723.77
7717.86
7712.16
7706.79
7701.9
7697.58
7693.96
7691.13
7689.15
7688.09
7687.97
7688.78
7690.52
7693.13
7696.54
7700.66
7705.38
7710.59
7716.17
7721.97
7727.88
7733.77
7739.53
7745.06
7750.27
7755.08
7759.46
7763.35
7766.74
7769.64
7772.04
7773.98
7775.48
7776.6
7777.37
7777.85
7778.1
7778.17
7778.08
7777.9
7777.65
7777.37
7777.06
7776.76
7776.45
7776.15
7775.87
7775.6
7775.36
7775.18
7778.05
7778.21
7778.42
7778.64
7778.86
7779.09
7779.32
7779.55
7779.78
7780
7780.19
7780.33
7780.38
7780.31
7780.06
7779.59
7778.85
7777.77
7776.3
7774.42
7772.06
7769.2
7765.83
7761.95
7757.56
7752.7
7747.43
7741.8
7735.9
7729.84
7723.73
7717.7
7711.87
7706.38
7701.36
7696.94
7693.23
7690.32
7688.29
7687.2
7687.08
7687.92
7689.7
7692.38
7695.88
7700.1
7704.94
7710.28
7715.98
7721.91
7727.94
7733.95
7739.81
7745.42
7750.7
7755.57
7759.97
7763.88
7767.28
7770.16
7772.54
7774.44
7775.89
7776.96
7777.68
7778.11
7778.29
7778.29
7778.16
7777.93
7777.63
7777.31
7776.98
7776.65
7776.32
7776.01
7775.71
7775.43
7775.18
7774.99
7777.81
7777.98
7778.2
7778.43
7778.67
7778.92
7779.17
7779.43
7779.7
7779.98
7780.24
7780.46
7780.61
7780.64
7780.5
7780.15
7779.51
7778.54
7777.17
7775.36
7773.06
7770.24
7766.88
7762.97
7758.52
7753.56
7748.15
7742.36
7736.26
7729.98
7723.63
7717.33
7711.25
7705.5
7700.24
7695.6
7691.7
7688.64
7686.51
7685.37
7685.24
7686.12
7688
7690.82
7694.5
7698.94
7704.02
7709.61
7715.57
7721.76
7728.04
7734.27
7740.33
7746.11
7751.53
7756.51
7760.98
7764.93
7768.33
7771.18
7773.5
7775.32
7776.69
7777.65
7778.26
7778.58
7778.66
7778.55
7778.32
7778
7777.63
7777.24
7776.86
7776.48
7776.13
7775.79
7775.47
7775.17
7774.9
7774.7
7777.49
7777.68
7777.92
7778.17
7778.43
7778.69
7778.97
7779.28
7779.61
7779.96
7780.33
7780.67
7780.95
7781.14
7781.16
7780.97
7780.51
7779.69
7778.47
7776.79
7774.58
7771.82
7768.46
7764.51
7759.97
7754.87
7749.26
7743.21
7736.81
7730.18
7723.45
7716.77
7710.28
7704.14
7698.5
7693.52
7689.33
7686.04
7683.74
7682.51
7682.37
7683.33
7685.36
7688.4
7692.36
7697.13
7702.58
7708.56
7714.92
7721.51
7728.16
7734.74
7741.12
7747.17
7752.8
7757.93
7762.51
7766.51
7769.9
7772.71
7774.95
7776.66
7777.89
7778.7
7779.14
7779.28
7779.19
7778.93
7778.55
7778.1
7777.62
7777.15
7776.69
7776.27
7775.87
7775.51
7775.16
7774.83
7774.53
7774.32
7777.1
7777.31
7777.57
7777.84
7778.12
7778.4
7778.71
7779.06
7779.47
7779.92
7780.42
7780.92
7781.39
7781.78
7782.03
7782.08
7781.84
7781.25
7780.23
7778.72
7776.65
7773.96
7770.63
7766.64
7761.98
7756.68
7750.79
7744.39
7737.58
7730.48
7723.24
7716.01
7708.96
7702.27
7696.11
7690.65
7686.05
7682.44
7679.92
7678.56
7678.41
7679.47
7681.71
7685.06
7689.41
7694.64
7700.61
7707.13
7714.05
7721.19
7728.37
7735.43
7742.23
7748.64
7754.55
7759.9
7764.62
7768.67
7772.06
7774.8
7776.92
7778.47
7779.5
7780.09
7780.3
7780.21
7779.89
7779.41
7778.84
7778.22
7777.6
7777.01
7776.47
7775.98
7775.54
7775.14
7774.75
7774.39
7774.07
7773.83
7776.61
7776.84
7777.13
7777.43
7777.72
7778.02
7778.35
7778.75
7779.25
7779.83
7780.48
7781.19
7781.9
7782.56
7783.1
7783.45
7783.52
7783.22
7782.48
7781.21
7779.32
7776.75
7773.46
7769.41
7764.61
7759.06
7752.83
7745.98
7738.63
7730.92
7723
7715.05
7707.27
7699.86
7693.01
7686.93
7681.79
7677.75
7674.92
7673.4
7673.24
7674.44
7676.96
7680.71
7685.59
7691.43
7698.07
7705.32
7712.96
7720.81
7728.68
7736.36
7743.71
7750.59
7756.88
7762.49
7767.37
7771.5
7774.87
7777.51
7779.46
7780.79
7781.56
7781.85
7781.76
7781.37
7780.76
7780
7779.17
7778.34
7777.53
7776.79
7776.14
7775.58
7775.09
7774.65
7774.24
7773.84
7773.48
7773.2
7776.01
7776.28
7776.6
7776.91
7777.2
7777.5
7777.85
7778.31
7778.9
7779.63
7780.49
7781.45
7782.46
7783.45
7784.36
7785.09
7785.56
7785.65
7785.26
7784.3
7782.66
7780.26
7777.03
7772.94
7767.97
7762.12
7755.46
7748.05
7740.03
7731.55
7722.77
7713.92
7705.21
7696.88
7689.16
7682.27
7676.44
7671.84
7668.62
7666.9
7666.72
7668.1
7670.97
7675.25
7680.79
7687.42
7694.92
7703.09
7711.67
7720.43
7729.15
7737.62
7745.66
7753.12
7759.86
7765.79
7770.87
7775.07
7778.4
7780.9
7782.63
7783.66
7784.08
7784.01
7783.52
7782.74
7781.75
7780.65
7779.51
7778.4
7777.36
7776.44
7775.67
7775.03
7774.5
7774.03
7773.6
7773.17
7772.75
7772.43
7775.27
7775.6
7775.96
7776.27
7776.53
7776.79
7777.15
7777.66
7778.36
7779.27
7780.38
7781.64
7783.01
7784.42
7785.78
7787
7787.96
7788.54
7788.61
7788.05
7786.74
7784.57
7781.46
7777.33
7772.18
7765.98
7758.81
7750.73
7741.89
7732.46
7722.63
7712.64
7702.77
7693.28
7684.45
7676.56
7669.85
7664.55
7660.83
7658.84
7658.65
7660.25
7663.58
7668.52
7674.91
7682.53
7691.12
7700.43
7710.17
7720.06
7729.86
7739.3
7748.19
7756.35
7763.63
7769.94
7775.23
7779.5
7782.75
7785.04
7786.47
7787.11
7787.1
7786.54
7785.57
7784.3
7782.85
7781.33
7779.8
7778.35
7777.05
7775.92
7774.99
7774.26
7773.7
7773.23
7772.79
7772.34
7771.87
7771.48
7774.37
7774.8
7775.18
7775.45
7775.63
7775.82
7776.15
7776.72
7777.56
7778.69
7780.08
7781.71
7783.52
7785.43
7787.35
7789.15
7790.72
7791.91
7792.57
7792.53
7791.66
7789.81
7786.87
7782.75
7777.41
7770.82
7763.05
7754.18
7744.34
7733.74
7722.62
7711.25
7699.93
7689.01
7678.81
7669.66
7661.85
7655.67
7651.3
7649
7648.79
7650.67
7654.58
7660.35
7667.8
7676.65
7686.6
7697.34
7708.52
7719.81
7730.91
7741.54
7751.44
7760.43
7768.35
7775.09
7780.62
7784.92
7788.04
7790.06
7791.07
7791.22
7790.64
7789.48
7787.9
7786.04
7784.03
7781.98
7780
7778.15
7776.52
7775.13
7774.02
7773.18
7772.6
7772.17
7771.78
7771.33
7770.82
7770.3
7773.28
7773.86
7774.22
7774.32
7774.31
7774.38
7774.7
7775.37
7776.39
7777.78
7779.52
7781.58
7783.91
7786.41
7789
7791.53
7793.86
7795.82
7797.21
7797.85
7797.55
7796.13
7793.44
7789.38
7783.85
7776.84
7768.37
7758.55
7747.54
7735.54
7722.85
7709.78
7696.71
7684.02
7672.12
7661.41
7652.23
7644.91
7639.79
7637.09
7636.86
7639.1
7643.71
7650.53
7659.29
7669.67
7681.31
7693.8
7706.74
7719.75
7732.44
7744.48
7755.61
7765.58
7774.23
7781.45
7787.21
7791.51
7794.42
7796.04
7796.53
7796.03
7794.74
7792.84
7790.51
7787.93
7785.23
7782.56
7780.03
7777.71
7775.68
7773.98
7772.62
7771.62
7770.98
7770.63
7770.4
7770.08
7769.56
7768.88
7772
7772.69
7772.86
7772.55
7772.18
7772.13
7772.56
7773.45
7774.75
7776.47
7778.62
7781.18
7784.1
7787.31
7790.7
7794.11
7797.37
7800.27
7802.58
7804.08
7804.52
7803.68
7801.37
7797.43
7791.74
7784.27
7775.02
7764.11
7751.69
7738.03
7723.44
7708.32
7693.09
7678.24
7664.26
7651.61
7640.77
7631.95
7625.93
7622.73
7622.47
7625.15
7630.66
7638.77
7649.17
7661.45
7675.16
7689.81
7704.91
7719.98
7734.59
7748.33
7760.9
7772.01
7781.5
7789.25
7795.22
7799.46
7802.06
7803.16
7802.95
7801.64
7799.45
7796.62
7793.37
7789.9
7786.39
7782.99
7779.81
7776.94
7774.44
7772.33
7770.62
7769.31
7768.5
7768.2
7768.28
7768.35
7767.99
7767.18
7770.58
7771.16
7770.83
7769.83
7769.01
7768.92
7769.62
7770.9
7772.59
7774.69
7777.29
7780.4
7784
7788.03
7792.35
7796.82
7801.21
7805.28
7808.75
7811.34
7812.74
7812.68
7810.9
7807.19
7801.4
7793.44
7783.31
7771.13
7757.07
7741.42
7724.55
7706.94
7689.09
7671.59
7655.03
7639.99
7627
7616.49
7609.27
7605.44
7605.14
7608.38
7615.01
7624.74
7637.17
7651.8
7668.06
7685.36
7703.09
7720.68
7737.59
7753.36
7767.61
7780.06
7790.48
7798.79
7804.95
7809.03
7811.17
7811.56
7810.45
7808.09
7804.78
7800.79
7796.41
7791.88
7787.4
7783.16
7779.25
7775.77
7772.74
7770.16
7767.95
7766.16
7764.98
7764.66
7765.13
7765.85
7765.95
7765.24
7769.15
7769.27
7768.19
7766.44
7765.23
7765.16
7766.18
7767.85
7769.91
7772.39
7775.44
7779.13
7783.47
7788.42
7793.86
7799.58
7805.35
7810.86
7815.79
7819.75
7822.4
7823.36
7822.32
7818.99
7813.17
7804.72
7793.63
7779.99
7764
7745.99
7726.4
7705.77
7684.72
7663.97
7644.24
7626.27
7610.64
7597.98
7589.28
7584.67
7584.32
7588.25
7596.28
7608.03
7622.99
7640.52
7659.93
7680.46
7701.4
7722.02
7741.7
7759.87
7776.11
7790.08
7801.56
7810.43
7816.72
7820.5
7821.99
7821.43
7819.14
7815.45
7810.73
7805.33
7799.58
7793.79
7788.19
7782.98
7778.27
7774.14
7770.57
7767.47
7764.8
7762.49
7760.86
7760.45
7761.26
7762.63
7763.42
7763.13
7767.9
7767.35
7765.57
7763.32
7761.86
7761.75
7762.84
7764.62
7766.84
7769.53
7772.96
7777.21
7782.34
7788.33
7795.05
7802.27
7809.72
7817.01
7823.74
7829.45
7833.69
7836
7835.97
7833.24
7827.51
7818.61
7806.46
7791.16
7772.92
7752.12
7729.27
7704.99
7680.04
7655.29
7631.65
7610.03
7591.26
7575.82
7565.27
7559.65
7559.23
7564.05
7573.85
7588.12
7606.22
7627.35
7650.65
7675.18
7700.02
7724.31
7747.29
7768.31
7786.86
7802.56
7815.19
7824.63
7830.93
7834.23
7834.81
7832.99
7829.19
7823.82
7817.34
7810.19
7802.78
7795.48
7788.58
7782.28
7776.73
7771.95
7767.91
7764.43
7761.5
7758.84
7757.05
7756.53
7757.56
7759.3
7760.67
7760.99
7767.05
7765.96
7763.76
7761.23
7759.52
7759.1
7759.83
7761.31
7763.37
7766.1
7769.69
7774.42
7780.38
7787.53
7795.72
7804.73
7814.21
7823.69
7832.67
7840.58
7846.85
7850.93
7852.28
7850.43
7844.99
7835.69
7822.41
7805.22
7784.37
7760.28
7733.53
7704.86
7675.14
7645.47
7617
7590.84
7568.11
7549.4
7536.45
7529.44
7528.89
7534.9
7546.98
7564.44
7586.44
7612.03
7640.14
7669.56
7699.16
7727.88
7754.81
7779.18
7800.41
7818.09
7831.96
7841.94
7848.09
7850.65
7849.98
7846.51
7840.76
7833.28
7824.61
7815.3
7805.87
7796.77
7788.36
7780.87
7774.44
7769.07
7764.72
7761.24
7758.18
7755.65
7754.05
7753.66
7754.7
7756.57
7758.22
7759.02
7766.8
7765.48
7763.08
7760.27
7758.09
7757.01
7756.92
7757.66
7759.16
7761.62
7765.3
7770.47
7777.27
7785.71
7795.61
7806.73
7818.68
7830.87
7842.66
7853.32
7862.18
7868.53
7871.74
7871.16
7866.28
7856.69
7842.22
7822.91
7799.03
7771.06
7739.7
7705.74
7670.11
7634.39
7599.88
7567.93
7540.46
7518.02
7501.93
7492.78
7491.97
7499.74
7514.77
7536.18
7563.1
7594.18
7628.29
7663.73
7699.16
7733.23
7764.86
7793.17
7817.5
7837.4
7852.59
7863.01
7868.78
7870.25
7867.89
7862.28
7854.06
7843.91
7832.5
7820.53
7808.64
7797.39
7787.24
7778.46
7771.12
7765.25
7760.68
7757.23
7754.61
7752.7
7751.6
7751.61
7752.83
7754.74
7756.42
7757.42
7767.11
7765.72
7763.2
7760.12
7757.28
7755.16
7753.88
7753.47
7754.06
7755.96
7759.53
7765.07
7772.68
7782.59
7794.4
7808.04
7823
7838.54
7853.8
7867.91
7880
7889.27
7894.9
7896.1
7892.14
7882.46
7866.78
7845.07
7817.68
7785.1
7748.07
7707.57
7664.93
7621.88
7580.09
7541.48
7507.92
7480.97
7460.66
7448.34
7447.11
7457.56
7476.71
7502.29
7535.51
7573.33
7615.08
7657.87
7700.42
7740.96
7778.17
7811.05
7838.93
7861.31
7877.88
7888.59
7893.66
7893.59
7889.01
7880.65
7869.31
7855.83
7841.03
7825.77
7810.87
7797.07
7784.92
7774.75
7766.54
7760.21
7755.6
7752.47
7750.51
7749.48
7749.3
7749.99
7751.48
7753.45
7755.11
7756.13
7767.84
7766.29
7763.65
7760.27
7756.67
7753.33
7750.57
7748.66
7747.95
7748.94
7752.14
7757.97
7766.68
7777.92
7791.7
7808.33
7827.01
7846.71
7866.28
7884.64
7900.75
7913.68
7922.51
7926.15
7923.63
7914.14
7897.21
7872.82
7841.37
7803.47
7759.76
7711.44
7660.05
7607.94
7557.3
7510.77
7471.22
7441.22
7420.07
7409.3
7408.49
7417.44
7436.81
7465.22
7503.35
7549.06
7599.77
7652.01
7703.53
7751.89
7795.66
7833.81
7865.74
7890.92
7908.93
7919.69
7923.59
7921.37
7913.94
7902.06
7886.8
7869.21
7850.2
7830.87
7812.31
7795.43
7781
7769.47
7760.57
7753.86
7749.42
7746.94
7745.96
7746.05
7746.9
7748.36
7750.22
7752.2
7753.8
7754.91
7769.64
7767.4
7764.41
7760.5
7755.9
7751.05
7746.43
7742.54
7740.01
7739.63
7742.13
7748.15
7757.91
7770.92
7786.48
7806.93
7830.39
7855.38
7880.33
7903.97
7924.93
7942.37
7955.26
7962.3
7962.02
7953.17
7935
7907.52
7871.42
7827.61
7776.09
7718.42
7656.09
7592.68
7460.77
7192.88
6815.18
6416.38
6089.48
5899.66
5885.42
6047.04
6352.72
6746.95
7139.35
7429.51
7580.99
7647.09
7709.77
7767.43
7818.77
7862.71
7899.21
7927.62
7947.12
7957.55
7959.55
7954.31
7943.12
7927.03
7907.05
7884.31
7860.04
7835.54
7812.45
7791.71
7774.64
7762.85
7752.91
7745.56
7741.4
7739.95
7740.4
7741.98
7744.09
7746.43
7748.69
7750.65
7752.21
7754.19
7183.46
7100.42
7054.36
6991.34
6913.03
6835.68
6773.21
6719.87
6672.36
6646.63
6655.03
6714.84
6843.7
7035.27
7269.44
7493.6
7668.87
7817.23
7896.65
7926.31
7952.98
7975.93
7994.01
8005.72
8008.92
8001.46
7982.2
7951.3
7910.39
7828.77
7409.39
6772.78
5764.56
4518.12
3180.97
2192.12
1498.54
1036.4
754.087
613.592
601.515
716.864
967.095
1387.53
2035.18
2978.25
4309.07
5645.55
6710.18
7366.43
7786.58
7900.63
7941.36
7973.39
7994.38
8003.78
8002.71
7993.32
7977.51
7956.33
7930.5
7901.33
7851.49
7703.77
7539.25
7340.94
7119.3
6932.43
6795.13
6714.04
6686.84
6694.97
6717.41
6739.67
6769.91
6818.32
6868.14
6899.14
6919.8
7013.36
1724.22
1681
1636.17
1575.46
1486
1376.64
1261.31
1147.8
1047.86
979.953
952.291
968.738
1027.94
1153.22
1378.15
1757.93
2288.13
2928.15
3667.04
4387.12
5033.2
5598.08
6070.35
6420.52
6596.17
6553.18
6251.63
5620.44
4627.53
3339.65
2150.12
1133.02
433.133
52.8554
2.24043
2.00456
1.99073
2.10864
2.20538
2.25505
2.31224
2.31363
2.19457
2.10197
2.06058
2.14452
26.4807
350.64
984.173
1983.64
3153.36
4432.25
5475.39
6158.17
6499.86
6563.63
6403.56
6078.81
5657.38
5137.97
4510.88
3792.18
3030.24
2408.37
1892.72
1488.26
1227.66
1085.62
1015.23
989.341
1005.3
1055.38
1130.2
1214.04
1291.27
1351.34
1393.93
1418.73
1444.42
1477.4
1.06672
1.15282
1.13048
1.1349
1.1517
1.16934
1.19158
1.22597
1.25639
1.2671
1.28113
1.32062
1.34831
1.31942
1.26229
2.41791
3.34934
5.33929
27.242
93.1799
208.067
386.628
587.359
784.352
912.365
890.075
705.192
417.889
166.38
21.8675
2.44345
2.63187
2.63033
2.44156
2.04634
1.89868
1.87839
1.89086
1.9336
2.02559
2.10411
2.1464
2.03409
1.96082
1.8873
1.84572
1.80076
1.63707
1.51531
1.32863
9.87848
126.054
351.105
637.147
847.08
894.644
794.476
618.481
427.221
252.26
113.335
26.7138
2.26755
1.49646
1.30181
1.205
1.18529
1.16596
1.12723
1.08149
1.04941
0.996896
0.931114
0.87873
0.870299
0.885212
0.883358
0.854801
0.825051
0.692054
1.78715
1.60088
1.49438
1.3373
1.24815
1.20194
1.19943
1.47921
1.81945
1.24926
1.21334
1.22108
2.32068
3.12912
3.33048
3.01081
2.38387
3.38213
7.7867
11.4395
8.1626
2.55119
3.04348
3.08618
2.11123
1.30023
1.97318
1.65151
1.52841
1.2649
4.39808
8.30893
9.89153
10.7065
6.23897
3.0779
2.22136
1.78502
1.85292
1.96062
2.09696
2.24126
1.96677
1.87033
1.7625
1.74322
2.46344
3.86889
3.66447
3.45878
1.97315
1.53112
1.59862
1.72947
2.01486
1.54972
1.01871
0.686716
0.774824
0.801754
0.851566
0.888009
0.911794
0.981554
1.04167
1.06054
1.09459
1.09665
1.07634
1.08702
1.49671
1.60433
1.26103
0.938981
1.02626
1.47834
1.49909
0.9759
0.839879
0.881227
2.44818
2.46255
2.45492
2.47072
2.48245
2.42766
1.33422
1.76748
2.75375
2.78996
1.24607
1.32783
3.04811
3.11616
3.05404
1.74767
1.80414
2.17263
8.77123
11.9997
3.49814
2.3234
3.20963
3.36816
2.75152
1.15676
2.54947
3.21922
2.4837
1.12026
0.91851
0.737564
4.11517
9.43057
8.98925
3.77173
1.74401
1.68055
1.75508
1.86318
1.99663
2.15325
1.87967
1.75207
1.67498
1.60301
3.76053
5.97752
5.80258
5.5001
1.74958
1.42489
2.36764
3.50727
3.56904
2.04066
1.05844
0.533959
0.599371
0.639672
0.666545
0.710849
0.809223
0.918937
1.01699
1.0619
1.07813
1.07994
1.05085
1.03004
2.02527
1.97508
1.86755
1.55624
2.7557
3.45355
3.44144
2.85109
1.27715
1.36783
1.29669
0.745324
0.780203
0.922225
1.18626
1.96353
2.23243
2.65927
2.76167
2.80375
1.66968
1.23067
1.70669
3.11318
2.30753
1.36546
1.3565
1.87046
6.95826
2.53509
1.30284
1.40322
1.38945
1.29717
1.15789
1.00629
0.998809
2.66242
2.70039
2.66049
1.31831
0.541078
0.607734
0.773576
3.22681
4.61839
4.76503
4.04202
1.73923
1.67282
1.7852
1.99457
1.77018
1.64031
1.63787
1.5355
1.80869
5.53943
5.76923
5.64894
3.12258
1.0813
2.42492
3.25058
3.24263
2.14264
1.01378
0.575154
0.629361
0.658896
0.67442
0.691089
0.760523
1.38362
2.1728
2.27733
1.76629
1.12619
1.02717
0.967985
0.921193
0.848484
1.15547
2.64645
3.41996
3.3957
3.39576
3.39885
2.83405
1.46835
0.707309
0.694305
0.669292
0.642389
0.622208
0.629823
1.03251
1.13653
1.55877
2.42559
2.03898
1.15484
1.38872
2.36649
0.979215
0.976548
3.19997
5.12468
4.50193
1.60251
1.11309
1.22699
1.24564
1.18189
1.06324
0.919212
0.817598
0.745227
0.949554
1.07567
0.649383
0.371038
0.463152
0.608841
1.92425
4.48376
4.62369
4.55825
1.63962
1.42141
1.52855
1.7781
1.61266
1.63104
3.57887
2.99459
1.52148
2.04479
5.52076
5.54072
4.24323
0.637057
0.594762
0.563287
0.553929
0.756188
0.731942
0.667471
0.708681
0.720417
0.711227
0.690564
0.981158
2.75432
2.86177
2.96426
3.02933
2.48423
1.07053
0.895893
0.814114
0.746394
0.670113
0.753472
2.20711
3.26311
3.32917
3.33609
3.25664
1.42274
0.732357
0.698807
0.590527
0.516036
0.526995
0.557975
0.482085
0.525537
0.603801
0.771206
1.35072
1.00931
1.10582
0.991706
0.740974
0.903227
4.86691
5.13333
5.39337
1.53753
0.923211
1.03136
1.16541
1.37195
1.65848
1.51937
0.861974
0.837761
1.20229
1.03608
0.238261
0.15367
0.274043
0.42694
0.788156
4.14014
4.51561
3.77427
1.20009
1.15308
1.26372
1.42215
1.86991
1.80065
3.5145
3.40804
2.06164
0.848551
1.82081
2.79513
1.00847
0.598535
0.586461
0.600325
0.63087
0.716211
0.882531
0.865076
0.807245
0.800242
0.776994
0.737055
0.870702
1.68167
2.62748
2.91835
2.98287
2.97005
2.65234
0.965226
0.711622
0.641695
0.571098
0.489945
0.432926
0.397971
1.02858
1.83135
2.68299
1.44341
2.32235
1.19587
0.588491
0.559096
0.429808
0.348033
0.382395
0.403585
0.460472
0.574056
0.678161
0.813204
0.826468
0.775519
0.601052
1.11564
5.18553
5.25053
4.79635
0.804735
0.785781
1.08752
1.64401
1.57655
1.46208
1.33005
1.20097
1.08334
0.999218
0.972144
1.01575
0.69396
0.0374787
0.202426
0.600682
3.9447
4.36498
3.07555
0.85234
0.913409
1.01892
1.06412
1.62208
2.10461
3.40363
3.30914
2.08824
0.732892
0.648122
0.605805
0.602274
0.59535
0.602389
0.632887
0.67598
0.749214
1.55534
1.72864
1.77214
1.1457
0.856392
0.827338
0.809426
0.758874
0.73163
1.0191
2.55269
2.8581
2.5695
0.896024
0.580104
0.517503
0.469106
0.423232
0.381391
0.356944
0.360962
0.385548
0.485986
1.86818
2.64356
1.15262
0.26205
0.238546
0.223255
0.227242
1.59551
0.978893
0.381129
0.49916
0.836872
1.90487
0.955271
0.859374
0.794172
0.656206
4.4257
5.44262
0.996222
0.299159
0.593329
1.44053
1.45374
1.38207
1.27493
1.14596
1.01517
0.893891
0.802541
0.767384
0.578545
-0.158968
-0.225304
0.000948595
0.498379
3.81672
4.17702
2.42293
0.59158
0.712829
0.81374
0.856644
1.02992
1.65314
3.30219
3.25456
1.51453
0.691375
0.664792
0.638405
0.634566
0.63928
0.657354
0.677513
0.736517
0.770485
0.811891
0.877078
0.899022
0.915412
0.916639
0.896519
0.849756
0.785529
0.725378
0.697001
0.692434
0.707882
0.775195
0.676306
0.428098
0.374611
0.355908
0.348658
0.349842
0.363165
0.390186
0.424177
0.47836
2.0928
2.62387
0.695143
0.182945
0.168867
0.160848
0.172247
1.62955
3.21002
0.403053
0.451447
2.84349
3.12167
2.19772
0.899651
0.734951
2.36092
5.11133
5.5663
0.676181
0.140181
0.70049
1.34013
1.31849
1.24028
1.13665
1.00771
0.623009
0.112614
-0.464441
-0.716631
-0.678459
-0.563946
-0.372151
-0.153122
1.46614
3.66114
3.99356
1.25995
0.424744
0.562025
0.66081
0.702443
0.701562
0.745149
2.60691
3.17125
2.82988
0.678399
0.667223
0.665859
0.684638
0.712082
0.739135
0.91172
0.922518
0.817026
0.827179
0.888123
0.908925
0.937866
0.937065
0.921993
0.880188
0.804863
0.839613
1.02043
1.3394
1.04632
0.448071
0.236627
0.210198
0.204959
0.22075
0.253354
0.294873
0.341704
0.390995
0.43601
0.465433
2.12686
2.63779
0.778097
0.153173
0.129316
0.112849
0.140894
2.10966
3.23153
2.71482
1.06313
3.21895
3.21549
1.86148
0.977618
0.886929
3.33053
5.13929
1.58309
-0.00891446
0.055948
1.18765
1.23724
1.23059
1.1575
0.628307
-0.219749
-0.554711
-0.648329
-0.716652
-0.740566
-0.702689
-0.588245
-0.425632
0.378649
3.15791
3.30955
1.67825
0.383184
0.339101
0.468158
0.562801
0.604673
0.604234
0.577216
0.638747
1.99989
2.81176
2.44716
1.04797
0.650347
0.683998
0.788456
1.84982
1.50252
0.86823
0.902269
1.41167
1.53863
1.41627
1.03904
0.932497
0.978553
1.64871
2.78917
4.45768
5.28353
5.112
5.02413
3.13725
0.126359
-0.0423947
-0.0106068
0.0518786
0.131522
0.215308
0.295873
0.368692
0.430111
0.470984
2.04753
2.69083
1.48953
0.152538
0.116704
0.0948643
0.564106
3.31619
3.26798
3.32015
3.40088
3.30967
2.40454
1.09674
1.11715
2.23574
5.00513
4.88194
0.535931
0.00426923
0.0605138
0.586612
0.893646
0.455312
-0.0381273
-0.347269
-0.436851
-0.532858
-0.623276
-0.683914
-0.691854
-0.638911
-0.26233
1.30188
1.80458
1.90346
0.827348
0.000263219
0.138306
0.30046
0.422742
0.507947
0.54868
0.551904
0.532248
0.494595
0.50873
0.824701
1.87759
2.00347
1.45788
0.62707
1.85422
2.40468
0.938767
0.839168
1.4573
1.57358
1.59745
1.62533
1.70107
2.31984
3.35574
5.84178
5.64086
5.31588
4.91025
4.63348
4.49356
4.51602
4.64679
2.83381
-0.288664
-0.170155
-0.0298403
0.107603
0.229253
0.329226
0.407764
0.461508
2.08399
2.78198
1.34515
0.185926
0.138254
0.118162
1.96043
3.36596
3.32914
3.39009
3.47467
1.63198
1.30427
1.31428
2.47604
4.97287
4.9308
0.485994
0.10584
0.0782313
0.0784534
0.0463948
-0.0758587
-0.146609
-0.21882
-0.295423
-0.381243
-0.47683
-0.567797
-0.624444
-0.608854
0.00322435
1.47183
1.60582
0.953027
-0.154219
-0.167273
-0.0211431
0.144078
0.296391
0.407224
0.477583
0.513363
0.520028
0.508478
0.483923
0.46916
0.472976
0.520043
1.15776
1.39863
2.20448
2.37124
2.40096
1.08958
0.830979
1.52193
1.55369
1.24935
1.60306
3.32669
4.22599
5.32816
5.48429
5.36772
4.97121
4.52588
4.15428
3.94368
3.9206
4.07539
4.35956
3.18835
-0.332651
-0.223658
-0.0315361
0.141189
0.27472
0.372042
0.497704
2.11048
2.80731
0.412441
0.254234
0.196156
0.187139
2.33863
3.47027
3.43847
3.17314
1.50792
1.5951
1.5829
3.92753
4.87194
4.90973
1.36804
0.231002
0.175165
0.135442
0.0915902
0.0337498
-0.0314073
-0.0963403
-0.160543
-0.227836
-0.304299
-0.390006
-0.473558
-0.533386
-0.431353
-0.0202804
0.143652
-0.0229005
-0.326817
-0.228441
-0.0905764
0.0597287
0.204456
0.323315
0.404738
0.457799
0.485032
0.509171
0.485804
0.474558
0.466502
0.470266
0.48326
0.503266
0.557682
0.723778
2.36008
2.37962
2.43695
1.07091
1.51878
1.03348
1.19328
2.76524
2.76431
0.712764
0.679273
3.25908
4.72438
4.95841
4.25338
3.79703
3.51755
3.42758
3.58702
3.91017
4.34173
2.03007
-0.422555
-0.195583
0.0334124
0.207219
0.326506
0.523757
1.58796
2.45773
0.391536
0.343502
0.278331
0.226899
1.151
3.10877
3.29662
2.50644
2.59388
4.10015
4.62648
4.74718
4.76011
1.17419
0.312698
0.252735
0.206218
0.164044
0.117306
0.063247
0.00627893
-0.0498968
-0.104145
-0.158889
-0.217338
-0.279729
-0.339929
-0.385723
-0.408747
-0.407714
-0.377857
-0.309804
-0.207981
-0.0893683
0.0355491
0.157954
0.265873
0.349849
0.407115
0.44525
0.525503
0.574276
0.556682
0.470977
0.454274
0.468645
0.489973
0.503242
0.548248
0.564214
0.548744
1.88918
2.45685
2.15683
1.46514
0.972961
1.58152
2.73993
1.31295
0.628712
0.430477
0.0924043
0.325189
3.76048
4.14508
3.62142
2.42728
1.62802
2.84699
3.58613
4.09689
4.56997
0.205033
-0.37018
-0.0870765
0.1299
0.273143
0.527459
0.913825
2.66072
0.479487
0.430811
0.364322
0.295086
0.281458
0.368479
0.87861
3.50889
4.40986
4.54368
4.60338
4.52008
0.9369
0.322299
0.280601
0.241755
0.20693
0.170368
0.12747
0.0818698
0.0343865
-0.0118421
-0.0553253
-0.0962271
-0.135332
-0.172655
-0.204819
-0.225959
-0.23112
-0.21637
-0.177791
-0.118669
-0.0367248
0.0564702
0.151014
0.239878
0.31453
0.377257
0.452374
0.529919
0.549325
0.54672
0.53927
0.481927
0.423302
0.439383
1.50637
4.00171
4.03659
2.06231
0.647273
0.78442
2.23519
2.22521
1.22236
0.977488
2.53484
2.64476
0.666483
0.541487
0.32011
-0.0201537
-0.456892
-0.498345
4.186
3.64887
1.72481
1.58065
1.63749
3.22103
3.98577
4.48917
1.26529
-0.527855
-0.208004
0.0476984
0.210375
0.437675
3.0495
3.6192
0.542099
0.494702
0.427903
0.348091
0.251572
0.169858
0.2908
3.26692
4.37942
4.50043
3.77289
0.370454
0.258539
0.258503
0.239804
0.216746
0.192497
0.163236
0.129229
0.092501
0.0548948
0.0186027
-0.0147197
-0.0440143
-0.0687032
-0.0878538
-0.099176
-0.0995347
-0.0875385
-0.0617137
-0.0204994
0.0301178
0.0918631
0.173178
0.276275
0.352084
0.422199
0.484549
0.517654
0.525577
0.523747
0.516462
0.507113
0.418748
0.36586
1.38467
4.16551
4.17896
4.18613
4.21901
4.03708
1.15523
0.918716
1.09201
1.02705
1.1772
2.44983
1.19385
0.587785
0.443726
0.218394
-0.102064
-0.511117
-0.647838
3.93471
3.7779
3.37324
1.71981
1.73684
1.94051
4.02961
4.49562
5.01217
-0.307488
-0.310122
-0.0295066
0.141295
0.432023
4.66087
4.56954
1.02299
0.523244
0.458777
0.378239
0.257373
0.13529
0.0962871
2.91824
4.41313
3.13301
0.0916613
0.150878
0.188779
0.210481
0.205481
0.189421
0.17373
0.152223
0.126617
0.0986834
0.0701176
0.0426137
0.0177737
-0.00292888
-0.0183453
-0.0268724
-0.0246938
-0.00364661
0.0342374
0.0515249
0.0749058
0.119315
0.170839
0.277825
0.381265
0.430191
0.467713
0.490479
0.499447
0.498306
0.490922
0.480377
0.451068
0.337037
0.29063
3.07161
4.07149
4.09793
2.60389
3.72812
4.02091
3.30287
0.816145
0.743254
0.875905
1.07506
1.7876
0.604593
0.480562
0.332341
0.114061
-0.173979
-0.574949
-0.992724
-0.660343
4.04091
3.77514
3.69532
3.01156
3.90191
4.2099
4.6143
5.10803
0.108016
-0.360477
-0.0841412
0.0830374
0.625836
4.70625
4.78105
1.78463
0.721754
3.2115
2.47768
0.254075
0.143984
1.36874
4.05755
2.80852
0.170409
0.0576449
0.101803
0.138255
0.161612
0.168204
0.165929
0.156553
0.141723
0.123298
0.10274
0.0814562
0.0609014
0.0425797
0.0280672
0.0186874
0.0158033
0.0388129
0.139725
0.187499
0.216459
0.250391
0.229256
0.219053
0.261813
0.307186
0.342626
0.367239
0.381638
0.376951
0.375648
0.38402
0.372817
0.313826
0.277961
0.226974
0.817745
3.55357
2.52946
0.313154
0.251993
3.17581
3.50285
1.50529
0.585923
0.539267
0.913284
1.15076
0.471468
0.37373
0.642061
0.073816
-0.281127
-0.605079
-0.988625
-1.19331
2.89875
4.25905
4.13529
4.13729
4.26582
4.50764
4.84916
5.27775
-0.224081
-0.369498
-0.0960561
0.0680551
0.654517
4.77038
4.8603
3.29027
0.742909
4.02477
4.94792
3.54451
3.28649
4.84931
4.30356
0.878279
-0.0196448
0.0736506
0.079441
0.107257
0.134751
0.146333
0.147859
0.14299
0.133392
0.120534
0.105587
0.0897476
0.0743423
0.0608049
0.0506515
0.0451869
0.0457829
0.125442
0.200573
0.221931
0.248422
0.278702
0.203264
0.218278
0.249673
0.27788
0.297619
0.306265
0.303737
0.295142
0.282604
0.270881
0.257157
0.240743
0.221074
0.186225
0.125898
0.38695
0.198547
0.202313
0.253447
1.03765
3.53998
1.50346
0.567588
0.415021
0.622815
0.829211
0.334082
0.821202
0.876593
0.653192
-0.386734
-0.636896
-0.91956
-1.20174
-1.28627
3.58122
4.60765
4.59741
4.69242
4.90015
5.17349
4.86318
-0.668609
-0.297724
-0.0520795
0.108207
0.225865
4.87361
4.87196
4.8083
0.798174
1.77578
4.9656
4.96184
4.95298
4.90279
4.13321
0.269218
-0.0318592
0.013752
0.054723
0.0933972
0.119431
0.131665
0.135123
0.13326
0.127341
0.118409
0.107431
0.0955208
0.083873
0.0737794
0.0665761
0.0634416
0.0660084
0.161642
0.222849
0.242621
0.266697
0.247979
0.19118
0.219258
0.244369
0.262244
0.271035
0.268348
0.254489
0.271583
0.269323
0.249622
0.235084
0.176384
0.163167
0.151036
0.136872
0.141798
0.196971
0.255343
0.279492
0.303853
1.31144
1.37164
0.740538
0.289135
0.224684
0.147196
0.495085
0.864828
0.718975
0.57684
0.141255
-0.664623
-0.822259
-1.01441
-1.12724
-1.09127
3.68639
5.17306
5.24609
5.39386
1.87431
0.0505683
-0.469268
-0.165223
0.0345744
0.169832
2.87348
4.97735
4.84844
4.85194
4.62723
1.80407
3.65806
5.04802
5.00478
4.98578
2.68984
0.124565
-0.015409
0.0217461
0.0576312
0.0897446
0.111545
0.122562
0.126785
0.126763
0.12298
0.116662
0.108401
0.0992775
0.0903418
0.082672
0.0773596
0.0754052
0.0775446
0.13932
0.235182
0.252638
0.216419
0.160977
0.188555
0.207301
0.221015
0.226095
0.222713
0.206778
0.178674
0.146326
0.150539
0.152459
0.142726
0.0981151
0.0975123
0.106652
0.128984
0.164475
0.241629
1.46002
0.906691
0.344214
0.301653
0.732872
0.626356
0.185307
0.0953179
-0.0523208
0.325007
0.699595
0.564788
0.463504
0.392048
-0.253975
-0.744204
-0.793879
-0.853009
-0.515615
-0.085078
-0.175051
-0.384398
-0.21786
-0.658618
-0.478805
-0.198807
-0.000370523
0.137938
2.02593
4.11146
1.73282
2.44868
4.26894
4.36107
4.23017
1.64581
1.62007
2.0464
1.42516
0.782251
0.554109
0.0286514
0.039094
0.0667675
0.0914724
0.108303
0.117439
0.121612
0.122281
0.119878
0.115086
0.108667
0.101501
0.094461
0.0884181
0.0842254
0.0827724
0.0847039
0.102409
0.156041
0.174254
0.132965
0.15334
0.170565
0.179408
0.178973
0.17074
0.157147
0.127199
0.0843612
0.0343341
0.00309923
-0.0234472
-0.00911369
0.00427656
0.0203231
0.052548
0.102557
0.160141
0.999619
3.23303
1.8992
0.292815
0.248981
0.242626
0.199674
0.12054
-0.00106805
-0.179972
0.148607
0.572501
0.445562
0.374161
0.361207
0.398356
-0.609026
-0.617012
-0.611821
0.0672415
0.916356
1.01035
-0.23428
-0.21417
-0.128063
-0.0278455
0.0720202
0.524723
2.59401
3.31745
3.31581
0.919066
0.0881948
0.772208
0.573332
1.46123
1.33685
0.517324
0.0235892
0.0351867
-0.00232571
0.0168586
0.056801
0.0592036
0.0776358
0.0954008
0.107624
0.114801
0.118415
0.119139
0.117315
0.113491
0.108334
0.102521
0.0967507
0.0917204
0.0880895
0.0874995
0.0900219
0.0909212
0.0977057
0.109159
0.123889
0.137179
0.142871
0.137222
0.120161
0.100738
0.0790405
0.116652
1.63205
1.65388
0.307076
1.29856
4.26124
0.514852
-0.0815488
-0.0145662
0.0638343
0.138037
2.98127
3.28418
1.88994
0.233054
0.222441
0.215224
0.172312
0.241516
0.361424
-0.251761
-0.0863479
0.510763
0.392116
0.342186
0.365731
0.459042
0.397371
-0.493603
-0.396297
-0.296306
0.633004
1.7597
1.83389
1.79182
0.808234
1.61769
2.67442
3.11253
3.12937
3.10871
0.958795
1.02215
0.0821643
0.0757165
0.0705423
0.0609569
0.169623
0.138784
0.0669772
0.0471836
0.0380561
0.0431467
0.0571486
0.0728356
0.0873678
0.099361
0.107934
0.113361
0.116165
0.116614
0.115004
0.111786
0.107466
0.102549
0.0975889
0.093127
0.0896594
0.0887433
0.0894214
0.0886775
0.0930214
0.100612
0.109535
0.114237
0.107353
0.0832388
0.0457855
0.0177694
1.5601
4.141
7.63545
7.6243
7.7172
8.03163
8.14918
7.78434
0.701831
-0.104882
0.00871247
1.08983
3.36715
3.30301
1.01698
0.214912
0.228406
0.220329
0.168814
1.08153
0.594505
-0.298983
-0.287078
-0.103178
-0.285581
0.369042
0.436948
0.552327
0.71715
-0.0420555
-0.223952
-0.106699
-0.0132855
0.0661218
1.45158
2.68627
2.78965
2.83894
2.8479
2.8401
1.84846
0.576858
0.963445
1.20721
0.0769759
0.0716415
0.0749938
0.066528
0.0712715
0.0760977
0.0729372
0.065174
0.0620067
0.0656099
0.0742471
0.0845065
0.0941791
0.102236
0.108265
0.112228
0.114181
0.114267
0.112725
0.109885
0.106103
0.101758
0.0972783
0.0930666
0.0894888
0.08674
0.0846452
0.0843049
0.0859131
0.0891598
0.0922732
0.0895149
0.0692581
0.019652
-0.0362879
1.75267
6.709
6.16699
4.92213
5.85478
7.5414
7.65416
7.83701
8.07318
4.00886
-0.19104
-0.0417422
3.27318
3.3663
1.79832
0.199085
0.227901
0.250597
0.627048
3.01594
2.67247
0.279524
-0.290935
-0.456374
-0.64564
-0.749477
-0.168971
0.571443
0.678681
0.840715
0.462688
-0.101617
0.017303
0.104441
0.166948
0.210444
0.476823
1.29237
1.56185
1.08172
0.428049
0.218816
0.28441
1.11777
1.22762
0.0777521
0.0779504
0.0786913
0.0740101
0.0756233
0.0791599
0.0794062
0.0776406
0.0770603
0.0795697
0.0850588
0.091817
0.0983415
0.103894
0.108142
0.110901
0.112111
0.111869
0.110335
0.107725
0.104288
0.100298
0.0960586
0.0918571
0.0878659
0.0840957
0.0805793
0.0783022
0.0777994
0.0771418
0.0806323
0.0693116
0.0404676
-0.0376024
0.266318
6.91441
6.57004
4.16338
0.0338793
-0.207515
1.37619
7.42614
7.57644
7.85702
4.32777
-0.0639303
1.91255
3.26327
2.79274
0.177182
0.207752
0.255736
0.322091
3.55103
3.62396
2.56658
-0.026326
-0.241757
-0.380383
-0.504718
-0.591431
0.197643
0.729146
0.830601
0.577081
-0.0453683
-0.00644967
0.0902167
0.164332
0.216538
0.243007
0.25682
0.262572
0.254274
0.236087
0.213839
0.213079
0.565929
0.916604
0.850212
0.0833384
0.0857968
0.0856907
0.0833419
0.0833283
0.0849861
0.0856203
0.0853288
0.0857011
0.0877988
0.0915353
0.0960666
0.100543
0.104415
0.107354
0.109172
0.10981
0.109315
0.10776
0.105294
0.102076
0.0982866
0.094113
0.0897392
0.0852139
0.0804374
0.0753379
0.0705929
0.0658679
0.0606093
0.0829014
0.270332
0.778426
0.352748
2.52869
6.89446
6.4073
0.291611
-0.0210403
-0.292507
0.387624
7.39629
7.50067
7.82348
1.64562
0.123808
2.91389
3.13325
0.272915
0.198959
0.256335
0.278303
3.38319
3.75899
3.64991
1.83971
-0.0952554
-0.175676
-0.261764
-0.351641
-0.421077
-0.210171
0.827198
0.574119
-0.205444
-0.0705147
0.073639
0.129893
0.188153
0.232535
0.252624
0.252929
0.254104
0.245701
0.23061
0.213546
0.242996
0.471699
0.299606
0.164857
0.0864503
0.088354
0.088822
0.0883768
0.0883085
0.0888603
0.0893438
0.0897161
0.0905305
0.0922683
0.0949203
0.0980625
0.101185
0.103878
0.105869
0.107008
0.107234
0.106548
0.104972
0.102598
0.0995193
0.0958301
0.0916153
0.0869791
0.0819211
0.0761345
0.0693698
0.0616678
0.0525733
0.0421139
0.0920087
1.52553
2.54786
2.01227
3.63448
6.93314
4.77796
0.409844
0.0885832
-0.160447
-0.296519
2.99382
7.72028
1.88803
0.911335
1.79958
2.18653
0.364225
0.187343
0.25876
0.296511
3.14686
3.85514
3.7664
3.05171
0.529295
-0.06893
-0.0974585
-0.149312
-0.209587
-0.257565
-0.24253
-0.224489
-0.188763
-0.0923489
0.00663574
0.0886387
0.147109
0.186878
0.221363
0.237038
0.237127
0.237901
0.232413
0.221295
0.212371
0.227138
0.200434
0.167044
0.164496
0.0872298
0.0885321
0.0891143
0.0894355
0.0898803
0.0904848
0.0910468
0.0916684
0.0926261
0.0941229
0.0961173
0.0983685
0.10057
0.102441
0.103779
0.104449
0.104382
0.103554
0.101969
0.0996657
0.0966855
0.0930553
0.0887731
0.0838634
0.0782986
0.0715832
0.0633176
0.0531204
0.0401571
0.0242678
0.223622
2.60674
2.61638
2.53315
2.16589
5.99958
6.35377
5.00584
0.4823
0.144119
0.127464
3.40613
4.85253
-0.398308
-0.326577
0.27152
0.132241
0.212685
0.294449
0.352101
3.32178
3.69951
3.55397
1.83918
0.210569
-0.037961
-0.0127628
-0.0258961
-0.0563379
-0.0926445
-0.118835
-0.12375
-0.107782
-0.0637687
-0.00271074
0.0595786
0.11216
0.151589
0.179802
0.19958
0.212302
0.219504
0.220043
0.216591
0.209255
0.199986
0.195933
0.19596
0.168287
0.166589
0.0871201
0.0879833
0.0885936
0.08926
0.0899602
0.0905827
0.0911762
0.0919185
0.0929185
0.0942182
0.0957682
0.0974282
0.0990088
0.100321
0.101209
0.101554
0.101282
0.100363
0.0987913
0.0965651
0.0936815
0.0901183
0.0858091
0.08069
0.0747135
0.0673546
0.0580331
0.0460085
0.0301922
0.00990944
0.195471
2.4165
2.58005
2.49085
1.4605
1.75317
6.64422
6.49432
6.31493
4.50731
2.58139
3.27819
2.06813
-0.544269
-0.27464
-0.00630101
0.225858
0.374439
0.424502
3.31966
3.56184
2.53563
0.351768
-0.00414991
-0.0252619
0.00147103
0.0252045
0.0237802
0.00606382
-0.0140217
-0.0261667
-0.0248588
-0.0135936
0.0130317
0.0493132
0.0872791
0.12114
0.148474
0.16959
0.184995
0.195386
0.201183
0.202871
0.20105
0.196388
0.189556
0.181772
0.176557
0.170298
0.165614
0.0863557
0.0868874
0.0875283
0.0882763
0.0889826
0.0895849
0.0902387
0.0910344
0.0919925
0.0931108
0.0943528
0.0956223
0.0967862
0.0977091
0.0982756
0.0983917
0.0979901
0.0970336
0.095503
0.0933734
0.0906094
0.0871552
0.0829049
0.0777268
0.0715222
0.0639882
0.0542862
0.0416079
0.024873
0.00297308
-0.0239721
0.837546
2.62147
2.44505
1.34075
0.894731
5.58411
6.68011
6.54932
6.40818
6.16265
1.33136
-0.611136
-0.436215
-0.14064
0.154246
0.37555
0.992714
2.4503
0.993498
1.00031
0.108584
0.0306351
0.0150648
0.0195251
0.0397526
0.0504313
0.0482126
0.0379183
0.0273627
0.0218223
0.0229033
0.033092
0.0503892
0.0733055
0.0982148
0.121705
0.14189
0.158323
0.170782
0.179548
0.184831
0.186939
0.186343
0.183586
0.179208
0.173858
0.168178
0.164568
0.162702
0.0849848
0.0853699
0.0859874
0.0866557
0.0872929
0.0879134
0.0886059
0.0893954
0.0902702
0.0912284
0.0922429
0.0932368
0.0941044
0.0947464
0.0950842
0.0950475
0.0945733
0.093619
0.0921527
0.090138
0.0875225
0.0842334
0.0801507
0.0751244
0.0690125
0.0616465
0.0523894
0.0403471
0.0247401
0.00484778
-0.0203672
0.129687
2.39558
2.45853
1.94248
0.758076
1.22093
6.87328
6.74365
6.32944
0.354459
-0.442122
-0.405885
-0.252659
-0.0370043
0.26359
3.28013
4.97916
3.4638
0.137794
0.0709391
0.0501399
0.0352491
0.0310698
0.0388542
0.0512294
0.0554754
0.0541525
0.0491203
0.0444022
0.0427859
0.0454925
0.0540805
0.0668425
0.0830256
0.100809
0.118178
0.133759
0.146914
0.157315
0.16489
0.169795
0.172236
0.172555
0.171185
0.168577
0.165189
0.161655
0.15913
0.15787
0.0832413
0.08354
0.0840428
0.084609
0.0852031
0.0858235
0.0865076
0.0872445
0.0880215
0.0888367
0.0896657
0.0904461
0.0910943
0.0915369
0.0917188
0.0915859
0.0910793
0.0901505
0.0887617
0.0868738
0.084432
0.0813633
0.0775547
0.0728626
0.0671623
0.06041
0.0524038
0.0416367
0.0285343
0.0123801
-0.00704548
-0.0273562
0.859849
2.55274
2.37228
0.765694
0.405147
1.34874
3.40122
0.737599
-0.0957226
-0.166846
-0.221699
-0.147545
1.34021
4.8364
5.01659
5.09374
4.41636
0.0606624
0.049349
0.0401881
0.0306734
0.0298402
0.0367844
0.0453542
0.0493777
0.0505768
0.0498044
0.0493444
0.0508444
0.0551254
0.0627095
0.0730152
0.085473
0.0990555
0.112548
0.124974
0.135714
0.144766
0.15139
0.156002
0.158706
0.159736
0.159413
0.1581
0.156166
0.154088
0.152458
0.151637
0.0811855
0.081406
0.0817935
0.0822914
0.0828388
0.0834216
0.0840487
0.0847093
0.0853902
0.0860781
0.0867478
0.087355
0.0878396
0.0881441
0.0882238
0.0880344
0.0875219
0.0866336
0.0853309
0.0835792
0.0813325
0.0785305
0.0750809
0.0708617
0.0657804
0.0597689
0.0540519
0.0480297
0.03688
0.0232106
0.0101401
-0.00317375
0.243585
2.35688
2.40189
1.44549
0.594598
0.459107
0.370319
0.288946
0.170313
0.0282964
-0.0721278
1.89978
4.61618
4.80339
4.96456
5.09025
5.01727
0.604512
0.0270741
0.0274187
0.0213312
0.0212521
0.0269891
0.0341385
0.0393333
0.0430237
0.0455931
0.0483137
0.0520919
0.0574051
0.0646544
0.0736067
0.0838932
0.094888
0.105847
0.116109
0.125211
0.132938
0.13899
0.143397
0.146297
0.147859
0.148318
0.147953
0.147057
0.145954
0.145018
0.144517
0.0788278
0.0789524
0.0792786
0.0797388
0.0802277
0.080739
0.0812852
0.0818649
0.082457
0.0830327
0.0835662
0.084033
0.0843958
0.0846063
0.0846224
0.0844043
0.0839021
0.0830642
0.0818545
0.0802473
0.0782123
0.0757076
0.0726663
0.0689953
0.0646301
0.0595703
0.053845
0.0653094
0.0767913
0.0403705
0.0254809
0.0182425
0.0236616
1.10483
2.43417
2.16554
0.796324
0.708757
0.630375
0.54087
0.39739
0.18323
1.43244
4.46439
4.57606
4.73005
4.91263
5.07049
2.38751
-0.0506083
-0.00826485
0.00387648
0.00492148
0.00793798
0.0143112
0.0217023
0.0284192
0.0341487
0.0391814
0.0441463
0.0495363
0.0556939
0.062892
0.0710788
0.0800328
0.0893773
0.098645
0.107391
0.115265
0.122035
0.12768
0.131891
0.134911
0.136847
0.137868
0.138183
0.138019
0.137598
0.137157
0.13691
0.076184
0.076238
0.0765543
0.0769678
0.0773812
0.077813
0.0782816
0.0787856
0.0792952
0.0797724
0.0801942
0.0805515
0.0808237
0.08097
0.0809473
0.0807163
0.0802321
0.0794491
0.0783366
0.0768785
0.0750609
0.0728604
0.0702351
0.0671232
0.0634776
0.0593319
0.0549165
0.0739392
0.0858106
0.0736224
0.0370152
0.0333584
0.0345563
0.229578
2.02924
2.31446
1.84535
0.924381
0.849202
0.733529
0.545991
0.315597
1.77767
4.49162
4.54422
4.70162
4.90375
4.52971
0.00185705
-0.112783
-0.0576925
-0.0315328
-0.0196108
-0.0101088
-0.000309778
0.00904333
0.0175205
0.0250308
0.0318656
0.0383892
0.0449275
0.0517622
0.0589965
0.0667372
0.074862
0.0831402
0.0912696
0.0989511
0.105937
0.112056
0.117225
0.121321
0.124416
0.126605
0.128019
0.128816
0.129163
0.129217
0.129126
0.129066
0.0733336
0.0733763
0.0736848
0.0740209
0.0743556
0.0747215
0.0751266
0.0755599
0.0759902
0.0763821
0.0767177
0.0769946
0.0771994
0.0772975
0.0772463
0.0770062
0.0765393
0.0758103
0.0747957
0.0734872
0.0718819
0.0699688
0.0677244
0.0651192
0.0621267
0.0587807
0.0552114
0.0641341
0.09002
0.0874901
0.0554035
0.0429059
0.0447926
0.0525238
0.464348
2.36144
2.38808
2.23794
1.01413
0.875539
0.657323
0.41332
1.32747
4.58286
4.6075
4.76136
4.94743
0.876893
-0.267958
-0.163028
-0.101661
-0.067081
-0.0460371
-0.0292283
-0.015142
-0.00322192
0.00703498
0.0160703
0.0242566
0.0318953
0.0392608
0.0466193
0.053908
0.061405
0.0690143
0.0765894
0.0839371
0.0908609
0.0971906
0.1028
0.107607
0.111584
0.114707
0.117056
0.118736
0.119865
0.120565
0.120943
0.121097
0.121171
0.070393
0.0704576
0.0707208
0.0709654
0.0712352
0.0715519
0.0719016
0.0722648
0.0726185
0.0729391
0.0732119
0.0734333
0.0735859
0.0736419
0.0735619
0.073309
0.0728536
0.0721718
0.0712488
0.07008
0.0686676
0.0670094
0.0650911
0.0628998
0.0604351
0.057728
0.0548896
0.0537803
0.0827209
0.0910777
0.0818784
0.0474839
0.0492325
0.0531894
0.0614571
0.475183
2.28895
2.44963
2.40048
1.73951
0.59746
1.73658
4.91625
4.77994
4.78373
4.76763
1.5421
-0.426406
-0.285415
-0.192024
-0.13209
-0.0932764
-0.0658787
-0.0452019
-0.0283221
-0.0143916
-0.00271983
0.00754963
0.0167554
0.0251975
0.0331262
0.0407107
0.0482344
0.0556243
0.0628992
0.0699913
0.0767858
0.0831576
0.088994
0.0942061
0.0987337
0.102553
0.105681
0.108127
0.10998
0.111332
0.112269
0.112867
0.113189
0.113354
0.0674264
0.0674943
0.0676833
0.0678541
0.0680784
0.0683527
0.0686469
0.0689417
0.0692268
0.0694903
0.0697152
0.0699027
0.070008
0.0700225
0.0699109
0.0696411
0.0691912
0.0685476
0.0677046
0.0666591
0.0654072
0.0639501
0.0622871
0.0604119
0.058334
0.0560876
0.053748
0.0514635
0.0626617
0.0918098
0.091341
0.0738651
0.0483798
0.0495381
0.0505188
0.0516091
0.296681
1.73822
2.36586
2.26684
0.54319
1.6059
3.03983
3.95219
2.05332
-0.368999
-0.531436
-0.38989
-0.279895
-0.202199
-0.147947
-0.109066
-0.0798302
-0.0574339
-0.039183
-0.0240566
-0.0113669
-0.000222343
0.00970612
0.01872
0.0270609
0.0349132
0.0424801
0.0497669
0.0567916
0.0635258
0.0699074
0.0758603
0.0813122
0.0862045
0.0904972
0.0941748
0.0972487
0.0997522
0.101712
0.103207
0.104299
0.105041
0.105479
0.105705
0.0644103
0.0644475
0.0645724
0.0647036
0.0648949
0.0651253
0.0653647
0.0656015
0.0658344
0.0660566
0.0662515
0.0663933
0.0664593
0.0664324
0.0662882
0.0660019
0.0655553
0.0649395
0.064155
0.0632049
0.0620809
0.0607731
0.0592866
0.0576293
0.0558096
0.0538608
0.0518231
0.0497775
0.0479386
0.0663117
0.0896513
0.089154
0.0677918
0.0424747
0.0393448
0.0325548
0.0197161
0.0795517
0.624629
0.737752
0.0731074
-0.054659
-0.27625
-0.346285
-0.539612
-0.521021
-0.432667
-0.339232
-0.260537
-0.199679
-0.153055
-0.117028
-0.088677
-0.0660215
-0.0476384
-0.0319455
-0.018631
-0.00699185
0.00336526
0.0127305
0.021324
0.0293252
0.0368837
0.0440548
0.0508641
0.0573083
0.0633599
0.0689767
0.0741147
0.0787385
0.0828252
0.0863679
0.089377
0.0918739
0.0938946
0.0954807
0.0966709
0.0975009
0.0980139
0.098283
0.0612942
0.0612966
0.0613924
0.0615102
0.0616714
0.0618573
0.0620512
0.0622488
0.0624489
0.0626426
0.0628054
0.0629081
0.0629299
0.0628593
0.062682
0.0623803
0.0619382
0.061346
0.0606013
0.0597086
0.058668
0.0574664
0.0560965
0.0545704
0.0528984
0.051106
0.0492151
0.0472519
0.0452215
0.0433785
0.0610623
0.0844651
0.0765086
0.0340703
0.0280094
0.0181468
0.00132924
-0.0254156
-0.0645086
-0.11964
-0.197134
-0.287096
-0.371624
-0.422224
-0.424875
-0.398906
-0.348428
-0.290591
-0.23644
-0.190043
-0.151048
-0.119408
-0.0931954
-0.0713446
-0.0530337
-0.0378016
-0.024407
-0.0126194
-0.00210426
0.00739691
0.0160826
0.024108
0.0315972
0.0386234
0.045224
0.0514114
0.0571799
0.0625101
0.0673785
0.0717671
0.0756669
0.0790785
0.082011
0.0844802
0.0865094
0.0881191
0.089394
0.0902638
0.0908169
0.0911276
0.058077
0.0580745
0.0581661
0.0582758
0.0584069
0.0585557
0.0587196
0.0588953
0.059075
0.059243
0.0593717
0.0594325
0.0594086
0.0592952
0.0590869
0.0587705
0.0583301
0.0577554
0.0570409
0.0561825
0.055182
0.0540375
0.0527389
0.0512856
0.0496843
0.0479445
0.04608
0.0440335
0.0418637
0.0394911
0.0377136
0.0430822
0.0425127
0.0276233
0.0175402
0.00621987
-0.0106916
-0.0354811
-0.0698168
-0.113906
-0.166929
-0.225467
-0.279965
-0.316301
-0.328846
-0.313704
-0.285358
-0.249185
-0.211555
-0.176334
-0.144933
-0.117793
-0.0942253
-0.0736549
-0.0565839
-0.041754
-0.0286876
-0.0170589
-0.00662772
0.00281258
0.0114306
0.0193621
0.0267125
0.0335569
0.03994
0.0458828
0.0513918
0.056463
0.0610886
0.0652637
0.0689894
0.0722704
0.0751148
0.0775336
0.0795438
0.0811635
0.0824292
0.0833336
0.0839173
0.084237
0.0548135
0.0548371
0.0549221
0.0550154
0.0551195
0.0552439
0.0553915
0.0555518
0.0557105
0.0558462
0.0559331
0.0559485
0.0558808
0.0557297
0.0554944
0.0551648
0.0547238
0.0541585
0.053463
0.0526306
0.0516564
0.0505396
0.0492769
0.0478603
0.0462863
0.0445456
0.0426665
0.0404677
0.0380641
0.0353268
0.0321344
0.0283066
0.0235216
0.0175158
0.00864408
-0.003274
-0.0195061
-0.0412961
-0.069512
-0.103896
-0.142879
-0.183755
-0.221113
-0.247737
-0.259091
-0.252512
-0.237126
-0.213936
-0.187509
-0.160894
-0.135753
-0.112868
-0.0923328
-0.0740891
-0.0581562
-0.0440979
-0.0315755
-0.0203417
-0.0102073
-0.00100478
0.00740765
0.0151415
0.0222863
0.02891
0.0350575
0.0407535
0.0460113
0.0508376
0.0552363
0.0592115
0.0627693
0.0659161
0.0686584
0.0710043
0.072967
0.0745611
0.0758097
0.0767186
0.0773133
0.0776336
0.0515648
0.0516075
0.0516719
0.0517429
0.0518279
0.0519389
0.0520716
0.0522122
0.0523392
0.0524309
0.0524679
0.0524368
0.052332
0.0521532
0.0518986
0.0515583
0.0511167
0.0505592
0.0498759
0.0490614
0.0481099
0.0470142
0.0457677
0.0443608
0.0427814
0.040992
0.0389142
0.0366852
0.0340833
0.0310361
0.0274161
0.0230322
0.0175612
0.0105582
0.00151199
-0.010273
-0.0254139
-0.0444919
-0.0678142
-0.0949273
-0.12454
-0.154449
-0.181215
-0.200866
-0.210748
-0.210575
-0.199731
-0.184055
-0.165177
-0.14505
-0.125073
-0.106092
-0.0885022
-0.0724561
-0.0579972
-0.0449785
-0.0332267
-0.0225825
-0.0129063
-0.00407377
0.00402237
0.0114732
0.0183513
0.0247139
0.0306015
0.0360396
0.0410457
0.0456331
0.0498128
0.0535935
0.0569828
0.0599866
0.0626106
0.0648627
0.0667549
0.0683008
0.0695183
0.0704139
0.0710051
0.0713199
0.0483344
0.0483722
0.0484084
0.0484611
0.0485352
0.0486346
0.0487472
0.048856
0.0489396
0.04898
0.0489656
0.0488918
0.048758
0.0485634
0.0483007
0.0479557
0.0475138
0.0469631
0.0462918
0.0454922
0.0445603
0.0434875
0.0422574
0.0408551
0.0392643
0.0374532
0.0353581
0.0329659
0.0301757
0.0268827
0.0229583
0.0182379
0.0124473
0.00522927
-0.00378845
-0.0149937
-0.0287653
-0.0453371
-0.0646817
-0.0863026
-0.109143
-0.131547
-0.1513
-0.166066
-0.174188
-0.175143
-0.169091
-0.158515
-0.144901
-0.129635
-0.113823
-0.0982277
-0.0833209
-0.069364
-0.0564709
-0.0446369
-0.0338002
-0.0238762
-0.0147798
-0.00642544
0.0012658
0.00836188
0.0149177
0.0209783
0.0265783
0.0317427
0.0364908
0.0408389
0.0448002
0.0483843
0.051598
0.0544467
0.0569369
0.0590779
0.060883
0.0623654
0.0635396
0.0644091
0.064986
0.0652902
0.0450866
0.0451023
0.0451198
0.0451645
0.0452322
0.0453158
0.0453993
0.0454673
0.0455037
0.0454964
0.0454398
0.0453341
0.0451814
0.0449793
0.0447165
0.0443745
0.0439371
0.0433941
0.0427359
0.0419541
0.0410416
0.0399909
0.0387813
0.0373894
0.0357931
0.033952
0.0318305
0.0293572
0.0264577
0.0230258
0.0189375
0.0140673
0.0082152
0.00111561
-0.0074957
-0.0178461
-0.0301247
-0.0443785
-0.0604363
-0.077808
-0.0956673
-0.112812
-0.127788
-0.139145
-0.14581
-0.147361
-0.144035
-0.136648
-0.126749
-0.11511
-0.102587
-0.0898321
-0.0772971
-0.0652715
-0.0539217
-0.0433183
-0.0334698
-0.024348
-0.0159115
-0.00811045
-0.000892497
0.00578893
0.0119727
0.0176924
0.0229768
0.0278494
0.032329
0.0364315
0.0401686
0.0435481
0.0465757
0.0492572
0.0516012
0.0536197
0.0553272
0.0567356
0.0578564
0.0586898
0.059244
0.0595328
0.0417924
0.0417904
0.041806
0.0418496
0.0419089
0.0419711
0.0420214
0.0420496
0.0420463
0.0420054
0.0419245
0.0418041
0.041645
0.0414422
0.0411815
0.0408438
0.0404132
0.0398792
0.0392342
0.038472
0.037584
0.036557
0.0353699
0.0339952
0.0324082
0.0305669
0.0284258
0.0259175
0.0229804
0.0195212
0.0154169
0.0105695
0.00484323
-0.00193597
-0.00994273
-0.019303
-0.0300881
-0.0422474
-0.0556015
-0.0696554
-0.0838044
-0.0971806
-0.108791
-0.117687
-0.123161
-0.124902
-0.123029
-0.11805
-0.110617
-0.101653
-0.091709
-0.0812982
-0.0708155
-0.0605359
-0.0506446
-0.0412522
-0.0324096
-0.0241278
-0.0163977
-0.00919934
-0.0025051
0.00371383
0.00948354
0.0148284
0.0197717
0.024334
0.0285318
0.0323777
0.03588
0.0390443
0.0418753
0.0443803
0.0465705
0.04846
0.050063
0.0513902
0.052449
0.0532379
0.0537622
0.0540329
0.0384598
0.0384581
0.0384809
0.0385204
0.0385644
0.0386023
0.0386235
0.0386227
0.0385955
0.0385394
0.0384527
0.038334
0.0381801
0.0379824
0.0377248
0.0373895
0.0369644
0.0364404
0.0358098
0.0350674
0.0342076
0.0332119
0.0320544
0.0307053
0.0291373
0.027315
0.0251907
0.022699
0.0197841
0.0163807
0.0123806
0.00769878
0.00224602
-0.00408463
-0.0113907
-0.0197348
-0.0291185
-0.0394499
-0.0505469
-0.0619918
-0.0733188
-0.0839039
-0.0930514
-0.100116
-0.104622
-0.106339
-0.105313
-0.101842
-0.0963603
-0.0893664
-0.081393
-0.0728894
-0.0641605
-0.0554286
-0.0468793
-0.0386383
-0.0307803
-0.0233426
-0.0163402
-0.009775
-0.00363894
0.00208264
0.00740631
0.0123495
0.01693
0.0211645
0.0250655
0.0286412
0.0318963
0.0348344
0.0374605
0.0397835
0.0418162
0.043573
0.0450672
0.0463067
0.0472965
0.0480336
0.0485227
0.0487732
0.0351197
0.0351318
0.0351563
0.0351827
0.0352053
0.0352211
0.0352233
0.0352091
0.0351755
0.0351201
0.0350399
0.0349314
0.0347885
0.0345996
0.0343473
0.0340159
0.0335969
0.0330854
0.0324751
0.0317574
0.0309262
0.0299656
0.0288475
0.0275398
0.0260078
0.0242197
0.0221405
0.0197164
0.0168872
0.0136043
0.00979458
0.00538144
0.000309103
-0.00548866
-0.0120548
-0.019408
-0.0275145
-0.0362684
-0.0454945
-0.0548551
-0.063992
-0.0724507
-0.0797364
-0.0854013
-0.0891152
-0.0907069
-0.0901844
-0.0877236
-0.0836149
-0.0782069
-0.0718363
-0.0647538
-0.0575328
-0.0501519
-0.0428136
-0.0356428
-0.0287252
-0.0221145
-0.0158417
-0.00992351
-0.00436518
0.000837456
0.00569389
0.0102161
0.0144169
0.0183079
0.021897
0.0251884
0.0281841
0.0308868
0.0333022
0.0354402
0.0373137
0.0389357
0.0403169
0.0414631
0.0423776
0.0430572
0.0435074
0.0437366
0.0317892
0.0318129
0.0318266
0.0318343
0.0318367
0.0318377
0.0318328
0.0318191
0.0317922
0.0317472
0.0316783
0.0315801
0.0314466
0.0312666
0.0310234
0.0307029
0.0302981
0.0298054
0.0292217
0.0285383
0.0277421
0.0268168
0.02574
0.0244858
0.0230139
0.02129
0.019284
0.0169637
0.0142796
0.0111813
0.00762547
0.0035509
-0.00107534
-0.00629216
-0.0121128
-0.0185252
-0.0254769
-0.0328646
-0.0405333
-0.0482105
-0.0556158
-0.0624176
-0.0682642
-0.0728365
-0.0758979
-0.0773197
-0.0770925
-0.075322
-0.0722015
-0.067976
-0.0629106
-0.0572837
-0.0510922
-0.0448474
-0.0385878
-0.0323982
-0.0263657
-0.0205519
-0.0149968
-0.00972537
-0.00475114
-7.70383e-05
0.00430095
0.00839019
0.0121986
0.0157329
0.0189967
0.0219913
0.0247173
0.0271775
0.0293782
0.0313291
0.0330415
0.0345258
0.0357899
0.0368376
0.0376716
0.0382896
0.0386987
0.0389064
0.0284533
0.0284739
0.028471
0.0284642
0.0284566
0.0284533
0.0284501
0.0284441
0.0284295
0.0283982
0.0283414
0.0282523
0.028126
0.0279545
0.0277245
0.0274236
0.0270445
0.0265812
0.0260295
0.0253848
0.0246334
0.0237546
0.0227264
0.0215319
0.0201392
0.0185157
0.0166272
0.0144459
0.0119469
0.00908781
0.0058349
0.00214525
-0.00199959
-0.006617
-0.0117056
-0.0172369
-0.023149
-0.0293479
-0.0357018
-0.0419988
-0.0480134
-0.0535026
-0.0582134
-0.0619158
-0.0644349
-0.0656728
-0.0656136
-0.0643221
-0.0619286
-0.0586049
-0.0545425
-0.04993
-0.0449072
-0.0395771
-0.0343004
-0.0290067
-0.0238002
-0.0187457
-0.0138865
-0.0092511
-0.00485679
-0.000711183
0.00318535
0.00683581
0.0102436
0.013411
0.0163387
0.0190264
0.0214748
0.0236872
0.0256698
0.0274309
0.0289792
0.030322
0.0314644
0.032409
0.0331588
0.0337128
0.0340796
0.0342656
0.0250801
0.0250846
0.0250719
0.0250641
0.0250607
0.0250628
0.025066
0.0250681
0.0250633
0.0250433
0.0249981
0.02492
0.0248045
0.0246461
0.0244351
0.0241609
0.0238155
0.0233922
0.0228838
0.0222846
0.0215846
0.0207663
0.0198085
0.0186938
0.0173949
0.015891
0.0141581
0.0121598
0.00987815
0.00729375
0.00437807
0.00110226
-0.00254358
-0.00656185
-0.0109422
-0.0156521
-0.0206284
-0.0257878
-0.0310214
-0.0361705
-0.04105
-0.0454797
-0.0492757
-0.0522698
-0.054332
-0.0553874
-0.0554188
-0.0544662
-0.052618
-0.0499959
-0.0467393
-0.042991
-0.0388866
-0.0345749
-0.030044
-0.0255466
-0.0211051
-0.016769
-0.012578
-0.00856025
-0.00473411
-0.0011099
0.00230821
0.00551887
0.00852159
0.0113154
0.0138994
0.0162731
0.0184382
0.0203984
0.0221592
0.0237267
0.0251065
0.0263029
0.027319
0.0281569
0.02882
0.0293089
0.0296332
0.0297975
0.0216516
0.0216392
0.0216319
0.0216371
0.0216487
0.0216623
0.0216732
0.0216804
0.0216803
0.0216667
0.0216316
0.0215678
0.0214704
0.0213338
0.0211502
0.0209109
0.0206066
0.0202304
0.0197776
0.0192407
0.0186062
0.017858
0.0169843
0.0159722
0.0147919
0.0134242
0.0118639
0.0100823
0.00805223
0.00576922
0.00321381
0.000368325
-0.00277192
-0.00620165
-0.00990481
-0.0138511
-0.017984
-0.0222299
-0.0264995
-0.0306837
-0.0346181
-0.0381738
-0.0412165
-0.0436224
-0.045295
-0.046177
-0.0462518
-0.0455437
-0.0441132
-0.0420475
-0.039449
-0.0364256
-0.0330836
-0.0295228
-0.0258028
-0.0220569
-0.0183327
-0.0146766
-0.011124
-0.00770122
-0.00442663
-0.00131243
0.00163369
0.00440675
0.00700284
0.00941933
0.0116549
0.0137102
0.0155879
0.0172918
0.0188264
0.0201954
0.0214016
0.0224467
0.0233324
0.0240609
0.0246363
0.0250598
0.0253414
0.0254844
0.018178
0.0181602
0.0181704
0.0181956
0.0182247
0.0182502
0.018268
0.0182786
0.0182806
0.0182707
0.0182444
0.0181969
0.0181231
0.0180161
0.0178684
0.0176743
0.0174238
0.0171057
0.0167153
0.0162505
0.0156979
0.0150355
0.0142548
0.0133557
0.012317
0.0111127
0.00974109
0.00819324
0.0064418
0.00448364
0.00230644
-9.93307e-05
-0.0027354
-0.00559484
-0.00865846
-0.0118982
-0.0152673
-0.0187026
-0.0221248
-0.0255009
-0.0286239
-0.0314427
-0.0338526
-0.0357617
-0.0370984
-0.0378189
-0.037908
-0.0373804
-0.0362775
-0.0346623
-0.0326105
-0.0302035
-0.0275234
-0.0246486
-0.021648
-0.0185745
-0.0155225
-0.0125085
-0.00956341
-0.00671119
-0.00396987
-0.00135309
0.00112848
0.00346708
0.00565683
0.00769449
0.00957957
0.011314
0.0129013
0.0143454
0.0156493
0.0168146
0.0178419
0.0187313
0.0194838
0.0201013
0.0205887
0.0209468
0.0211859
0.0213073
0.0146905
0.0146811
0.0147105
0.0147524
0.0147932
0.0148258
0.014848
0.0148615
0.0148666
0.0148624
0.0148466
0.0148169
0.0147699
0.0146983
0.0145938
0.014451
0.0142627
0.0140146
0.0136956
0.013305
0.0128392
0.012278
0.0116077
0.0108325
0.00994868
0.00893438
0.00777871
0.00648126
0.00502573
0.00340753
0.00161731
-0.000348426
-0.00248796
-0.00479584
-0.00725553
-0.00984125
-0.0125148
-0.0152265
-0.0179184
-0.020536
-0.0229764
-0.0251659
-0.0270347
-0.0285167
-0.0295597
-0.0301302
-0.0302158
-0.029825
-0.0289863
-0.0277448
-0.0261567
-0.0242834
-0.0221873
-0.0199283
-0.0175588
-0.0151139
-0.0126996
-0.0102916
-0.00792357
-0.00561842
-0.00339351
-0.00126328
0.000760142
0.00266713
0.00445152
0.00611058
0.00764504
0.00905803
0.0103536
0.0115352
0.0126045
0.0135616
0.0144057
0.0151359
0.0157532
0.0162588
0.0166582
0.0169504
0.0171474
0.017246
0.0112288
0.011234
0.0112743
0.0113224
0.0113653
0.0113977
0.0114202
0.0114359
0.0114465
0.0114519
0.0114506
0.0114408
0.0114207
0.0113854
0.0113271
0.0112383
0.0111112
0.010933
0.0106895
0.0103779
0.0100033
0.00955607
0.00902034
0.00839066
0.00767335
0.00686254
0.00594487
0.004915
0.00376748
0.00250041
0.00110435
-0.000424025
-0.0020804
-0.00385678
-0.0057404
-0.0077122
-0.0097431
-0.011794
-0.0138202
-0.0157747
-0.0176061
-0.0192407
-0.0206341
-0.0217401
-0.0225209
-0.0229517
-0.023023
-0.0227397
-0.022121
-0.0211992
-0.0200153
-0.0186149
-0.0170443
-0.0153482
-0.0135669
-0.0117336
-0.00988661
-0.00804294
-0.00622393
-0.00444608
-0.0027245
-0.00107306
0.000496176
0.00197387
0.0033546
0.00463693
0.00582262
0.00691544
0.00791933
0.0088369
0.0096689
0.0104144
0.0110719
0.0116405
0.0121211
0.0125142
0.0128249
0.0130506
0.0132049
0.0132795
0.00782292
0.0078384
0.00787763
0.00791988
0.00795644
0.00798396
0.00800493
0.00802295
0.00803986
0.00805561
0.00806943
0.00808075
0.00808776
0.00808498
0.00806443
0.00801963
0.00794676
0.00783846
0.00767908
0.00745661
0.00717534
0.00683953
0.00645139
0.0059911
0.00546095
0.00486646
0.00420322
0.00345912
0.00262895
0.00171554
0.000715413
-0.00037449
-0.00155426
-0.00281661
-0.00414863
-0.00553615
-0.00696117
-0.00839698
-0.00981035
-0.011168
-0.0124345
-0.0135701
-0.0145355
-0.0153015
-0.0158429
-0.0161425
-0.0161939
-0.0159998
-0.015573
-0.0149355
-0.0141157
-0.0131456
-0.0120574
-0.0108822
-0.00964891
-0.00838565
-0.00707338
-0.00576835
-0.00447885
-0.00321511
-0.00198917
-0.000812625
0.00030477
0.00135522
0.00233521
0.00324444
0.00408505
0.00486054
0.00557404
0.00622725
0.00682018
0.00735165
0.00782013
0.00822443
0.00856812
0.00884661
0.00906728
0.00922791
0.00933756
0.00938615
0.00445962
0.0044731
0.00450115
0.00453047
0.00455794
0.00458147
0.0046026
0.00462375
0.00464692
0.00467281
0.0047006
0.00472905
0.00475717
0.0047821
0.0047974
0.00479426
0.00476667
0.00471336
0.00462949
0.00450462
0.00433591
0.00412877
0.00388868
0.00360808
0.00328308
0.00291603
0.00251215
0.00206433
0.00156519
0.00101375
0.000408863
-0.000247043
-0.00095388
-0.00170991
-0.00250656
-0.00333219
-0.00417623
-0.00502542
-0.00586033
-0.00665981
-0.00740326
-0.00806907
-0.00863588
-0.00908562
-0.00940382
-0.00957858
-0.00960785
-0.00949326
-0.00924225
-0.00886765
-0.00838654
-0.0078179
-0.0071807
-0.00649279
-0.0057706
-0.00502819
-0.0042481
-0.00347164
-0.00270167
-0.00194596
-0.00121218
-0.000508362
0.000159322
0.000785466
0.00136864
0.00190903
0.00240816
0.00286868
0.00329251
0.00368061
0.00403279
0.00434818
0.00462586
0.00486549
0.00506792
0.00523278
0.00536288
0.00545693
0.00552335
0.00554414
0.00106584
0.00105984
0.00107221
0.00108769
0.00110714
0.00112925
0.0011542
0.00118264
0.00121544
0.00125322
0.0012953
0.0013395
0.00138338
0.00142543
0.00146487
0.00149914
0.00152334
0.00153438
0.00153058
0.0015076
0.00146233
0.00139761
0.00130997
0.00121233
0.0011021
0.000977767
0.000842181
0.000693485
0.000528927
0.00034751
0.000146243
-7.34449e-05
-0.000309425
-0.000561577
-0.000828467
-0.00110539
-0.00138696
-0.00166886
-0.00194557
-0.00221
-0.00245489
-0.00267334
-0.002859
-0.0030064
-0.00310989
-0.00316642
-0.00317475
-0.00313606
-0.00305299
-0.00292985
-0.00277214
-0.00258614
-0.00237799
-0.00215325
-0.00191668
-0.0016713
-0.0014127
-0.00115724
-0.000902595
-0.000652566
-0.000410441
-0.000178963
3.85458e-05
0.000241832
0.000429358
0.000602033
0.000760437
0.000905843
0.00103873
0.00115941
0.00126797
0.00136429
0.00144829
0.00152012
0.00158008
0.00162857
0.00166658
0.00169245
0.00171673
0.00170053
)
;

boundaryField
{
    lowerWall
    {
        type            fixedFluxPressure;
        gradient        uniform 0;
        value           nonuniform List<scalar> 
80
(
7778.21
7778.37
7778.57
7778.78
7778.99
7779.21
7779.42
7779.63
7779.83
7780.02
7780.17
7780.27
7780.27
7780.14
7779.84
7779.31
7778.5
7777.37
7775.86
7773.93
7771.54
7768.67
7765.3
7761.42
7757.07
7752.26
7747.05
7741.5
7735.7
7729.76
7723.77
7717.86
7712.16
7706.79
7701.9
7697.58
7693.96
7691.13
7689.15
7688.09
7687.97
7688.78
7690.52
7693.13
7696.54
7700.66
7705.38
7710.59
7716.17
7721.97
7727.88
7733.77
7739.53
7745.06
7750.27
7755.08
7759.46
7763.35
7766.74
7769.64
7772.04
7773.98
7775.48
7776.6
7777.37
7777.85
7778.1
7778.17
7778.08
7777.9
7777.65
7777.37
7777.06
7776.76
7776.45
7776.15
7775.87
7775.6
7775.36
7775.18
)
;
    }
    rightWall
    {
        type            zeroGradient;
    }
    atmosphere
    {
        type            totalPressure;
        rho             rho;
        psi             none;
        gamma           1;
        p0              uniform 0;
        value           nonuniform List<scalar> 
80
(
-0.000693052
-0.000717578
-0.000709758
-0.00069729
-0.000678872
-0.000654887
-0.000625586
-0.000591179
-0.00055191
-0.000508116
-0.000460259
-0.000408977
-0.000355122
-0.000299765
-0.000244228
-0.000190075
-0.00013909
-9.32115e-05
-5.44576e-05
-2.48461e-05
-6.19466e-06
0
0
0
0
0
0
0
0
0
0
0
0
0
0
0
0
0
0
0
0
0
0
0
0
0
0
0
0
0
0
0
0
0
0
-5.21099e-07
-2.06779e-06
-3.91322e-06
-5.99512e-06
-8.36474e-06
-1.11314e-05
-1.45917e-05
-1.90667e-05
-2.48547e-05
-3.215e-05
-4.10931e-05
-5.18051e-05
-6.42297e-05
-7.8215e-05
-9.34936e-05
-0.000109658
-0.000126238
-0.000142676
-0.000158404
-0.000172916
-0.000186
-0.00019616
-0.000203863
-0.000200304
-0.000250943
)
;
    }
    leftWall
    {
        type            zeroGradient;
    }
    frontAndBack
    {
        type            empty;
    }
}


// ************************************************************************* //
