/*--------------------------------*- C++ -*----------------------------------*\
| =========                 |                                                 |
| \\      /  F ield         | OpenFOAM: The Open Source CFD Toolbox           |
|  \\    /   O peration     | Version:  2412                                  |
|   \\  /    A nd           | Website:  www.openfoam.com                      |
|    \\/     M anipulation  |                                                 |
\*---------------------------------------------------------------------------*/
FoamFile
{
    version     2.0;
    format      ascii;
    arch        "LSB;label=32;scalar=64";
    class       volScalarField;
    location    "0.25";
    object      p;
}
// * * * * * * * * * * * * * * * * * * * * * * * * * * * * * * * * * * * * * //

dimensions      [1 -1 -2 0 0 0 0];

internalField   nonuniform List<scalar> 
6400
(
9555.99
9555.99
9555.99
9555.99
9555.99
9555.99
9556
9556
9556.01
9556.01
9556.02
9556.02
9556.03
9556.04
9556.04
9556.05
9556.06
9556.07
9556.08
9556.09
9556.1
9556.11
9556.12
9556.13
9556.14
9556.15
9556.16
9556.17
9556.18
9556.19
9556.2
9556.21
9556.21
9556.22
9556.23
9556.23
9556.24
9556.24
9556.25
9556.25
9556.25
9556.25
9556.25
9556.25
9556.25
9556.25
9556.25
9556.24
9556.24
9556.23
9556.23
9556.22
9556.21
9556.21
9556.2
9556.19
9556.19
9556.18
9556.17
9556.16
9556.16
9556.15
9556.14
9556.13
9556.13
9556.12
9556.12
9556.11
9556.11
9556.1
9556.1
9556.09
9556.09
9556.09
9556.09
9556.08
9556.08
9556.08
9556.08
9556.08
9065.48
9065.49
9065.49
9065.49
9065.49
9065.49
9065.5
9065.5
9065.51
9065.51
9065.52
9065.52
9065.53
9065.54
9065.54
9065.55
9065.56
9065.57
9065.58
9065.59
9065.6
9065.61
9065.62
9065.63
9065.64
9065.65
9065.66
9065.67
9065.68
9065.69
9065.7
9065.71
9065.72
9065.72
9065.73
9065.73
9065.74
9065.74
9065.75
9065.75
9065.75
9065.75
9065.75
9065.75
9065.75
9065.75
9065.75
9065.74
9065.74
9065.73
9065.73
9065.72
9065.71
9065.71
9065.7
9065.69
9065.69
9065.68
9065.67
9065.66
9065.66
9065.65
9065.64
9065.63
9065.63
9065.62
9065.62
9065.61
9065.61
9065.6
9065.6
9065.59
9065.59
9065.59
9065.59
9065.58
9065.58
9065.58
9065.58
9065.58
8574.98
8574.98
8574.99
8574.99
8574.99
8574.99
8575
8575
8575
8575.01
8575.01
8575.02
8575.03
8575.03
8575.04
8575.05
8575.06
8575.07
8575.08
8575.09
8575.1
8575.11
8575.12
8575.13
8575.14
8575.15
8575.16
8575.17
8575.18
8575.19
8575.2
8575.21
8575.22
8575.22
8575.23
8575.24
8575.24
8575.24
8575.25
8575.25
8575.25
8575.25
8575.25
8575.25
8575.25
8575.25
8575.25
8575.24
8575.24
8575.23
8575.23
8575.22
8575.22
8575.21
8575.2
8575.19
8575.19
8575.18
8575.17
8575.16
8575.16
8575.15
8575.14
8575.13
8575.13
8575.12
8575.12
8575.11
8575.11
8575.1
8575.1
8575.09
8575.09
8575.09
8575.08
8575.08
8575.08
8575.08
8575.08
8575.08
8084.48
8084.48
8084.48
8084.49
8084.49
8084.49
8084.49
8084.5
8084.5
8084.51
8084.51
8084.52
8084.53
8084.53
8084.54
8084.55
8084.56
8084.57
8084.58
8084.59
8084.6
8084.61
8084.62
8084.63
8084.64
8084.65
8084.66
8084.67
8084.68
8084.69
8084.7
8084.71
8084.72
8084.72
8084.73
8084.74
8084.74
8084.75
8084.75
8084.75
8084.75
8084.76
8084.76
8084.76
8084.75
8084.75
8084.75
8084.74
8084.74
8084.74
8084.73
8084.72
8084.72
8084.71
8084.7
8084.69
8084.69
8084.68
8084.67
8084.66
8084.66
8084.65
8084.64
8084.63
8084.63
8084.62
8084.62
8084.61
8084.6
8084.6
8084.6
8084.59
8084.59
8084.59
8084.58
8084.58
8084.58
8084.58
8084.58
8084.58
7593.98
7593.98
7593.98
7593.98
7593.99
7593.99
7593.99
7594
7594
7594.01
7594.01
7594.02
7594.02
7594.03
7594.04
7594.05
7594.06
7594.07
7594.08
7594.09
7594.1
7594.11
7594.12
7594.13
7594.14
7594.15
7594.16
7594.17
7594.18
7594.19
7594.2
7594.21
7594.22
7594.23
7594.23
7594.24
7594.24
7594.25
7594.25
7594.26
7594.26
7594.26
7594.26
7594.26
7594.26
7594.25
7594.25
7594.25
7594.24
7594.24
7594.23
7594.22
7594.22
7594.21
7594.2
7594.2
7594.19
7594.18
7594.17
7594.16
7594.16
7594.15
7594.14
7594.13
7594.13
7594.12
7594.11
7594.11
7594.1
7594.1
7594.1
7594.09
7594.09
7594.08
7594.08
7594.08
7594.08
7594.08
7594.08
7594.08
7103.48
7103.48
7103.48
7103.48
7103.48
7103.49
7103.49
7103.49
7103.5
7103.5
7103.51
7103.52
7103.52
7103.53
7103.54
7103.55
7103.56
7103.57
7103.58
7103.59
7103.6
7103.61
7103.62
7103.63
7103.64
7103.65
7103.66
7103.67
7103.68
7103.69
7103.7
7103.71
7103.72
7103.73
7103.73
7103.74
7103.75
7103.75
7103.76
7103.76
7103.76
7103.76
7103.76
7103.76
7103.76
7103.76
7103.75
7103.75
7103.74
7103.74
7103.73
7103.73
7103.72
7103.71
7103.7
7103.7
7103.69
7103.68
7103.67
7103.66
7103.66
7103.65
7103.64
7103.63
7103.63
7103.62
7103.61
7103.61
7103.6
7103.6
7103.59
7103.59
7103.59
7103.58
7103.58
7103.58
7103.58
7103.58
7103.57
7103.57
6612.97
6612.97
6612.97
6612.98
6612.98
6612.98
6612.99
6612.99
6613
6613
6613.01
6613.01
6613.02
6613.03
6613.04
6613.05
6613.05
6613.06
6613.07
6613.09
6613.1
6613.11
6613.12
6613.13
6613.14
6613.15
6613.16
6613.17
6613.18
6613.19
6613.2
6613.21
6613.22
6613.23
6613.24
6613.24
6613.25
6613.25
6613.26
6613.26
6613.26
6613.27
6613.27
6613.26
6613.26
6613.26
6613.26
6613.25
6613.25
6613.24
6613.24
6613.23
6613.22
6613.21
6613.21
6613.2
6613.19
6613.18
6613.17
6613.16
6613.16
6613.15
6613.14
6613.13
6613.13
6613.12
6613.11
6613.11
6613.1
6613.1
6613.09
6613.09
6613.08
6613.08
6613.08
6613.08
6613.07
6613.07
6613.07
6613.07
6122.47
6122.47
6122.47
6122.47
6122.48
6122.48
6122.48
6122.49
6122.49
6122.5
6122.5
6122.51
6122.52
6122.53
6122.53
6122.54
6122.55
6122.56
6122.57
6122.58
6122.59
6122.61
6122.62
6122.63
6122.64
6122.65
6122.66
6122.67
6122.69
6122.7
6122.71
6122.72
6122.72
6122.73
6122.74
6122.75
6122.75
6122.76
6122.76
6122.77
6122.77
6122.77
6122.77
6122.77
6122.77
6122.76
6122.76
6122.76
6122.75
6122.75
6122.74
6122.73
6122.72
6122.72
6122.71
6122.7
6122.69
6122.68
6122.67
6122.67
6122.66
6122.65
6122.64
6122.63
6122.63
6122.62
6122.61
6122.61
6122.6
6122.59
6122.59
6122.58
6122.58
6122.58
6122.57
6122.57
6122.57
6122.57
6122.57
6122.57
5631.96
5631.96
5631.97
5631.97
5631.97
5631.97
5631.98
5631.98
5631.99
5631.99
5632
5632.01
5632.01
5632.02
5632.03
5632.04
5632.05
5632.06
5632.07
5632.08
5632.09
5632.1
5632.12
5632.13
5632.14
5632.15
5632.16
5632.18
5632.19
5632.2
5632.21
5632.22
5632.23
5632.24
5632.24
5632.25
5632.26
5632.26
5632.27
5632.27
5632.27
5632.27
5632.28
5632.27
5632.27
5632.27
5632.27
5632.26
5632.26
5632.25
5632.24
5632.23
5632.23
5632.22
5632.21
5632.2
5632.19
5632.18
5632.17
5632.17
5632.16
5632.15
5632.14
5632.13
5632.12
5632.12
5632.11
5632.1
5632.1
5632.09
5632.09
5632.08
5632.08
5632.07
5632.07
5632.07
5632.07
5632.06
5632.06
5632.06
5141.46
5141.46
5141.46
5141.46
5141.47
5141.47
5141.47
5141.48
5141.48
5141.49
5141.49
5141.5
5141.51
5141.52
5141.53
5141.54
5141.55
5141.56
5141.57
5141.58
5141.59
5141.6
5141.62
5141.63
5141.64
5141.65
5141.67
5141.68
5141.69
5141.7
5141.71
5141.72
5141.73
5141.74
5141.75
5141.76
5141.76
5141.77
5141.77
5141.78
5141.78
5141.78
5141.78
5141.78
5141.78
5141.77
5141.77
5141.77
5141.76
5141.75
5141.75
5141.74
5141.73
5141.72
5141.71
5141.7
5141.69
5141.68
5141.68
5141.67
5141.66
5141.65
5141.64
5141.63
5141.62
5141.62
5141.61
5141.6
5141.59
5141.59
5141.58
5141.58
5141.57
5141.57
5141.57
5141.56
5141.56
5141.56
5141.56
5141.56
4650.95
4650.95
4650.95
4650.96
4650.96
4650.96
4650.97
4650.97
4650.98
4650.98
4650.99
4651
4651
4651.01
4651.02
4651.03
4651.04
4651.05
4651.06
4651.08
4651.09
4651.1
4651.11
4651.13
4651.14
4651.15
4651.17
4651.18
4651.19
4651.2
4651.22
4651.23
4651.24
4651.25
4651.26
4651.26
4651.27
4651.28
4651.28
4651.28
4651.29
4651.29
4651.29
4651.29
4651.28
4651.28
4651.28
4651.27
4651.27
4651.26
4651.25
4651.24
4651.23
4651.22
4651.22
4651.21
4651.2
4651.19
4651.18
4651.17
4651.16
4651.15
4651.14
4651.13
4651.12
4651.11
4651.1
4651.1
4651.09
4651.08
4651.08
4651.07
4651.07
4651.07
4651.06
4651.06
4651.06
4651.06
4651.05
4651.05
4160.44
4160.45
4160.45
4160.45
4160.45
4160.46
4160.46
4160.46
4160.47
4160.48
4160.48
4160.49
4160.5
4160.51
4160.52
4160.53
4160.54
4160.55
4160.56
4160.57
4160.59
4160.6
4160.61
4160.63
4160.64
4160.65
4160.67
4160.68
4160.69
4160.71
4160.72
4160.73
4160.74
4160.75
4160.76
4160.77
4160.78
4160.78
4160.79
4160.79
4160.79
4160.8
4160.8
4160.79
4160.79
4160.79
4160.78
4160.78
4160.77
4160.76
4160.76
4160.75
4160.74
4160.73
4160.72
4160.71
4160.7
4160.69
4160.68
4160.67
4160.66
4160.65
4160.64
4160.63
4160.62
4160.61
4160.6
4160.59
4160.59
4160.58
4160.57
4160.57
4160.56
4160.56
4160.56
4160.55
4160.55
4160.55
4160.55
4160.55
3669.94
3669.94
3669.94
3669.94
3669.94
3669.95
3669.95
3669.96
3669.96
3669.97
3669.98
3669.98
3669.99
3670
3670.01
3670.02
3670.03
3670.05
3670.06
3670.07
3670.08
3670.1
3670.11
3670.13
3670.14
3670.16
3670.17
3670.18
3670.2
3670.21
3670.22
3670.24
3670.25
3670.26
3670.27
3670.28
3670.28
3670.29
3670.3
3670.3
3670.3
3670.3
3670.3
3670.3
3670.3
3670.3
3670.29
3670.29
3670.28
3670.27
3670.26
3670.25
3670.24
3670.23
3670.22
3670.21
3670.2
3670.19
3670.18
3670.17
3670.16
3670.15
3670.13
3670.13
3670.12
3670.11
3670.1
3670.09
3670.08
3670.08
3670.07
3670.06
3670.06
3670.05
3670.05
3670.05
3670.04
3670.04
3670.04
3670.04
3179.43
3179.43
3179.43
3179.43
3179.43
3179.44
3179.44
3179.45
3179.45
3179.46
3179.47
3179.48
3179.49
3179.5
3179.51
3179.52
3179.53
3179.54
3179.55
3179.57
3179.58
3179.6
3179.61
3179.63
3179.64
3179.66
3179.67
3179.69
3179.7
3179.72
3179.73
3179.74
3179.75
3179.77
3179.78
3179.79
3179.79
3179.8
3179.81
3179.81
3179.81
3179.81
3179.81
3179.81
3179.81
3179.81
3179.8
3179.79
3179.79
3179.78
3179.77
3179.76
3179.75
3179.74
3179.73
3179.71
3179.7
3179.69
3179.68
3179.67
3179.65
3179.64
3179.63
3179.62
3179.61
3179.6
3179.59
3179.59
3179.58
3179.57
3179.56
3179.56
3179.55
3179.55
3179.54
3179.54
3179.54
3179.54
3179.53
3179.53
2688.92
2688.92
2688.92
2688.92
2688.92
2688.93
2688.93
2688.94
2688.95
2688.95
2688.96
2688.97
2688.98
2688.99
2689
2689.01
2689.02
2689.04
2689.05
2689.06
2689.08
2689.09
2689.11
2689.13
2689.14
2689.16
2689.17
2689.19
2689.2
2689.22
2689.23
2689.25
2689.26
2689.27
2689.29
2689.3
2689.3
2689.31
2689.32
2689.32
2689.32
2689.33
2689.33
2689.32
2689.32
2689.32
2689.31
2689.3
2689.3
2689.29
2689.28
2689.27
2689.25
2689.24
2689.23
2689.22
2689.2
2689.19
2689.18
2689.17
2689.15
2689.14
2689.13
2689.12
2689.11
2689.1
2689.09
2689.08
2689.07
2689.06
2689.06
2689.05
2689.04
2689.04
2689.04
2689.03
2689.03
2689.03
2689.03
2689.03
2198.41
2198.41
2198.41
2198.41
2198.41
2198.42
2198.42
2198.43
2198.43
2198.44
2198.45
2198.46
2198.47
2198.48
2198.49
2198.5
2198.52
2198.53
2198.54
2198.56
2198.57
2198.59
2198.61
2198.62
2198.64
2198.66
2198.68
2198.69
2198.71
2198.73
2198.74
2198.76
2198.77
2198.78
2198.8
2198.81
2198.82
2198.82
2198.83
2198.83
2198.84
2198.84
2198.84
2198.84
2198.83
2198.83
2198.82
2198.81
2198.8
2198.79
2198.78
2198.77
2198.76
2198.75
2198.73
2198.72
2198.71
2198.69
2198.68
2198.67
2198.65
2198.64
2198.63
2198.62
2198.6
2198.59
2198.58
2198.57
2198.57
2198.56
2198.55
2198.54
2198.54
2198.53
2198.53
2198.52
2198.52
2198.52
2198.52
2198.52
1707.89
1707.89
1707.9
1707.9
1707.9
1707.91
1707.91
1707.92
1707.92
1707.93
1707.94
1707.95
1707.96
1707.97
1707.98
1707.99
1708.01
1708.02
1708.04
1708.05
1708.07
1708.09
1708.11
1708.12
1708.14
1708.16
1708.18
1708.2
1708.21
1708.23
1708.25
1708.26
1708.28
1708.29
1708.31
1708.32
1708.33
1708.34
1708.34
1708.35
1708.35
1708.35
1708.35
1708.35
1708.35
1708.34
1708.33
1708.33
1708.32
1708.3
1708.29
1708.28
1708.27
1708.25
1708.24
1708.22
1708.21
1708.19
1708.18
1708.17
1708.15
1708.14
1708.12
1708.11
1708.1
1708.09
1708.08
1708.07
1708.06
1708.05
1708.04
1708.03
1708.03
1708.02
1708.02
1708.01
1708.01
1708.01
1708.01
1708.01
1217.38
1217.38
1217.38
1217.39
1217.39
1217.39
1217.4
1217.4
1217.41
1217.42
1217.43
1217.44
1217.45
1217.46
1217.47
1217.49
1217.5
1217.52
1217.53
1217.55
1217.57
1217.58
1217.6
1217.62
1217.64
1217.66
1217.68
1217.7
1217.72
1217.74
1217.76
1217.77
1217.79
1217.81
1217.82
1217.83
1217.84
1217.85
1217.86
1217.87
1217.87
1217.87
1217.87
1217.87
1217.86
1217.86
1217.85
1217.84
1217.83
1217.82
1217.8
1217.79
1217.77
1217.76
1217.74
1217.73
1217.71
1217.7
1217.68
1217.66
1217.65
1217.63
1217.62
1217.61
1217.59
1217.58
1217.57
1217.56
1217.55
1217.54
1217.53
1217.52
1217.52
1217.51
1217.51
1217.5
1217.5
1217.5
1217.5
1217.49
726.866
726.867
726.869
726.871
726.875
726.879
726.885
726.891
726.898
726.907
726.916
726.926
726.938
726.95
726.963
726.977
726.992
727.008
727.025
727.042
727.061
727.08
727.1
727.12
727.14
727.161
727.182
727.203
727.223
727.244
727.264
727.283
727.301
727.318
727.334
727.347
727.359
727.37
727.378
727.383
727.387
727.388
727.388
727.384
727.379
727.372
727.363
727.353
727.34
727.327
727.312
727.297
727.281
727.264
727.248
727.231
727.214
727.197
727.18
727.163
727.147
727.131
727.116
727.102
727.088
727.075
727.063
727.052
727.041
727.032
727.023
727.015
727.008
727.002
726.996
726.992
726.988
726.986
726.984
726.983
236.347
236.348
236.35
236.353
236.356
236.361
236.367
236.374
236.381
236.39
236.4
236.411
236.423
236.436
236.45
236.465
236.481
236.498
236.516
236.535
236.554
236.575
236.598
236.621
236.645
236.67
236.695
236.72
236.745
236.769
236.793
236.816
236.838
236.859
236.878
236.894
236.909
236.921
236.931
236.937
236.941
236.943
236.941
236.936
236.929
236.92
236.908
236.894
236.879
236.862
236.843
236.824
236.804
236.783
236.762
236.742
236.721
236.7
236.68
236.661
236.643
236.626
236.61
236.595
236.58
236.566
236.553
236.541
236.529
236.519
236.509
236.501
236.493
236.486
236.481
236.476
236.473
236.47
236.468
236.467
-9.16866
-9.16764
-9.1655
-9.16257
-9.15862
-9.15354
-9.1473
-9.13994
-9.13145
-9.12182
-9.11105
-9.09913
-9.08607
-9.0719
-9.05663
-9.04027
-9.02284
-9.00434
-8.98475
-8.96408
-8.94233
-8.91951
-8.89547
-8.87032
-8.84438
-8.81791
-8.79113
-8.76424
-8.73747
-8.71108
-8.68534
-8.66056
-8.63706
-8.61514
-8.5951
-8.57721
-8.56173
-8.54888
-8.53885
-8.53179
-8.52779
-8.52688
-8.52901
-8.53407
-8.5419
-8.55235
-8.56521
-8.58027
-8.59732
-8.61608
-8.63618
-8.65733
-8.67928
-8.7017
-8.72441
-8.74723
-8.76988
-8.7922
-8.81384
-8.83432
-8.85407
-8.87292
-8.89091
-8.90802
-8.92418
-8.9395
-8.95394
-8.9674
-8.97992
-8.99145
-9.00191
-9.01132
-9.01963
-9.02678
-9.03283
-9.0379
-9.04197
-9.04499
-9.04692
-9.04789
-9.6818
-9.6809
-9.67858
-9.67527
-9.67092
-9.66541
-9.65868
-9.65073
-9.64154
-9.63112
-9.61946
-9.60657
-9.59244
-9.57711
-9.56057
-9.54286
-9.52396
-9.50388
-9.48262
-9.46023
-9.43678
-9.41239
-9.38733
-9.36167
-9.33542
-9.3087
-9.28167
-9.25452
-9.22747
-9.20077
-9.17472
-9.14963
-9.12581
-9.10359
-9.08326
-9.06512
-9.04941
-9.03637
-9.0262
-9.01906
-9.01503
-9.01414
-9.01634
-9.02152
-9.02951
-9.04018
-9.05332
-9.06868
-9.08603
-9.10512
-9.12554
-9.14694
-9.16912
-9.19181
-9.21478
-9.23789
-9.26082
-9.28347
-9.3058
-9.3276
-9.34891
-9.36946
-9.38914
-9.40785
-9.4255
-9.44221
-9.45798
-9.47268
-9.4863
-9.49881
-9.51014
-9.5203
-9.52931
-9.53714
-9.54379
-9.54932
-9.55377
-9.55713
-9.55933
-9.56025
-10.1742
-10.1733
-10.1712
-10.1679
-10.1635
-10.158
-10.1513
-10.1433
-10.1342
-10.1238
-10.1122
-10.0994
-10.0853
-10.07
-10.0535
-10.0358
-10.0169
-9.99676
-9.97544
-9.95297
-9.92942
-9.90491
-9.8796
-9.85359
-9.82697
-9.79986
-9.7724
-9.74479
-9.71723
-9.69
-9.66337
-9.63769
-9.61328
-9.59049
-9.56963
-9.551
-9.53486
-9.52146
-9.51099
-9.50365
-9.49952
-9.49865
-9.501
-9.50645
-9.51483
-9.52594
-9.5396
-9.55554
-9.57345
-9.59305
-9.61401
-9.63593
-9.65858
-9.68175
-9.70519
-9.72874
-9.75212
-9.77513
-9.79773
-9.81981
-9.84127
-9.86186
-9.8816
-9.90036
-9.91807
-9.93483
-9.9506
-9.96525
-9.97881
-9.9913
-10.0026
-10.0128
-10.0218
-10.0296
-10.0362
-10.0418
-10.0462
-10.0495
-10.0518
-10.0528
-10.6679
-10.6669
-10.6648
-10.6616
-10.6572
-10.6517
-10.645
-10.6372
-10.6281
-10.6178
-10.6062
-10.5934
-10.5794
-10.5642
-10.5477
-10.5299
-10.511
-10.4908
-10.4693
-10.4467
-10.423
-10.3982
-10.3726
-10.3461
-10.319
-10.2914
-10.2633
-10.235
-10.2067
-10.1786
-10.1511
-10.1245
-10.0992
-10.0756
-10.0539
-10.0345
-10.0177
-10.0036
-9.99271
-9.98504
-9.98079
-9.97999
-9.9826
-9.98849
-9.99745
-10.0093
-10.0237
-10.0405
-10.0592
-10.0796
-10.1014
-10.1242
-10.1476
-10.1715
-10.1956
-10.2198
-10.2437
-10.2672
-10.2902
-10.3126
-10.3343
-10.3552
-10.375
-10.3939
-10.4117
-10.4285
-10.4443
-10.459
-10.4725
-10.485
-10.4963
-10.5064
-10.5154
-10.5232
-10.5299
-10.5354
-10.5398
-10.5431
-10.5453
-10.5464
-11.1629
-11.1618
-11.1597
-11.1565
-11.1522
-11.1467
-11.14
-11.1322
-11.1232
-11.1129
-11.1015
-11.0887
-11.0748
-11.0595
-11.043
-11.0253
-11.0063
-10.9859
-10.9644
-10.9416
-10.9176
-10.8925
-10.8664
-10.8394
-10.8117
-10.7833
-10.7544
-10.7252
-10.6958
-10.6666
-10.638
-10.6102
-10.5837
-10.5588
-10.536
-10.5155
-10.4976
-10.4828
-10.4712
-10.4631
-10.4587
-10.458
-10.461
-10.4675
-10.4773
-10.49
-10.5055
-10.5234
-10.5433
-10.5649
-10.5878
-10.6117
-10.6362
-10.661
-10.6861
-10.711
-10.7356
-10.7597
-10.7833
-10.8061
-10.8281
-10.8493
-10.8694
-10.8884
-10.9064
-10.9234
-10.9392
-10.9539
-10.9674
-10.9798
-10.9911
-11.0012
-11.0101
-11.0179
-11.0246
-11.0302
-11.0346
-11.0379
-11.04
-11.0411
-11.659
-11.6579
-11.6558
-11.6526
-11.6483
-11.6429
-11.6363
-11.6285
-11.6195
-11.6093
-11.5979
-11.5852
-11.5713
-11.5561
-11.5396
-11.5218
-11.5027
-11.4823
-11.4606
-11.4375
-11.4132
-11.3877
-11.3611
-11.3335
-11.305
-11.2757
-11.2458
-11.2154
-11.1848
-11.1542
-11.1241
-11.0947
-11.0666
-11.0402
-11.0158
-10.9938
-10.9746
-10.9586
-10.9461
-10.9375
-10.933
-10.9325
-10.936
-10.9432
-10.954
-10.968
-10.9849
-11.0043
-11.0258
-11.0489
-11.0733
-11.0986
-11.1244
-11.1505
-11.1766
-11.2026
-11.228
-11.2529
-11.277
-11.3005
-11.3229
-11.3444
-11.3648
-11.3841
-11.4022
-11.4193
-11.4352
-11.4498
-11.4634
-11.4759
-11.4871
-11.4972
-11.5062
-11.5139
-11.5206
-11.5261
-11.5305
-11.5337
-11.5359
-11.5369
-12.1562
-12.1551
-12.153
-12.1499
-12.1456
-12.1403
-12.1337
-12.126
-12.1171
-12.1069
-12.0956
-12.0829
-12.0691
-12.0539
-12.0374
-12.0196
-12.0005
-11.9799
-11.958
-11.9347
-11.91
-11.884
-11.8568
-11.8285
-11.7991
-11.7688
-11.7377
-11.7059
-11.6737
-11.6414
-11.6094
-11.5782
-11.5481
-11.5196
-11.4931
-11.4692
-11.4483
-11.4308
-11.4173
-11.408
-11.4033
-11.403
-11.4071
-11.4154
-11.4275
-11.4431
-11.4618
-11.4831
-11.5065
-11.5316
-11.5579
-11.5849
-11.6124
-11.64
-11.6675
-11.6946
-11.721
-11.7468
-11.7717
-11.7957
-11.8187
-11.8405
-11.8612
-11.8808
-11.8992
-11.9164
-11.9323
-11.9471
-11.9606
-11.9731
-11.9843
-11.9944
-12.0034
-12.0111
-12.0177
-12.0232
-12.0276
-12.0308
-12.0329
-12.0339
-12.6546
-12.6535
-12.6515
-12.6484
-12.6442
-12.6389
-12.6324
-12.6247
-12.6158
-12.6057
-12.5944
-12.5819
-12.5681
-12.5529
-12.5365
-12.5187
-12.4995
-12.4789
-12.4567
-12.4331
-12.4081
-12.3816
-12.3537
-12.3246
-12.2942
-12.2627
-12.2302
-12.1967
-12.1627
-12.1284
-12.0942
-12.0606
-12.0279
-11.9969
-11.9679
-11.9415
-11.9184
-11.8992
-11.8842
-11.8741
-11.869
-11.869
-11.8739
-11.8836
-11.8974
-11.9151
-11.9361
-11.9598
-11.9857
-12.0131
-12.0416
-12.0708
-12.1003
-12.1297
-12.1587
-12.1872
-12.2148
-12.2416
-12.2673
-12.292
-12.3156
-12.3379
-12.3589
-12.3787
-12.3972
-12.4146
-12.4307
-12.4455
-12.4591
-12.4715
-12.4828
-12.4928
-12.5017
-12.5095
-12.516
-12.5214
-12.5257
-12.5289
-12.531
-12.5321
-13.1541
-13.1531
-13.1511
-13.148
-13.1439
-13.1386
-13.1322
-13.1246
-13.1158
-13.1058
-13.0946
-13.0821
-13.0684
-13.0533
-13.037
-13.0192
-13
-12.9792
-12.9569
-12.933
-12.9075
-12.8805
-12.852
-12.8219
-12.7904
-12.7576
-12.7234
-12.6882
-12.652
-12.6153
-12.5784
-12.5419
-12.5062
-12.472
-12.4398
-12.4105
-12.3847
-12.3631
-12.3464
-12.3351
-12.3296
-12.33
-12.336
-12.3473
-12.3635
-12.3838
-12.4076
-12.4343
-12.4631
-12.4934
-12.5247
-12.5564
-12.5882
-12.6197
-12.6505
-12.6805
-12.7095
-12.7374
-12.7641
-12.7895
-12.8135
-12.8364
-12.8579
-12.878
-12.8968
-12.9142
-12.9303
-12.9451
-12.9587
-12.9711
-12.9823
-12.9923
-13.0011
-13.0088
-13.0153
-13.0207
-13.025
-13.0282
-13.0303
-13.0313
-13.6548
-13.6538
-13.6518
-13.6488
-13.6447
-13.6395
-13.6332
-13.6257
-13.617
-13.6071
-13.596
-13.5837
-13.5701
-13.5551
-13.5389
-13.5212
-13.5019
-13.4811
-13.4586
-13.4344
-13.4086
-13.381
-13.3517
-13.3207
-13.288
-13.2537
-13.2178
-13.1804
-13.1418
-13.1023
-13.0623
-13.0223
-12.9829
-12.9448
-12.9088
-12.8757
-12.8464
-12.8219
-12.803
-12.7903
-12.7844
-12.7852
-12.7926
-12.806
-12.825
-12.8486
-12.876
-12.9063
-12.9388
-12.9727
-13.0073
-13.0419
-13.0764
-13.1103
-13.1432
-13.1749
-13.2052
-13.2343
-13.2621
-13.2885
-13.3132
-13.3364
-13.3582
-13.3785
-13.3975
-13.415
-13.4311
-13.4459
-13.4595
-13.4719
-13.483
-13.493
-13.5017
-13.5093
-13.5157
-13.5212
-13.5254
-13.5285
-13.5306
-13.5317
-14.1565
-14.1556
-14.1536
-14.1506
-14.1466
-14.1415
-14.1353
-14.1279
-14.1194
-14.1097
-14.0987
-14.0866
-14.0732
-14.0584
-14.0423
-14.0247
-14.0055
-13.9846
-13.962
-13.9375
-13.9113
-13.8831
-13.8531
-13.8211
-13.7872
-13.7513
-13.7135
-13.6738
-13.6324
-13.5897
-13.546
-13.5019
-13.4581
-13.4153
-13.3745
-13.3367
-13.3031
-13.2749
-13.2531
-13.2387
-13.2321
-13.2335
-13.2427
-13.2589
-13.2813
-13.3091
-13.341
-13.376
-13.4129
-13.4509
-13.4894
-13.5277
-13.5652
-13.6016
-13.6368
-13.6705
-13.7026
-13.7329
-13.7616
-13.7886
-13.814
-13.8378
-13.86
-13.8805
-13.8996
-13.9173
-13.9334
-13.9482
-13.9618
-13.974
-13.985
-13.9948
-14.0035
-14.011
-14.0174
-14.0227
-14.0269
-14.03
-14.0321
-14.0332
-14.6593
-14.6584
-14.6564
-14.6535
-14.6496
-14.6446
-14.6385
-14.6313
-14.623
-14.6135
-14.6028
-14.5909
-14.5777
-14.5632
-14.5472
-14.5297
-14.5106
-14.4898
-14.4671
-14.4425
-14.4159
-14.3872
-14.3565
-14.3235
-14.2883
-14.2508
-14.2109
-14.1687
-14.1243
-14.0779
-14.03
-13.9811
-13.9319
-13.8834
-13.8367
-13.793
-13.754
-13.721
-13.6956
-13.6788
-13.6715
-13.6737
-13.6851
-13.7049
-13.732
-13.7649
-13.8024
-13.843
-13.8854
-13.9284
-13.9714
-14.0138
-14.0549
-14.0943
-14.1319
-14.1676
-14.2012
-14.233
-14.2628
-14.2907
-14.3167
-14.3409
-14.3633
-14.3841
-14.4033
-14.421
-14.4371
-14.4518
-14.4651
-14.4772
-14.4881
-14.4978
-14.5064
-14.5138
-14.5201
-14.5253
-14.5295
-14.5326
-14.5347
-14.5357
-15.1631
-15.1621
-15.1603
-15.1574
-15.1536
-15.1487
-15.1429
-15.1359
-15.1279
-15.1186
-15.1082
-15.0966
-15.0837
-15.0694
-15.0537
-15.0364
-15.0175
-14.9967
-14.974
-14.9493
-14.9225
-14.8935
-14.8621
-14.8283
-14.7918
-14.7526
-14.7105
-14.6656
-14.6178
-14.5673
-14.5146
-14.4601
-14.4046
-14.3491
-14.2951
-14.2441
-14.1981
-14.1591
-14.1289
-14.1092
-14.1009
-14.1042
-14.1186
-14.1431
-14.176
-14.2155
-14.2598
-14.3072
-14.3562
-14.4053
-14.4537
-14.5006
-14.5457
-14.5885
-14.6288
-14.6667
-14.7021
-14.7352
-14.766
-14.7946
-14.8212
-14.8457
-14.8684
-14.8893
-14.9084
-14.926
-14.9421
-14.9566
-14.9699
-14.9818
-14.9926
-15.0021
-15.0105
-15.0177
-15.0239
-15.0291
-15.0332
-15.0363
-15.0384
-15.0393
-15.6678
-15.6669
-15.6651
-15.6623
-15.6586
-15.654
-15.6483
-15.6417
-15.6339
-15.625
-15.6149
-15.6036
-15.5911
-15.5772
-15.5617
-15.5448
-15.526
-15.5055
-15.483
-15.4584
-15.4315
-15.4022
-15.3703
-15.3356
-15.298
-15.2571
-15.2128
-15.165
-15.1136
-15.0586
-15.0004
-14.9394
-14.8765
-14.8127
-14.7496
-14.6895
-14.6346
-14.5877
-14.5513
-14.5277
-14.5183
-14.5232
-14.5417
-14.5722
-14.6126
-14.6604
-14.7132
-14.7689
-14.8256
-14.8818
-14.9364
-14.9888
-15.0382
-15.0846
-15.1279
-15.1681
-15.2052
-15.2396
-15.2714
-15.3007
-15.3277
-15.3524
-15.3752
-15.3961
-15.4152
-15.4326
-15.4486
-15.4631
-15.4761
-15.4878
-15.4983
-15.5077
-15.5158
-15.5229
-15.529
-15.534
-15.538
-15.541
-15.543
-15.5439
-16.1735
-16.1726
-16.1709
-16.1682
-16.1647
-16.1603
-16.1549
-16.1485
-16.1411
-16.1326
-16.1229
-16.112
-16.0999
-16.0864
-16.0714
-16.0548
-16.0364
-16.0162
-15.9941
-15.9697
-15.9429
-15.9135
-15.8813
-15.846
-15.8072
-15.7648
-15.7183
-15.6676
-15.6124
-15.5526
-15.4883
-15.42
-15.3483
-15.2745
-15.2004
-15.1287
-15.0624
-15.0052
-14.9607
-14.9321
-14.9213
-14.9285
-14.9527
-14.9913
-15.0414
-15.0997
-15.163
-15.2286
-15.2944
-15.3587
-15.4204
-15.4786
-15.533
-15.5833
-15.6296
-15.6721
-15.711
-15.7466
-15.7793
-15.8091
-15.8363
-15.8611
-15.8839
-15.9047
-15.9238
-15.941
-15.9566
-15.9709
-15.9836
-15.995
-16.0052
-16.0143
-16.0223
-16.0292
-16.0351
-16.0401
-16.0439
-16.0467
-16.0486
-16.0495
-16.6801
-16.6792
-16.6776
-16.6751
-16.6718
-16.6676
-16.6625
-16.6565
-16.6494
-16.6413
-16.6321
-16.6217
-16.61
-16.597
-16.5826
-16.5665
-16.5487
-16.529
-16.5073
-16.4834
-16.457
-16.4278
-16.3955
-16.3597
-16.3201
-16.2762
-16.2277
-16.1742
-16.1151
-16.0502
-15.9794
-15.9028
-15.8211
-15.7355
-15.648
-15.5617
-15.4807
-15.41
-15.3546
-15.3193
-15.3068
-15.3176
-15.3497
-15.3996
-15.4626
-15.534
-15.6101
-15.6874
-15.7637
-15.8371
-15.9064
-15.9711
-16.0307
-16.085
-16.1345
-16.1793
-16.2199
-16.2565
-16.2898
-16.3199
-16.3472
-16.3721
-16.3947
-16.4153
-16.434
-16.451
-16.4662
-16.48
-16.4924
-16.5035
-16.5134
-16.5222
-16.5299
-16.5367
-16.5423
-16.547
-16.5507
-16.5534
-16.5552
-16.556
-17.1876
-17.1868
-17.1852
-17.1829
-17.1798
-17.1759
-17.1711
-17.1654
-17.1588
-17.1511
-17.1424
-17.1326
-17.1215
-17.1091
-17.0953
-17.0799
-17.0629
-17.0439
-17.0229
-16.9996
-16.9738
-16.945
-16.9129
-16.8771
-16.8369
-16.792
-16.7416
-16.6853
-16.6227
-16.5527
-16.4751
-16.3897
-16.2967
-16.1972
-16.0935
-15.989
-15.889
-15.8001
-15.7299
-15.6853
-15.6708
-15.687
-15.7308
-15.7963
-15.8765
-15.9651
-16.0566
-16.1476
-16.2355
-16.3186
-16.3961
-16.4674
-16.5323
-16.5907
-16.6432
-16.6902
-16.7322
-16.7696
-16.8033
-16.8336
-16.8608
-16.8854
-16.9077
-16.9279
-16.9461
-16.9625
-16.9773
-16.9906
-17.0025
-17.0133
-17.0229
-17.0313
-17.0387
-17.0451
-17.0505
-17.0549
-17.0584
-17.061
-17.0627
-17.0636
-17.6959
-17.6952
-17.6938
-17.6916
-17.6888
-17.6851
-17.6807
-17.6753
-17.6691
-17.662
-17.6539
-17.6447
-17.6343
-17.6227
-17.6096
-17.5951
-17.5789
-17.5609
-17.5408
-17.5185
-17.4935
-17.4655
-17.434
-17.3984
-17.3582
-17.3127
-17.261
-17.2026
-17.1367
-17.0618
-16.9774
-16.8827
-16.7775
-16.6624
-16.5394
-16.4123
-16.2874
-16.1736
-16.0822
-16.0242
-16.007
-16.0318
-16.0929
-16.1807
-16.2846
-16.3952
-16.5058
-16.6123
-16.7127
-16.8058
-16.8913
-16.969
-17.0388
-17.1011
-17.1564
-17.2052
-17.2483
-17.2864
-17.3202
-17.3503
-17.3771
-17.4012
-17.4229
-17.4424
-17.4599
-17.4757
-17.49
-17.5027
-17.5141
-17.5243
-17.5334
-17.5415
-17.5484
-17.5545
-17.5596
-17.5638
-17.5671
-17.5695
-17.5712
-17.572
-18.205
-18.2044
-18.2031
-18.2011
-18.1985
-18.1952
-18.1911
-18.1862
-18.1805
-18.1739
-18.1665
-18.158
-18.1484
-18.1376
-18.1255
-18.112
-18.0968
-18.0799
-18.061
-18.0398
-18.016
-17.9892
-17.9587
-17.924
-17.8843
-17.8388
-17.7866
-17.7266
-17.6577
-17.5791
-17.4886
-17.3851
-17.2674
-17.1353
-16.9899
-16.8348
-16.677
-16.5283
-16.4053
-16.3265
-16.3054
-16.3439
-16.4316
-16.552
-16.6886
-16.828
-16.9617
-17.0857
-17.199
-17.3017
-17.3944
-17.4777
-17.5515
-17.6171
-17.6747
-17.725
-17.7687
-17.8069
-17.8404
-17.8699
-17.896
-17.9193
-17.9401
-17.9589
-17.9756
-17.9907
-18.0042
-18.0162
-18.027
-18.0365
-18.0451
-18.0526
-18.0591
-18.0648
-18.0696
-18.0736
-18.0767
-18.079
-18.0805
-18.0812
-18.7149
-18.7143
-18.7131
-18.7114
-18.709
-18.706
-18.7023
-18.6979
-18.6927
-18.6868
-18.68
-18.6723
-18.6636
-18.6538
-18.6428
-18.6304
-18.6165
-18.6009
-18.5835
-18.5638
-18.5415
-18.5163
-18.4873
-18.454
-18.4155
-18.3709
-18.319
-18.2587
-18.1885
-18.1069
-18.0118
-17.9007
-17.7713
-17.622
-17.4518
-17.2628
-17.0615
-16.8625
-16.6903
-16.5775
-16.5501
-16.6115
-16.7413
-16.9098
-17.0914
-17.2682
-17.43
-17.5733
-17.6992
-17.81
-17.9079
-17.9946
-18.0719
-18.1398
-18.1988
-18.2497
-18.2935
-18.3312
-18.3639
-18.3925
-18.4176
-18.4399
-18.4597
-18.4774
-18.4932
-18.5072
-18.5198
-18.531
-18.541
-18.5499
-18.5578
-18.5647
-18.5708
-18.5761
-18.5806
-18.5842
-18.5871
-18.5892
-18.5906
-18.5912
-19.2254
-19.2249
-19.2238
-19.2223
-19.2202
-19.2175
-19.2142
-19.2103
-19.2058
-19.2005
-19.1945
-19.1877
-19.1799
-19.1712
-19.1614
-19.1503
-19.1379
-19.1239
-19.1081
-19.0902
-19.0699
-19.0466
-19.0197
-18.9885
-18.9521
-18.9092
-18.8589
-18.7995
-18.7296
-18.6473
-18.5502
-18.4343
-18.2961
-18.1312
-17.9356
-17.7071
-17.449
-17.1765
-16.9252
-16.7537
-16.7163
-16.8181
-17.0168
-17.2573
-17.5001
-17.7236
-17.9179
-18.0815
-18.2184
-18.3347
-18.4351
-18.5233
-18.6014
-18.6699
-18.7292
-18.7798
-18.8229
-18.8596
-18.8911
-18.9183
-18.942
-18.9629
-18.9813
-18.9977
-19.0123
-19.0253
-19.0367
-19.047
-19.0561
-19.0643
-19.0716
-19.078
-19.0835
-19.0883
-19.0923
-19.0956
-19.0982
-19.1001
-19.1014
-19.102
-19.7364
-19.736
-19.7351
-19.7338
-19.7319
-19.7296
-19.7268
-19.7235
-19.7196
-19.7151
-19.7098
-19.7039
-19.6973
-19.6897
-19.6812
-19.6716
-19.6608
-19.6486
-19.6348
-19.619
-19.601
-19.5802
-19.5559
-19.5274
-19.4938
-19.4538
-19.4063
-19.3498
-19.2824
-19.2022
-19.1061
-18.9911
-18.8495
-18.6746
-18.4569
-18.1866
-17.8575
-17.4788
-17.0968
-16.8165
-16.7642
-16.9424
-17.2575
-17.607
-17.9303
-18.2073
-18.4352
-18.6176
-18.7626
-18.8799
-18.9786
-19.0648
-19.1411
-19.2083
-19.2663
-19.3156
-19.3571
-19.3921
-19.4218
-19.4471
-19.469
-19.4881
-19.5049
-19.5197
-19.5329
-19.5446
-19.5549
-19.5641
-19.5724
-19.5798
-19.5863
-19.5921
-19.5971
-19.6013
-19.6048
-19.6077
-19.61
-19.6118
-19.6129
-19.6136
-20.248
-20.2476
-20.2469
-20.2457
-20.2442
-20.2423
-20.24
-20.2373
-20.234
-20.2303
-20.2259
-20.221
-20.2155
-20.2092
-20.2021
-20.1941
-20.1851
-20.1749
-20.1633
-20.15
-20.1346
-20.1166
-20.0955
-20.0705
-20.0405
-20.0045
-19.9613
-19.9094
-19.8474
-19.7733
-19.6839
-19.575
-19.4402
-19.2663
-19.0374
-18.7322
-18.3248
-17.7998
-17.1998
-16.7092
-16.6356
-16.9641
-17.4786
-17.9895
-18.413
-18.7425
-18.9963
-19.19
-19.3366
-19.4493
-19.5411
-19.6207
-19.6919
-19.7553
-19.8103
-19.857
-19.896
-19.9286
-19.9558
-19.9788
-19.9984
-20.0154
-20.0302
-20.0433
-20.0549
-20.0652
-20.0744
-20.0825
-20.0898
-20.0962
-20.102
-20.107
-20.1113
-20.115
-20.118
-20.1206
-20.1226
-20.1242
-20.1252
-20.1258
-20.76
-20.7597
-20.7591
-20.7582
-20.757
-20.7555
-20.7537
-20.7516
-20.749
-20.746
-20.7426
-20.7388
-20.7344
-20.7295
-20.7239
-20.7177
-20.7106
-20.7026
-20.6934
-20.6828
-20.6703
-20.6557
-20.6382
-20.6172
-20.5916
-20.5606
-20.5231
-20.4781
-20.4244
-20.3606
-20.2844
-20.1915
-20.0743
-19.9209
-19.704
-19.3915
-18.9241
-18.2218
-17.2684
-16.3836
-16.2918
-16.9031
-17.7438
-18.472
-18.9999
-19.3635
-19.6208
-19.8079
-19.9444
-20.0451
-20.1238
-20.1918
-20.2541
-20.3109
-20.361
-20.4038
-20.4393
-20.4686
-20.4928
-20.5129
-20.53
-20.5446
-20.5573
-20.5685
-20.5783
-20.5871
-20.5949
-20.6018
-20.608
-20.6135
-20.6183
-20.6226
-20.6262
-20.6293
-20.632
-20.6342
-20.6359
-20.6373
-20.6382
-20.6386
-21.2723
-21.2721
-21.2716
-21.271
-21.2701
-21.2691
-21.2678
-21.2662
-21.2644
-21.2623
-21.2598
-21.2571
-21.254
-21.2505
-21.2465
-21.2421
-21.2371
-21.2314
-21.2248
-21.217
-21.2079
-21.1968
-21.1834
-21.1669
-21.1464
-21.1214
-21.0909
-21.0545
-21.0119
-20.9628
-20.9064
-20.8399
-20.7567
-20.6433
-20.482
-20.2265
-19.7813
-18.9571
-17.5733
-15.9548
-15.9164
-16.9908
-18.257
-19.1938
-19.7674
-20.1076
-20.3272
-20.4791
-20.5891
-20.6674
-20.7264
-20.778
-20.8275
-20.8749
-20.918
-20.9554
-20.9864
-21.0117
-21.0324
-21.0494
-21.0635
-21.0755
-21.0858
-21.0949
-21.1029
-21.11
-21.1163
-21.1219
-21.1269
-21.1314
-21.1354
-21.1388
-21.1418
-21.1444
-21.1466
-21.1484
-21.1498
-21.1509
-21.1516
-21.1519
-21.7849
-21.7847
-21.7845
-21.7841
-21.7836
-21.7829
-21.7822
-21.7812
-21.7801
-21.7789
-21.7775
-21.7758
-21.774
-21.7719
-21.7696
-21.7671
-21.7643
-21.761
-21.7571
-21.7524
-21.7467
-21.7395
-21.7304
-21.7188
-21.704
-21.6855
-21.663
-21.6367
-21.6075
-21.5767
-21.5458
-21.5154
-21.4834
-21.443
-21.3819
-21.2891
-21.0713
-20.4218
-18.9068
-15.5711
-14.7822
-17.6545
-19.4942
-20.4202
-20.8095
-20.9919
-21.1213
-21.2049
-21.2675
-21.3125
-21.3458
-21.377
-21.4107
-21.4462
-21.4806
-21.5111
-21.5368
-21.5576
-21.5742
-21.5876
-21.5986
-21.6077
-21.6156
-21.6224
-21.6284
-21.6337
-21.6384
-21.6426
-21.6464
-21.6498
-21.6529
-21.6556
-21.6579
-21.66
-21.6616
-21.663
-21.6641
-21.6649
-21.6654
-21.6656
-22.2977
-22.2976
-22.2975
-22.2974
-22.2972
-22.297
-22.2967
-22.2964
-22.296
-22.2957
-22.2953
-22.2948
-22.2942
-22.2936
-22.293
-22.2924
-22.2918
-22.2909
-22.2899
-22.2884
-22.2863
-22.2832
-22.2786
-22.2721
-22.2632
-22.2517
-22.2376
-22.2221
-22.2074
-22.1969
-22.1948
-22.2063
-22.2374
-22.2948
-22.3866
-22.5796
-22.8928
-23.0781
-22.8991
-17.5555
-12.1343
-18.8326
-22.0461
-22.4575
-22.1838
-22.0156
-21.9908
-21.9705
-21.968
-21.9709
-21.9753
-21.9846
-22.0012
-22.0235
-22.0477
-22.0704
-22.0898
-22.1054
-22.1176
-22.1272
-22.1348
-22.1409
-22.1461
-22.1505
-22.1544
-22.1579
-22.1611
-22.1639
-22.1665
-22.1688
-22.1709
-22.1728
-22.1744
-22.1758
-22.177
-22.1779
-22.1787
-22.1792
-22.1795
-22.1797
-22.8105
-22.8105
-22.8106
-22.8107
-22.8109
-22.8111
-22.8113
-22.8116
-22.812
-22.8126
-22.8132
-22.8138
-22.8145
-22.8155
-22.8166
-22.8179
-22.8194
-22.821
-22.8228
-22.8246
-22.8261
-22.827
-22.827
-22.8258
-22.8229
-22.8183
-22.8127
-22.808
-22.8076
-22.8168
-22.8425
-22.8942
-22.9862
-23.1427
-23.3986
-23.9246
-24.9105
-26.3893
-27.6298
-23.9639
-18.9164
-23.5667
-25.8962
-24.9148
-23.7469
-23.113
-22.8814
-22.7441
-22.6705
-22.6294
-22.6055
-22.5946
-22.5952
-22.6044
-22.618
-22.6322
-22.6447
-22.6547
-22.6621
-22.6676
-22.6716
-22.6746
-22.677
-22.679
-22.6808
-22.6825
-22.6841
-22.6855
-22.6868
-22.6881
-22.6892
-22.6902
-22.6911
-22.6919
-22.6926
-22.6931
-22.6934
-22.6937
-22.6939
-22.694
-23.3234
-23.3235
-23.3237
-23.3241
-23.3245
-23.3251
-23.3258
-23.3268
-23.328
-23.3294
-23.3309
-23.3327
-23.3348
-23.3372
-23.34
-23.3431
-23.3467
-23.3509
-23.3555
-23.3604
-23.3654
-23.3704
-23.375
-23.379
-23.3819
-23.3841
-23.3866
-23.3919
-23.4043
-23.4301
-23.4779
-23.5584
-23.6891
-23.9013
-24.2393
-24.9041
-26.2342
-28.6124
-31.3422
-25.9988
-27.7085
-32.75
-28.8929
-26.4145
-24.8655
-24.0705
-23.6929
-23.4762
-23.3502
-23.2745
-23.228
-23.2009
-23.1883
-23.1859
-23.1894
-23.195
-23.2004
-23.2045
-23.207
-23.2082
-23.2086
-23.2084
-23.2081
-23.2078
-23.2075
-23.2073
-23.2072
-23.2073
-23.2073
-23.2075
-23.2076
-23.2078
-23.2079
-23.2081
-23.2083
-23.2084
-23.2084
-23.2085
-23.2085
-23.2086
-23.8361
-23.8363
-23.8367
-23.8373
-23.8381
-23.8391
-23.8403
-23.8419
-23.8437
-23.846
-23.8485
-23.8514
-23.8547
-23.8586
-23.8629
-23.8679
-23.8736
-23.8801
-23.8874
-23.8954
-23.9039
-23.9128
-23.9219
-23.9308
-23.9394
-23.9481
-23.9581
-23.9722
-23.9951
-24.0332
-24.0943
-24.1866
-24.3224
-24.5249
-24.8276
-25.3495
-26.3688
-28.9673
-33.1259
-29.6897
-37.2991
-34.4055
-28.95
-26.5779
-25.4182
-24.7272
-24.3483
-24.1275
-23.988
-23.8973
-23.8379
-23.8001
-23.7777
-23.7657
-23.7602
-23.7577
-23.756
-23.7541
-23.7516
-23.7486
-23.7453
-23.7421
-23.7391
-23.7363
-23.734
-23.732
-23.7304
-23.729
-23.7278
-23.7268
-23.726
-23.7253
-23.7248
-23.7244
-23.724
-23.7238
-23.7235
-23.7233
-23.7232
-23.7232
-24.3487
-24.349
-24.3496
-24.3504
-24.3515
-24.3528
-24.3546
-24.3567
-24.3592
-24.3622
-24.3656
-24.3696
-24.3742
-24.3794
-24.3853
-24.392
-24.3997
-24.4085
-24.4183
-24.4291
-24.4409
-24.4537
-24.467
-24.4807
-24.4947
-24.5096
-24.5265
-24.5484
-24.5797
-24.6261
-24.6924
-24.7811
-24.8917
-25.0258
-25.1927
-25.3891
-25.6718
-26.9123
-28.4093
-22.6239
-25.556
-27.9679
-27.05
-25.9396
-25.4632
-25.0932
-24.8584
-24.7037
-24.5861
-24.4991
-24.436
-24.392
-24.3623
-24.3425
-24.329
-24.319
-24.3106
-24.3029
-24.2954
-24.2883
-24.2815
-24.2752
-24.2695
-24.2645
-24.2602
-24.2564
-24.2532
-24.2504
-24.248
-24.246
-24.2442
-24.2428
-24.2416
-24.2406
-24.2398
-24.2392
-24.2386
-24.2382
-24.238
-24.2378
-24.8611
-24.8615
-24.8622
-24.8632
-24.8646
-24.8663
-24.8685
-24.8712
-24.8743
-24.878
-24.8823
-24.8873
-24.893
-24.8995
-24.9068
-24.9152
-24.9247
-24.9356
-24.9477
-24.9612
-24.9762
-24.9925
-25.0098
-25.0282
-25.0475
-25.0683
-25.0919
-25.121
-25.1597
-25.2121
-25.2799
-25.3582
-25.4314
-25.4738
-25.4796
-25.365
-24.8858
-23.7338
-20.6825
-26.1918
-19.55
-22.0347
-24.7601
-25.1367
-25.3238
-25.3286
-25.2975
-25.2388
-25.1604
-25.0871
-25.0261
-24.9786
-24.9429
-24.916
-24.8951
-24.878
-24.8633
-24.85
-24.8379
-24.8268
-24.8166
-24.8074
-24.7992
-24.792
-24.7857
-24.7802
-24.7755
-24.7714
-24.7679
-24.7648
-24.7623
-24.7601
-24.7583
-24.7567
-24.7555
-24.7544
-24.7536
-24.7529
-24.7525
-24.7523
-25.3732
-25.3736
-25.3745
-25.3757
-25.3773
-25.3795
-25.3821
-25.3853
-25.3889
-25.3932
-25.3983
-25.4043
-25.411
-25.4186
-25.4273
-25.4371
-25.4484
-25.4611
-25.4754
-25.4914
-25.5093
-25.5288
-25.55
-25.5727
-25.5972
-25.6239
-25.6541
-25.6908
-25.7373
-25.7966
-25.8677
-25.9411
-25.9907
-25.9684
-25.8704
-25.5721
-24.653
-22.8633
-22.1844
-33.3288
-27.8965
-24.9553
-24.1127
-24.8567
-25.3503
-25.6302
-25.761
-25.7784
-25.7329
-25.672
-25.6131
-25.5621
-25.5202
-25.4863
-25.4582
-25.4343
-25.4135
-25.395
-25.3784
-25.3635
-25.3502
-25.3382
-25.3277
-25.3184
-25.3103
-25.3032
-25.2971
-25.2918
-25.2873
-25.2833
-25.28
-25.2771
-25.2747
-25.2726
-25.2709
-25.2694
-25.2683
-25.2675
-25.2669
-25.2666
-25.8849
-25.8854
-25.8864
-25.8878
-25.8897
-25.8922
-25.8952
-25.8988
-25.9029
-25.9079
-25.9137
-25.9204
-25.928
-25.9367
-25.9465
-25.9577
-25.9704
-25.9848
-26.001
-26.0194
-26.0398
-26.0623
-26.087
-26.1139
-26.1432
-26.1757
-26.2129
-26.2578
-26.3137
-26.3833
-26.4645
-26.5471
-26.6066
-26.5907
-26.4906
-26.1332
-25.0938
-24.4342
-40.364
-55.7396
-59.4727
-46.4331
-25.896
-25.1627
-25.681
-26.1234
-26.327
-26.3674
-26.3255
-26.2642
-26.2013
-26.1438
-26.0945
-26.0529
-26.0175
-25.9871
-25.9605
-25.9372
-25.9165
-25.8981
-25.8818
-25.8674
-25.8547
-25.8436
-25.8339
-25.8254
-25.818
-25.8116
-25.8061
-25.8013
-25.7972
-25.7937
-25.7907
-25.7881
-25.7859
-25.7841
-25.7827
-25.7817
-25.781
-25.7807
-26.3962
-26.3968
-26.3978
-26.3994
-26.4015
-26.4043
-26.4077
-26.4116
-26.4163
-26.4217
-26.4282
-26.4356
-26.4439
-26.4535
-26.4644
-26.4768
-26.4907
-26.5065
-26.5244
-26.5447
-26.5674
-26.5925
-26.6203
-26.651
-26.6848
-26.7229
-26.7672
-26.8207
-26.8878
-26.9717
-27.0716
-27.1794
-27.2824
-27.3459
-27.354
-27.1418
-26.9497
-32.3838
-79.7363
-68.4769
-70.2895
-76.8838
-30.5173
-26.4235
-26.5976
-26.8833
-27.0438
-27.023
-26.9489
-26.8686
-26.7919
-26.7235
-26.6648
-26.6149
-26.5722
-26.5355
-26.5037
-26.4759
-26.4516
-26.4301
-26.4113
-26.3947
-26.3802
-26.3674
-26.3562
-26.3465
-26.338
-26.3306
-26.3242
-26.3187
-26.3139
-26.3098
-26.3062
-26.3031
-26.3006
-26.2985
-26.2969
-26.2957
-26.2949
-26.2945
-26.907
-26.9076
-26.9087
-26.9104
-26.9128
-26.9158
-26.9195
-26.9238
-26.9289
-26.9348
-26.9418
-26.9497
-26.9587
-26.9691
-26.9808
-26.9941
-27.0091
-27.0261
-27.0454
-27.0673
-27.0917
-27.119
-27.1495
-27.1834
-27.2213
-27.2644
-27.3151
-27.377
-27.4555
-27.556
-27.6813
-27.8289
-28.0024
-28.2067
-28.4029
-28.412
-29.1758
-41.8001
-71.3121
-63.1182
-62.0144
-64.1574
-38.6297
-27.7416
-27.6411
-27.8896
-27.8811
-27.7228
-27.596
-27.4813
-27.3821
-27.2988
-27.2291
-27.1706
-27.1211
-27.0788
-27.0423
-27.0108
-26.9833
-26.9593
-26.9383
-26.9199
-26.9038
-26.8896
-26.8772
-26.8664
-26.857
-26.8487
-26.8415
-26.8353
-26.8299
-26.8252
-26.8212
-26.8177
-26.8148
-26.8125
-26.8107
-26.8093
-26.8085
-26.8081
-27.4173
-27.4179
-27.4191
-27.4209
-27.4235
-27.4267
-27.4306
-27.4352
-27.4406
-27.447
-27.4543
-27.4627
-27.4723
-27.4833
-27.4957
-27.5096
-27.5254
-27.5434
-27.5638
-27.5868
-27.6127
-27.6418
-27.6743
-27.7107
-27.7519
-27.7993
-27.8552
-27.9242
-28.0125
-28.1279
-28.2779
-28.4697
-28.7194
-29.1069
-29.5574
-29.8425
-30.6442
-30.0561
-23.1647
-15.3495
-15.8514
-24.7014
-29.7804
-29.6881
-29.2374
-29.1914
-28.8009
-28.4561
-28.2512
-28.0917
-27.9649
-27.8656
-27.7851
-27.7187
-27.6632
-27.6162
-27.576
-27.5414
-27.5114
-27.4854
-27.4626
-27.4428
-27.4254
-27.4102
-27.3968
-27.385
-27.3748
-27.3658
-27.3579
-27.3511
-27.3452
-27.34
-27.3356
-27.3318
-27.3287
-27.3261
-27.3241
-27.3226
-27.3217
-27.3212
-27.927
-27.9276
-27.9288
-27.9308
-27.9335
-27.9368
-27.9409
-27.9458
-27.9515
-27.9582
-27.9659
-27.9746
-27.9846
-27.996
-28.0089
-28.0234
-28.0397
-28.0584
-28.0794
-28.1032
-28.1301
-28.1604
-28.1944
-28.2326
-28.2762
-28.3264
-28.3862
-28.4601
-28.555
-28.6798
-28.8463
-29.0706
-29.3836
-29.9129
-30.7919
-31.9842
-34.0083
-33.3427
-32.4866
-31.9724
-31.9422
-32.5651
-33.0938
-34.0363
-32.1088
-30.7399
-29.7039
-29.1692
-28.892
-28.6833
-28.5334
-28.42
-28.3305
-28.2579
-28.1977
-28.1472
-28.1043
-28.0674
-28.0357
-28.0082
-27.9842
-27.9633
-27.9449
-27.9288
-27.9147
-27.9022
-27.8913
-27.8817
-27.8733
-27.866
-27.8597
-27.8542
-27.8494
-27.8454
-27.842
-27.8392
-27.8371
-27.8355
-27.8344
-27.8339
-28.436
-28.4367
-28.438
-28.44
-28.4427
-28.4462
-28.4504
-28.4555
-28.4615
-28.4684
-28.4762
-28.4852
-28.4955
-28.5072
-28.5204
-28.5352
-28.552
-28.5709
-28.5923
-28.6166
-28.6439
-28.6748
-28.7094
-28.7486
-28.7932
-28.8449
-28.9064
-28.9822
-29.079
-29.206
-29.3757
-29.6088
-29.9414
-30.5108
-31.5768
-33.3476
-34.1208
-33.2852
-32.6395
-32.282
-32.2417
-32.4367
-33.061
-34.4668
-34.0102
-31.7605
-30.4226
-29.8061
-29.4681
-29.2391
-29.078
-28.9572
-28.8627
-28.7865
-28.7238
-28.6713
-28.6268
-28.5887
-28.5559
-28.5275
-28.5028
-28.4812
-28.4622
-28.4455
-28.4309
-28.4179
-28.4065
-28.3965
-28.3877
-28.3801
-28.3734
-28.3676
-28.3626
-28.3583
-28.3548
-28.3518
-28.3495
-28.3478
-28.3467
-28.3461
-28.9444
-28.9451
-28.9464
-28.9485
-28.9513
-28.9548
-28.9591
-28.9643
-28.9705
-28.9775
-28.9855
-28.9946
-29.0051
-29.0169
-29.0302
-29.0452
-29.0621
-29.0811
-29.1025
-29.1267
-29.1541
-29.1848
-29.2194
-29.2586
-29.3031
-29.3544
-29.4152
-29.4893
-29.5824
-29.7025
-29.8599
-30.0702
-30.3573
-30.7956
-31.4712
-32.4632
-33.0246
-32.7455
-32.1837
-31.9654
-31.9434
-32.103
-32.8384
-33.4805
-33.0345
-31.6995
-30.8025
-30.2827
-29.9656
-29.7487
-29.5926
-29.4736
-29.3797
-29.3036
-29.2408
-29.1881
-29.1434
-29.1051
-29.072
-29.0434
-29.0183
-28.9964
-28.9772
-28.9602
-28.9453
-28.932
-28.9204
-28.9101
-28.9011
-28.8931
-28.8862
-28.8802
-28.875
-28.8706
-28.8669
-28.8638
-28.8614
-28.8596
-28.8584
-28.8578
-29.4521
-29.4528
-29.4542
-29.4563
-29.4591
-29.4626
-29.467
-29.4723
-29.4785
-29.4855
-29.4936
-29.5028
-29.5133
-29.5251
-29.5383
-29.5533
-29.57
-29.5888
-29.61
-29.6338
-29.6606
-29.6907
-29.7245
-29.7627
-29.806
-29.8555
-29.9134
-29.9825
-30.067
-30.1723
-30.3044
-30.4697
-30.6712
-30.9263
-31.2448
-31.6606
-32.0388
-31.9505
-31.6526
-31.5338
-31.517
-31.6374
-32.0768
-32.3173
-31.9303
-31.3563
-30.9319
-30.6149
-30.3873
-30.2127
-30.0772
-29.9692
-29.8816
-29.8093
-29.7488
-29.6977
-29.6541
-29.6166
-29.5841
-29.5557
-29.5309
-29.5091
-29.4899
-29.473
-29.4579
-29.4446
-29.4329
-29.4225
-29.4133
-29.4052
-29.3981
-29.392
-29.3866
-29.3821
-29.3783
-29.3751
-29.3727
-29.3708
-29.3696
-29.369
-29.9592
-29.9598
-29.9612
-29.9633
-29.9661
-29.9696
-29.9741
-29.9794
-29.9855
-29.9925
-30.0005
-30.0097
-30.0201
-30.0317
-30.0448
-30.0595
-30.0759
-30.0942
-30.1148
-30.138
-30.1638
-30.1928
-30.2253
-30.2617
-30.3026
-30.3492
-30.4025
-30.4645
-30.5378
-30.625
-30.7277
-30.846
-30.9721
-31.1046
-31.2546
-31.4367
-31.5841
-31.5458
-31.4535
-31.4244
-31.423
-31.4654
-31.5982
-31.6761
-31.5181
-31.2737
-31.0769
-30.9149
-30.7737
-30.6476
-30.5397
-30.4481
-30.3705
-30.3048
-30.2489
-30.2009
-30.1596
-30.1237
-30.0923
-30.0649
-30.0407
-30.0194
-30.0005
-29.9838
-29.9689
-29.9557
-29.944
-29.9336
-29.9244
-29.9162
-29.9091
-29.9028
-29.8974
-29.8928
-29.889
-29.8858
-29.8833
-29.8814
-29.8802
-29.8796
-30.4654
-30.4661
-30.4675
-30.4696
-30.4724
-30.4759
-30.4803
-30.4856
-30.4916
-30.4985
-30.5064
-30.5154
-30.5255
-30.5369
-30.5497
-30.564
-30.5799
-30.5975
-30.6173
-30.6394
-30.664
-30.6915
-30.7221
-30.7561
-30.794
-30.8366
-30.8845
-30.9388
-31.0006
-31.0708
-31.1486
-31.2315
-31.3118
-31.3817
-31.4525
-31.519
-31.5771
-31.5873
-31.5627
-31.5561
-31.5608
-31.5766
-31.6093
-31.5997
-31.5231
-31.433
-31.3448
-31.256
-31.1643
-31.0744
-30.9912
-30.9164
-30.8504
-30.7927
-30.7425
-30.6987
-30.6604
-30.6268
-30.5972
-30.5711
-30.548
-30.5274
-30.5092
-30.4929
-30.4783
-30.4653
-30.4538
-30.4435
-30.4343
-30.4262
-30.4191
-30.4129
-30.4075
-30.4029
-30.399
-30.3959
-30.3933
-30.3915
-30.3902
-30.3896
-30.971
-30.9717
-30.9731
-30.9752
-30.978
-30.9815
-30.9857
-30.9909
-30.9968
-31.0035
-31.0112
-31.02
-31.0298
-31.0408
-31.0531
-31.0669
-31.082
-31.0989
-31.1177
-31.1385
-31.1615
-31.1871
-31.2154
-31.2465
-31.2811
-31.3193
-31.3616
-31.4083
-31.46
-31.5164
-31.5762
-31.6368
-31.6934
-31.7449
-31.7768
-31.8041
-31.83
-31.842
-31.837
-31.8342
-31.8382
-31.8471
-31.8558
-31.8409
-31.7995
-31.7515
-31.6987
-31.6363
-31.5709
-31.5044
-31.44
-31.3798
-31.3249
-31.2755
-31.2314
-31.1923
-31.1575
-31.1267
-31.0992
-31.0748
-31.0529
-31.0334
-31.0159
-31.0002
-30.9861
-30.9735
-30.9623
-30.9522
-30.9433
-30.9353
-30.9282
-30.9221
-30.9168
-30.9122
-30.9084
-30.9053
-30.9028
-30.901
-30.8998
-30.8992
-31.4759
-31.4766
-31.478
-31.4801
-31.4828
-31.4862
-31.4904
-31.4953
-31.501
-31.5075
-31.515
-31.5234
-31.5328
-31.5434
-31.5552
-31.5682
-31.5826
-31.5985
-31.6161
-31.6355
-31.6568
-31.6803
-31.706
-31.7342
-31.7651
-31.7989
-31.8356
-31.8754
-31.9182
-31.9637
-32.0107
-32.0571
-32.1001
-32.1354
-32.1594
-32.1753
-32.1875
-32.1974
-32.2016
-32.2012
-32.2012
-32.2019
-32.1973
-32.1814
-32.1548
-32.1219
-32.0835
-32.0392
-31.9909
-31.9406
-31.8904
-31.8422
-31.797
-31.7553
-31.7173
-31.6829
-31.6519
-31.6239
-31.5988
-31.5762
-31.5558
-31.5375
-31.5209
-31.506
-31.4925
-31.4804
-31.4696
-31.4598
-31.4511
-31.4434
-31.4365
-31.4305
-31.4254
-31.4209
-31.4172
-31.4142
-31.4117
-31.4099
-31.4087
-31.4082
-31.9801
-31.9808
-31.9822
-31.9842
-31.9868
-31.9901
-31.9942
-31.9989
-32.0044
-32.0107
-32.0178
-32.0259
-32.0348
-32.0449
-32.056
-32.0683
-32.0817
-32.0966
-32.1128
-32.1307
-32.1503
-32.1716
-32.1947
-32.2199
-32.247
-32.2764
-32.3078
-32.3412
-32.3764
-32.4131
-32.4502
-32.4863
-32.5202
-32.5494
-32.5711
-32.5854
-32.5948
-32.6011
-32.6032
-32.6013
-32.5977
-32.5932
-32.5844
-32.5685
-32.5467
-32.5207
-32.4909
-32.4575
-32.4213
-32.3831
-32.3441
-32.3056
-32.2686
-32.2338
-32.2013
-32.1715
-32.1441
-32.1192
-32.0964
-32.0758
-32.057
-32.0399
-32.0244
-32.0103
-31.9975
-31.986
-31.9757
-31.9664
-31.958
-31.9506
-31.944
-31.9383
-31.9333
-31.929
-31.9254
-31.9224
-31.9201
-31.9183
-31.9171
-31.9166
-32.4837
-32.4844
-32.4857
-32.4876
-32.4901
-32.4933
-32.4972
-32.5017
-32.507
-32.513
-32.5198
-32.5273
-32.5358
-32.5453
-32.5557
-32.5671
-32.5797
-32.5934
-32.6083
-32.6246
-32.6424
-32.6615
-32.6821
-32.7042
-32.7278
-32.7529
-32.7794
-32.8071
-32.8358
-32.8649
-32.8938
-32.9222
-32.9493
-32.9737
-32.9931
-33.0066
-33.0145
-33.0183
-33.0185
-33.0153
-33.01
-33.0027
-32.9922
-32.9778
-32.9598
-32.9388
-32.9152
-32.8893
-32.8614
-32.8321
-32.8018
-32.7712
-32.741
-32.7121
-32.6846
-32.6589
-32.6349
-32.6128
-32.5924
-32.5737
-32.5565
-32.5408
-32.5264
-32.5133
-32.5014
-32.4905
-32.4808
-32.472
-32.4641
-32.457
-32.4507
-32.4452
-32.4405
-32.4363
-32.4329
-32.43
-32.4277
-32.4261
-32.4249
-32.4244
-32.9867
-32.9874
-32.9886
-32.9904
-32.9928
-32.9959
-32.9995
-33.0037
-33.0087
-33.0145
-33.0208
-33.0279
-33.0359
-33.0447
-33.0543
-33.0649
-33.0765
-33.0891
-33.1027
-33.1174
-33.1334
-33.1504
-33.1685
-33.1877
-33.2082
-33.2294
-33.2516
-33.2743
-33.2973
-33.3201
-33.3425
-33.3644
-33.3854
-33.4045
-33.4205
-33.4323
-33.4395
-33.4425
-33.442
-33.4385
-33.4328
-33.4251
-33.415
-33.4023
-33.3874
-33.3706
-33.3521
-33.3319
-33.3103
-33.2874
-33.2637
-33.2393
-33.2148
-33.1908
-33.1676
-33.1456
-33.1248
-33.1053
-33.0872
-33.0704
-33.0548
-33.0405
-33.0273
-33.0152
-33.0041
-32.994
-32.9849
-32.9767
-32.9692
-32.9626
-32.9567
-32.9515
-32.9469
-32.943
-32.9397
-32.937
-32.9348
-32.9332
-32.9321
-32.9316
-33.4892
-33.4897
-33.4909
-33.4926
-33.4949
-33.4977
-33.5012
-33.5051
-33.5098
-33.5151
-33.5211
-33.5277
-33.5351
-33.5433
-33.5521
-33.5618
-33.5724
-33.5838
-33.596
-33.6093
-33.6234
-33.6384
-33.6544
-33.671
-33.6885
-33.7065
-33.7248
-33.7433
-33.7615
-33.7793
-33.7965
-33.813
-33.8286
-33.843
-33.8554
-33.8648
-33.8708
-33.8735
-33.8731
-33.8703
-33.8653
-33.8583
-33.8494
-33.8389
-33.8268
-33.8135
-33.799
-33.7833
-33.7665
-33.7485
-33.7296
-33.7103
-33.6902
-33.6704
-33.6509
-33.6321
-33.6141
-33.5971
-33.5811
-33.5661
-33.5521
-33.5391
-33.5271
-33.5161
-33.5059
-33.4967
-33.4882
-33.4806
-33.4737
-33.4675
-33.4619
-33.457
-33.4528
-33.4491
-33.446
-33.4434
-33.4413
-33.4398
-33.4387
-33.4382
-33.9911
-33.9916
-33.9927
-33.9943
-33.9964
-33.999
-34.0022
-34.0059
-34.0102
-34.0151
-34.0206
-34.0267
-34.0336
-34.041
-34.0491
-34.0579
-34.0674
-34.0776
-34.0886
-34.1003
-34.1129
-34.126
-34.1399
-34.1543
-34.1692
-34.1842
-34.1994
-34.2143
-34.2289
-34.243
-34.2561
-34.2684
-34.2797
-34.29
-34.2991
-34.3062
-34.311
-34.3134
-34.3134
-34.3114
-34.3075
-34.3016
-34.2943
-34.2857
-34.2762
-34.2657
-34.2543
-34.2419
-34.2286
-34.2143
-34.1992
-34.1832
-34.1672
-34.1509
-34.1345
-34.1186
-34.1031
-34.0883
-34.0743
-34.061
-34.0486
-34.037
-34.0262
-34.0162
-34.007
-33.9985
-33.9908
-33.9837
-33.9774
-33.9716
-33.9665
-33.9619
-33.958
-33.9545
-33.9516
-33.9492
-33.9473
-33.9458
-33.9449
-33.9444
-34.4927
-34.4931
-34.494
-34.4954
-34.4974
-34.4998
-34.5027
-34.5061
-34.5101
-34.5145
-34.5195
-34.5251
-34.5312
-34.5379
-34.5452
-34.5531
-34.5616
-34.5707
-34.5806
-34.5909
-34.6019
-34.6133
-34.6252
-34.6376
-34.6501
-34.6629
-34.6756
-34.6878
-34.6994
-34.7103
-34.7205
-34.7297
-34.738
-34.7453
-34.7518
-34.757
-34.7606
-34.7627
-34.763
-34.7617
-34.7587
-34.754
-34.7481
-34.7412
-34.7336
-34.7253
-34.7162
-34.7063
-34.6957
-34.6843
-34.6721
-34.6592
-34.646
-34.6324
-34.6188
-34.6052
-34.592
-34.5792
-34.567
-34.5554
-34.5444
-34.5341
-34.5245
-34.5156
-34.5073
-34.4997
-34.4927
-34.4862
-34.4804
-34.4751
-34.4704
-34.4663
-34.4626
-34.4594
-34.4568
-34.4545
-34.4528
-34.4514
-34.4506
-34.4501
-34.9937
-34.9941
-34.9949
-34.9962
-34.9979
-35.0001
-35.0027
-35.0058
-35.0094
-35.0134
-35.0179
-35.0229
-35.0284
-35.0343
-35.0408
-35.0479
-35.0554
-35.0633
-35.0719
-35.081
-35.0904
-35.1003
-35.1106
-35.1212
-35.1317
-35.1423
-35.1527
-35.1628
-35.1724
-35.1811
-35.1889
-35.196
-35.2022
-35.2076
-35.2121
-35.2159
-35.2187
-35.2203
-35.2208
-35.2199
-35.2176
-35.2139
-35.2091
-35.2036
-35.1975
-35.1907
-35.1834
-35.1754
-35.1668
-35.1575
-35.1476
-35.1371
-35.1262
-35.115
-35.1035
-35.0921
-35.0808
-35.0699
-35.0594
-35.0493
-35.0397
-35.0307
-35.0223
-35.0144
-35.0071
-35.0002
-34.9939
-34.9881
-34.9829
-34.9781
-34.9738
-34.9701
-34.9668
-34.9639
-34.9615
-34.9594
-34.9578
-34.9566
-34.9559
-34.9555
-35.4942
-35.4946
-35.4954
-35.4965
-35.498
-35.5
-35.5023
-35.505
-35.5082
-35.5118
-35.5157
-35.5201
-35.525
-35.5302
-35.5359
-35.542
-35.5486
-35.5554
-35.5627
-35.5705
-35.5786
-35.5871
-35.5957
-35.6047
-35.6136
-35.6225
-35.6311
-35.6394
-35.6472
-35.6543
-35.6606
-35.6661
-35.6709
-35.6751
-35.6785
-35.6813
-35.6834
-35.6847
-35.6851
-35.6845
-35.6826
-35.6797
-35.6758
-35.6713
-35.6663
-35.6607
-35.6547
-35.6481
-35.641
-35.6334
-35.6253
-35.6166
-35.6076
-35.5982
-35.5888
-35.5792
-35.5698
-35.5605
-35.5515
-35.5428
-35.5346
-35.5269
-35.5195
-35.5126
-35.5062
-35.5002
-35.4946
-35.4895
-35.4848
-35.4806
-35.4768
-35.4735
-35.4705
-35.468
-35.4658
-35.464
-35.4626
-35.4615
-35.4608
-35.4605
-35.9945
-35.9947
-35.9954
-35.9964
-35.9978
-35.9995
-36.0015
-36.0039
-36.0066
-36.0097
-36.0131
-36.0169
-36.0211
-36.0256
-36.0305
-36.0356
-36.0412
-36.0473
-36.0535
-36.0601
-36.0669
-36.074
-36.0812
-36.0886
-36.0961
-36.1035
-36.1105
-36.1173
-36.1237
-36.1295
-36.1347
-36.1392
-36.143
-36.1463
-36.1491
-36.1512
-36.1529
-36.1539
-36.1543
-36.1537
-36.1523
-36.1498
-36.1467
-36.143
-36.1388
-36.1341
-36.1291
-36.1236
-36.1177
-36.1114
-36.1047
-36.0976
-36.0901
-36.0824
-36.0746
-36.0667
-36.0587
-36.051
-36.0434
-36.0361
-36.0291
-36.0225
-36.0163
-36.0104
-36.0048
-35.9997
-35.9948
-35.9904
-35.9863
-35.9826
-35.9794
-35.9765
-35.9739
-35.9717
-35.9698
-35.9683
-35.967
-35.9661
-35.9655
-35.9652
-36.4943
-36.4946
-36.4951
-36.496
-36.4971
-36.4986
-36.5003
-36.5024
-36.5047
-36.5073
-36.5102
-36.5134
-36.5169
-36.5207
-36.5249
-36.5294
-36.5339
-36.5389
-36.544
-36.5493
-36.5551
-36.5609
-36.5669
-36.5729
-36.579
-36.585
-36.5908
-36.5963
-36.6015
-36.6062
-36.6105
-36.6143
-36.6175
-36.6202
-36.6225
-36.6243
-36.6257
-36.6265
-36.6268
-36.6264
-36.6251
-36.6232
-36.6206
-36.6175
-36.614
-36.61
-36.6058
-36.6012
-36.5963
-36.5911
-36.5855
-36.5796
-36.5735
-36.5672
-36.5607
-36.5543
-36.5478
-36.5414
-36.5352
-36.5291
-36.5234
-36.5178
-36.5126
-36.5077
-36.5031
-36.4987
-36.4946
-36.4909
-36.4875
-36.4844
-36.4816
-36.4792
-36.4771
-36.4752
-36.4736
-36.4722
-36.4712
-36.4704
-36.4699
-36.4696
-36.9938
-36.9941
-36.9945
-36.9952
-36.9962
-36.9973
-36.9988
-37.0005
-37.0025
-37.0046
-37.0069
-37.0096
-37.0124
-37.0155
-37.0188
-37.0225
-37.0262
-37.0302
-37.0344
-37.0387
-37.0431
-37.0478
-37.0526
-37.0575
-37.0622
-37.067
-37.0717
-37.0762
-37.0804
-37.0842
-37.0876
-37.0908
-37.0935
-37.0959
-37.0979
-37.0995
-37.1007
-37.1014
-37.1016
-37.1013
-37.1003
-37.0987
-37.0966
-37.094
-37.091
-37.0877
-37.0842
-37.0803
-37.0762
-37.0719
-37.0673
-37.0625
-37.0575
-37.0525
-37.0473
-37.0421
-37.037
-37.0319
-37.0269
-37.022
-37.0173
-37.0129
-37.0087
-37.0047
-37.001
-36.9974
-36.9942
-36.9911
-36.9883
-36.9859
-36.9836
-36.9816
-36.9799
-36.9783
-36.977
-36.9759
-36.975
-36.9744
-36.974
-36.9738
-37.4931
-37.4933
-37.4937
-37.4943
-37.4951
-37.496
-37.4971
-37.4984
-37.4999
-37.5015
-37.5033
-37.5054
-37.5078
-37.5102
-37.5127
-37.5154
-37.5184
-37.5214
-37.5246
-37.5279
-37.5313
-37.5349
-37.5385
-37.5422
-37.5459
-37.5496
-37.5532
-37.5567
-37.56
-37.563
-37.5658
-37.5684
-37.5707
-37.5728
-37.5746
-37.5761
-37.5772
-37.5778
-37.5781
-37.5778
-37.5771
-37.5758
-37.574
-37.5719
-37.5694
-37.5667
-37.5637
-37.5605
-37.5571
-37.5535
-37.5498
-37.546
-37.5421
-37.5382
-37.5342
-37.5303
-37.5263
-37.5223
-37.5185
-37.5148
-37.5112
-37.5078
-37.5046
-37.5015
-37.4987
-37.496
-37.4934
-37.4911
-37.489
-37.4871
-37.4854
-37.4838
-37.4824
-37.4812
-37.4802
-37.4793
-37.4787
-37.4782
-37.4779
-37.4777
-37.9923
-37.9924
-37.9927
-37.9931
-37.9937
-37.9944
-37.9952
-37.9962
-37.9972
-37.9984
-37.9998
-38.0012
-38.0027
-38.0044
-38.0063
-38.0083
-38.0105
-38.0125
-38.0148
-38.0172
-38.0194
-38.0219
-38.0245
-38.0271
-38.0298
-38.0324
-38.035
-38.0376
-38.04
-38.0425
-38.0447
-38.0468
-38.0488
-38.0506
-38.0522
-38.0536
-38.0546
-38.0553
-38.0557
-38.0555
-38.0549
-38.0539
-38.0525
-38.0508
-38.0488
-38.0465
-38.044
-38.0414
-38.0386
-38.0358
-38.0329
-38.03
-38.0271
-38.0242
-38.0213
-38.0184
-38.0157
-38.0129
-38.0102
-38.0076
-38.0051
-38.0027
-38.0004
-37.9982
-37.9962
-37.9943
-37.9926
-37.9909
-37.9894
-37.9881
-37.9869
-37.9858
-37.9848
-37.9839
-37.9832
-37.9826
-37.9821
-37.9817
-37.9815
-37.9814
-38.4915
-38.4915
-38.4917
-38.492
-38.4923
-38.4926
-38.4931
-38.4937
-38.4943
-38.495
-38.4958
-38.4968
-38.4977
-38.4988
-38.4999
-38.5011
-38.5023
-38.5036
-38.5049
-38.5063
-38.5077
-38.5091
-38.5106
-38.5121
-38.5137
-38.5154
-38.5171
-38.5188
-38.5206
-38.5223
-38.524
-38.5257
-38.5274
-38.529
-38.5304
-38.5317
-38.5328
-38.5335
-38.5339
-38.5339
-38.5336
-38.5328
-38.5317
-38.5303
-38.5287
-38.5268
-38.5248
-38.5227
-38.5206
-38.5185
-38.5164
-38.5144
-38.5124
-38.5105
-38.5087
-38.5069
-38.5053
-38.5036
-38.502
-38.5005
-38.499
-38.4975
-38.4962
-38.4949
-38.4937
-38.4926
-38.4916
-38.4906
-38.4897
-38.4889
-38.4882
-38.4875
-38.4869
-38.4864
-38.486
-38.4856
-38.4853
-38.4851
-38.485
-38.4849
-38.9905
-38.9905
-38.9906
-38.9907
-38.9908
-38.9909
-38.9911
-38.9913
-38.9915
-38.9917
-38.992
-38.9923
-38.9926
-38.9929
-38.9933
-38.9937
-38.9941
-38.9946
-38.9949
-38.9954
-38.9959
-38.9963
-38.9968
-38.9973
-38.9978
-38.9985
-38.9993
-39.0002
-39.0012
-39.0023
-39.0034
-39.0047
-39.006
-39.0073
-39.0086
-39.0098
-39.0109
-39.0116
-39.0121
-39.0123
-39.0121
-39.0116
-39.0108
-39.0098
-39.0085
-39.0071
-39.0056
-39.0041
-39.0027
-39.0013
-39
-38.9989
-38.9979
-38.997
-38.9962
-38.9956
-38.995
-38.9945
-38.994
-38.9934
-38.993
-38.9925
-38.9921
-38.9916
-38.9912
-38.9909
-38.9905
-38.9902
-38.9899
-38.9897
-38.9894
-38.9892
-38.989
-38.9888
-38.9887
-38.9886
-38.9885
-38.9884
-38.9883
-38.9883
)
;

boundaryField
{
    lowerWall
    {
        type            calculated;
        value           nonuniform List<scalar> 
80
(
9801.24
9801.24
9801.24
9801.24
9801.24
9801.24
9801.25
9801.25
9801.26
9801.26
9801.27
9801.27
9801.28
9801.29
9801.29
9801.3
9801.31
9801.32
9801.33
9801.34
9801.35
9801.36
9801.37
9801.38
9801.39
9801.4
9801.41
9801.42
9801.43
9801.44
9801.45
9801.46
9801.47
9801.47
9801.48
9801.48
9801.49
9801.49
9801.5
9801.5
9801.5
9801.5
9801.5
9801.5
9801.5
9801.5
9801.5
9801.49
9801.49
9801.48
9801.48
9801.47
9801.46
9801.46
9801.45
9801.44
9801.44
9801.43
9801.42
9801.41
9801.41
9801.4
9801.39
9801.38
9801.38
9801.37
9801.37
9801.36
9801.36
9801.35
9801.35
9801.34
9801.34
9801.34
9801.34
9801.33
9801.33
9801.33
9801.33
9801.33
)
;
    }
    rightWall
    {
        type            calculated;
        value           nonuniform List<scalar> 
80
(
9556.08
9065.58
8575.08
8084.58
7594.08
7103.57
6613.07
6122.57
5632.06
5141.56
4651.05
4160.55
3670.04
3179.53
2689.03
2198.52
1708.01
1217.49
726.983
236.467
-9.04789
-9.56025
-10.0528
-10.5464
-11.0411
-11.5369
-12.0339
-12.5321
-13.0313
-13.5317
-14.0332
-14.5357
-15.0393
-15.5439
-16.0495
-16.556
-17.0636
-17.572
-18.0812
-18.5912
-19.102
-19.6136
-20.1258
-20.6386
-21.1519
-21.6656
-22.1797
-22.694
-23.2086
-23.7232
-24.2378
-24.7523
-25.2666
-25.7807
-26.2945
-26.8081
-27.3212
-27.8339
-28.3461
-28.8578
-29.369
-29.8796
-30.3896
-30.8992
-31.4082
-31.9166
-32.4244
-32.9316
-33.4382
-33.9444
-34.4501
-34.9555
-35.4605
-35.9652
-36.4696
-36.9738
-37.4777
-37.9814
-38.4849
-38.9883
)
;
    }
    atmosphere
    {
        type            calculated;
        value           nonuniform List<scalar> 
80
(
-39.24
-39.24
-39.24
-39.24
-39.24
-39.24
-39.24
-39.24
-39.24
-39.24
-39.24
-39.24
-39.24
-39.24
-39.24
-39.24
-39.24
-39.24
-39.24
-39.24
-39.24
-39.24
-39.24
-39.24
-39.2401
-39.2402
-39.2405
-39.2409
-39.2415
-39.2422
-39.2431
-39.2441
-39.2452
-39.2463
-39.2475
-39.2486
-39.2495
-39.2503
-39.2509
-39.2511
-39.2511
-39.2507
-39.2501
-39.2492
-39.2482
-39.2471
-39.2459
-39.2447
-39.2437
-39.2427
-39.2419
-39.2412
-39.2407
-39.2403
-39.2401
-39.24
-39.24
-39.24
-39.24
-39.24
-39.24
-39.24
-39.24
-39.24
-39.24
-39.24
-39.24
-39.24
-39.24
-39.24
-39.24
-39.24
-39.24
-39.24
-39.24
-39.24
-39.24
-39.24
-39.24
-39.24
)
;
    }
    leftWall
    {
        type            calculated;
        value           nonuniform List<scalar> 
80
(
9555.99
9065.48
8574.98
8084.48
7593.98
7103.48
6612.97
6122.47
5631.96
5141.46
4650.95
4160.44
3669.94
3179.43
2688.92
2198.41
1707.89
1217.38
726.866
236.347
-9.16866
-9.6818
-10.1742
-10.6679
-11.1629
-11.659
-12.1562
-12.6546
-13.1541
-13.6548
-14.1565
-14.6593
-15.1631
-15.6678
-16.1735
-16.6801
-17.1876
-17.6959
-18.205
-18.7149
-19.2254
-19.7364
-20.248
-20.76
-21.2723
-21.7849
-22.2977
-22.8105
-23.3234
-23.8361
-24.3487
-24.8611
-25.3732
-25.8849
-26.3962
-26.907
-27.4173
-27.927
-28.436
-28.9444
-29.4521
-29.9592
-30.4654
-30.971
-31.4759
-31.9801
-32.4837
-32.9867
-33.4892
-33.9911
-34.4927
-34.9937
-35.4942
-35.9945
-36.4943
-36.9938
-37.4931
-37.9923
-38.4915
-38.9905
)
;
    }
    frontAndBack
    {
        type            empty;
    }
}


// ************************************************************************* //
