/*--------------------------------*- C++ -*----------------------------------*\
| =========                 |                                                 |
| \\      /  F ield         | OpenFOAM: The Open Source CFD Toolbox           |
|  \\    /   O peration     | Version:  2412                                  |
|   \\  /    A nd           | Website:  www.openfoam.com                      |
|    \\/     M anipulation  |                                                 |
\*---------------------------------------------------------------------------*/
FoamFile
{
    version     2.0;
    format      ascii;
    arch        "LSB;label=32;scalar=64";
    class       volScalarField;
    location    "8.7";
    object      p;
}
// * * * * * * * * * * * * * * * * * * * * * * * * * * * * * * * * * * * * * //

dimensions      [1 -1 -2 0 0 0 0];

internalField   nonuniform List<scalar> 
6400
(
7489.81
7490.83
7492.56
7495.09
7498.36
7502.29
7506.8
7511.81
7517.23
7522.97
7528.95
7535.06
7541.23
7547.37
7553.4
7559.27
7564.92
7570.32
7575.42
7580.21
7584.68
7588.83
7592.66
7596.18
7599.4
7602.34
7605.01
7607.43
7609.62
7611.6
7613.36
7614.92
7616.29
7617.48
7618.49
7619.32
7619.98
7620.46
7620.78
7620.93
7620.91
7620.73
7620.38
7619.87
7619.2
7618.37
7617.37
7616.21
7614.87
7613.36
7611.66
7609.75
7607.64
7605.3
7602.7
7599.84
7596.69
7593.23
7589.45
7585.33
7580.87
7576.06
7570.93
7565.48
7559.74
7553.77
7547.61
7541.33
7535.01
7528.73
7522.59
7516.67
7511.08
7505.91
7501.25
7497.18
7493.8
7491.18
7489.4
7488.34
7101.85
7102.88
7104.68
7107.28
7110.63
7114.64
7119.25
7124.36
7129.88
7135.74
7141.81
7148.03
7154.28
7160.5
7166.6
7172.53
7178.22
7183.65
7188.77
7193.57
7198.04
7202.18
7205.99
7209.5
7212.7
7215.62
7218.28
7220.68
7222.86
7224.8
7226.55
7228.09
7229.45
7230.63
7231.63
7232.46
7233.11
7233.6
7233.91
7234.06
7234.04
7233.86
7233.51
7233
7232.33
7231.5
7230.51
7229.36
7228.03
7226.53
7224.85
7222.98
7220.88
7218.56
7215.99
7213.15
7210.02
7206.58
7202.82
7198.71
7194.25
7189.43
7184.28
7178.8
7173.02
7166.99
7160.76
7154.4
7147.99
7141.6
7135.35
7129.32
7123.62
7118.34
7113.58
7109.43
7105.97
7103.28
7101.42
7100.35
6713.07
6714.11
6716
6718.72
6722.21
6726.39
6731.18
6736.49
6742.22
6748.27
6754.55
6760.95
6767.38
6773.75
6779.98
6786.02
6791.79
6797.28
6802.44
6807.25
6811.73
6815.85
6819.65
6823.12
6826.28
6829.16
6831.78
6834.15
6836.29
6838.2
6839.92
6841.45
6842.79
6843.95
6844.94
6845.76
6846.41
6846.89
6847.2
6847.34
6847.32
6847.13
6846.78
6846.27
6845.61
6844.78
6843.8
6842.66
6841.36
6839.89
6838.24
6836.39
6834.34
6832.06
6829.54
6826.74
6823.66
6820.26
6816.52
6812.43
6807.97
6803.15
6797.95
6792.41
6786.55
6780.41
6774.04
6767.52
6760.93
6754.35
6747.89
6741.65
6735.73
6730.25
6725.3
6720.97
6717.36
6714.54
6712.59
6711.52
6323.34
6324.44
6326.46
6329.36
6333.07
6337.51
6342.57
6348.18
6354.21
6360.57
6367.15
6373.83
6380.52
6387.13
6393.56
6399.75
6405.65
6411.22
6416.44
6421.28
6425.75
6429.86
6433.62
6437.04
6440.15
6442.97
6445.53
6447.85
6449.93
6451.81
6453.49
6454.99
6456.3
6457.45
6458.42
6459.23
6459.87
6460.34
6460.65
6460.79
6460.76
6460.57
6460.21
6459.7
6459.04
6458.22
6457.25
6456.13
6454.86
6453.42
6451.81
6450.01
6448.02
6445.81
6443.35
6440.63
6437.61
6434.27
6430.58
6426.52
6422.06
6417.21
6411.97
6406.34
6400.35
6394.04
6387.47
6380.71
6373.84
6366.97
6360.19
6353.63
6347.4
6341.61
6336.36
6331.77
6327.92
6324.92
6322.83
6321.69
5932.6
5933.8
5935.99
5939.14
5943.16
5947.94
5953.4
5959.4
5965.86
5972.64
5979.63
5986.7
5993.75
6000.66
6007.36
6013.77
6019.83
6025.52
6030.8
6035.67
6040.14
6044.21
6047.91
6051.27
6054.3
6057.04
6059.52
6061.77
6063.79
6065.61
6067.24
6068.7
6069.99
6071.11
6072.07
6072.87
6073.5
6073.96
6074.26
6074.39
6074.36
6074.16
6073.8
6073.29
6072.62
6071.81
6070.86
6069.76
6068.52
6067.12
6065.56
6063.83
6061.92
6059.8
6057.44
6054.81
6051.88
6048.63
6045
6040.98
6036.54
6031.67
6026.36
6020.61
6014.46
6007.93
6001.08
5993.99
5986.76
5979.48
5972.27
5965.27
5958.59
5952.37
5946.73
5941.77
5937.6
5934.34
5932.06
5930.81
5540.74
5542.09
5544.53
5548
5552.41
5557.65
5563.6
5570.14
5577.15
5584.48
5592
5599.58
5607.09
5614.4
5621.44
5628.11
5634.38
5640.2
5645.56
5650.46
5654.91
5658.93
5662.55
5665.81
5668.74
5671.38
5673.75
5675.9
5677.85
5679.59
5681.17
5682.59
5683.84
5684.94
5685.88
5686.67
5687.29
5687.75
5688.04
5688.16
5688.12
5687.91
5687.54
5687.02
5686.36
5685.55
5684.61
5683.53
5682.32
5680.99
5679.48
5677.84
5676.03
5674.02
5671.79
5669.29
5666.49
5663.34
5659.81
5655.86
5651.45
5646.56
5641.18
5635.29
5628.93
5622.12
5614.92
5607.42
5599.7
5591.89
5584.12
5576.54
5569.29
5562.51
5556.34
5550.9
5546.32
5542.72
5540.2
5538.79
5147.66
5149.21
5151.95
5155.84
5160.74
5166.55
5173.13
5180.34
5188.05
5196.1
5204.3
5212.52
5220.59
5228.41
5235.85
5242.86
5249.36
5255.34
5260.78
5265.69
5270.1
5274.03
5277.54
5280.67
5283.47
5285.97
5288.22
5290.25
5292.08
5293.75
5295.26
5296.63
5297.85
5298.93
5299.85
5300.63
5301.25
5301.7
5301.98
5302.1
5302.05
5301.83
5301.44
5300.91
5300.23
5299.42
5298.48
5297.43
5296.26
5294.98
5293.57
5292.03
5290.34
5288.47
5286.39
5284.06
5281.42
5278.43
5275.04
5271.18
5266.83
5261.94
5256.47
5250.44
5243.83
5236.68
5229.06
5221.03
5212.72
5204.24
5195.76
5187.43
5179.44
5171.95
5165.12
5159.08
5153.99
5149.95
5147.11
5145.49
4753.2
4755.01
4758.13
4762.51
4768
4774.49
4781.85
4789.93
4798.54
4807.48
4816.55
4825.56
4834.34
4842.76
4850.7
4858.08
4864.85
4870.99
4876.5
4881.41
4885.74
4889.56
4892.91
4895.87
4898.48
4900.81
4902.89
4904.78
4906.49
4908.06
4909.5
4910.81
4912
4913.05
4913.97
4914.75
4915.36
4915.82
4916.1
4916.2
4916.13
4915.89
4915.49
4914.93
4914.23
4913.41
4912.48
4911.44
4910.31
4909.09
4907.78
4906.36
4904.82
4903.13
4901.25
4899.13
4896.7
4893.92
4890.71
4887
4882.74
4877.86
4872.34
4866.13
4859.25
4851.71
4843.58
4834.92
4825.87
4816.56
4807.17
4797.9
4788.96
4780.56
4772.9
4766.15
4760.43
4755.89
4752.64
4750.76
4357.16
4359.29
4362.86
4367.77
4373.92
4381.24
4389.6
4398.8
4408.57
4418.65
4428.79
4438.78
4448.41
4457.55
4466.07
4473.88
4480.95
4487.26
4492.82
4497.68
4501.89
4505.53
4508.67
4511.39
4513.77
4515.89
4517.78
4519.48
4521.04
4522.5
4523.85
4525.11
4526.27
4527.32
4528.24
4529.02
4529.65
4530.1
4530.38
4530.48
4530.39
4530.12
4529.69
4529.09
4528.36
4527.51
4526.57
4525.54
4524.44
4523.29
4522.09
4520.81
4519.46
4517.98
4516.34
4514.48
4512.34
4509.82
4506.86
4503.36
4499.24
4494.42
4488.86
4482.49
4475.31
4467.32
4458.58
4449.18
4439.23
4428.89
4418.38
4407.91
4397.74
4388.16
4379.46
4371.84
4365.42
4360.31
4356.61
4354.4
3959.34
3961.81
3965.84
3971.32
3978.24
3986.58
3996.21
4006.86
4018.11
4029.64
4041.11
4052.28
4062.95
4072.93
4082.11
4090.41
4097.78
4104.24
4109.81
4114.57
4118.59
4121.98
4124.83
4127.25
4129.32
4131.19
4132.81
4134.3
4135.7
4137.03
4138.3
4139.51
4140.66
4141.71
4142.64
4143.45
4144.1
4144.57
4144.85
4144.94
4144.83
4144.52
4144.04
4143.4
4142.61
4141.72
4140.74
4139.7
4138.63
4137.55
4136.46
4135.35
4134.2
4132.99
4131.65
4130.12
4128.32
4126.16
4123.52
4120.31
4116.41
4111.72
4106.15
4099.63
4092.14
4083.65
4074.22
4063.93
4052.91
4041.33
4029.42
4017.42
4005.69
3994.6
3984.56
3975.86
3968.64
3962.92
3958.74
3956.18
3559.48
3562.27
3566.77
3572.92
3580.83
3590.49
3601.73
3614.18
3627.27
3640.56
3653.65
3666.24
3678.11
3689.07
3699
3707.81
3715.49
3722.06
3727.58
3732.16
3735.9
3738.94
3741.41
3743.43
3745.15
3746.63
3747.96
3749.21
3750.42
3751.61
3752.8
3753.98
3755.1
3756.2
3757.18
3758.03
3758.72
3759.23
3759.52
3759.6
3759.46
3759.11
3758.56
3757.83
3756.97
3756
3754.96
3753.9
3752.84
3751.82
3750.84
3749.91
3749.01
3748.1
3747.13
3746.01
3744.66
3742.95
3740.75
3737.93
3734.34
3729.86
3724.35
3717.73
3709.91
3700.89
3690.68
3679.36
3667.08
3654.02
3640.41
3626.56
3612.9
3599.93
3588.2
3578.12
3569.86
3563.42
3558.74
3555.84
3157.29
3160.37
3165.45
3172.56
3181.83
3193.22
3206.45
3220.99
3236.29
3251.66
3266.63
3280.88
3294.14
3306.21
3316.96
3326.31
3334.27
3340.88
3346.26
3350.53
3353.87
3356.44
3358.4
3359.93
3361.16
3362.21
3363.18
3364.14
3365.14
3366.2
3367.32
3368.48
3369.65
3370.79
3371.85
3372.78
3373.54
3374.09
3374.41
3374.48
3374.3
3373.88
3373.24
3372.41
3371.44
3370.35
3369.22
3368.09
3367.02
3366.03
3365.16
3364.43
3363.81
3363.27
3362.74
3362.14
3361.33
3360.2
3358.57
3356.28
3353.14
3348.98
3343.64
3336.97
3328.86
3319.26
3308.19
3295.71
3281.97
3267.18
3251.6
3235.58
3219.64
3204.44
3190.63
3178.73
3169.03
3161.59
3156.28
3153.06
2752.39
2755.8
2761.73
2770.25
2781.41
2795.02
2810.67
2827.72
2845.48
2863.2
2880.34
2896.49
2911.33
2924.64
2936.27
2946.16
2954.33
2960.89
2965.98
2969.8
2972.57
2974.49
2975.8
2976.68
2977.32
2977.85
2978.39
2979.02
2979.79
2980.72
2981.79
2982.98
2984.22
2985.47
2986.65
2987.7
2988.56
2989.19
2989.54
2989.61
2989.39
2988.88
2988.12
2987.14
2986
2984.76
2983.48
2982.23
2981.1
2980.12
2979.36
2978.82
2978.52
2978.41
2978.41
2978.43
2978.32
2977.91
2977.03
2975.44
2972.92
2969.25
2964.21
2957.59
2949.24
2939.07
2927.07
2913.29
2897.89
2881.12
2863.28
2844.8
2826.28
2808.46
2792.1
2777.86
2766.17
2757.23
2751.02
2747.43
2344.26
2348.15
2355.31
2365.78
2379.41
2395.82
2414.4
2434.39
2455
2475.44
2495.07
2513.4
2530.05
2544.73
2557.29
2567.68
2575.97
2582.31
2586.92
2590.07
2592.05
2593.12
2593.57
2593.64
2593.54
2593.45
2593.48
2593.74
2594.27
2595.08
2596.14
2597.39
2598.78
2600.21
2601.58
2602.81
2603.82
2604.55
2604.96
2605.03
2604.75
2604.14
2603.21
2602.04
2600.67
2599.19
2597.69
2596.27
2595
2593.99
2593.3
2592.98
2593.03
2593.41
2594.04
2594.81
2595.56
2596.08
2596.14
2595.48
2593.81
2590.85
2586.3
2579.89
2571.4
2560.69
2547.69
2532.46
2515.19
2496.14
2475.72
2454.4
2432.88
2411.95
2392.49
2375.31
2361.02
2350.03
2342.51
2338.4
1932.3
1936.85
1945.67
1958.64
1975.4
1995.28
2017.39
2040.89
2064.9
2088.55
2111.12
2132
2150.71
2166.91
2180.43
2191.25
2199.5
2205.4
2209.27
2211.47
2212.36
2212.32
2211.67
2210.72
2209.72
2208.87
2208.32
2208.16
2208.44
2209.16
2210.27
2211.68
2213.3
2215
2216.65
2218.13
2219.36
2220.24
2220.73
2220.8
2220.45
2219.69
2218.56
2217.12
2215.45
2213.65
2211.83
2210.12
2208.65
2207.53
2206.87
2206.74
2207.16
2208.11
2209.5
2211.18
2212.97
2214.64
2215.91
2216.47
2215.94
2213.98
2210.19
2204.23
2195.76
2184.56
2170.52
2153.69
2134.26
2112.59
2089.12
2064.46
2039.35
2014.71
1991.44
1970.66
1953.12
1939.44
1930.13
1925.34
1515.91
1521.29
1532.24
1548.18
1568.83
1593.1
1619.41
1647.14
1675.25
1702.79
1728.88
1752.78
1773.89
1791.78
1806.27
1817.37
1825.32
1830.45
1833.21
1834.08
1833.53
1832.03
1829.98
1827.77
1825.67
1823.92
1822.7
1822.09
1822.14
1822.82
1824.07
1825.75
1827.73
1829.82
1831.87
1833.71
1835.22
1836.31
1836.91
1836.99
1836.55
1835.62
1834.21
1832.42
1830.35
1828.11
1825.85
1823.73
1821.92
1820.59
1819.86
1819.89
1820.72
1822.32
1824.57
1827.34
1830.42
1833.52
1836.32
1838.43
1839.43
1838.87
1836.21
1831.04
1822.82
1811.27
1796.18
1777.56
1755.63
1730.84
1703.77
1675.04
1645.63
1616.5
1588.5
1563.41
1541.92
1524.89
1513.27
1507.59
1094.18
1100.68
1114.41
1134.17
1159.36
1188.38
1220.15
1253.12
1286.28
1318.55
1348.92
1376.45
1400.36
1420.12
1435.5
1446.63
1453.9
1457.79
1458.94
1457.98
1455.52
1452.13
1448.33
1444.55
1441.13
1438.33
1436.35
1435.27
1435.11
1435.86
1437.38
1439.5
1442.02
1444.69
1447.29
1449.62
1451.52
1452.88
1453.62
1453.71
1453.16
1452
1450.25
1448.01
1445.4
1442.57
1439.71
1437
1434.68
1432.97
1432.09
1432.14
1433.42
1435.74
1439.01
1443.07
1447.69
1452.54
1457.26
1461.39
1464.4
1465.71
1464.66
1460.86
1453.22
1441.55
1425.44
1404.81
1379.94
1351.44
1320.17
1286.44
1251.75
1216.85
1183.57
1153.13
1126.76
1105.68
1090.98
1084.17
664.547
670.924
688.656
713.626
745.477
781.036
819.492
859.028
898.316
936.155
971.883
1003.88
1031.16
1052.97
1069.1
1079.78
1085.76
1087.73
1086.57
1083.13
1078.18
1072.39
1066.4
1060.71
1055.72
1051.71
1048.9
1047.37
1047.06
1047.99
1049.98
1052.78
1056.08
1059.57
1062.94
1065.93
1068.34
1070.04
1070.96
1071.07
1070.38
1068.93
1066.75
1063.93
1060.64
1057.04
1053.35
1049.82
1046.74
1044.42
1043.21
1043.4
1044.93
1048.03
1052.42
1057.99
1064.46
1071.46
1078.55
1085.23
1090.87
1094.77
1096.12
1094.07
1087.67
1076.38
1059.36
1036.47
1007.99
974.833
938.198
898.882
857.684
816.158
775.766
738.126
704.979
677.95
658.647
652.305
245.292
252.571
270.667
296.792
330.67
371.255
416.921
464.611
512.153
556.573
599.222
636.655
667.896
691.901
708.345
717.922
721.732
720.847
716.483
709.705
701.465
692.578
683.845
675.836
668.946
663.505
659.752
657.586
657.379
658.8
661.588
665.415
669.867
674.503
678.914
682.765
685.827
687.956
689.083
689.201
688.349
686.555
683.844
680.296
676.13
671.543
666.764
662.077
657.848
654.54
652.632
652.536
654.512
658.602
664.242
671.641
680.366
689.958
700.008
709.975
719.039
726.401
731.038
731.748
727.386
716.968
699.493
674.16
641.274
602.305
560.191
513.501
463.682
413.592
366.248
323.79
287.884
260.322
240.256
231.997
22.7385
24.9894
31.0584
40.889
55.3004
75.0845
100.177
131.85
169.951
210.336
249.028
285.381
316.208
339.406
354.718
361.895
362.28
357.16
348.367
337.617
325.799
314.031
303.236
293.921
286.243
280.459
276.749
274.712
274.792
276.58
279.771
284.034
288.927
294.004
298.855
303.114
306.512
308.894
310.187
310.371
309.432
307.394
304.313
300.389
295.826
290.835
285.652
280.562
276.013
272.41
270.143
269.627
271.332
275.743
281.22
289.257
299.036
310.11
322.328
335.372
348.47
360.418
369.629
374.404
373.253
364.949
348.186
322.818
290.336
252.514
212.282
171.453
132.152
98.8363
73.2595
52.9916
38.1844
28.0421
21.4294
18.5742
-8.34499
-8.16311
-8.15061
-8.21531
-8.29811
-8.33286
-8.17408
-4.80195
4.99724
18.5583
35.5803
53.944
69.9587
81.8188
89.8636
92.5815
91.0106
85.8779
78.829
71.4422
63.9631
57.165
51.4093
46.7816
43.1585
40.4868
39.0198
38.4858
38.7415
39.6943
41.2598
43.3212
45.6724
48.1384
50.5576
52.7373
54.5211
55.824
56.5902
56.7897
56.3604
55.2915
53.6303
51.6199
49.3612
46.9409
44.4687
42.0521
39.9711
38.3564
37.2819
36.8711
37.2863
38.577
41.1496
44.9904
49.7064
55.2488
61.7589
69.3569
77.9627
86.7216
94.3118
99.2741
100.44
97.0437
88.0185
74.1616
57.2408
37.7626
20.0193
5.72545
-4.30463
-7.89078
-8.09553
-8.04185
-7.91834
-7.72974
-7.54191
-7.60155
-8.82552
-8.82197
-8.82496
-8.87015
-8.96036
-9.06619
-9.16491
-9.2931
-9.45667
-9.60492
-9.59671
-9.78328
-9.92023
-9.62828
-9.11881
-8.84946
-8.97756
-9.36079
-9.77777
-10.0805
-10.2081
-10.2221
-10.2012
-10.2004
-10.1973
-10.1894
-10.1674
-10.1516
-10.1591
-10.1769
-10.1993
-10.222
-10.2407
-10.2496
-10.2381
-10.1936
-10.1084
-9.98971
-9.85719
-9.72924
-9.61878
-9.54615
-9.52227
-9.51889
-9.50688
-9.48072
-9.44037
-9.39952
-9.37304
-9.34733
-9.31869
-9.30915
-9.33765
-9.402
-9.4815
-9.55888
-9.62618
-9.67956
-9.69757
-9.63111
-9.38704
-8.91834
-8.33981
-7.88022
-7.79696
-8.19618
-8.90933
-9.46801
-9.66797
-9.69865
-9.63441
-9.40798
-9.04687
-8.79741
-8.77052
-8.75929
-8.71097
-8.5543
-8.35667
-8.20709
-9.4786
-9.46513
-9.459
-9.48065
-9.527
-9.58569
-9.67166
-9.86926
-10.0323
-10.1486
-10.1609
-10.3392
-10.5914
-10.7765
-10.8227
-10.8407
-10.8456
-10.8052
-10.7845
-10.7935
-10.8054
-10.7977
-10.7688
-10.7369
-10.7019
-10.6724
-10.6466
-10.6341
-10.6399
-10.6539
-10.6717
-10.6877
-10.6993
-10.7042
-10.6967
-10.6631
-10.5904
-10.4797
-10.3502
-10.2237
-10.1138
-10.0342
-9.99423
-9.9872
-9.98305
-9.96875
-9.93988
-9.90228
-9.86591
-9.83219
-9.80832
-9.81451
-9.85069
-9.90289
-9.97175
-10.0545
-10.137
-10.2058
-10.246
-10.2639
-10.2873
-10.3206
-10.3477
-10.3562
-10.3463
-10.3321
-10.2917
-10.2232
-10.1795
-10.1637
-10.1302
-10.0293
-9.7831
-9.44815
-9.36714
-9.29122
-9.14185
-8.98118
-8.85712
-8.71261
-10.122
-10.1522
-10.1542
-10.1628
-10.1788
-10.2176
-10.2933
-10.4429
-10.5962
-10.6605
-10.8099
-11.0261
-11.1787
-11.2478
-11.2939
-11.3541
-11.3333
-11.2785
-11.2571
-11.2718
-11.2915
-11.3015
-11.2959
-11.2724
-11.2479
-11.2154
-11.1796
-11.1631
-11.168
-11.1813
-11.196
-11.2081
-11.2164
-11.2196
-11.2094
-11.1697
-11.0898
-10.9715
-10.8318
-10.6957
-10.5842
-10.5074
-10.4706
-10.4744
-10.4906
-10.4876
-10.4602
-10.4168
-10.3758
-10.3463
-10.3169
-10.3084
-10.3452
-10.4132
-10.488
-10.5602
-10.6305
-10.6879
-10.7191
-10.7326
-10.7448
-10.7632
-10.7826
-10.7943
-10.8
-10.8021
-10.7909
-10.7412
-10.7084
-10.727
-10.752
-10.7418
-10.6468
-10.4582
-10.2759
-10.0435
-9.75997
-9.48866
-9.25595
-9.08399
-10.7303
-10.7959
-10.8438
-10.8671
-10.8674
-10.8797
-10.9298
-11.0414
-11.1662
-11.2307
-11.473
-11.7522
-11.7791
-11.7731
-11.8587
-11.9011
-11.8263
-11.7552
-11.7289
-11.7601
-11.8073
-11.8398
-11.8538
-11.847
-11.8212
-11.7692
-11.7132
-11.6845
-11.683
-11.6907
-11.703
-11.716
-11.7287
-11.7395
-11.7398
-11.7096
-11.6383
-11.5252
-11.3738
-11.2169
-11.0895
-11.0103
-10.9786
-10.9783
-10.9903
-10.9933
-10.9735
-10.9267
-10.8784
-10.8414
-10.8129
-10.7995
-10.8445
-10.9365
-11.0301
-11.1022
-11.1548
-11.1955
-11.2151
-11.216
-11.2079
-11.1993
-11.1999
-11.2227
-11.2699
-11.332
-11.3962
-11.4335
-11.4829
-11.6103
-11.7459
-11.8017
-11.7606
-11.6158
-11.3696
-11.0479
-10.6478
-10.1942
-9.84172
-9.63671
-11.3645
-11.4298
-11.4933
-11.5275
-11.5385
-11.5582
-11.592
-11.6433
-11.7143
-11.7875
-12.0449
-12.2747
-12.2528
-12.279
-12.3666
-12.3679
-12.2981
-12.2442
-12.2359
-12.2788
-12.3274
-12.3534
-12.3652
-12.3682
-12.3523
-12.3036
-12.2449
-12.2145
-12.2088
-12.2148
-12.2265
-12.2388
-12.2552
-12.2856
-12.3283
-12.3453
-12.3118
-12.2043
-12.0372
-11.8491
-11.6839
-11.5701
-11.5166
-11.5109
-11.5248
-11.522
-11.4868
-11.4367
-11.3919
-11.3631
-11.3433
-11.3415
-11.4048
-11.5161
-11.6164
-11.6793
-11.7132
-11.7328
-11.7366
-11.7128
-11.6693
-11.6327
-11.6275
-11.6706
-11.7683
-11.9107
-12.0755
-12.2499
-12.4278
-12.6683
-12.8976
-13.0001
-12.9542
-12.7688
-12.4737
-12.1027
-11.6623
-11.1471
-10.7159
-10.4782
-11.986
-12.0355
-12.0907
-12.1214
-12.1563
-12.1953
-12.2413
-12.2495
-12.2679
-12.3259
-12.559
-12.68
-12.7117
-12.7543
-12.7971
-12.7969
-12.7765
-12.7532
-12.7569
-12.7893
-12.8208
-12.8383
-12.8477
-12.853
-12.8432
-12.8087
-12.768
-12.7468
-12.7432
-12.7503
-12.7599
-12.7663
-12.7825
-12.8395
-12.9499
-13.0404
-13.0431
-12.9318
-12.7455
-12.5369
-12.3492
-12.2104
-12.1311
-12.1006
-12.0987
-12.0889
-12.0444
-11.9899
-11.9497
-11.9305
-11.9225
-11.9383
-12.0173
-12.1327
-12.2242
-12.2667
-12.2857
-12.2942
-12.2865
-12.2463
-12.1806
-12.1242
-12.1195
-12.1901
-12.3404
-12.5631
-12.8307
-13.1258
-13.42
-13.7155
-13.9625
-14.0715
-14.0221
-13.8299
-13.5211
-13.1349
-12.7069
-12.2194
-11.7803
-11.5251
-12.5773
-12.6076
-12.6543
-12.6903
-12.7327
-12.7962
-12.845
-12.8448
-12.847
-12.9061
-13.0405
-13.135
-13.1889
-13.223
-13.2469
-13.2571
-13.2655
-13.2622
-13.2602
-13.2749
-13.2945
-13.3035
-13.3136
-13.3198
-13.3153
-13.2968
-13.2779
-13.2713
-13.2781
-13.2937
-13.3033
-13.3064
-13.3131
-13.3695
-13.5123
-13.6476
-13.6553
-13.5517
-13.3731
-13.1718
-13.0007
-12.8814
-12.7986
-12.7449
-12.711
-12.6877
-12.6433
-12.5881
-12.5508
-12.5417
-12.5453
-12.5749
-12.6623
-12.7744
-12.8586
-12.8874
-12.8844
-12.8782
-12.8612
-12.8082
-12.7327
-12.6766
-12.6871
-12.793
-12.9985
-13.2903
-13.6246
-13.9568
-14.2937
-14.6473
-14.8917
-14.9728
-14.9091
-14.7202
-14.4242
-14.0668
-13.6769
-13.2364
-12.8165
-12.5451
-13.182
-13.2196
-13.2554
-13.2706
-13.2939
-13.3503
-13.3846
-13.3979
-13.4246
-13.5017
-13.5677
-13.6315
-13.6816
-13.7073
-13.7156
-13.7218
-13.7458
-13.7534
-13.7493
-13.7528
-13.763
-13.7703
-13.7785
-13.7843
-13.7849
-13.7805
-13.778
-13.7848
-13.8073
-13.8407
-13.8568
-13.8571
-13.8499
-13.8838
-13.9875
-14.0986
-14.1227
-14.0506
-13.9161
-13.7634
-13.6459
-13.574
-13.511
-13.4408
-13.3796
-13.3238
-13.273
-13.2168
-13.1834
-13.1849
-13.1994
-13.2397
-13.3355
-13.4508
-13.5321
-13.5482
-13.5269
-13.5002
-13.4743
-13.4176
-13.346
-13.305
-13.3343
-13.4664
-13.7163
-14.0516
-14.4141
-14.7531
-15.117
-15.4918
-15.6981
-15.7391
-15.6555
-15.465
-15.1903
-14.8666
-14.4957
-14.0778
-13.6679
-13.3662
-13.8614
-13.9157
-13.9377
-13.9199
-13.8965
-13.8931
-13.8964
-13.9222
-13.9873
-14.0944
-14.1682
-14.1948
-14.2077
-14.1994
-14.1764
-14.1899
-14.2209
-14.233
-14.2328
-14.2337
-14.239
-14.2446
-14.2512
-14.2568
-14.261
-14.265
-14.2719
-14.2873
-14.3241
-14.3797
-14.4098
-14.4063
-14.3862
-14.3917
-14.4373
-14.5093
-14.5449
-14.5146
-14.4475
-14.3804
-14.3319
-14.2991
-14.2555
-14.1791
-14.0941
-14.0049
-13.9331
-13.8682
-13.8365
-13.8466
-13.8703
-13.9209
-14.028
-14.1517
-14.2296
-14.234
-14.1856
-14.1444
-14.1213
-14.0815
-14.0285
-14.0025
-14.0398
-14.1812
-14.4458
-14.7912
-15.1556
-15.51
-15.9266
-16.2533
-16.393
-16.3943
-16.2866
-16.0942
-15.8278
-15.5049
-15.1151
-14.6854
-14.2887
-13.9784
-14.5868
-14.6498
-14.6579
-14.6277
-14.5641
-14.4936
-14.4401
-14.4723
-14.5596
-14.6884
-14.8115
-14.8612
-14.8745
-14.8743
-14.8359
-14.7865
-14.7354
-14.7372
-14.7298
-14.7248
-14.7233
-14.728
-14.7334
-14.7384
-14.7437
-14.7509
-14.7618
-14.7808
-14.8251
-14.9017
-14.9564
-14.9613
-14.9406
-14.9252
-14.9364
-14.977
-15.0051
-14.9977
-15.0043
-15.0253
-15.0409
-15.0334
-14.991
-14.9187
-14.827
-14.7177
-14.6158
-14.5337
-14.4987
-14.5123
-14.54
-14.597
-14.7107
-14.8398
-14.91
-14.9028
-14.836
-14.7837
-14.7862
-14.7791
-14.7512
-14.7283
-14.7587
-14.8902
-15.1381
-15.4645
-15.8231
-16.2152
-16.6425
-16.8997
-16.9852
-16.9495
-16.8138
-16.5939
-16.2967
-15.9296
-15.5197
-15.0934
-14.7229
-14.4725
-15.2515
-15.3485
-15.3321
-15.3037
-15.2385
-15.1376
-15.0645
-15.0944
-15.1766
-15.2825
-15.4142
-15.5468
-15.6398
-15.7029
-15.7009
-15.5495
-15.3275
-15.2446
-15.2408
-15.2239
-15.214
-15.2179
-15.2213
-15.225
-15.2295
-15.2368
-15.248
-15.2672
-15.31
-15.3913
-15.4741
-15.5011
-15.4856
-15.4606
-15.4526
-15.4742
-15.4936
-15.5106
-15.5769
-15.6528
-15.697
-15.7031
-15.6693
-15.6147
-15.5401
-15.4268
-15.3013
-15.1996
-15.1566
-15.166
-15.1885
-15.2431
-15.3507
-15.474
-15.5358
-15.5311
-15.4645
-15.402
-15.4276
-15.4646
-15.4614
-15.4381
-15.4488
-15.5435
-15.7459
-16.0373
-16.3837
-16.8064
-17.1877
-17.3999
-17.4464
-17.3652
-17.1849
-16.9074
-16.5676
-16.1889
-15.7992
-15.4143
-15.0995
-14.9593
-15.7931
-15.8723
-15.889
-15.8861
-15.8629
-15.7911
-15.7491
-15.7795
-15.8354
-15.8897
-15.9732
-16.0993
-16.234
-16.3275
-16.3317
-16.1902
-15.932
-15.7686
-15.7457
-15.7229
-15.7085
-15.7099
-15.7113
-15.7127
-15.7152
-15.7208
-15.7303
-15.746
-15.7773
-15.8406
-15.9209
-15.9669
-15.9707
-15.9555
-15.952
-15.971
-15.9935
-16.0412
-16.1438
-16.2355
-16.281
-16.3001
-16.2879
-16.2675
-16.2177
-16.1113
-15.9717
-15.8514
-15.7971
-15.7929
-15.8032
-15.8462
-15.9372
-16.0485
-16.1067
-16.1196
-16.0705
-15.9954
-16.03
-16.1023
-16.1188
-16.0925
-16.0746
-16.1161
-16.2533
-16.483
-16.7842
-17.1571
-17.4943
-17.6733
-17.698
-17.5832
-17.3677
-17.079
-16.7511
-16.4113
-16.0682
-15.7451
-15.5272
-15.4804
-16.2424
-16.2943
-16.3529
-16.3958
-16.4155
-16.41
-16.4234
-16.4781
-16.4937
-16.4935
-16.5229
-16.598
-16.6841
-16.7395
-16.7268
-16.6089
-16.4382
-16.2866
-16.2333
-16.2148
-16.2036
-16.2023
-16.2008
-16.1996
-16.1995
-16.202
-16.2083
-16.2186
-16.2372
-16.2742
-16.3269
-16.3747
-16.4005
-16.411
-16.4299
-16.4611
-16.5003
-16.5729
-16.6911
-16.7846
-16.839
-16.8748
-16.8927
-16.9008
-16.8659
-16.7664
-16.6145
-16.4787
-16.4115
-16.3875
-16.3812
-16.4085
-16.4821
-16.5765
-16.6365
-16.6613
-16.6431
-16.5637
-16.5809
-16.6751
-16.7046
-16.6718
-16.6216
-16.6071
-16.67
-16.8147
-17.0325
-17.2972
-17.5557
-17.7029
-17.7178
-17.6319
-17.4566
-17.2274
-16.9627
-16.6807
-16.3933
-16.1423
-16.0119
-16.0101
-16.7446
-16.7808
-16.8525
-16.9021
-16.9313
-16.9741
-17.045
-17.101
-17.0729
-17.0592
-17.0782
-17.1286
-17.1754
-17.1767
-17.1099
-16.9944
-16.8698
-16.7714
-16.7224
-16.7061
-16.6987
-16.694
-16.6893
-16.6854
-16.6826
-16.6817
-16.684
-16.6901
-16.7012
-16.7213
-16.7525
-16.7912
-16.8288
-16.8641
-16.9041
-16.9505
-17.0058
-17.105
-17.2407
-17.3353
-17.4055
-17.4594
-17.5034
-17.522
-17.4894
-17.389
-17.2218
-17.0764
-16.9954
-16.9503
-16.9267
-16.9374
-16.9936
-17.0731
-17.1333
-17.1608
-17.1724
-17.1114
-17.0832
-17.1814
-17.2179
-17.1788
-17.1028
-17.0418
-17.0381
-17.1007
-17.2232
-17.3816
-17.5411
-17.6505
-17.6852
-17.6644
-17.5802
-17.4389
-17.251
-17.0364
-16.8145
-16.626
-16.5365
-16.5394
-17.2973
-17.3332
-17.3887
-17.4202
-17.4463
-17.496
-17.5827
-17.6179
-17.6027
-17.6188
-17.6589
-17.7095
-17.733
-17.6955
-17.5814
-17.4301
-17.3105
-17.2463
-17.2158
-17.2029
-17.1942
-17.185
-17.1772
-17.171
-17.1659
-17.1622
-17.1612
-17.1643
-17.1721
-17.1853
-17.2063
-17.2385
-17.2807
-17.3293
-17.3836
-17.4433
-17.5079
-17.639
-17.8055
-17.9061
-17.9865
-18.0511
-18.1024
-18.1229
-18.0847
-17.9751
-17.7934
-17.6452
-17.5494
-17.4846
-17.4464
-17.4439
-17.487
-17.5516
-17.6075
-17.6395
-17.6591
-17.626
-17.5624
-17.6263
-17.6641
-17.6237
-17.539
-17.4573
-17.4114
-17.4156
-17.4584
-17.5312
-17.6106
-17.6836
-17.7487
-17.7961
-17.7974
-17.7357
-17.6198
-17.4696
-17.3067
-17.1667
-17.0955
-17.0861
-17.8389
-17.8658
-17.9045
-17.931
-17.9571
-18.003
-18.0626
-18.0915
-18.128
-18.18
-18.2439
-18.2892
-18.2927
-18.2286
-18.0846
-17.9183
-17.7987
-17.7443
-17.7209
-17.7044
-17.6896
-17.6764
-17.6663
-17.6582
-17.6514
-17.646
-17.6427
-17.6435
-17.6491
-17.6594
-17.6769
-17.7073
-17.752
-17.8073
-17.8715
-17.9424
-18.0171
-18.1779
-18.3732
-18.4892
-18.568
-18.6328
-18.6812
-18.696
-18.6496
-18.5249
-18.3389
-18.1873
-18.0783
-17.9976
-17.9565
-17.9498
-17.979
-18.0264
-18.0695
-18.1041
-18.1289
-18.1085
-18.0375
-18.053
-18.069
-18.0329
-17.9521
-17.8776
-17.8232
-17.7966
-17.794
-17.8085
-17.8404
-17.8899
-17.9668
-18.05
-18.1004
-18.0921
-18.0326
-17.9356
-17.8154
-17.7124
-17.6562
-17.6372
-18.345
-18.3681
-18.4009
-18.4295
-18.4561
-18.4924
-18.5294
-18.5668
-18.6273
-18.6976
-18.7646
-18.8063
-18.7988
-18.7262
-18.5715
-18.4208
-18.3148
-18.261
-18.2307
-18.2058
-18.185
-18.1694
-18.1577
-18.1483
-18.1405
-18.134
-18.1294
-18.1288
-18.1328
-18.1418
-18.159
-18.1899
-18.2361
-18.2956
-18.3677
-18.4493
-18.5433
-18.7203
-18.9371
-19.0605
-19.129
-19.1871
-19.2285
-19.2336
-19.1815
-19.0426
-18.8586
-18.7055
-18.5878
-18.5044
-18.4701
-18.4668
-18.4825
-18.5067
-18.5294
-18.562
-18.5881
-18.5724
-18.5146
-18.492
-18.4755
-18.4342
-18.3715
-18.3154
-18.2739
-18.241
-18.2199
-18.2076
-18.2132
-18.2496
-18.3165
-18.3988
-18.4603
-18.4787
-18.4562
-18.4
-18.3158
-18.2471
-18.2145
-18.1892
-18.8312
-18.8572
-18.8846
-18.9131
-18.9385
-18.9639
-18.9927
-19.0329
-19.0907
-19.1579
-19.2179
-19.2503
-19.2389
-19.1694
-19.0486
-18.9255
-18.8349
-18.7782
-18.7374
-18.7056
-18.682
-18.6652
-18.6524
-18.6422
-18.6338
-18.6267
-18.6218
-18.62
-18.6229
-18.6318
-18.6503
-18.6823
-18.7301
-18.7925
-18.869
-18.9582
-19.0684
-19.2581
-19.4857
-19.5965
-19.6554
-19.7036
-19.7321
-19.7323
-19.6765
-19.5285
-19.3559
-19.2061
-19.0856
-19.0126
-18.9866
-18.9866
-18.9911
-18.9893
-18.9904
-19.014
-19.0326
-19.0214
-18.9836
-18.951
-18.9081
-18.8615
-18.8173
-18.7803
-18.7516
-18.7214
-18.6957
-18.6769
-18.6674
-18.6873
-18.7387
-18.8055
-18.8599
-18.8887
-18.8878
-18.8631
-18.8164
-18.7817
-18.7635
-18.7413
-19.3108
-19.3301
-19.3558
-19.383
-19.4061
-19.4281
-19.4547
-19.4896
-19.5341
-19.5854
-19.6323
-19.6548
-19.642
-19.5882
-19.504
-19.4152
-19.3411
-19.2838
-19.2391
-19.2056
-19.1814
-19.1639
-19.1506
-19.1402
-19.1314
-19.1241
-19.119
-19.117
-19.1199
-19.1293
-19.1493
-19.1832
-19.2325
-19.2958
-19.3723
-19.4625
-19.5709
-19.787
-20.0081
-20.0967
-20.1485
-20.1853
-20.2003
-20.1993
-20.1386
-19.9897
-19.837
-19.6985
-19.5854
-19.5208
-19.4951
-19.4958
-19.4864
-19.4642
-19.45
-19.461
-19.4691
-19.4632
-19.4467
-19.4185
-19.3702
-19.3334
-19.3032
-19.2774
-19.2538
-19.2249
-19.1966
-19.1759
-19.1643
-19.1676
-19.1993
-19.2436
-19.287
-19.3211
-19.3391
-19.3347
-19.3222
-19.3107
-19.2917
-19.2778
-19.7817
-19.7962
-19.8204
-19.8459
-19.8687
-19.8917
-19.9163
-19.9427
-19.9725
-20.0053
-20.0345
-20.0488
-20.0396
-20.0036
-19.9481
-19.8864
-19.8284
-19.7786
-19.738
-19.7062
-19.6823
-19.6648
-19.652
-19.6418
-19.6333
-19.6264
-19.622
-19.6205
-19.6233
-19.6336
-19.6557
-19.6918
-19.7416
-19.8035
-19.878
-19.9638
-20.0662
-20.3105
-20.5057
-20.5762
-20.6183
-20.6414
-20.643
-20.6318
-20.5654
-20.4317
-20.3075
-20.1923
-20.0953
-20.0317
-19.9951
-19.9797
-19.9645
-19.9299
-19.9076
-19.9081
-19.9129
-19.9142
-19.9126
-19.895
-19.8608
-19.8438
-19.8235
-19.8052
-19.7851
-19.7525
-19.7134
-19.6851
-19.6716
-19.6745
-19.695
-19.7266
-19.7594
-19.7906
-19.8144
-19.8305
-19.8329
-19.823
-19.8058
-19.7926
-20.2526
-20.2653
-20.2869
-20.3106
-20.3335
-20.3566
-20.3786
-20.3981
-20.417
-20.4359
-20.4514
-20.4581
-20.4512
-20.4288
-20.394
-20.3529
-20.3109
-20.2716
-20.2366
-20.2068
-20.1836
-20.1674
-20.156
-20.1468
-20.1391
-20.1334
-20.1296
-20.1284
-20.1318
-20.144
-20.1684
-20.2057
-20.2545
-20.3137
-20.3862
-20.4681
-20.578
-20.8287
-20.9916
-21.0459
-21.0737
-21.0794
-21.0662
-21.0387
-20.9705
-20.8624
-20.7685
-20.6838
-20.6069
-20.5422
-20.4932
-20.4617
-20.4372
-20.3939
-20.3674
-20.3679
-20.3782
-20.3846
-20.3918
-20.3867
-20.3792
-20.3725
-20.3566
-20.3457
-20.3364
-20.2967
-20.2431
-20.1998
-20.1767
-20.1796
-20.1995
-20.2314
-20.2652
-20.2942
-20.3173
-20.33
-20.335
-20.3169
-20.3039
-20.293
-20.7318
-20.7423
-20.7607
-20.7819
-20.8034
-20.8248
-20.8437
-20.8586
-20.8712
-20.8825
-20.8907
-20.8935
-20.8885
-20.8749
-20.8536
-20.827
-20.7972
-20.7665
-20.7358
-20.7074
-20.6851
-20.671
-20.6626
-20.6553
-20.6483
-20.6425
-20.6391
-20.6393
-20.6449
-20.6593
-20.6849
-20.7214
-20.7677
-20.8234
-20.8929
-20.9713
-21.0995
-21.3365
-21.4795
-21.5095
-21.5155
-21.503
-21.4757
-21.4389
-21.375
-21.2897
-21.2202
-21.162
-21.1053
-21.0442
-20.9926
-20.9523
-20.915
-20.8646
-20.8413
-20.8523
-20.8661
-20.8741
-20.8884
-20.8922
-20.9013
-20.8957
-20.8846
-20.8751
-20.8725
-20.8408
-20.7835
-20.7274
-20.6879
-20.6761
-20.6916
-20.7256
-20.7622
-20.7877
-20.8042
-20.811
-20.8114
-20.8022
-20.7917
-20.7863
-21.2202
-21.2281
-21.2423
-21.2597
-21.2786
-21.2973
-21.3133
-21.3252
-21.3344
-21.3419
-21.3473
-21.3492
-21.3465
-21.3387
-21.3259
-21.3086
-21.2876
-21.2634
-21.2364
-21.2083
-21.1857
-21.1749
-21.1721
-21.1663
-21.1572
-21.1503
-21.1491
-21.1531
-21.1619
-21.1776
-21.2028
-21.2367
-21.2787
-21.3297
-21.3931
-21.4637
-21.5976
-21.8203
-21.948
-21.9546
-21.9387
-21.9096
-21.8742
-21.8341
-21.7784
-21.7139
-21.6639
-21.625
-21.5842
-21.5373
-21.4879
-21.443
-21.3956
-21.3437
-21.3369
-21.3564
-21.3698
-21.3809
-21.3964
-21.4041
-21.4132
-21.4102
-21.4041
-21.3917
-21.3816
-21.3633
-21.3193
-21.2673
-21.217
-21.1848
-21.1854
-21.2116
-21.2432
-21.2674
-21.2809
-21.2883
-21.29
-21.2854
-21.2797
-21.2773
-21.7149
-21.7205
-21.7304
-21.7433
-21.7585
-21.7743
-21.7877
-21.7977
-21.805
-21.8107
-21.8149
-21.817
-21.8164
-21.8128
-21.8058
-21.7952
-21.7813
-21.7637
-21.7403
-21.7115
-21.6874
-21.6815
-21.6861
-21.6787
-21.6632
-21.6555
-21.6588
-21.6689
-21.681
-21.6969
-21.7201
-21.7497
-21.7857
-21.8303
-21.8841
-21.9447
-22.0689
-22.2641
-22.3677
-22.3605
-22.3349
-22.2994
-22.2653
-22.228
-22.1839
-22.1388
-22.106
-22.0804
-22.0559
-22.0249
-21.9784
-21.9283
-21.8858
-21.8451
-21.8444
-21.8634
-21.8772
-21.8941
-21.9072
-21.9182
-21.9239
-21.9244
-21.9189
-21.9015
-21.8814
-21.8624
-21.8328
-21.7944
-21.7543
-21.7158
-21.6958
-21.7064
-21.7334
-21.7541
-21.7654
-21.7714
-21.7742
-21.7728
-21.7698
-21.7684
-22.2127
-22.2165
-22.223
-22.2319
-22.2433
-22.2557
-22.2667
-22.2752
-22.2815
-22.2864
-22.2902
-22.2929
-22.2941
-22.2936
-22.2913
-22.2866
-22.2798
-22.2707
-22.2542
-22.2278
-22.2111
-22.2141
-22.2138
-22.1959
-22.1694
-22.1583
-22.1666
-22.1843
-22.1996
-22.215
-22.2351
-22.2593
-22.2883
-22.3244
-22.3666
-22.4173
-22.52
-22.6806
-22.7446
-22.7367
-22.7113
-22.6806
-22.6542
-22.6275
-22.5967
-22.5707
-22.5539
-22.5437
-22.5342
-22.5121
-22.4671
-22.4083
-22.3819
-22.3662
-22.3536
-22.3643
-22.3825
-22.4084
-22.4215
-22.435
-22.4349
-22.4325
-22.4236
-22.4039
-22.3794
-22.3555
-22.3293
-22.3023
-22.2781
-22.2531
-22.2265
-22.2188
-22.2343
-22.2504
-22.2568
-22.26
-22.2627
-22.2627
-22.2612
-22.2604
-22.711
-22.7136
-22.7178
-22.724
-22.7322
-22.7415
-22.7503
-22.7575
-22.7631
-22.7676
-22.7715
-22.7749
-22.7778
-22.7803
-22.7822
-22.7835
-22.7857
-22.791
-22.7925
-22.786
-22.7968
-22.8058
-22.7822
-22.7321
-22.6864
-22.6663
-22.6772
-22.7022
-22.7186
-22.7323
-22.7474
-22.7655
-22.7866
-22.8133
-22.8445
-22.8841
-22.9662
-23.084
-23.1189
-23.1084
-23.0823
-23.063
-23.0494
-23.0395
-23.0247
-23.0155
-23.0122
-23.0144
-23.01
-22.9906
-22.9482
-22.8891
-22.8614
-22.8765
-22.8579
-22.8571
-22.8833
-22.9236
-22.9497
-22.9517
-22.9372
-22.9243
-22.9111
-22.8942
-22.8723
-22.8487
-22.8261
-22.8055
-22.7903
-22.7806
-22.7628
-22.7505
-22.752
-22.7578
-22.7554
-22.754
-22.755
-22.7551
-22.7545
-22.7539
-23.2088
-23.2105
-23.2134
-23.2177
-23.2238
-23.2309
-23.2378
-23.2438
-23.2488
-23.2533
-23.2576
-23.2619
-23.2666
-23.2719
-23.2785
-23.2868
-23.3006
-23.3283
-23.3651
-23.4064
-23.4528
-23.4707
-23.442
-23.3635
-23.2775
-23.2165
-23.2075
-23.2325
-23.2441
-23.2512
-23.2585
-23.2686
-23.2811
-23.2983
-23.319
-23.3467
-23.4058
-23.4879
-23.5053
-23.4913
-23.4631
-23.4533
-23.4561
-23.4656
-23.4701
-23.4761
-23.4812
-23.4846
-23.4786
-23.4563
-23.4174
-23.3701
-23.3381
-23.3541
-23.3448
-23.3401
-23.3746
-23.4355
-23.4857
-23.4831
-23.4558
-23.4224
-23.3929
-23.3766
-23.3595
-23.34
-23.3241
-23.3126
-23.3055
-23.3005
-23.2951
-23.2905
-23.2854
-23.2765
-23.261
-23.2531
-23.2514
-23.2505
-23.25
-23.2492
-23.7058
-23.7071
-23.7093
-23.7126
-23.7172
-23.7226
-23.7281
-23.7332
-23.7379
-23.7425
-23.7473
-23.7527
-23.7592
-23.7677
-23.7792
-23.7955
-23.8226
-23.8769
-23.9645
-24.0638
-24.1451
-24.1879
-24.1732
-24.0961
-23.973
-23.8489
-23.7803
-23.7798
-23.7783
-23.7716
-23.768
-23.7689
-23.7728
-23.7809
-23.7919
-23.8076
-23.8435
-23.8976
-23.9053
-23.8846
-23.8577
-23.8513
-23.8707
-23.8979
-23.9237
-23.9437
-23.9559
-23.959
-23.9508
-23.9306
-23.9031
-23.8675
-23.8301
-23.8192
-23.8148
-23.8143
-23.8494
-23.921
-23.9924
-24.0111
-23.9797
-23.9276
-23.8799
-23.8559
-23.8404
-23.8267
-23.8186
-23.8184
-23.8211
-23.8216
-23.8245
-23.8328
-23.8284
-23.7999
-23.7695
-23.7557
-23.7514
-23.7496
-23.7481
-23.7477
-24.2024
-24.2035
-24.2054
-24.208
-24.2117
-24.2159
-24.2204
-24.2248
-24.2294
-24.2342
-24.2396
-24.2461
-24.2545
-24.266
-24.2824
-24.3065
-24.3458
-24.421
-24.5536
-24.7036
-24.8174
-24.8805
-24.8735
-24.7991
-24.6648
-24.5064
-24.3863
-24.3339
-24.3136
-24.2893
-24.2741
-24.2659
-24.2622
-24.2624
-24.2653
-24.2706
-24.2878
-24.3192
-24.3207
-24.2845
-24.2637
-24.2587
-24.2914
-24.3307
-24.3763
-24.4106
-24.433
-24.4396
-24.4382
-24.4323
-24.4204
-24.395
-24.3551
-24.3172
-24.2898
-24.2794
-24.3064
-24.3652
-24.4336
-24.4671
-24.4463
-24.3982
-24.3553
-24.3284
-24.3127
-24.3048
-24.3047
-24.3135
-24.3262
-24.3367
-24.3521
-24.3691
-24.3617
-24.3141
-24.2759
-24.2593
-24.2525
-24.2489
-24.2468
-24.2458
-24.6988
-24.6997
-24.7014
-24.7039
-24.7067
-24.7101
-24.7139
-24.718
-24.7225
-24.7275
-24.7335
-24.741
-24.7511
-24.765
-24.7851
-24.815
-24.8625
-24.9443
-25.0891
-25.271
-25.4046
-25.4664
-25.4444
-25.3678
-25.2485
-25.0919
-24.9644
-24.8755
-24.8376
-24.7995
-24.7747
-24.7594
-24.7498
-24.7441
-24.7411
-24.7392
-24.7438
-24.7599
-24.7549
-24.7102
-24.6842
-24.6801
-24.7216
-24.7713
-24.8278
-24.8763
-24.9097
-24.931
-24.9458
-24.9566
-24.9579
-24.944
-24.9116
-24.8619
-24.8069
-24.7704
-24.7676
-24.7969
-24.8388
-24.8637
-24.8637
-24.8376
-24.8128
-24.7926
-24.7802
-24.7762
-24.7806
-24.7937
-24.8128
-24.8325
-24.8583
-24.8781
-24.8621
-24.8091
-24.7768
-24.7608
-24.7527
-24.7481
-24.7455
-24.7442
-25.1951
-25.1959
-25.1973
-25.1994
-25.2018
-25.2048
-25.2082
-25.2121
-25.2165
-25.2217
-25.2281
-25.2364
-25.2476
-25.2629
-25.2848
-25.3172
-25.3675
-25.4401
-25.5676
-25.7325
-25.8593
-25.9046
-25.8735
-25.8051
-25.7226
-25.6068
-25.4873
-25.395
-25.343
-25.2995
-25.2693
-25.2497
-25.2362
-25.2267
-25.2199
-25.2141
-25.2112
-25.2164
-25.2136
-25.1727
-25.1243
-25.1217
-25.1594
-25.2212
-25.2857
-25.3461
-25.3946
-25.4324
-25.4586
-25.4787
-25.4932
-25.4914
-25.456
-25.3972
-25.3356
-25.2911
-25.2637
-25.2626
-25.281
-25.2958
-25.2997
-25.2887
-25.2765
-25.2599
-25.2504
-25.2476
-25.2529
-25.2663
-25.2856
-25.3063
-25.3305
-25.3439
-25.3267
-25.2934
-25.2709
-25.2583
-25.2506
-25.246
-25.2432
-25.2418
-25.6911
-25.6918
-25.6931
-25.6948
-25.697
-25.6997
-25.7028
-25.7066
-25.7109
-25.7162
-25.7229
-25.7315
-25.7429
-25.7586
-25.78
-25.8108
-25.8555
-25.9195
-26.013
-26.1319
-26.2295
-26.2647
-26.263
-26.2259
-26.1731
-26.0966
-25.9803
-25.893
-25.8332
-25.7893
-25.7584
-25.7373
-25.7221
-25.7107
-25.7019
-25.6946
-25.6882
-25.6862
-25.6855
-25.6538
-25.5983
-25.578
-25.6028
-25.6715
-25.7498
-25.8251
-25.8851
-25.9285
-25.9571
-25.9806
-26.0016
-26.0008
-25.9544
-25.8803
-25.8271
-25.7997
-25.7764
-25.765
-25.7733
-25.7822
-25.7783
-25.7703
-25.756
-25.7394
-25.7299
-25.7273
-25.7322
-25.7435
-25.7588
-25.7757
-25.7903
-25.7951
-25.7875
-25.7729
-25.7609
-25.7521
-25.746
-25.742
-25.7394
-25.7381
-26.1868
-26.1874
-26.1885
-26.1901
-26.1921
-26.1946
-26.1975
-26.2011
-26.2053
-26.2106
-26.2172
-26.2256
-26.2368
-26.2519
-26.2708
-26.2983
-26.3361
-26.3875
-26.4562
-26.5435
-26.6291
-26.6875
-26.7106
-26.6911
-26.6428
-26.5601
-26.4522
-26.369
-26.3115
-26.2715
-26.2434
-26.2235
-26.2082
-26.1963
-26.187
-26.1793
-26.1725
-26.1673
-26.1651
-26.1515
-26.1053
-26.058
-26.0645
-26.1244
-26.2067
-26.2925
-26.3603
-26.4038
-26.4327
-26.4568
-26.4755
-26.477
-26.4392
-26.3698
-26.3107
-26.2939
-26.2868
-26.2792
-26.2832
-26.2868
-26.2812
-26.2666
-26.2454
-26.2296
-26.2201
-26.2173
-26.2212
-26.2298
-26.2409
-26.2526
-26.2615
-26.2647
-26.2621
-26.256
-26.2497
-26.244
-26.2395
-26.2364
-26.2343
-26.2331
-26.6822
-26.6827
-26.6837
-26.6852
-26.687
-26.6893
-26.6921
-26.6954
-26.6995
-26.7046
-26.7109
-26.7188
-26.729
-26.7423
-26.7595
-26.7823
-26.8123
-26.8523
-26.9048
-26.974
-27.0563
-27.1284
-27.1478
-27.1214
-27.0646
-26.9803
-26.8961
-26.8295
-26.7831
-26.7506
-26.7266
-26.7098
-26.6952
-26.6838
-26.6749
-26.6678
-26.6622
-26.6577
-26.6553
-26.654
-26.6317
-26.5833
-26.5603
-26.5979
-26.6646
-26.7394
-26.8052
-26.8507
-26.8807
-26.9027
-26.9204
-26.936
-26.9253
-26.8898
-26.8391
-26.8122
-26.7981
-26.7877
-26.7925
-26.7951
-26.7826
-26.7603
-26.7408
-26.726
-26.7167
-26.7137
-26.7162
-26.7218
-26.7291
-26.7369
-26.7429
-26.746
-26.7452
-26.7423
-26.7387
-26.7351
-26.732
-26.7296
-26.728
-26.7271
-27.1772
-27.1777
-27.1786
-27.1799
-27.1816
-27.1837
-27.1863
-27.1895
-27.1934
-27.1981
-27.204
-27.2111
-27.2202
-27.2317
-27.2461
-27.2643
-27.2872
-27.3164
-27.3535
-27.4003
-27.4566
-27.5051
-27.5179
-27.4943
-27.4468
-27.3898
-27.3341
-27.2889
-27.2554
-27.2304
-27.2109
-27.1956
-27.1829
-27.1728
-27.165
-27.1591
-27.1551
-27.1528
-27.1525
-27.1544
-27.1557
-27.1363
-27.1037
-27.1074
-27.1446
-27.194
-27.2381
-27.2758
-27.3024
-27.3208
-27.3442
-27.3698
-27.4022
-27.4126
-27.3994
-27.3613
-27.3163
-27.3004
-27.3019
-27.295
-27.2756
-27.2558
-27.2384
-27.2246
-27.2161
-27.2124
-27.2131
-27.2161
-27.2205
-27.2253
-27.2291
-27.2315
-27.2317
-27.2303
-27.2282
-27.2259
-27.2238
-27.2221
-27.2209
-27.2202
-27.6719
-27.6723
-27.6731
-27.6743
-27.6759
-27.6778
-27.6802
-27.6832
-27.6868
-27.6911
-27.6964
-27.7028
-27.7106
-27.7202
-27.7318
-27.7458
-27.7626
-27.7823
-27.8053
-27.8306
-27.858
-27.8813
-27.8917
-27.8804
-27.8536
-27.8197
-27.7855
-27.7557
-27.7313
-27.7117
-27.6957
-27.6826
-27.6718
-27.6632
-27.6567
-27.6522
-27.6498
-27.6496
-27.6519
-27.6569
-27.6646
-27.6746
-27.6701
-27.6574
-27.6603
-27.6698
-27.6874
-27.7047
-27.7172
-27.7292
-27.7571
-27.8095
-27.8903
-27.9458
-27.9571
-27.8999
-27.8346
-27.8134
-27.8034
-27.7868
-27.7689
-27.7513
-27.7355
-27.7234
-27.7156
-27.7118
-27.7102
-27.7108
-27.7131
-27.716
-27.7185
-27.7199
-27.7202
-27.7195
-27.7183
-27.7168
-27.7154
-27.7141
-27.7132
-27.7128
-28.1662
-28.1666
-28.1673
-28.1684
-28.1698
-28.1716
-28.1738
-28.1765
-28.1798
-28.1837
-28.1884
-28.1939
-28.2005
-28.2084
-28.2175
-28.2281
-28.2401
-28.2532
-28.2672
-28.2811
-28.295
-28.3078
-28.3135
-28.3079
-28.2923
-28.2714
-28.2492
-28.2283
-28.21
-28.1945
-28.1815
-28.1706
-28.1617
-28.1546
-28.1494
-28.1463
-28.1452
-28.1465
-28.1506
-28.1579
-28.1688
-28.1859
-28.2104
-28.2193
-28.2064
-28.1864
-28.1712
-28.1586
-28.154
-28.1701
-28.2189
-28.317
-28.4207
-28.4805
-28.4698
-28.3975
-28.3368
-28.3124
-28.2958
-28.2789
-28.2618
-28.2455
-28.2315
-28.2208
-28.2133
-28.2088
-28.2065
-28.2062
-28.2068
-28.2079
-28.2091
-28.2099
-28.21
-28.2096
-28.2088
-28.2078
-28.2067
-28.2058
-28.2052
-28.2049
-28.6601
-28.6605
-28.6612
-28.6621
-28.6634
-28.665
-28.6671
-28.6695
-28.6725
-28.6759
-28.68
-28.6847
-28.6902
-28.6965
-28.7036
-28.7116
-28.7203
-28.7294
-28.7386
-28.7475
-28.7557
-28.7617
-28.7636
-28.7594
-28.7494
-28.7356
-28.7202
-28.7051
-28.6913
-28.6791
-28.6686
-28.6598
-28.6525
-28.6468
-28.6428
-28.6407
-28.6407
-28.643
-28.6479
-28.6559
-28.6674
-28.6853
-28.713
-28.742
-28.7509
-28.74
-28.7103
-28.681
-28.6695
-28.6942
-28.7634
-28.857
-28.9313
-28.9574
-28.9233
-28.8655
-28.8236
-28.8007
-28.7842
-28.7682
-28.7525
-28.7382
-28.726
-28.7164
-28.7093
-28.7045
-28.7016
-28.7003
-28.6999
-28.7001
-28.7004
-28.7006
-28.7005
-28.7001
-28.6995
-28.6988
-28.698
-28.6974
-28.6969
-28.6967
-29.1537
-29.1541
-29.1546
-29.1555
-29.1567
-29.1582
-29.16
-29.1622
-29.1648
-29.1678
-29.1712
-29.1752
-29.1797
-29.1847
-29.1903
-29.1963
-29.2026
-29.209
-29.2152
-29.2208
-29.2253
-29.228
-29.228
-29.2246
-29.2175
-29.2078
-29.1968
-29.1856
-29.175
-29.1655
-29.1571
-29.1499
-29.1441
-29.1396
-29.1366
-29.1353
-29.1359
-29.1386
-29.1437
-29.1514
-29.1618
-29.1769
-29.1977
-29.2229
-29.2493
-29.2575
-29.2457
-29.2246
-29.2166
-29.2338
-29.2947
-29.3496
-29.3824
-29.3856
-29.3607
-29.3273
-29.3021
-29.284
-29.2691
-29.255
-29.2416
-29.2294
-29.2189
-29.2104
-29.2038
-29.1991
-29.1959
-29.1939
-29.1928
-29.1922
-29.1919
-29.1917
-29.1914
-29.191
-29.1904
-29.1898
-29.1893
-29.1888
-29.1884
-29.1882
-29.647
-29.6473
-29.6478
-29.6486
-29.6496
-29.651
-29.6526
-29.6545
-29.6567
-29.6593
-29.6622
-29.6655
-29.6692
-29.6732
-29.6775
-29.682
-29.6866
-29.691
-29.6951
-29.6986
-29.701
-29.7021
-29.7013
-29.6982
-29.6929
-29.6857
-29.6775
-29.6691
-29.6609
-29.6533
-29.6466
-29.6409
-29.6362
-29.6327
-29.6305
-29.6298
-29.6308
-29.6336
-29.6384
-29.6454
-29.6546
-29.6663
-29.6808
-29.698
-29.7156
-29.7271
-29.7275
-29.7209
-29.7228
-29.74
-29.773
-29.8033
-29.8208
-29.8224
-29.8108
-29.7944
-29.7792
-29.7655
-29.7529
-29.741
-29.7297
-29.7194
-29.7105
-29.703
-29.697
-29.6925
-29.6891
-29.6868
-29.6853
-29.6842
-29.6835
-29.683
-29.6825
-29.682
-29.6815
-29.6809
-29.6804
-29.68
-29.6797
-29.6796
-30.14
-30.1402
-30.1407
-30.1414
-30.1423
-30.1435
-30.1449
-30.1466
-30.1485
-30.1507
-30.1531
-30.1558
-30.1588
-30.162
-30.1653
-30.1686
-30.1719
-30.175
-30.1777
-30.1798
-30.1811
-30.1812
-30.18
-30.1773
-30.173
-30.1675
-30.1612
-30.1547
-30.1483
-30.1423
-30.137
-30.1324
-30.1287
-30.126
-30.1245
-30.1242
-30.1254
-30.1281
-30.1325
-30.1385
-30.1464
-30.156
-30.1671
-30.1791
-30.1901
-30.1983
-30.2026
-30.2063
-30.2144
-30.2291
-30.2486
-30.2662
-30.2776
-30.2805
-30.2758
-30.2671
-30.257
-30.2466
-30.2365
-30.2266
-30.2172
-30.2086
-30.201
-30.1945
-30.1892
-30.1849
-30.1816
-30.1792
-30.1773
-30.176
-30.175
-30.1742
-30.1736
-30.173
-30.1725
-30.172
-30.1715
-30.1712
-30.1709
-30.1708
-30.6328
-30.633
-30.6334
-30.634
-30.6349
-30.6359
-30.6371
-30.6385
-30.6401
-30.6419
-30.644
-30.6462
-30.6485
-30.651
-30.6536
-30.6561
-30.6585
-30.6606
-30.6623
-30.6636
-30.664
-30.6637
-30.6623
-30.6599
-30.6564
-30.6521
-30.6472
-30.6421
-30.637
-30.6322
-30.628
-30.6243
-30.6214
-30.6194
-30.6184
-30.6184
-30.6197
-30.6222
-30.6261
-30.6313
-30.638
-30.6458
-30.6548
-30.6641
-30.6729
-30.6802
-30.6862
-30.6926
-30.7015
-30.7134
-30.7269
-30.7392
-30.7473
-30.7499
-30.7479
-30.7427
-30.7357
-30.728
-30.7199
-30.712
-30.7044
-30.6973
-30.6909
-30.6852
-30.6805
-30.6766
-30.6734
-30.6709
-30.669
-30.6675
-30.6663
-30.6654
-30.6646
-30.664
-30.6634
-30.6629
-30.6625
-30.6622
-30.662
-30.6619
-31.1254
-31.1256
-31.126
-31.1265
-31.1272
-31.128
-31.1291
-31.1303
-31.1316
-31.1331
-31.1348
-31.1366
-31.1384
-31.1404
-31.1423
-31.1442
-31.1459
-31.1474
-31.1486
-31.1491
-31.1492
-31.1485
-31.1472
-31.145
-31.1421
-31.1386
-31.1347
-31.1307
-31.1266
-31.1228
-31.1194
-31.1165
-31.1143
-31.1128
-31.1122
-31.1124
-31.1137
-31.1161
-31.1195
-31.124
-31.1296
-31.1361
-31.1434
-31.1511
-31.1587
-31.1656
-31.1722
-31.1793
-31.1876
-31.1971
-31.207
-31.2158
-31.2217
-31.2241
-31.2234
-31.2203
-31.2155
-31.2098
-31.2037
-31.1975
-31.1913
-31.1855
-31.1801
-31.1753
-31.1711
-31.1676
-31.1646
-31.1622
-31.1602
-31.1587
-31.1574
-31.1564
-31.1556
-31.1549
-31.1543
-31.1538
-31.1534
-31.1531
-31.1529
-31.1528
-31.6179
-31.618
-31.6183
-31.6188
-31.6193
-31.6201
-31.621
-31.622
-31.6231
-31.6243
-31.6256
-31.627
-31.6285
-31.63
-31.6315
-31.6329
-31.6342
-31.6352
-31.6358
-31.6361
-31.6359
-31.6351
-31.6338
-31.6319
-31.6295
-31.6266
-31.6235
-31.6202
-31.617
-31.614
-31.6112
-31.609
-31.6072
-31.6062
-31.6058
-31.6062
-31.6075
-31.6097
-31.6127
-31.6166
-31.6214
-31.6269
-31.633
-31.6395
-31.6461
-31.6525
-31.659
-31.6658
-31.6732
-31.6809
-31.6884
-31.6949
-31.6994
-31.7016
-31.7016
-31.6998
-31.6967
-31.6926
-31.688
-31.6832
-31.6783
-31.6735
-31.669
-31.6649
-31.6613
-31.6581
-31.6553
-31.6531
-31.6512
-31.6496
-31.6483
-31.6473
-31.6464
-31.6457
-31.645
-31.6446
-31.6441
-31.6438
-31.6436
-31.6435
-32.1102
-32.1103
-32.1106
-32.1109
-32.1114
-32.112
-32.1127
-32.1136
-32.1145
-32.1154
-32.1165
-32.1176
-32.1188
-32.12
-32.1211
-32.1221
-32.123
-32.1237
-32.124
-32.1241
-32.1237
-32.1229
-32.1217
-32.1201
-32.118
-32.1157
-32.1131
-32.1105
-32.1079
-32.1055
-32.1033
-32.1015
-32.1002
-32.0995
-32.0993
-32.0998
-32.1011
-32.103
-32.1057
-32.1091
-32.1132
-32.1179
-32.1231
-32.1287
-32.1344
-32.1403
-32.1462
-32.1524
-32.1588
-32.1651
-32.1711
-32.1761
-32.1797
-32.1818
-32.1822
-32.1813
-32.1792
-32.1764
-32.1729
-32.1691
-32.1652
-32.1613
-32.1576
-32.1541
-32.151
-32.1481
-32.1457
-32.1435
-32.1417
-32.1402
-32.139
-32.1379
-32.137
-32.1363
-32.1357
-32.1352
-32.1348
-32.1345
-32.1343
-32.1342
-32.6024
-32.6025
-32.6026
-32.6029
-32.6033
-32.6038
-32.6044
-32.6051
-32.6058
-32.6066
-32.6075
-32.6084
-32.6093
-32.6102
-32.611
-32.6118
-32.6124
-32.6128
-32.6129
-32.6128
-32.6124
-32.6117
-32.6106
-32.6091
-32.6074
-32.6055
-32.6034
-32.6013
-32.5992
-32.5972
-32.5955
-32.5941
-32.5932
-32.5927
-32.5927
-32.5932
-32.5944
-32.5962
-32.5986
-32.6015
-32.6051
-32.6091
-32.6136
-32.6184
-32.6234
-32.6286
-32.6339
-32.6393
-32.6448
-32.6501
-32.6549
-32.659
-32.662
-32.6639
-32.6646
-32.6642
-32.6629
-32.6608
-32.6583
-32.6554
-32.6523
-32.6491
-32.6461
-32.6431
-32.6404
-32.6379
-32.6357
-32.6337
-32.6321
-32.6306
-32.6294
-32.6284
-32.6275
-32.6268
-32.6262
-32.6257
-32.6253
-32.625
-32.6248
-32.6247
-33.0944
-33.0945
-33.0946
-33.0949
-33.0952
-33.0956
-33.0961
-33.0966
-33.0972
-33.0978
-33.0985
-33.0992
-33.0999
-33.1006
-33.1012
-33.1017
-33.1021
-33.1024
-33.1024
-33.1022
-33.1018
-33.1011
-33.1001
-33.0989
-33.0974
-33.0958
-33.0941
-33.0924
-33.0907
-33.0892
-33.0878
-33.0868
-33.0861
-33.0857
-33.0859
-33.0865
-33.0875
-33.0891
-33.0912
-33.0938
-33.0969
-33.1004
-33.1043
-33.1084
-33.1128
-33.1173
-33.122
-33.1267
-33.1313
-33.1357
-33.1397
-33.1431
-33.1457
-33.1475
-33.1483
-33.1482
-33.1474
-33.146
-33.1441
-33.1419
-33.1395
-33.1369
-33.1344
-33.1319
-33.1296
-33.1274
-33.1254
-33.1237
-33.1221
-33.1208
-33.1197
-33.1187
-33.1178
-33.1171
-33.1166
-33.1161
-33.1157
-33.1154
-33.1153
-33.1152
-33.5863
-33.5864
-33.5865
-33.5867
-33.587
-33.5873
-33.5877
-33.5881
-33.5886
-33.5891
-33.5896
-33.5902
-33.5907
-33.5912
-33.5917
-33.592
-33.5922
-33.5924
-33.5923
-33.5921
-33.5916
-33.591
-33.5902
-33.5891
-33.5879
-33.5866
-33.5852
-33.5838
-33.5825
-33.5813
-33.5802
-33.5794
-33.5789
-33.5787
-33.5789
-33.5795
-33.5805
-33.5819
-33.5838
-33.5861
-33.5887
-33.5917
-33.5951
-33.5987
-33.6024
-33.6064
-33.6104
-33.6144
-33.6184
-33.6221
-33.6254
-33.6283
-33.6306
-33.6321
-33.633
-33.6332
-33.6327
-33.6318
-33.6304
-33.6287
-33.6268
-33.6247
-33.6226
-33.6206
-33.6186
-33.6167
-33.615
-33.6134
-33.612
-33.6108
-33.6098
-33.6089
-33.6081
-33.6074
-33.6068
-33.6064
-33.606
-33.6058
-33.6056
-33.6055
-34.0781
-34.0782
-34.0783
-34.0785
-34.0787
-34.079
-34.0793
-34.0796
-34.08
-34.0804
-34.0808
-34.0812
-34.0816
-34.082
-34.0823
-34.0825
-34.0826
-34.0826
-34.0825
-34.0823
-34.0819
-34.0813
-34.0806
-34.0798
-34.0788
-34.0777
-34.0766
-34.0755
-34.0744
-34.0735
-34.0727
-34.0721
-34.0717
-34.0717
-34.0719
-34.0724
-34.0734
-34.0746
-34.0762
-34.0782
-34.0805
-34.0831
-34.086
-34.089
-34.0923
-34.0957
-34.0991
-34.1025
-34.1059
-34.109
-34.1118
-34.1143
-34.1162
-34.1176
-34.1185
-34.1188
-34.1186
-34.118
-34.117
-34.1157
-34.1142
-34.1125
-34.1108
-34.1091
-34.1075
-34.1059
-34.1044
-34.103
-34.1018
-34.1007
-34.0998
-34.0989
-34.0982
-34.0976
-34.0971
-34.0966
-34.0963
-34.0961
-34.0959
-34.0958
-34.5699
-34.5699
-34.57
-34.5702
-34.5703
-34.5706
-34.5708
-34.5711
-34.5714
-34.5717
-34.572
-34.5723
-34.5726
-34.5728
-34.573
-34.5731
-34.5732
-34.5732
-34.5731
-34.5728
-34.5725
-34.572
-34.5714
-34.5707
-34.5699
-34.5691
-34.5682
-34.5673
-34.5665
-34.5658
-34.5652
-34.5647
-34.5645
-34.5645
-34.5648
-34.5653
-34.5661
-34.5672
-34.5686
-34.5703
-34.5722
-34.5745
-34.5769
-34.5795
-34.5823
-34.5851
-34.5881
-34.591
-34.5938
-34.5964
-34.5988
-34.6009
-34.6025
-34.6038
-34.6046
-34.605
-34.605
-34.6046
-34.6039
-34.6029
-34.6018
-34.6005
-34.5991
-34.5977
-34.5963
-34.595
-34.5937
-34.5925
-34.5915
-34.5905
-34.5896
-34.5889
-34.5882
-34.5877
-34.5872
-34.5868
-34.5865
-34.5863
-34.5861
-34.586
-35.0616
-35.0616
-35.0617
-35.0618
-35.0619
-35.0621
-35.0623
-35.0625
-35.0628
-35.063
-35.0633
-35.0635
-35.0637
-35.0638
-35.0639
-35.0639
-35.064
-35.0639
-35.0638
-35.0636
-35.0633
-35.0629
-35.0625
-35.0619
-35.0613
-35.0606
-35.0599
-35.0593
-35.0587
-35.0581
-35.0577
-35.0574
-35.0572
-35.0573
-35.0575
-35.058
-35.0587
-35.0596
-35.0608
-35.0623
-35.0639
-35.0658
-35.0678
-35.07
-35.0724
-35.0748
-35.0772
-35.0796
-35.082
-35.0842
-35.0862
-35.0879
-35.0894
-35.0905
-35.0913
-35.0917
-35.0918
-35.0916
-35.0911
-35.0904
-35.0895
-35.0885
-35.0874
-35.0862
-35.0851
-35.084
-35.0829
-35.0819
-35.081
-35.0802
-35.0794
-35.0788
-35.0782
-35.0777
-35.0772
-35.0769
-35.0766
-35.0764
-35.0763
-35.0762
-35.5533
-35.5533
-35.5533
-35.5534
-35.5535
-35.5537
-35.5538
-35.554
-35.5542
-35.5544
-35.5545
-35.5547
-35.5548
-35.5549
-35.5549
-35.5549
-35.5549
-35.5549
-35.5547
-35.5546
-35.5543
-35.554
-35.5537
-35.5533
-35.5528
-35.5523
-35.5518
-35.5513
-35.5508
-35.5504
-35.5501
-35.5499
-35.5498
-35.5499
-35.5501
-35.5505
-35.5511
-35.5519
-35.5529
-35.5541
-35.5555
-35.557
-35.5587
-35.5606
-35.5625
-35.5645
-35.5665
-35.5685
-35.5705
-35.5723
-35.574
-35.5755
-35.5767
-35.5777
-35.5784
-35.5788
-35.579
-35.5789
-35.5785
-35.578
-35.5773
-35.5766
-35.5757
-35.5748
-35.5739
-35.573
-35.5721
-35.5713
-35.5705
-35.5698
-35.5691
-35.5685
-35.568
-35.5676
-35.5672
-35.5669
-35.5666
-35.5665
-35.5663
-35.5663
-36.0449
-36.0449
-36.0449
-36.045
-36.0451
-36.0452
-36.0453
-36.0455
-36.0456
-36.0457
-36.0458
-36.0459
-36.046
-36.046
-36.0461
-36.0461
-36.046
-36.046
-36.0459
-36.0457
-36.0455
-36.0453
-36.0451
-36.0447
-36.0444
-36.044
-36.0437
-36.0433
-36.043
-36.0427
-36.0425
-36.0424
-36.0423
-36.0424
-36.0426
-36.0429
-36.0434
-36.0441
-36.0449
-36.0459
-36.047
-36.0482
-36.0496
-36.0511
-36.0527
-36.0543
-36.056
-36.0576
-36.0592
-36.0608
-36.0621
-36.0634
-36.0644
-36.0653
-36.0659
-36.0663
-36.0665
-36.0664
-36.0662
-36.0659
-36.0654
-36.0648
-36.0641
-36.0634
-36.0626
-36.0619
-36.0612
-36.0605
-36.0599
-36.0593
-36.0587
-36.0582
-36.0578
-36.0574
-36.0571
-36.0568
-36.0566
-36.0565
-36.0563
-36.0563
-36.5365
-36.5365
-36.5366
-36.5366
-36.5367
-36.5368
-36.5368
-36.5369
-36.537
-36.5371
-36.5372
-36.5372
-36.5373
-36.5373
-36.5373
-36.5373
-36.5373
-36.5372
-36.5371
-36.537
-36.5369
-36.5367
-36.5365
-36.5363
-36.5361
-36.5359
-36.5356
-36.5354
-36.5352
-36.535
-36.5348
-36.5348
-36.5347
-36.5348
-36.535
-36.5352
-36.5356
-36.5361
-36.5368
-36.5375
-36.5384
-36.5394
-36.5405
-36.5417
-36.543
-36.5443
-36.5456
-36.5469
-36.5482
-36.5494
-36.5506
-36.5516
-36.5525
-36.5532
-36.5537
-36.554
-36.5542
-36.5543
-36.5541
-36.5539
-36.5535
-36.5531
-36.5525
-36.552
-36.5514
-36.5508
-36.5502
-36.5497
-36.5492
-36.5487
-36.5483
-36.5478
-36.5475
-36.5472
-36.5469
-36.5467
-36.5465
-36.5464
-36.5463
-36.5462
-37.0281
-37.0281
-37.0282
-37.0282
-37.0283
-37.0283
-37.0283
-37.0284
-37.0284
-37.0285
-37.0285
-37.0286
-37.0286
-37.0286
-37.0286
-37.0286
-37.0286
-37.0286
-37.0285
-37.0284
-37.0284
-37.0283
-37.0281
-37.028
-37.0279
-37.0278
-37.0276
-37.0275
-37.0273
-37.0272
-37.0271
-37.0271
-37.0271
-37.0271
-37.0272
-37.0274
-37.0277
-37.0281
-37.0286
-37.0292
-37.0298
-37.0306
-37.0314
-37.0323
-37.0333
-37.0343
-37.0353
-37.0364
-37.0374
-37.0384
-37.0393
-37.0401
-37.0408
-37.0413
-37.0418
-37.0421
-37.0422
-37.0423
-37.0422
-37.042
-37.0418
-37.0414
-37.0411
-37.0406
-37.0402
-37.0397
-37.0393
-37.0389
-37.0385
-37.0381
-37.0377
-37.0374
-37.0371
-37.0369
-37.0367
-37.0365
-37.0363
-37.0362
-37.0362
-37.0361
-37.5197
-37.5197
-37.5198
-37.5198
-37.5198
-37.5198
-37.5198
-37.5199
-37.5199
-37.5199
-37.52
-37.52
-37.52
-37.52
-37.52
-37.52
-37.52
-37.52
-37.52
-37.5199
-37.5199
-37.5199
-37.5198
-37.5198
-37.5197
-37.5197
-37.5196
-37.5196
-37.5195
-37.5195
-37.5194
-37.5194
-37.5194
-37.5194
-37.5195
-37.5196
-37.5198
-37.5201
-37.5204
-37.5207
-37.5212
-37.5217
-37.5223
-37.523
-37.5237
-37.5244
-37.5252
-37.5259
-37.5267
-37.5274
-37.5281
-37.5287
-37.5293
-37.5297
-37.5301
-37.5303
-37.5304
-37.5305
-37.5305
-37.5303
-37.5302
-37.5299
-37.5296
-37.5293
-37.529
-37.5286
-37.5283
-37.528
-37.5277
-37.5274
-37.5272
-37.5269
-37.5267
-37.5265
-37.5264
-37.5262
-37.5261
-37.526
-37.526
-37.5259
-38.0113
-38.0113
-38.0113
-38.0113
-38.0113
-38.0113
-38.0113
-38.0113
-38.0114
-38.0114
-38.0114
-38.0114
-38.0114
-38.0114
-38.0114
-38.0114
-38.0114
-38.0114
-38.0115
-38.0115
-38.0115
-38.0115
-38.0116
-38.0116
-38.0116
-38.0117
-38.0117
-38.0117
-38.0117
-38.0117
-38.0117
-38.0117
-38.0117
-38.0117
-38.0117
-38.0118
-38.0118
-38.012
-38.0121
-38.0123
-38.0126
-38.0129
-38.0132
-38.0136
-38.0141
-38.0146
-38.0151
-38.0156
-38.0161
-38.0166
-38.0171
-38.0176
-38.0179
-38.0182
-38.0185
-38.0187
-38.0188
-38.0188
-38.0188
-38.0187
-38.0186
-38.0184
-38.0182
-38.018
-38.0178
-38.0176
-38.0174
-38.0171
-38.0169
-38.0167
-38.0166
-38.0164
-38.0163
-38.0161
-38.016
-38.0159
-38.0158
-38.0158
-38.0157
-38.0157
-38.5028
-38.5028
-38.5028
-38.5028
-38.5028
-38.5028
-38.5028
-38.5028
-38.5028
-38.5029
-38.5029
-38.5029
-38.5029
-38.5029
-38.5029
-38.5029
-38.5029
-38.503
-38.503
-38.5031
-38.5032
-38.5033
-38.5034
-38.5035
-38.5036
-38.5037
-38.5038
-38.5039
-38.5039
-38.5039
-38.504
-38.504
-38.5039
-38.5039
-38.5039
-38.5039
-38.5038
-38.5038
-38.5038
-38.5039
-38.5039
-38.504
-38.5042
-38.5043
-38.5045
-38.5048
-38.505
-38.5053
-38.5056
-38.5059
-38.5062
-38.5065
-38.5067
-38.5069
-38.507
-38.5072
-38.5072
-38.5073
-38.5072
-38.5072
-38.5071
-38.507
-38.5069
-38.5068
-38.5067
-38.5065
-38.5064
-38.5063
-38.5062
-38.506
-38.5059
-38.5058
-38.5058
-38.5057
-38.5056
-38.5056
-38.5055
-38.5055
-38.5055
-38.5054
-38.9943
-38.9943
-38.9943
-38.9943
-38.9943
-38.9943
-38.9943
-38.9943
-38.9943
-38.9943
-38.9943
-38.9943
-38.9943
-38.9943
-38.9944
-38.9944
-38.9945
-38.9946
-38.9947
-38.9948
-38.995
-38.9951
-38.9953
-38.9954
-38.9956
-38.9958
-38.9959
-38.996
-38.9961
-38.9962
-38.9962
-38.9962
-38.9962
-38.9962
-38.9961
-38.996
-38.9959
-38.9957
-38.9956
-38.9954
-38.9953
-38.9952
-38.9951
-38.995
-38.995
-38.995
-38.995
-38.9951
-38.9952
-38.9953
-38.9954
-38.9955
-38.9955
-38.9956
-38.9957
-38.9957
-38.9957
-38.9957
-38.9957
-38.9957
-38.9957
-38.9957
-38.9956
-38.9956
-38.9956
-38.9955
-38.9955
-38.9954
-38.9954
-38.9953
-38.9953
-38.9953
-38.9953
-38.9952
-38.9952
-38.9952
-38.9952
-38.9952
-38.9952
-38.9951
)
;

boundaryField
{
    lowerWall
    {
        type            calculated;
        value           nonuniform List<scalar> 
80
(
7683.31
7684.34
7686.06
7688.59
7691.86
7695.79
7700.3
7705.31
7710.73
7716.47
7722.45
7728.56
7734.73
7740.87
7746.9
7752.77
7758.43
7763.82
7768.92
7773.71
7778.18
7782.33
7786.16
7789.68
7792.9
7795.84
7798.51
7800.93
7803.12
7805.1
7806.86
7808.42
7809.79
7810.98
7811.99
7812.82
7813.48
7813.97
7814.28
7814.43
7814.42
7814.23
7813.89
7813.38
7812.7
7811.87
7810.87
7809.71
7808.38
7806.86
7805.16
7803.26
7801.14
7798.8
7796.21
7793.34
7790.19
7786.73
7782.95
7778.83
7774.37
7769.57
7764.43
7758.98
7753.25
7747.27
7741.11
7734.84
7728.51
7722.23
7716.09
7710.17
7704.58
7699.41
7694.75
7690.68
7687.3
7684.68
7682.9
7681.84
)
;
    }
    rightWall
    {
        type            calculated;
        value           nonuniform List<scalar> 
80
(
7488.34
7100.35
6711.52
6321.69
5930.81
5538.79
5145.49
4750.76
4354.4
3956.18
3555.84
3153.06
2747.43
2338.4
1925.34
1507.59
1084.17
652.305
231.997
18.5742
-7.60155
-8.20709
-8.71261
-9.08399
-9.63671
-10.4782
-11.5251
-12.5451
-13.3662
-13.9784
-14.4725
-14.9593
-15.4804
-16.0101
-16.5394
-17.0861
-17.6372
-18.1892
-18.7413
-19.2778
-19.7926
-20.293
-20.7863
-21.2773
-21.7684
-22.2604
-22.7539
-23.2492
-23.7477
-24.2458
-24.7442
-25.2418
-25.7381
-26.2331
-26.7271
-27.2202
-27.7128
-28.2049
-28.6967
-29.1882
-29.6796
-30.1708
-30.6619
-31.1528
-31.6435
-32.1342
-32.6247
-33.1152
-33.6055
-34.0958
-34.586
-35.0762
-35.5663
-36.0563
-36.5462
-37.0361
-37.5259
-38.0157
-38.5054
-38.9951
)
;
    }
    atmosphere
    {
        type            calculated;
        value           nonuniform List<scalar> 
80
(
-39.24
-39.24
-39.24
-39.24
-39.24
-39.24
-39.24
-39.24
-39.24
-39.24
-39.24
-39.24
-39.2401
-39.2401
-39.2401
-39.2402
-39.2403
-39.2404
-39.2406
-39.2407
-39.2409
-39.2411
-39.2413
-39.2415
-39.2417
-39.2419
-39.242
-39.2422
-39.2423
-39.2424
-39.2424
-39.2424
-39.2424
-39.2423
-39.2422
-39.2421
-39.2419
-39.2417
-39.2415
-39.2412
-39.241
-39.2408
-39.2406
-39.2404
-39.2402
-39.2401
-39.24
-39.24
-39.24
-39.24
-39.24
-39.24
-39.24
-39.24
-39.24
-39.24
-39.24
-39.24
-39.24
-39.24
-39.24
-39.24
-39.24
-39.24
-39.24
-39.24
-39.24
-39.24
-39.24
-39.24
-39.24
-39.24
-39.24
-39.24
-39.24
-39.24
-39.24
-39.24
-39.24
-39.24
)
;
    }
    leftWall
    {
        type            calculated;
        value           nonuniform List<scalar> 
80
(
7489.81
7101.85
6713.07
6323.34
5932.6
5540.74
5147.66
4753.2
4357.16
3959.34
3559.48
3157.29
2752.39
2344.26
1932.3
1515.91
1094.18
664.547
245.292
22.7385
-8.34499
-8.82552
-9.4786
-10.122
-10.7303
-11.3645
-11.986
-12.5773
-13.182
-13.8614
-14.5868
-15.2515
-15.7931
-16.2424
-16.7446
-17.2973
-17.8389
-18.345
-18.8312
-19.3108
-19.7817
-20.2526
-20.7318
-21.2202
-21.7149
-22.2127
-22.711
-23.2088
-23.7058
-24.2024
-24.6988
-25.1951
-25.6911
-26.1868
-26.6822
-27.1772
-27.6719
-28.1662
-28.6601
-29.1537
-29.647
-30.14
-30.6328
-31.1254
-31.6179
-32.1102
-32.6024
-33.0944
-33.5863
-34.0781
-34.5699
-35.0616
-35.5533
-36.0449
-36.5365
-37.0281
-37.5197
-38.0113
-38.5028
-38.9943
)
;
    }
    frontAndBack
    {
        type            empty;
    }
}


// ************************************************************************* //
