/*--------------------------------*- C++ -*----------------------------------*\
| =========                 |                                                 |
| \\      /  F ield         | OpenFOAM: The Open Source CFD Toolbox           |
|  \\    /   O peration     | Version:  2412                                  |
|   \\  /    A nd           | Website:  www.openfoam.com                      |
|    \\/     M anipulation  |                                                 |
\*---------------------------------------------------------------------------*/
FoamFile
{
    version     2.0;
    format      ascii;
    arch        "LSB;label=32;scalar=64";
    class       volScalarField;
    location    "6.35";
    object      p;
}
// * * * * * * * * * * * * * * * * * * * * * * * * * * * * * * * * * * * * * //

dimensions      [1 -1 -2 0 0 0 0];

internalField   nonuniform List<scalar> 
6400
(
7628.95
7628.83
7628.5
7627.93
7627.13
7626.09
7624.86
7623.43
7621.85
7620.12
7618.27
7616.3
7614.22
7612.02
7609.71
7607.27
7604.7
7601.98
7599.1
7596.04
7592.79
7589.36
7585.73
7581.91
7577.91
7573.77
7569.5
7565.14
7560.75
7556.38
7552.1
7547.97
7544.06
7540.44
7537.19
7534.37
7532.03
7530.23
7529
7528.37
7528.35
7528.95
7530.14
7531.9
7534.2
7536.98
7540.19
7543.75
7547.59
7551.66
7555.87
7560.16
7564.42
7568.68
7572.84
7576.87
7580.74
7584.43
7587.93
7591.24
7594.35
7597.28
7600.04
7602.65
7605.11
7607.45
7609.68
7611.81
7613.83
7615.75
7617.57
7619.27
7620.84
7622.25
7623.48
7624.51
7625.31
7625.88
7626.21
7626.32
7242.06
7241.94
7241.61
7241.03
7240.22
7239.18
7237.94
7236.51
7234.92
7233.2
7231.35
7229.39
7227.32
7225.14
7222.85
7220.43
7217.88
7215.19
7212.33
7209.28
7206.05
7202.62
7198.99
7195.16
7191.14
7186.96
7182.65
7178.24
7173.78
7169.34
7164.98
7160.76
7156.77
7153.07
7149.74
7146.85
7144.45
7142.6
7141.34
7140.7
7140.68
7141.29
7142.51
7144.33
7146.68
7149.53
7152.81
7156.46
7160.39
7164.54
7168.83
7173.19
7177.54
7181.83
7186.04
7190.1
7194
7197.7
7201.2
7204.49
7207.59
7210.5
7213.24
7215.82
7218.26
7220.58
7222.79
7224.9
7226.91
7228.82
7230.64
7232.33
7233.9
7235.32
7236.56
7237.59
7238.4
7238.98
7239.3
7239.42
6855.35
6855.23
6854.89
6854.31
6853.48
6852.42
6851.15
6849.71
6848.1
6846.37
6844.52
6842.57
6840.52
6838.37
6836.11
6833.73
6831.22
6828.56
6825.73
6822.72
6819.51
6816.09
6812.45
6808.6
6804.54
6800.29
6795.9
6791.39
6786.81
6782.23
6777.72
6773.35
6769.2
6765.34
6761.86
6758.84
6756.32
6754.38
6753.06
6752.38
6752.36
6753.01
6754.3
6756.2
6758.67
6761.65
6765.08
6768.89
6772.98
6777.29
6781.73
6786.23
6790.71
6795.09
6799.39
6803.51
6807.45
6811.17
6814.67
6817.95
6821.02
6823.9
6826.6
6829.14
6831.54
6833.82
6835.99
6838.07
6840.07
6841.97
6843.79
6845.5
6847.08
6848.52
6849.79
6850.84
6851.67
6852.25
6852.59
6852.7
6468.85
6468.73
6468.39
6467.79
6466.92
6465.83
6464.52
6463.03
6461.4
6459.64
6457.79
6455.84
6453.81
6451.69
6449.47
6447.14
6444.68
6442.08
6439.3
6436.33
6433.16
6429.75
6426.1
6422.22
6418.1
6413.77
6409.25
6404.59
6399.84
6395.06
6390.32
6385.72
6381.33
6377.24
6373.54
6370.31
6367.62
6365.55
6364.13
6363.4
6363.38
6364.07
6365.46
6367.5
6370.14
6373.33
6376.99
6381.03
6385.36
6389.91
6394.57
6399.27
6403.93
6408.48
6412.89
6417.1
6421.08
6424.83
6428.33
6431.6
6434.63
6437.46
6440.1
6442.58
6444.92
6447.15
6449.28
6451.33
6453.3
6455.21
6457.03
6458.76
6460.39
6461.87
6463.18
6464.28
6465.14
6465.74
6466.08
6466.19
6082.57
6082.45
6082.1
6081.46
6080.55
6079.39
6078.02
6076.47
6074.79
6073
6071.13
6069.19
6067.18
6065.09
6062.93
6060.66
6058.28
6055.75
6053.04
6050.14
6047
6043.62
6039.97
6036.05
6031.86
6027.41
6022.73
6017.87
6012.88
6007.83
6002.8
5997.87
5993.16
5988.75
5984.74
5981.23
5978.31
5976.04
5974.49
5973.7
5973.68
5974.44
5975.95
5978.18
5981.07
5984.54
5988.5
5992.87
5997.54
6002.4
6007.37
6012.34
6017.24
6022
6026.56
6030.88
6034.94
6038.72
6042.22
6045.45
6048.43
6051.18
6053.74
6056.14
6058.41
6060.56
6062.64
6064.65
6066.6
6068.5
6070.34
6072.12
6073.79
6075.34
6076.72
6077.89
6078.8
6079.44
6079.79
6079.9
5696.51
5696.4
5696.02
5695.33
5694.35
5693.1
5691.64
5690
5688.25
5686.42
5684.52
5682.58
5680.6
5678.57
5676.47
5674.29
5672
5669.57
5666.96
5664.14
5661.08
5657.74
5654.09
5650.13
5645.85
5641.25
5636.38
5631.27
5625.97
5620.57
5615.15
5609.82
5604.68
5599.85
5595.44
5591.57
5588.33
5585.81
5584.09
5583.21
5583.19
5584.03
5585.72
5588.2
5591.4
5595.24
5599.61
5604.4
5609.5
5614.79
5620.15
5625.48
5630.68
5635.7
5640.46
5644.92
5649.06
5652.87
5656.35
5659.53
5662.42
5665.08
5667.53
5669.82
5671.98
5674.05
5676.05
5678.01
5679.93
5681.83
5683.7
5685.53
5687.28
5688.93
5690.41
5691.67
5692.66
5693.34
5693.72
5693.83
5310.68
5310.57
5310.16
5309.41
5308.33
5306.95
5305.35
5303.6
5301.76
5299.86
5297.94
5296.01
5294.06
5292.09
5290.08
5288.02
5285.85
5283.55
5281.07
5278.37
5275.4
5272.12
5268.49
5264.49
5260.11
5255.35
5250.24
5244.82
5239.15
5233.31
5227.4
5221.55
5215.87
5210.51
5205.59
5201.25
5197.61
5194.78
5192.83
5191.84
5191.82
5192.77
5194.68
5197.48
5201.09
5205.4
5210.28
5215.62
5221.26
5227.08
5232.93
5238.71
5244.3
5249.62
5254.62
5259.24
5263.47
5267.3
5270.76
5273.85
5276.64
5279.16
5281.47
5283.61
5285.64
5287.58
5289.49
5291.38
5293.27
5295.17
5297.08
5298.98
5300.83
5302.6
5304.22
5305.62
5306.72
5307.47
5307.87
5307.98
4925.08
4924.98
4924.54
4923.69
4922.46
4920.9
4919.13
4917.23
4915.27
4913.3
4911.35
4909.42
4907.52
4905.63
4903.74
4901.81
4899.81
4897.68
4895.37
4892.83
4890
4886.81
4883.22
4879.2
4874.72
4869.77
4864.38
4858.59
4852.46
4846.09
4839.58
4833.09
4826.74
4820.71
4815.15
4810.22
4806.08
4802.84
4800.62
4799.47
4799.45
4800.55
4802.74
4805.94
4810.05
4814.96
4820.49
4826.51
4832.83
4839.3
4845.77
4852.09
4858.14
4863.84
4869.11
4873.92
4878.24
4882.08
4885.48
4888.46
4891.09
4893.43
4895.55
4897.5
4899.35
4901.14
4902.93
4904.74
4906.58
4908.48
4910.43
4912.41
4914.39
4916.33
4918.14
4919.73
4920.98
4921.84
4922.28
4922.37
4539.73
4539.67
4539.17
4538.17
4536.71
4534.91
4532.91
4530.83
4528.74
4526.69
4524.7
4522.78
4520.94
4519.15
4517.4
4515.65
4513.86
4511.95
4509.87
4507.54
4504.89
4501.84
4498.33
4494.31
4489.72
4484.57
4478.86
4472.63
4465.96
4458.95
4451.72
4444.43
4437.26
4430.41
4424.05
4418.39
4413.61
4409.87
4407.29
4405.97
4405.95
4407.22
4409.76
4413.46
4418.21
4423.86
4430.2
4437.06
4444.22
4451.5
4458.71
4465.68
4472.29
4478.43
4484.02
4489.02
4493.43
4497.26
4500.56
4503.37
4505.79
4507.89
4509.75
4511.46
4513.08
4514.69
4516.32
4518.02
4519.82
4521.71
4523.7
4525.78
4527.91
4530.04
4532.1
4533.95
4535.44
4536.45
4536.96
4537
4154.65
4154.66
4154.04
4152.77
4150.97
4148.84
4146.58
4144.32
4142.1
4139.96
4137.93
4136.04
4134.27
4132.61
4131.04
4129.51
4127.97
4126.35
4124.56
4122.52
4120.12
4117.27
4113.89
4109.89
4105.22
4099.84
4093.78
4087.05
4079.74
4071.96
4063.85
4055.6
4047.43
4039.55
4032.21
4025.64
4020.08
4015.7
4012.69
4011.14
4011.11
4012.61
4015.58
4019.91
4025.46
4032.02
4039.37
4047.26
4055.45
4063.71
4071.82
4079.58
4086.85
4093.49
4099.43
4104.65
4109.12
4112.9
4116.04
4118.62
4120.75
4122.53
4124.07
4125.46
4126.8
4128.17
4129.62
4131.19
4132.91
4134.8
4136.84
4139.02
4141.3
4143.63
4145.96
4148.16
4150.01
4151.31
4151.93
4151.9
3769.86
3769.93
3769.03
3767.24
3764.91
3762.42
3759.98
3757.6
3755.28
3753.07
3751.01
3749.14
3747.45
3745.95
3744.59
3743.34
3742.12
3740.86
3739.44
3737.77
3735.71
3733.14
3729.95
3726.03
3721.3
3715.7
3709.24
3701.94
3693.88
3685.18
3676.03
3666.62
3657.21
3648.08
3639.53
3631.84
3625.29
3620.13
3616.56
3614.73
3614.69
3616.47
3619.99
3625.11
3631.65
3639.35
3647.94
3657.1
3666.56
3676.01
3685.19
3693.89
3701.92
3709.14
3715.47
3720.89
3725.41
3729.07
3731.97
3734.23
3735.97
3737.33
3738.45
3739.45
3740.45
3741.52
3742.75
3744.17
3745.82
3747.69
3749.78
3752.05
3754.44
3756.91
3759.44
3762.02
3764.43
3766.28
3767.2
3767.1
3385.48
3385.41
3383.91
3381.25
3378.26
3375.48
3372.99
3370.62
3368.27
3365.98
3363.88
3362.02
3360.42
3359.09
3357.99
3357.07
3356.25
3355.43
3354.49
3353.3
3351.69
3349.51
3346.61
3342.84
3338.08
3332.27
3325.39
3317.44
3308.5
3298.73
3288.31
3277.5
3266.6
3255.93
3245.87
3236.78
3229.01
3222.87
3218.61
3216.41
3216.38
3218.5
3222.71
3228.82
3236.59
3245.71
3255.83
3266.58
3277.57
3288.47
3298.95
3308.75
3317.67
3325.54
3332.29
3337.9
3342.39
3345.85
3348.41
3350.21
3351.44
3352.26
3352.86
3353.37
3353.94
3354.67
3355.63
3356.89
3358.45
3360.33
3362.49
3364.85
3367.3
3369.77
3372.36
3375.27
3378.38
3381.12
3382.65
3382.7
3001.68
3001.12
2998.7
2995.01
2991.34
2988.32
2985.86
2983.52
2981.11
2978.71
2976.51
2974.62
2973.1
2971.96
2971.16
2970.63
2970.29
2970.02
2969.68
2969.1
2968.09
2966.44
2963.95
2960.43
2955.73
2949.73
2942.39
2933.71
2923.77
2912.72
2900.8
2888.29
2875.56
2863.01
2851.09
2840.26
2830.95
2823.56
2818.42
2815.77
2815.72
2818.28
2823.35
2830.71
2840.04
2850.93
2862.96
2875.65
2888.54
2901.19
2913.23
2924.34
2934.29
2942.89
2950.07
2955.83
2960.21
2963.35
2965.41
2966.6
2967.15
2967.29
2967.22
2967.13
2967.18
2967.5
2968.16
2969.24
2970.76
2972.69
2974.97
2977.48
2980.02
2982.49
2985.1
2988.28
2992.09
2995.87
2998.32
2998.87
2618.79
2617.44
2614.04
2609.46
2605.2
2601.84
2599.15
2596.58
2593.91
2591.25
2588.83
2586.85
2585.37
2584.42
2583.95
2583.89
2584.13
2584.54
2584.94
2585.15
2584.92
2583.98
2582.08
2578.96
2574.41
2568.26
2560.46
2550.97
2539.88
2527.34
2513.62
2499.07
2484.11
2469.24
2455
2441.97
2430.72
2421.75
2415.48
2412.23
2412.16
2415.27
2421.44
2430.37
2441.65
2454.77
2469.18
2484.28
2499.48
2514.28
2528.2
2540.87
2552
2561.42
2569.04
2574.89
2579.05
2581.69
2583.06
2583.43
2583.09
2582.35
2581.45
2580.62
2580.05
2579.88
2580.22
2581.12
2582.62
2584.69
2587.23
2590.06
2592.91
2595.67
2598.58
2602.15
2606.56
2611.2
2614.58
2615.9
2237.16
2235.08
2230.88
2225.59
2220.67
2216.61
2213.2
2209.94
2206.66
2203.5
2200.72
2198.53
2197.06
2196.32
2196.23
2196.72
2197.65
2198.87
2200.2
2201.41
2202.19
2202.21
2201.13
2198.6
2194.35
2188.11
2179.87
2169.5
2157.09
2142.8
2126.94
2109.92
2092.24
2074.48
2057.36
2041.57
2027.85
2016.85
2009.12
2005.1
2004.99
2008.81
2016.37
2027.3
2041.05
2056.97
2074.33
2092.41
2110.47
2127.86
2144.04
2158.57
2171.09
2181.42
2189.48
2195.33
2199.1
2201.04
2201.46
2200.73
2199.25
2197.38
2195.45
2193.73
2192.41
2191.67
2191.63
2192.38
2193.91
2196.22
2199.19
2202.59
2206.12
2209.65
2213.34
2217.62
2222.7
2228.01
2232.11
2234.14
1857.14
1854.64
1849.73
1843.65
1837.75
1832.51
1827.85
1823.41
1819.16
1815.24
1811.93
1809.47
1807.98
1807.48
1807.86
1809
1810.74
1812.95
1815.41
1817.85
1819.94
1821.24
1821.27
1819.58
1815.79
1809.62
1800.93
1789.61
1775.67
1759.31
1740.88
1720.87
1699.88
1678.59
1657.87
1638.62
1621.76
1608.19
1598.65
1593.67
1593.5
1598.17
1607.47
1620.93
1637.8
1657.22
1678.26
1700
1721.52
1742.07
1760.99
1777.73
1791.89
1803.23
1811.73
1817.47
1820.67
1821.62
1820.76
1818.58
1815.62
1812.35
1809.16
1806.34
1804.13
1802.72
1802.24
1802.77
1804.39
1807.06
1810.63
1814.87
1819.46
1824.24
1829.26
1834.69
1840.74
1846.85
1851.51
1853.97
1478.9
1476.09
1470.56
1463.51
1456.18
1449.21
1442.75
1436.69
1431.1
1426.19
1422.24
1419.48
1418.04
1417.88
1418.84
1420.76
1423.46
1426.8
1430.61
1434.58
1438.32
1441.25
1442.72
1442.12
1438.95
1432.92
1423.8
1411.44
1395.78
1376.97
1355.43
1331.82
1306.85
1281.28
1256.03
1232.4
1211.61
1194.77
1182.88
1176.65
1176.38
1182.15
1193.69
1210.34
1231.13
1254.96
1280.64
1306.89
1332.61
1356.96
1379.21
1398.61
1414.65
1427.11
1436.03
1441.58
1443.99
1443.65
1441.12
1437.1
1432.29
1427.29
1422.56
1418.44
1415.17
1412.96
1411.97
1412.25
1413.92
1416.99
1421.31
1426.64
1432.68
1439.14
1445.99
1453.19
1460.6
1467.58
1472.92
1475.64
1102.43
1099.18
1092.88
1084.63
1075.54
1066.39
1057.62
1049.46
1042.17
1036.03
1031.33
1028.28
1027
1027.41
1029.2
1032.11
1035.86
1040.5
1045.86
1051.69
1057.51
1062.59
1065.95
1066.73
1064.37
1058.52
1048.94
1035.38
1017.6
995.672
970.235
942.265
912.608
881.871
850.996
821.662
795.411
773.808
758.351
750.162
749.729
757.172
772.115
793.479
819.705
849.214
880.659
912.495
943.251
972.221
998.65
1021.47
1039.85
1053.59
1062.95
1068.2
1069.62
1067.62
1062.9
1056.47
1049.31
1042.21
1035.67
1030.05
1025.57
1022.4
1020.74
1020.6
1022.23
1025.74
1030.97
1037.67
1045.53
1054.2
1063.37
1072.72
1081.82
1089.94
1096.03
1099.15
728.501
724.477
717.016
707.12
695.783
683.902
672.188
661.298
651.834
644.193
638.652
635.382
634.488
635.637
638.334
642.531
647.736
653.896
661.101
669.255
677.807
685.77
691.722
694.289
692.843
687.16
677.072
662.232
642.024
616.207
585.629
552.057
517.04
479.907
441.11
404.124
371.973
346.419
328.647
319.461
318.79
326.9
344.013
369.249
401.221
438.175
477.609
516.643
553.11
587.986
620.047
647.305
668.429
683.515
693.328
698.273
698.489
694.26
686.567
676.937
666.782
657.076
648.339
640.933
635.003
630.657
628.058
627.417
628.848
632.804
639.086
647.508
657.727
669.246
681.406
693.486
704.727
714.328
721.471
725.305
360.324
355.15
346.375
335.032
322.084
308.275
294.441
281.78
271.318
263.325
257.785
254.524
253.547
254.665
257.847
262.86
268.77
276.006
284.653
294.51
304.759
314.728
322.691
326.554
325.789
320.817
311.616
297.967
278.957
254.077
224.385
192.336
160.988
132.515
107.007
86.6213
70.3231
58.2424
50.4332
46.7407
46.4113
49.6008
57.0574
68.8814
84.837
104.812
130.309
159.723
192.284
225.917
258.094
285.265
305.549
319.509
328.56
332.811
332.084
326.218
316.147
304.231
292.056
280.543
270.448
261.929
255.101
250.166
247.203
246.642
248.381
252.526
258.905
267.771
279.103
292.501
306.855
320.837
333.544
344.463
352.777
357.662
88.4075
84.6161
79.2667
72.5299
65.0618
57.3602
49.9552
43.5744
38.6634
35.0616
32.6226
31.0809
30.2988
30.0967
31.006
33.1598
36.4271
40.2955
44.9463
50.3905
56.0361
61.7661
66.523
68.7772
68.3527
65.8772
61.3816
55.0851
46.5158
35.4101
22.5405
9.63385
-0.593469
-6.48069
-8.44999
-8.81523
-8.81502
-8.64641
-8.45647
-8.31738
-8.24902
-8.2758
-8.37315
-8.477
-8.52529
-8.36004
-6.82158
-1.01076
9.05743
22.6529
37.3229
50.2035
59.5222
65.7758
70.1842
72.2511
71.7474
68.0996
61.9596
55.3044
48.8439
42.9112
37.9105
33.6917
29.9791
27.7904
26.7693
27.1237
28.3336
30.3815
33.1805
37.1403
42.4898
49.3038
57.0846
64.9814
72.2488
78.7473
83.8712
87.3844
-9.75943
-9.78473
-9.88619
-9.98044
-10.0009
-9.97091
-9.90235
-9.81803
-9.73438
-9.67384
-9.66633
-9.65565
-9.6114
-9.58284
-9.67272
-9.77464
-9.78718
-9.67551
-9.47172
-9.15869
-8.67416
-8.22385
-8.07323
-8.00588
-8.08455
-8.4046
-8.88195
-9.36078
-9.73148
-9.82142
-9.85516
-9.9012
-9.77392
-9.49908
-9.33157
-9.42257
-9.38324
-9.21114
-9.01006
-8.87078
-8.80988
-8.82972
-8.90654
-9.00252
-9.10302
-9.21004
-9.4644
-9.60906
-9.61231
-9.56709
-9.54417
-9.45566
-9.27759
-9.03559
-8.83561
-8.81815
-8.99621
-9.24617
-9.40823
-9.48784
-9.53822
-9.55177
-9.53736
-9.5201
-9.5149
-9.52561
-9.54834
-9.58644
-9.62502
-9.66216
-9.68472
-9.73048
-9.80402
-9.88446
-9.93543
-9.93009
-9.906
-9.87164
-9.83713
-9.80925
-10.3482
-10.3656
-10.3961
-10.4357
-10.4383
-10.4117
-10.379
-10.3492
-10.2901
-10.2004
-10.1692
-10.1739
-10.1606
-10.151
-10.2096
-10.2716
-10.2698
-10.2382
-10.1612
-9.94726
-9.55418
-9.18543
-9.05372
-9.06444
-9.19745
-9.46398
-9.83559
-10.2213
-10.5041
-10.6067
-10.5216
-10.4082
-10.3005
-10.1278
-9.96625
-9.93921
-9.85785
-9.67855
-9.50032
-9.38974
-9.34812
-9.36635
-9.44481
-9.54231
-9.63442
-9.75018
-9.93663
-10.0707
-10.1131
-10.1737
-10.2473
-10.2411
-10.174
-10.0979
-10.0437
-10.0538
-10.1163
-10.1669
-10.1514
-10.1397
-10.1397
-10.1306
-10.1067
-10.0767
-10.055
-10.0487
-10.0612
-10.0872
-10.1218
-10.1605
-10.1991
-10.2483
-10.3024
-10.3435
-10.3633
-10.3646
-10.3577
-10.3456
-10.341
-10.3327
-10.9354
-10.9333
-10.9173
-10.9172
-10.9336
-10.9392
-10.9323
-10.9175
-10.8682
-10.7548
-10.707
-10.7174
-10.7126
-10.7103
-10.7529
-10.8181
-10.8492
-10.8442
-10.802
-10.6408
-10.3248
-9.93488
-9.69961
-9.70844
-9.84468
-10.0741
-10.3768
-10.6977
-10.9465
-11.104
-11.1533
-11.0104
-10.8566
-10.7365
-10.6149
-10.5022
-10.3421
-10.1658
-10.021
-9.92055
-9.88597
-9.91487
-9.99501
-10.0892
-10.1526
-10.2218
-10.3567
-10.5064
-10.5973
-10.6488
-10.6889
-10.6905
-10.6524
-10.6064
-10.5904
-10.6083
-10.6428
-10.6612
-10.6418
-10.6379
-10.6505
-10.6518
-10.6301
-10.5961
-10.567
-10.5577
-10.5708
-10.6032
-10.6495
-10.6985
-10.7481
-10.7864
-10.8219
-10.8556
-10.8684
-10.8648
-10.8506
-10.8447
-10.8582
-10.8659
-11.5272
-11.5098
-11.4796
-11.4793
-11.5043
-11.524
-11.5098
-11.4677
-11.4053
-11.3144
-11.2305
-11.2247
-11.2168
-11.2183
-11.274
-11.38
-11.4907
-11.5463
-11.5102
-11.3806
-11.1365
-10.8257
-10.5471
-10.5059
-10.617
-10.8059
-11.0385
-11.2846
-11.5118
-11.6989
-11.7792
-11.6668
-11.4811
-11.3617
-11.2765
-11.1702
-10.9892
-10.7828
-10.6214
-10.5208
-10.4928
-10.5229
-10.5826
-10.6654
-10.7088
-10.742
-10.858
-11.0287
-11.1761
-11.2333
-11.2349
-11.2163
-11.1899
-11.165
-11.1644
-11.1652
-11.1551
-11.1292
-11.1173
-11.1358
-11.1698
-11.1798
-11.1531
-11.1059
-11.0652
-11.0519
-11.07
-11.1062
-11.1521
-11.2163
-11.2777
-11.317
-11.3572
-11.4115
-11.4562
-11.4573
-11.4303
-11.4046
-11.3917
-11.4086
-12.0648
-12.0591
-12.0722
-12.1063
-12.143
-12.1592
-12.141
-12.0779
-11.9914
-11.8942
-11.793
-11.7511
-11.735
-11.7418
-11.8339
-12.0083
-12.1684
-12.2342
-12.2035
-12.0833
-11.868
-11.588
-11.3676
-11.3235
-11.4055
-11.5543
-11.7368
-11.9293
-12.1106
-12.2465
-12.3046
-12.2676
-12.1397
-12.0346
-11.9554
-11.8363
-11.6549
-11.4448
-11.2871
-11.1968
-11.1601
-11.1714
-11.206
-11.2707
-11.31
-11.3584
-11.4337
-11.5923
-11.7524
-11.8209
-11.8124
-11.7868
-11.7599
-11.7284
-11.7025
-11.6751
-11.6263
-11.5757
-11.5787
-11.6245
-11.6845
-11.7085
-11.6929
-11.6466
-11.5935
-11.5673
-11.5877
-11.6397
-11.697
-11.756
-11.8109
-11.8573
-11.9054
-11.9633
-12.0341
-12.0767
-12.0537
-12.009
-11.966
-11.9735
-12.5836
-12.6121
-12.6676
-12.7315
-12.7884
-12.8183
-12.7977
-12.7332
-12.6259
-12.4998
-12.3828
-12.3173
-12.2948
-12.3198
-12.4521
-12.6673
-12.8308
-12.913
-12.8923
-12.7632
-12.5559
-12.3088
-12.1467
-12.1099
-12.1759
-12.3043
-12.4682
-12.6406
-12.7858
-12.8688
-12.8809
-12.8491
-12.7694
-12.6871
-12.6173
-12.4945
-12.3171
-12.1223
-11.9786
-11.8911
-11.8418
-11.8346
-11.8494
-11.9058
-11.9499
-12.0041
-12.0632
-12.1717
-12.2813
-12.3584
-12.3599
-12.3333
-12.2935
-12.2343
-12.1629
-12.1004
-12.04
-11.9892
-12.0044
-12.0801
-12.1664
-12.2301
-12.2498
-12.221
-12.1705
-12.1391
-12.1527
-12.2034
-12.2593
-12.3143
-12.3664
-12.4124
-12.4567
-12.5079
-12.5756
-12.6307
-12.639
-12.6046
-12.5368
-12.4944
-13.1193
-13.1796
-13.2437
-13.3063
-13.3607
-13.3891
-13.3781
-13.3445
-13.2648
-13.1279
-13.0007
-12.9287
-12.8945
-12.9387
-13.0935
-13.3065
-13.4678
-13.5544
-13.5258
-13.3926
-13.1972
-13.0166
-12.9132
-12.9041
-12.9789
-13.1101
-13.2677
-13.4175
-13.5268
-13.5667
-13.5392
-13.4658
-13.4022
-13.3398
-13.2832
-13.1632
-12.9759
-12.7881
-12.6509
-12.5623
-12.5089
-12.4918
-12.4969
-12.5395
-12.5864
-12.6201
-12.6709
-12.7115
-12.7657
-12.8291
-12.8413
-12.8187
-12.7714
-12.7094
-12.6296
-12.5531
-12.4949
-12.4466
-12.4523
-12.5179
-12.6164
-12.7116
-12.7698
-12.7787
-12.761
-12.7553
-12.7709
-12.8031
-12.8505
-12.9003
-12.9448
-12.9819
-13.015
-13.0491
-13.0859
-13.1184
-13.1364
-13.1198
-13.0495
-12.984
-13.6619
-13.7471
-13.8065
-13.8603
-13.9021
-13.9192
-13.9166
-13.9119
-13.8598
-13.7392
-13.6338
-13.555
-13.5164
-13.5617
-13.7061
-13.8933
-14.0586
-14.1269
-14.0973
-13.9651
-13.8142
-13.7039
-13.6598
-13.6904
-13.7863
-13.9311
-14.0911
-14.2232
-14.2929
-14.2926
-14.2252
-14.1133
-14.0281
-13.9899
-13.9484
-13.8168
-13.6092
-13.4216
-13.287
-13.1991
-13.1459
-13.1245
-13.1253
-13.1562
-13.211
-13.2157
-13.2174
-13.2074
-13.2365
-13.2664
-13.2709
-13.2477
-13.2043
-13.1531
-13.0955
-13.0357
-12.9906
-12.9565
-12.9389
-12.9641
-13.0367
-13.1305
-13.2162
-13.2825
-13.3323
-13.3688
-13.395
-13.4224
-13.4667
-13.5132
-13.5476
-13.5697
-13.5834
-13.5917
-13.5959
-13.5948
-13.5831
-13.562
-13.5205
-13.4615
-14.2073
-14.3034
-14.3535
-14.4047
-14.4475
-14.4663
-14.4812
-14.497
-14.4608
-14.3582
-14.2694
-14.1757
-14.1217
-14.1431
-14.2564
-14.4306
-14.5836
-14.6464
-14.5966
-14.4949
-14.4085
-14.3626
-14.3732
-14.4387
-14.5507
-14.6999
-14.8551
-14.9671
-15.0036
-14.9757
-14.8806
-14.7408
-14.643
-14.6288
-14.5749
-14.41
-14.1956
-14.0137
-13.8837
-13.7985
-13.7464
-13.7223
-13.7211
-13.7415
-13.7929
-13.7988
-13.7721
-13.7328
-13.7199
-13.725
-13.7048
-13.6626
-13.6213
-13.5952
-13.5656
-13.5157
-13.4694
-13.4375
-13.4223
-13.4311
-13.4756
-13.5558
-13.6595
-13.7716
-13.8803
-13.9594
-14.0096
-14.0588
-14.1141
-14.1586
-14.1791
-14.1798
-14.1677
-14.1455
-14.1166
-14.0832
-14.0436
-14.0039
-13.9716
-13.939
-14.7467
-14.8289
-14.8684
-14.9245
-14.9784
-15.0096
-15.0477
-15.0861
-15.0639
-14.9715
-14.8736
-14.753
-14.6631
-14.6512
-14.7253
-14.9179
-15.0486
-15.1047
-15.0556
-15.0021
-14.9738
-14.9846
-15.0345
-15.1201
-15.2387
-15.3791
-15.5038
-15.5799
-15.5992
-15.563
-15.4612
-15.3271
-15.2573
-15.2337
-15.1312
-14.9407
-14.735
-14.5655
-14.4447
-14.3649
-14.3148
-14.2887
-14.2836
-14.2929
-14.3242
-14.3441
-14.3274
-14.2774
-14.2383
-14.2151
-14.1843
-14.137
-14.1041
-14.0918
-14.068
-14.0083
-13.9654
-13.9375
-13.9203
-13.9168
-13.9457
-14.0199
-14.1375
-14.2855
-14.4452
-14.5849
-14.6855
-14.7633
-14.831
-14.8684
-14.8622
-14.8302
-14.7823
-14.7216
-14.6554
-14.5899
-14.5257
-14.4682
-14.4277
-14.4115
-15.2492
-15.3033
-15.3462
-15.4066
-15.4704
-15.5187
-15.576
-15.6262
-15.6107
-15.5222
-15.4007
-15.2428
-15.1319
-15.0995
-15.1802
-15.3505
-15.4768
-15.5187
-15.5018
-15.4911
-15.5137
-15.5644
-15.6367
-15.7298
-15.8431
-15.9534
-16.0357
-16.0877
-16.0998
-16.0602
-15.9781
-15.8877
-15.8425
-15.7716
-15.6201
-15.4239
-15.236
-15.0861
-14.9798
-14.908
-14.8614
-14.8341
-14.8238
-14.8243
-14.836
-14.8455
-14.8392
-14.8104
-14.7617
-14.7238
-14.7074
-14.6956
-14.6647
-14.6295
-14.5892
-14.5293
-14.4858
-14.4569
-14.4311
-14.4135
-14.4367
-14.5186
-14.6687
-14.8979
-15.17
-15.4233
-15.6146
-15.7195
-15.744
-15.7059
-15.6301
-15.5463
-15.4452
-15.3314
-15.2185
-15.1164
-15.0276
-14.9539
-14.9033
-14.8852
-15.7049
-15.7418
-15.7858
-15.8493
-15.9218
-15.9844
-16.0509
-16.0997
-16.0843
-15.9946
-15.8417
-15.6711
-15.558
-15.5458
-15.6642
-15.8086
-15.9154
-15.9396
-15.9486
-15.9743
-16.0308
-16.1032
-16.1835
-16.2727
-16.3622
-16.4357
-16.4942
-16.5439
-16.5618
-16.5256
-16.4706
-16.4196
-16.3567
-16.2328
-16.059
-15.874
-15.7116
-15.5869
-15.4978
-15.4363
-15.3953
-15.3697
-15.3561
-15.3502
-15.3481
-15.3417
-15.3266
-15.3064
-15.2804
-15.2529
-15.2462
-15.2829
-15.2546
-15.1817
-15.1266
-15.0634
-15.0164
-14.9855
-14.9507
-14.9279
-14.9658
-15.0889
-15.3277
-15.7048
-16.1389
-16.5319
-16.8236
-16.9638
-16.9404
-16.7984
-16.5982
-16.3798
-16.1817
-15.9942
-15.8192
-15.6691
-15.5498
-15.4582
-15.3958
-15.3747
-16.1273
-16.1618
-16.1978
-16.2613
-16.3373
-16.4056
-16.4716
-16.5156
-16.4996
-16.4091
-16.2515
-16.0994
-16.0192
-16.0484
-16.1675
-16.2914
-16.3553
-16.3783
-16.4065
-16.4559
-16.5278
-16.6074
-16.6816
-16.7518
-16.8104
-16.861
-16.9147
-16.9616
-16.9813
-16.963
-16.9246
-16.872
-16.777
-16.629
-16.4614
-16.304
-16.1742
-16.0761
-16.0048
-15.9554
-15.9225
-15.9012
-15.8874
-15.8782
-15.868
-15.8467
-15.8152
-15.7878
-15.7786
-15.7768
-15.7915
-15.8214
-15.7992
-15.7158
-15.6493
-15.5895
-15.54
-15.502
-15.4688
-15.4694
-15.5624
-15.7452
-16.0788
-16.6009
-17.1649
-17.6601
-18.0298
-18.2285
-18.2234
-18.0465
-17.7497
-17.3747
-17.0121
-16.7216
-16.4684
-16.2557
-16.0956
-15.9808
-15.9041
-15.8761
-16.5354
-16.5664
-16.5972
-16.6598
-16.7303
-16.8008
-16.8652
-16.9099
-16.9051
-16.8341
-16.7092
-16.5938
-16.5502
-16.5904
-16.6842
-16.7635
-16.8005
-16.829
-16.8696
-16.931
-17.0028
-17.0723
-17.1346
-17.1852
-17.2239
-17.2627
-17.3038
-17.3377
-17.3507
-17.336
-17.297
-17.2283
-17.1212
-16.9873
-16.8519
-16.7318
-16.6348
-16.5611
-16.5075
-16.4706
-16.4462
-16.4296
-16.4175
-16.4086
-16.3995
-16.3741
-16.3399
-16.3134
-16.2931
-16.2798
-16.2915
-16.31
-16.2872
-16.2177
-16.1419
-16.0856
-16.0451
-16.0084
-15.9862
-16.0473
-16.1926
-16.4089
-16.8138
-17.4311
-18.0709
-18.6293
-19.0517
-19.2835
-19.3085
-19.151
-18.8305
-18.3973
-17.9141
-17.492
-17.1544
-16.8729
-16.6641
-16.5212
-16.428
-16.3848
-16.9463
-16.9669
-17.0009
-17.0629
-17.1354
-17.2057
-17.2732
-17.3263
-17.3431
-17.3075
-17.235
-17.1616
-17.1268
-17.1527
-17.2037
-17.2417
-17.2712
-17.2965
-17.3339
-17.3935
-17.456
-17.5123
-17.5628
-17.6024
-17.6325
-17.6597
-17.6824
-17.6955
-17.6916
-17.6656
-17.6171
-17.5483
-17.457
-17.356
-17.2589
-17.1732
-17.1038
-17.0508
-17.013
-16.9873
-16.9702
-16.9584
-16.9496
-16.9458
-16.9553
-16.9598
-16.9548
-16.9345
-16.8874
-16.8346
-16.8086
-16.7998
-16.7603
-16.6823
-16.6141
-16.5649
-16.539
-16.5158
-16.5255
-16.6362
-16.7915
-17.0368
-17.5009
-18.1486
-18.8067
-19.3818
-19.8219
-20.0576
-20.1115
-19.9933
-19.7014
-19.2785
-18.7768
-18.2587
-17.8449
-17.5002
-17.2446
-17.0758
-16.9728
-16.9226
-17.3796
-17.3863
-17.4294
-17.4951
-17.5652
-17.641
-17.7209
-17.7899
-17.8296
-17.8277
-17.7919
-17.7475
-17.7228
-17.7165
-17.725
-17.7434
-17.76
-17.778
-17.8086
-17.8547
-17.905
-17.9524
-17.9934
-18.0252
-18.0491
-18.0661
-18.0743
-18.0714
-18.0538
-18.0191
-17.9675
-17.9061
-17.836
-17.7643
-17.6972
-17.6377
-17.5891
-17.5524
-17.5269
-17.5102
-17.4998
-17.4932
-17.4895
-17.4953
-17.5319
-17.597
-17.6321
-17.6116
-17.5473
-17.4576
-17.3837
-17.339
-17.2643
-17.1575
-17.0815
-17.0575
-17.0435
-17.0421
-17.0943
-17.223
-17.3789
-17.6567
-18.1412
-18.759
-19.3923
-19.9571
-20.3876
-20.63
-20.6914
-20.6008
-20.349
-19.9788
-19.5087
-18.9756
-18.5005
-18.1082
-17.8171
-17.6299
-17.5246
-17.4791
-17.8542
-17.8502
-17.9002
-17.9721
-18.0551
-18.1322
-18.2092
-18.2855
-18.3492
-18.3791
-18.3669
-18.333
-18.295
-18.2625
-18.2504
-18.2518
-18.2572
-18.2687
-18.2926
-18.3264
-18.3645
-18.4015
-18.4338
-18.4593
-18.4779
-18.4883
-18.489
-18.4785
-18.455
-18.4187
-18.3729
-18.3195
-18.2664
-18.2147
-18.167
-18.1256
-18.0918
-18.0672
-18.0513
-18.0423
-18.0381
-18.0369
-18.0387
-18.0514
-18.0962
-18.1833
-18.2372
-18.2161
-18.1438
-18.0542
-17.9754
-17.9112
-17.8105
-17.6783
-17.5969
-17.5887
-17.5834
-17.6068
-17.6895
-17.8229
-18.0009
-18.291
-18.7342
-19.2785
-19.8478
-20.3775
-20.7993
-21.0595
-21.137
-21.0606
-20.8544
-20.5273
-20.1053
-19.6093
-19.0979
-18.669
-18.3599
-18.1597
-18.0527
-18.0229
-18.3787
-18.3754
-18.4102
-18.5147
-18.6276
-18.7061
-18.7702
-18.8377
-18.9031
-18.9342
-18.9228
-18.8799
-18.8281
-18.7872
-18.7656
-18.7569
-18.7562
-18.7629
-18.7807
-18.8056
-18.8338
-18.8617
-18.8865
-18.9066
-18.9205
-18.9268
-18.9243
-18.9118
-18.8885
-18.8561
-18.8182
-18.7775
-18.7353
-18.6947
-18.6581
-18.6282
-18.6062
-18.5924
-18.5853
-18.5834
-18.5857
-18.5905
-18.5974
-18.6097
-18.6372
-18.6862
-18.7173
-18.6918
-18.6269
-18.5651
-18.5203
-18.4771
-18.3732
-18.2376
-18.1622
-18.164
-18.1673
-18.2116
-18.3141
-18.4559
-18.6531
-18.9252
-19.2949
-19.7436
-20.2167
-20.6762
-21.0812
-21.3584
-21.4662
-21.4175
-21.2408
-20.9548
-20.5815
-20.1281
-19.6152
-19.1659
-18.8569
-18.6491
-18.5392
-18.5491
-18.9476
-18.9556
-18.9345
-19.0916
-19.25
-19.3424
-19.4014
-19.4408
-19.4692
-19.469
-19.4378
-19.3861
-19.3346
-19.2926
-19.2668
-19.255
-19.2523
-19.2578
-19.2709
-19.2891
-19.3099
-19.3309
-19.35
-19.3655
-19.3758
-19.3796
-19.3758
-19.3637
-19.3432
-19.3165
-19.286
-19.2536
-19.2203
-19.1871
-19.1593
-19.1395
-19.1291
-19.127
-19.1299
-19.1347
-19.1412
-19.1503
-19.1616
-19.1714
-19.1768
-19.1762
-19.1585
-19.1169
-19.0709
-19.0403
-19.0258
-19.0088
-18.9224
-18.8083
-18.7638
-18.7717
-18.7894
-18.8502
-18.9679
-19.1322
-19.3304
-19.5688
-19.864
-20.2035
-20.5599
-20.9108
-21.2384
-21.4934
-21.64
-21.6388
-21.501
-21.2584
-20.9278
-20.4981
-19.9957
-19.5777
-19.2989
-19.1134
-19.017
-19.0656
-19.5565
-19.5554
-19.5299
-19.6564
-19.8201
-19.9412
-20.0003
-20.0152
-19.9959
-19.9591
-19.9135
-19.8684
-19.8224
-19.7831
-19.759
-19.7483
-19.7464
-19.7511
-19.7609
-19.7745
-19.7901
-19.8062
-19.821
-19.8331
-19.841
-19.8434
-19.8396
-19.8292
-19.8125
-19.791
-19.7661
-19.7396
-19.7132
-19.6861
-19.669
-19.661
-19.6642
-19.6765
-19.6931
-19.7083
-19.7176
-19.7246
-19.7338
-19.7387
-19.7277
-19.6939
-19.6393
-19.5761
-19.5454
-19.5376
-19.5315
-19.5203
-19.458
-19.3796
-19.3755
-19.3876
-19.4313
-19.5147
-19.6567
-19.8366
-20.0259
-20.2281
-20.4516
-20.6882
-20.9211
-21.1388
-21.3329
-21.4952
-21.6053
-21.626
-21.5424
-21.3498
-21.053
-20.6679
-20.2449
-19.9158
-19.6994
-19.5754
-19.5414
-19.5919
-20.167
-20.1621
-20.1686
-20.1992
-20.2957
-20.4105
-20.4681
-20.4736
-20.4417
-20.4025
-20.3662
-20.3321
-20.2969
-20.2655
-20.2467
-20.2392
-20.2385
-20.2425
-20.2501
-20.2606
-20.2728
-20.2855
-20.2974
-20.3072
-20.3136
-20.3156
-20.3126
-20.3046
-20.292
-20.275
-20.2549
-20.2335
-20.2125
-20.1971
-20.1921
-20.1989
-20.2178
-20.2465
-20.2808
-20.313
-20.3276
-20.3325
-20.3354
-20.3269
-20.295
-20.2396
-20.1669
-20.1003
-20.0812
-20.0724
-20.0591
-20.0402
-19.9885
-19.9536
-19.9722
-20.0037
-20.0781
-20.1895
-20.3561
-20.5472
-20.7288
-20.9004
-21.062
-21.2053
-21.3186
-21.4034
-21.4611
-21.4911
-21.4943
-21.4686
-21.3891
-21.236
-21.0009
-20.7169
-20.4337
-20.2269
-20.1056
-20.0637
-20.0931
-20.1103
-20.7255
-20.7278
-20.7365
-20.737
-20.7646
-20.8012
-20.839
-20.8583
-20.8564
-20.8393
-20.8178
-20.7941
-20.7681
-20.7458
-20.7332
-20.7287
-20.729
-20.7324
-20.7387
-20.7473
-20.7573
-20.7679
-20.7777
-20.786
-20.7916
-20.7938
-20.7921
-20.7869
-20.7784
-20.7657
-20.7501
-20.7338
-20.7213
-20.7193
-20.7306
-20.7554
-20.7895
-20.8365
-20.8911
-20.9443
-20.9735
-20.9853
-20.9825
-20.9588
-20.8939
-20.8127
-20.7228
-20.671
-20.6516
-20.6308
-20.5993
-20.5637
-20.5211
-20.5165
-20.5504
-20.6156
-20.7127
-20.8485
-21.0333
-21.2367
-21.4161
-21.5636
-21.6772
-21.7452
-21.7584
-21.7292
-21.6741
-21.5959
-21.508
-21.4184
-21.306
-21.1614
-20.994
-20.8251
-20.6841
-20.5985
-20.567
-20.5808
-20.6099
-20.6018
-21.232
-21.2419
-21.2465
-21.2484
-21.2443
-21.2349
-21.2519
-21.2798
-21.2949
-21.291
-21.2768
-21.2593
-21.2411
-21.2271
-21.2198
-21.2175
-21.2184
-21.2217
-21.2273
-21.2348
-21.2434
-21.2524
-21.2609
-21.2681
-21.2734
-21.2761
-21.276
-21.2734
-21.2684
-21.2601
-21.2492
-21.2398
-21.2391
-21.2532
-21.2844
-21.3299
-21.3795
-21.4618
-21.576
-21.7018
-21.7936
-21.8346
-21.7846
-21.6871
-21.5524
-21.4157
-21.2988
-21.2495
-21.2254
-21.1895
-21.1349
-21.0831
-21.0447
-21.0536
-21.1143
-21.2109
-21.3156
-21.4681
-21.6614
-21.8716
-22.0521
-22.1829
-22.2653
-22.2812
-22.2199
-22.102
-21.9676
-21.8267
-21.692
-21.5705
-21.4537
-21.3302
-21.2132
-21.1208
-21.0709
-21.0621
-21.075
-21.0905
-21.0957
-21.0946
-21.7258
-21.734
-21.7314
-21.7301
-21.7235
-21.7155
-21.7253
-21.744
-21.7542
-21.7517
-21.7418
-21.7297
-21.7186
-21.7109
-21.7071
-21.7063
-21.7076
-21.711
-21.7164
-21.7231
-21.7307
-21.7385
-21.746
-21.7526
-21.7578
-21.7611
-21.7626
-21.7625
-21.7605
-21.7562
-21.7513
-21.751
-21.7638
-21.7958
-21.8516
-21.9199
-22.0037
-22.2028
-22.4867
-22.754
-22.9293
-22.9494
-22.8183
-22.5702
-22.2795
-22.0331
-21.8935
-21.8314
-21.7952
-21.7284
-21.6555
-21.5939
-21.5615
-21.5842
-21.6763
-21.7813
-21.8788
-22.0349
-22.2198
-22.4228
-22.5989
-22.7222
-22.7892
-22.7776
-22.6737
-22.5007
-22.3147
-22.1422
-21.9917
-21.8711
-21.7754
-21.6867
-21.6131
-21.5684
-21.5534
-21.5618
-21.5788
-21.5876
-21.5902
-21.5931
-22.2178
-22.2211
-22.2177
-22.2167
-22.2116
-22.2072
-22.2112
-22.2186
-22.2223
-22.2204
-22.2144
-22.2073
-22.2012
-22.1972
-22.1954
-22.1956
-22.1974
-22.2008
-22.2062
-22.2122
-22.2189
-22.2259
-22.2327
-22.2389
-22.2441
-22.2481
-22.251
-22.2531
-22.2539
-22.2538
-22.2551
-22.2642
-22.2898
-22.3409
-22.424
-22.5189
-22.7069
-23.1035
-23.5565
-23.9041
-24.0775
-24.0568
-23.8827
-23.4825
-23.0022
-22.6564
-22.5055
-22.4203
-22.3435
-22.2463
-22.1622
-22.1019
-22.0838
-22.1374
-22.2273
-22.3196
-22.4129
-22.5508
-22.7137
-22.8953
-23.0575
-23.1741
-23.2341
-23.2135
-23.098
-22.9027
-22.6948
-22.5148
-22.364
-22.2517
-22.1733
-22.1153
-22.0743
-22.0514
-22.0478
-22.0574
-22.072
-22.0836
-22.0919
-22.0967
-22.7017
-22.6995
-22.6986
-22.7
-22.6982
-22.6952
-22.6957
-22.6983
-22.6997
-22.6984
-22.6949
-22.6909
-22.6876
-22.6856
-22.685
-22.6858
-22.688
-22.6916
-22.6964
-22.7019
-22.708
-22.7143
-22.7206
-22.7264
-22.7317
-22.7363
-22.7405
-22.7444
-22.748
-22.7516
-22.7585
-22.775
-22.8112
-22.8811
-22.9894
-23.1208
-23.4355
-23.9344
-24.3882
-24.7115
-24.8859
-24.8876
-24.67
-24.1642
-23.6304
-23.3029
-23.1281
-22.992
-22.8655
-22.7489
-22.6615
-22.6143
-22.6283
-22.6963
-22.7757
-22.8403
-22.9128
-23.0247
-23.1603
-23.3158
-23.4624
-23.5696
-23.6196
-23.5951
-23.4831
-23.292
-23.0898
-22.9227
-22.7884
-22.6898
-22.6239
-22.581
-22.5548
-22.5421
-22.5435
-22.5537
-22.5685
-22.5821
-22.5945
-22.6001
-23.1867
-23.1828
-23.1824
-23.1831
-23.1827
-23.182
-23.1822
-23.1832
-23.1835
-23.1825
-23.1805
-23.1783
-23.1765
-23.1756
-23.1757
-23.177
-23.1794
-23.1829
-23.1873
-23.1923
-23.1978
-23.2036
-23.2094
-23.2151
-23.2204
-23.2255
-23.2306
-23.236
-23.2418
-23.2486
-23.2594
-23.2803
-23.3234
-23.4079
-23.5342
-23.7145
-24.0646
-24.5258
-24.892
-25.1609
-25.3211
-25.3233
-25.0841
-24.629
-24.2047
-23.9345
-23.7163
-23.5218
-23.3609
-23.2337
-23.1583
-23.1459
-23.187
-23.2603
-23.3198
-23.3374
-23.3869
-23.4719
-23.58
-23.7072
-23.8336
-23.9263
-23.9635
-23.9357
-23.8333
-23.67
-23.4949
-23.353
-23.244
-23.1647
-23.1116
-23.0778
-23.0573
-23.0492
-23.0492
-23.0571
-23.0692
-23.0828
-23.094
-23.0983
-23.6753
-23.6726
-23.6719
-23.6716
-23.6713
-23.671
-23.671
-23.6712
-23.6711
-23.6704
-23.6692
-23.668
-23.6671
-23.6669
-23.6675
-23.6691
-23.6715
-23.6748
-23.6788
-23.6834
-23.6884
-23.6937
-23.6991
-23.7046
-23.71
-23.7154
-23.7212
-23.7277
-23.7352
-23.7443
-23.7577
-23.7801
-23.8239
-23.9152
-24.0591
-24.2694
-24.5707
-24.9046
-25.1774
-25.3836
-25.5037
-25.4903
-25.3061
-25.0178
-24.7475
-24.5053
-24.2365
-24.0034
-23.8197
-23.7004
-23.6598
-23.69
-23.7457
-23.8034
-23.8281
-23.8204
-23.8476
-23.9082
-23.9891
-24.0836
-24.1787
-24.2495
-24.274
-24.2447
-24.1613
-24.0386
-23.9093
-23.8014
-23.719
-23.658
-23.6154
-23.5874
-23.5699
-23.5613
-23.5597
-23.5643
-23.5732
-23.5836
-23.5914
-23.5938
-24.1658
-24.1641
-24.1633
-24.1627
-24.162
-24.1617
-24.1615
-24.1615
-24.1613
-24.1608
-24.1601
-24.1594
-24.1591
-24.1594
-24.1603
-24.1619
-24.1642
-24.1673
-24.1709
-24.1751
-24.1796
-24.1845
-24.1896
-24.1949
-24.2002
-24.2059
-24.2122
-24.2195
-24.2283
-24.2393
-24.2547
-24.2782
-24.3214
-24.4163
-24.5691
-24.779
-25.0174
-25.2331
-25.4198
-25.5672
-25.6575
-25.6626
-25.5824
-25.4362
-25.2437
-24.9838
-24.6906
-24.4388
-24.2494
-24.1613
-24.1752
-24.2265
-24.2757
-24.3053
-24.3028
-24.2878
-24.3071
-24.3505
-24.407
-24.4692
-24.5287
-24.5723
-24.5864
-24.5635
-24.5059
-24.4252
-24.3402
-24.2656
-24.2057
-24.1588
-24.1244
-24.1002
-24.0843
-24.0752
-24.0719
-24.0732
-24.0787
-24.0857
-24.0912
-24.0925
-24.6573
-24.6563
-24.6556
-24.6548
-24.6541
-24.6538
-24.6536
-24.6534
-24.6532
-24.6528
-24.6524
-24.6521
-24.6522
-24.6527
-24.6537
-24.6553
-24.6574
-24.6603
-24.6635
-24.6673
-24.6714
-24.6759
-24.6807
-24.6858
-24.6911
-24.6969
-24.7035
-24.7114
-24.7213
-24.734
-24.7515
-24.7777
-24.8231
-24.9161
-25.0666
-25.2638
-25.4602
-25.6078
-25.7329
-25.8444
-25.9199
-25.9587
-25.9488
-25.8595
-25.6732
-25.4049
-25.1181
-24.8639
-24.6907
-24.6519
-24.7016
-24.7449
-24.7704
-24.7778
-24.7679
-24.7596
-24.7788
-24.8104
-24.8485
-24.8869
-24.9208
-24.9441
-24.9507
-24.9356
-24.8993
-24.8489
-24.7938
-24.7423
-24.698
-24.6616
-24.6331
-24.612
-24.5973
-24.588
-24.5834
-24.5829
-24.5849
-24.5888
-24.5923
-24.593
-25.1497
-25.1491
-25.1485
-25.1477
-25.1472
-25.1468
-25.1466
-25.1464
-25.1462
-25.1459
-25.1457
-25.1457
-25.1459
-25.1465
-25.1475
-25.1491
-25.1511
-25.1536
-25.1565
-25.1599
-25.1637
-25.1678
-25.1723
-25.1772
-25.1824
-25.1882
-25.195
-25.2033
-25.2139
-25.2279
-25.247
-25.2758
-25.3231
-25.4005
-25.5354
-25.7153
-25.8904
-26.0278
-26.131
-26.2217
-26.289
-26.3421
-26.3343
-26.247
-26.071
-25.8359
-25.5768
-25.3459
-25.2064
-25.1882
-25.2246
-25.2484
-25.2592
-25.259
-25.2503
-25.2478
-25.2668
-25.2883
-25.3133
-25.3372
-25.3569
-25.3692
-25.3709
-25.3596
-25.3354
-25.3018
-25.2639
-25.2266
-25.1928
-25.1637
-25.1397
-25.1213
-25.1078
-25.0986
-25.0931
-25.0908
-25.0908
-25.0922
-25.0943
-25.0946
-25.6427
-25.6424
-25.6419
-25.6413
-25.6408
-25.6405
-25.6402
-25.64
-25.6398
-25.6397
-25.6396
-25.6397
-25.6401
-25.6407
-25.6417
-25.6431
-25.645
-25.6473
-25.6499
-25.653
-25.6564
-25.6602
-25.6643
-25.669
-25.6741
-25.6798
-25.6865
-25.6949
-25.7056
-25.7198
-25.7388
-25.7666
-25.81
-25.8684
-25.9708
-26.1231
-26.287
-26.4326
-26.545
-26.6325
-26.6922
-26.7156
-26.6911
-26.619
-26.4979
-26.3218
-26.1117
-25.9243
-25.8023
-25.7483
-25.74
-25.7517
-25.7593
-25.7588
-25.7529
-25.7524
-25.7634
-25.7775
-25.7932
-25.8079
-25.8192
-25.8251
-25.8232
-25.8133
-25.7952
-25.7709
-25.7431
-25.7148
-25.6883
-25.665
-25.6438
-25.628
-25.6158
-25.607
-25.6011
-25.5976
-25.5962
-25.5961
-25.5967
-25.5967
-26.1362
-26.136
-26.1356
-26.1351
-26.1347
-26.1345
-26.1343
-26.1341
-26.134
-26.1339
-26.1339
-26.1341
-26.1345
-26.1352
-26.1362
-26.1375
-26.1392
-26.1412
-26.1436
-26.1464
-26.1495
-26.1529
-26.1568
-26.1611
-26.166
-26.1715
-26.178
-26.1859
-26.1961
-26.2093
-26.2265
-26.2497
-26.2831
-26.3269
-26.3903
-26.499
-26.6358
-26.7734
-26.8944
-26.978
-27.0241
-27.0281
-27.0217
-27.0123
-26.9775
-26.8828
-26.7446
-26.5961
-26.4542
-26.3391
-26.2758
-26.2649
-26.2685
-26.2686
-26.2638
-26.2613
-26.2659
-26.273
-26.2814
-26.2891
-26.2942
-26.2954
-26.2915
-26.2822
-26.2677
-26.2489
-26.2274
-26.2052
-26.1839
-26.1644
-26.147
-26.1329
-26.1218
-26.1133
-26.1072
-26.1032
-26.1008
-26.0997
-26.0993
-26.0991
-26.63
-26.6299
-26.6296
-26.6292
-26.629
-26.6288
-26.6286
-26.6284
-26.6284
-26.6284
-26.6285
-26.6287
-26.6292
-26.6298
-26.6307
-26.632
-26.6335
-26.6354
-26.6375
-26.64
-26.6429
-26.646
-26.6495
-26.6535
-26.6581
-26.6633
-26.6693
-26.6766
-26.6856
-26.697
-26.7115
-26.7295
-26.7525
-26.7822
-26.8164
-26.8729
-26.9598
-27.0592
-27.1539
-27.2283
-27.2697
-27.298
-27.3484
-27.4289
-27.4978
-27.4976
-27.4181
-27.2827
-27.1214
-26.9552
-26.8465
-26.798
-26.7876
-26.7829
-26.7766
-26.7708
-26.7699
-26.7713
-26.7739
-26.776
-26.7765
-26.7745
-26.7691
-26.7602
-26.7477
-26.7323
-26.7151
-26.6971
-26.6795
-26.6632
-26.6485
-26.636
-26.6258
-26.6178
-26.6117
-26.6074
-26.6044
-26.6027
-26.6018
-26.6014
-27.1241
-27.1241
-27.1238
-27.1236
-27.1234
-27.1232
-27.1231
-27.123
-27.123
-27.1231
-27.1232
-27.1235
-27.1239
-27.1246
-27.1254
-27.1266
-27.128
-27.1296
-27.1316
-27.1339
-27.1364
-27.1393
-27.1425
-27.1462
-27.1503
-27.1551
-27.1606
-27.167
-27.1747
-27.1841
-27.1956
-27.2091
-27.2243
-27.2413
-27.2598
-27.2781
-27.3099
-27.3555
-27.4076
-27.4588
-27.5056
-27.572
-27.6886
-27.8561
-28.0174
-28.0904
-28.0378
-27.9028
-27.7249
-27.5455
-27.4124
-27.3427
-27.3144
-27.3002
-27.2888
-27.2798
-27.2738
-27.2704
-27.2682
-27.2661
-27.2632
-27.2589
-27.2524
-27.2435
-27.2324
-27.2192
-27.2048
-27.1898
-27.1751
-27.1612
-27.1486
-27.1375
-27.1282
-27.1207
-27.1147
-27.1103
-27.1071
-27.105
-27.1038
-27.1032
-27.6184
-27.6184
-27.6182
-27.618
-27.6179
-27.6178
-27.6177
-27.6177
-27.6178
-27.6179
-27.618
-27.6184
-27.6188
-27.6194
-27.6202
-27.6213
-27.6226
-27.6241
-27.6259
-27.6279
-27.6302
-27.6328
-27.6357
-27.639
-27.6428
-27.6471
-27.652
-27.6576
-27.6641
-27.6716
-27.6803
-27.6901
-27.7003
-27.7099
-27.7178
-27.7208
-27.7202
-27.7228
-27.7338
-27.7581
-27.8072
-27.9017
-28.059
-28.2708
-28.4792
-28.5922
-28.5623
-28.434
-28.2617
-28.0885
-27.9524
-27.8748
-27.8411
-27.8175
-27.7996
-27.786
-27.7761
-27.7687
-27.763
-27.7578
-27.7525
-27.7464
-27.7391
-27.7303
-27.72
-27.7084
-27.6959
-27.6831
-27.6705
-27.6585
-27.6475
-27.6377
-27.6292
-27.6221
-27.6165
-27.6121
-27.6088
-27.6065
-27.6051
-27.6045
-28.1129
-28.1128
-28.1127
-28.1126
-28.1125
-28.1125
-28.1125
-28.1125
-28.1125
-28.1127
-28.1129
-28.1132
-28.1137
-28.1143
-28.1151
-28.1161
-28.1172
-28.1186
-28.1202
-28.1221
-28.1242
-28.1265
-28.1291
-28.1321
-28.1354
-28.1392
-28.1435
-28.1484
-28.1539
-28.1599
-28.1664
-28.1733
-28.18
-28.1857
-28.1892
-28.1897
-28.1836
-28.1704
-28.1605
-28.1662
-28.2112
-28.3117
-28.4716
-28.6826
-28.8856
-29.0004
-28.993
-28.8854
-28.7346
-28.5822
-28.4668
-28.3964
-28.3551
-28.3271
-28.3054
-28.2887
-28.2759
-28.2658
-28.2575
-28.2502
-28.2431
-28.2358
-28.2279
-28.2191
-28.2094
-28.1989
-28.1879
-28.1767
-28.1657
-28.1552
-28.1454
-28.1367
-28.129
-28.1225
-28.1171
-28.1128
-28.1096
-28.1073
-28.1058
-28.1051
-28.6073
-28.6073
-28.6072
-28.6072
-28.6071
-28.6071
-28.6072
-28.6072
-28.6073
-28.6075
-28.6078
-28.6081
-28.6086
-28.6092
-28.6099
-28.6108
-28.6119
-28.6132
-28.6147
-28.6163
-28.6182
-28.6203
-28.6227
-28.6253
-28.6283
-28.6316
-28.6354
-28.6396
-28.6443
-28.6492
-28.6541
-28.6591
-28.6638
-28.6675
-28.6695
-28.6693
-28.6666
-28.6624
-28.6574
-28.6648
-28.7041
-28.7917
-28.9306
-29.1065
-29.2709
-29.3574
-29.3459
-29.2735
-29.1586
-29.045
-28.9581
-28.8987
-28.8582
-28.8285
-28.8055
-28.7874
-28.773
-28.7613
-28.7513
-28.7425
-28.7343
-28.7262
-28.7179
-28.7092
-28.7
-28.6903
-28.6804
-28.6705
-28.6607
-28.6513
-28.6426
-28.6347
-28.6278
-28.6218
-28.6167
-28.6126
-28.6095
-28.6072
-28.6058
-28.605
-29.1017
-29.1018
-29.1017
-29.1017
-29.1018
-29.1018
-29.1019
-29.1019
-29.1021
-29.1023
-29.1026
-29.1029
-29.1034
-29.104
-29.1047
-29.1056
-29.1066
-29.1077
-29.1091
-29.1106
-29.1123
-29.1142
-29.1164
-29.1187
-29.1214
-29.1243
-29.1277
-29.1313
-29.1353
-29.1395
-29.1436
-29.1474
-29.1509
-29.154
-29.156
-29.157
-29.1578
-29.1602
-29.1676
-29.1847
-29.2215
-29.2904
-29.3982
-29.5244
-29.6346
-29.6954
-29.6885
-29.6412
-29.5683
-29.4947
-29.4337
-29.387
-29.3513
-29.3232
-29.3008
-29.2826
-29.2676
-29.255
-29.2442
-29.2345
-29.2256
-29.2171
-29.2086
-29.2
-29.1912
-29.1822
-29.1731
-29.1641
-29.1554
-29.147
-29.1392
-29.132
-29.1257
-29.1201
-29.1155
-29.1116
-29.1086
-29.1064
-29.105
-29.1043
-29.5963
-29.5963
-29.5963
-29.5963
-29.5964
-29.5965
-29.5965
-29.5967
-29.5968
-29.5971
-29.5973
-29.5977
-29.5982
-29.5988
-29.5995
-29.6003
-29.6012
-29.6023
-29.6036
-29.605
-29.6065
-29.6083
-29.6102
-29.6123
-29.6147
-29.6174
-29.6203
-29.6236
-29.6271
-29.6308
-29.6344
-29.6378
-29.6408
-29.6438
-29.6464
-29.6489
-29.6522
-29.6583
-29.67
-29.6906
-29.7245
-29.7768
-29.8508
-29.9332
-30.0047
-30.0477
-30.0546
-30.0296
-29.9892
-29.9446
-29.9032
-29.8676
-29.8377
-29.8128
-29.7921
-29.7746
-29.7599
-29.7471
-29.736
-29.726
-29.7167
-29.708
-29.6995
-29.6911
-29.6827
-29.6743
-29.6659
-29.6577
-29.6498
-29.6422
-29.6351
-29.6286
-29.6228
-29.6177
-29.6134
-29.6098
-29.607
-29.6049
-29.6036
-29.6029
-30.0908
-30.0909
-30.0909
-30.0909
-30.091
-30.0911
-30.0912
-30.0914
-30.0916
-30.0918
-30.0921
-30.0925
-30.093
-30.0935
-30.0942
-30.095
-30.0959
-30.0969
-30.0981
-30.0994
-30.1008
-30.1024
-30.1042
-30.1061
-30.1083
-30.1107
-30.1134
-30.1163
-30.1195
-30.1228
-30.1263
-30.1296
-30.1328
-30.1359
-30.1392
-30.143
-30.1481
-30.156
-30.1688
-30.1888
-30.2179
-30.2575
-30.3081
-30.3629
-30.4114
-30.4439
-30.4555
-30.4468
-30.4261
-30.3992
-30.371
-30.3442
-30.3201
-30.2988
-30.2803
-30.2641
-30.25
-30.2376
-30.2267
-30.2167
-30.2075
-30.1988
-30.1904
-30.1823
-30.1743
-30.1664
-30.1586
-30.1511
-30.1438
-30.137
-30.1305
-30.1246
-30.1193
-30.1146
-30.1106
-30.1073
-30.1047
-30.1027
-30.1015
-30.1008
-30.5855
-30.5855
-30.5855
-30.5856
-30.5857
-30.5858
-30.5859
-30.5861
-30.5863
-30.5866
-30.5869
-30.5873
-30.5877
-30.5883
-30.5889
-30.5897
-30.5905
-30.5914
-30.5925
-30.5938
-30.5951
-30.5966
-30.5982
-30.6001
-30.6021
-30.6043
-30.6068
-30.6094
-30.6124
-30.6155
-30.6188
-30.6222
-30.6257
-30.6292
-30.6332
-30.6381
-30.6444
-30.6533
-30.6661
-30.6842
-30.7086
-30.7396
-30.7763
-30.8149
-30.8497
-30.8748
-30.8871
-30.8864
-30.8753
-30.8582
-30.8391
-30.8192
-30.8
-30.7823
-30.7662
-30.7517
-30.7387
-30.727
-30.7164
-30.7068
-30.6978
-30.6893
-30.6812
-30.6734
-30.6658
-30.6584
-30.6512
-30.6442
-30.6376
-30.6313
-30.6255
-30.6201
-30.6152
-30.6109
-30.6073
-30.6042
-30.6018
-30.5999
-30.5987
-30.5981
-31.0802
-31.0802
-31.0802
-31.0803
-31.0804
-31.0805
-31.0806
-31.0809
-31.0811
-31.0813
-31.0817
-31.0821
-31.0825
-31.083
-31.0836
-31.0843
-31.0851
-31.086
-31.087
-31.0881
-31.0894
-31.0908
-31.0923
-31.0941
-31.096
-31.0981
-31.1004
-31.1029
-31.1057
-31.1087
-31.1119
-31.1153
-31.119
-31.123
-31.1277
-31.1332
-31.1403
-31.1496
-31.1619
-31.1781
-31.1987
-31.2235
-31.2513
-31.2798
-31.3055
-31.3248
-31.3358
-31.338
-31.3328
-31.3227
-31.3088
-31.2939
-31.2788
-31.2643
-31.2506
-31.2378
-31.226
-31.2153
-31.2053
-31.1962
-31.1876
-31.1795
-31.1717
-31.1643
-31.1571
-31.1502
-31.1435
-31.1371
-31.131
-31.1253
-31.12
-31.115
-31.1106
-31.1067
-31.1033
-31.1005
-31.0982
-31.0966
-31.0954
-31.0949
-31.5748
-31.5749
-31.5749
-31.575
-31.5751
-31.5752
-31.5754
-31.5756
-31.5758
-31.5761
-31.5764
-31.5768
-31.5773
-31.5777
-31.5783
-31.5789
-31.5796
-31.5805
-31.5815
-31.5825
-31.5837
-31.585
-31.5865
-31.5881
-31.5899
-31.5919
-31.5941
-31.5965
-31.5992
-31.6021
-31.6053
-31.6088
-31.6126
-31.617
-31.622
-31.628
-31.6353
-31.6445
-31.656
-31.6704
-31.6877
-31.7076
-31.7292
-31.7508
-31.7702
-31.7852
-31.7946
-31.798
-31.7959
-31.7895
-31.7801
-31.7691
-31.7573
-31.7453
-31.7337
-31.7227
-31.7124
-31.7027
-31.6936
-31.685
-31.6769
-31.6693
-31.662
-31.655
-31.6483
-31.6419
-31.6357
-31.6298
-31.6242
-31.6189
-31.614
-31.6096
-31.6055
-31.6019
-31.5988
-31.5963
-31.5942
-31.5926
-31.5916
-31.5911
-32.0695
-32.0695
-32.0695
-32.0696
-32.0697
-32.0699
-32.07
-32.0703
-32.0705
-32.0708
-32.0711
-32.0715
-32.0719
-32.0724
-32.0729
-32.0735
-32.0742
-32.075
-32.0759
-32.0769
-32.078
-32.0792
-32.0806
-32.0822
-32.0839
-32.0858
-32.0879
-32.0902
-32.0928
-32.0957
-32.0988
-32.1024
-32.1063
-32.1107
-32.1159
-32.122
-32.1293
-32.138
-32.1486
-32.1612
-32.1757
-32.1918
-32.2088
-32.2255
-32.2405
-32.2525
-32.2604
-32.2641
-32.2636
-32.2598
-32.2533
-32.2452
-32.236
-32.2264
-32.2167
-32.2072
-32.1981
-32.1895
-32.1812
-32.1733
-32.1659
-32.1588
-32.152
-32.1455
-32.1393
-32.1333
-32.1276
-32.1222
-32.117
-32.1122
-32.1078
-32.1037
-32.1
-32.0967
-32.0939
-32.0915
-32.0896
-32.0882
-32.0873
-32.0868
-32.5641
-32.5641
-32.5641
-32.5642
-32.5643
-32.5645
-32.5646
-32.5648
-32.5651
-32.5654
-32.5657
-32.5661
-32.5665
-32.5669
-32.5674
-32.568
-32.5687
-32.5695
-32.5703
-32.5712
-32.5723
-32.5734
-32.5748
-32.5762
-32.5779
-32.5797
-32.5817
-32.5839
-32.5864
-32.5892
-32.5923
-32.5958
-32.5997
-32.6042
-32.6093
-32.6153
-32.6222
-32.6304
-32.6399
-32.6508
-32.663
-32.6762
-32.6898
-32.703
-32.7148
-32.7244
-32.7311
-32.7347
-32.7351
-32.7328
-32.7284
-32.7223
-32.7152
-32.7075
-32.6994
-32.6914
-32.6835
-32.6758
-32.6684
-32.6613
-32.6545
-32.648
-32.6417
-32.6357
-32.63
-32.6245
-32.6193
-32.6143
-32.6096
-32.6052
-32.6012
-32.5974
-32.5941
-32.5911
-32.5885
-32.5864
-32.5847
-32.5834
-32.5825
-32.582
-33.0587
-33.0587
-33.0587
-33.0588
-33.0589
-33.059
-33.0592
-33.0594
-33.0596
-33.0599
-33.0603
-33.0606
-33.061
-33.0614
-33.0619
-33.0625
-33.0631
-33.0639
-33.0646
-33.0655
-33.0665
-33.0676
-33.0688
-33.0702
-33.0718
-33.0735
-33.0754
-33.0776
-33.08
-33.0827
-33.0857
-33.0891
-33.0929
-33.0973
-33.1022
-33.1079
-33.1144
-33.1218
-33.1303
-33.1397
-33.15
-33.1609
-33.1719
-33.1825
-33.1919
-33.1997
-33.2054
-33.2086
-33.2095
-33.2083
-33.2052
-33.2007
-33.1951
-33.1889
-33.1823
-33.1755
-33.1686
-33.1619
-33.1554
-33.149
-33.1429
-33.137
-33.1313
-33.1258
-33.1205
-33.1155
-33.1107
-33.1062
-33.1019
-33.0979
-33.0942
-33.0908
-33.0878
-33.0851
-33.0828
-33.0808
-33.0792
-33.0781
-33.0773
-33.0769
-33.5533
-33.5533
-33.5533
-33.5534
-33.5535
-33.5536
-33.5537
-33.5539
-33.5542
-33.5545
-33.5548
-33.5551
-33.5555
-33.5559
-33.5564
-33.5569
-33.5575
-33.5582
-33.5589
-33.5597
-33.5606
-33.5617
-33.5628
-33.5641
-33.5656
-33.5672
-33.569
-33.5711
-33.5734
-33.576
-33.5789
-33.5822
-33.5858
-33.59
-33.5947
-33.5999
-33.6059
-33.6126
-33.62
-33.6281
-33.6368
-33.6459
-33.6549
-33.6634
-33.6711
-33.6775
-33.6822
-33.6851
-33.6862
-33.6856
-33.6834
-33.6801
-33.6757
-33.6707
-33.6653
-33.6596
-33.6537
-33.6479
-33.6421
-33.6365
-33.631
-33.6257
-33.6206
-33.6156
-33.6109
-33.6063
-33.602
-33.5978
-33.594
-33.5903
-33.587
-33.5839
-33.5812
-33.5788
-33.5767
-33.5749
-33.5735
-33.5724
-33.5717
-33.5713
-34.0479
-34.0479
-34.0479
-34.048
-34.0481
-34.0482
-34.0483
-34.0485
-34.0487
-34.049
-34.0492
-34.0495
-34.0499
-34.0503
-34.0508
-34.0513
-34.0518
-34.0524
-34.0531
-34.0539
-34.0547
-34.0557
-34.0567
-34.058
-34.0593
-34.0609
-34.0626
-34.0645
-34.0667
-34.0692
-34.0719
-34.075
-34.0785
-34.0824
-34.0867
-34.0915
-34.0969
-34.1029
-34.1093
-34.1163
-34.1237
-34.1312
-34.1386
-34.1456
-34.1519
-34.1571
-34.1611
-34.1636
-34.1648
-34.1645
-34.163
-34.1605
-34.1571
-34.1531
-34.1486
-34.1438
-34.1388
-34.1338
-34.1288
-34.1239
-34.119
-34.1143
-34.1097
-34.1053
-34.101
-34.0969
-34.093
-34.0893
-34.0858
-34.0825
-34.0795
-34.0767
-34.0743
-34.0721
-34.0702
-34.0686
-34.0673
-34.0664
-34.0657
-34.0654
-34.5425
-34.5425
-34.5426
-34.5426
-34.5427
-34.5428
-34.5429
-34.5431
-34.5433
-34.5435
-34.5437
-34.544
-34.5443
-34.5447
-34.5451
-34.5456
-34.5461
-34.5466
-34.5473
-34.548
-34.5488
-34.5496
-34.5506
-34.5518
-34.5531
-34.5545
-34.5561
-34.5579
-34.56
-34.5623
-34.5648
-34.5677
-34.5709
-34.5745
-34.5784
-34.5828
-34.5876
-34.5928
-34.5984
-34.6044
-34.6105
-34.6168
-34.6229
-34.6287
-34.6338
-34.6381
-34.6415
-34.6437
-34.6448
-34.6448
-34.6437
-34.6418
-34.6391
-34.6359
-34.6322
-34.6282
-34.6241
-34.6198
-34.6155
-34.6112
-34.6069
-34.6027
-34.5987
-34.5947
-34.5909
-34.5873
-34.5838
-34.5805
-34.5773
-34.5744
-34.5717
-34.5693
-34.5671
-34.5651
-34.5634
-34.562
-34.5609
-34.56
-34.5594
-34.5591
-35.0372
-35.0372
-35.0372
-35.0372
-35.0373
-35.0374
-35.0375
-35.0377
-35.0378
-35.038
-35.0382
-35.0384
-35.0387
-35.0391
-35.0395
-35.0399
-35.0403
-35.0408
-35.0414
-35.042
-35.0428
-35.0436
-35.0445
-35.0456
-35.0467
-35.048
-35.0495
-35.0512
-35.0531
-35.0552
-35.0575
-35.0601
-35.063
-35.0663
-35.0698
-35.0737
-35.0779
-35.0824
-35.0873
-35.0923
-35.0975
-35.1027
-35.1078
-35.1125
-35.1167
-35.1203
-35.1231
-35.125
-35.126
-35.1261
-35.1254
-35.1239
-35.1218
-35.1192
-35.1162
-35.1129
-35.1094
-35.1058
-35.1021
-35.0984
-35.0947
-35.0911
-35.0875
-35.0841
-35.0807
-35.0775
-35.0744
-35.0715
-35.0687
-35.0661
-35.0638
-35.0616
-35.0596
-35.0579
-35.0564
-35.0551
-35.0541
-35.0534
-35.0528
-35.0526
-35.5318
-35.5319
-35.5319
-35.5319
-35.532
-35.532
-35.5321
-35.5322
-35.5323
-35.5325
-35.5326
-35.5329
-35.5331
-35.5334
-35.5338
-35.5341
-35.5346
-35.535
-35.5355
-35.5361
-35.5368
-35.5375
-35.5383
-35.5393
-35.5403
-35.5415
-35.5428
-35.5443
-35.546
-35.5479
-35.55
-35.5524
-35.555
-35.5578
-35.5609
-35.5643
-35.568
-35.5719
-35.576
-35.5802
-35.5846
-35.5889
-35.593
-35.5969
-35.6004
-35.6033
-35.6056
-35.6073
-35.6082
-35.6083
-35.6078
-35.6067
-35.6051
-35.603
-35.6006
-35.5979
-35.595
-35.5919
-35.5888
-35.5856
-35.5825
-35.5793
-35.5763
-35.5733
-35.5703
-35.5675
-35.5649
-35.5623
-35.5599
-35.5577
-35.5556
-35.5537
-35.552
-35.5505
-35.5491
-35.548
-35.5471
-35.5465
-35.546
-35.5458
-36.0265
-36.0265
-36.0265
-36.0265
-36.0266
-36.0266
-36.0267
-36.0267
-36.0268
-36.0269
-36.0271
-36.0273
-36.0275
-36.0278
-36.0281
-36.0284
-36.0288
-36.0292
-36.0296
-36.0301
-36.0307
-36.0313
-36.0321
-36.0329
-36.0338
-36.0348
-36.036
-36.0373
-36.0388
-36.0405
-36.0423
-36.0444
-36.0467
-36.0491
-36.0518
-36.0547
-36.0579
-36.0612
-36.0646
-36.0681
-36.0717
-36.0753
-36.0787
-36.0818
-36.0847
-36.0871
-36.089
-36.0903
-36.0911
-36.0913
-36.091
-36.0901
-36.0889
-36.0872
-36.0853
-36.083
-36.0807
-36.0781
-36.0755
-36.0729
-36.0702
-36.0675
-36.0649
-36.0623
-36.0599
-36.0575
-36.0552
-36.053
-36.0509
-36.049
-36.0472
-36.0456
-36.0441
-36.0428
-36.0417
-36.0407
-36.0399
-36.0394
-36.039
-36.0388
-36.5211
-36.521
-36.5211
-36.5211
-36.5211
-36.5211
-36.5212
-36.5213
-36.5213
-36.5214
-36.5216
-36.5217
-36.5219
-36.5221
-36.5224
-36.5226
-36.5229
-36.5233
-36.5237
-36.5241
-36.5245
-36.5251
-36.5257
-36.5264
-36.5272
-36.528
-36.529
-36.5302
-36.5315
-36.5329
-36.5345
-36.5363
-36.5382
-36.5403
-36.5426
-36.545
-36.5476
-36.5503
-36.5532
-36.5561
-36.559
-36.5618
-36.5646
-36.5671
-36.5694
-36.5713
-36.5729
-36.574
-36.5746
-36.5748
-36.5746
-36.574
-36.573
-36.5717
-36.5702
-36.5684
-36.5665
-36.5644
-36.5623
-36.5601
-36.5579
-36.5557
-36.5535
-36.5514
-36.5493
-36.5473
-36.5454
-36.5435
-36.5418
-36.5402
-36.5387
-36.5373
-36.5361
-36.535
-36.534
-36.5332
-36.5326
-36.5321
-36.5318
-36.5316
-37.0156
-37.0156
-37.0156
-37.0156
-37.0156
-37.0157
-37.0157
-37.0158
-37.0159
-37.0159
-37.016
-37.0161
-37.0163
-37.0164
-37.0166
-37.0168
-37.0171
-37.0173
-37.0176
-37.018
-37.0183
-37.0188
-37.0193
-37.0198
-37.0205
-37.0212
-37.022
-37.023
-37.024
-37.0252
-37.0266
-37.028
-37.0296
-37.0313
-37.0332
-37.0352
-37.0373
-37.0395
-37.0417
-37.044
-37.0463
-37.0486
-37.0507
-37.0527
-37.0545
-37.056
-37.0572
-37.0581
-37.0586
-37.0588
-37.0587
-37.0582
-37.0575
-37.0565
-37.0553
-37.0539
-37.0524
-37.0508
-37.0491
-37.0473
-37.0456
-37.0438
-37.042
-37.0403
-37.0386
-37.037
-37.0354
-37.034
-37.0326
-37.0312
-37.03
-37.0289
-37.0279
-37.027
-37.0262
-37.0256
-37.0251
-37.0247
-37.0244
-37.0243
-37.5102
-37.5102
-37.5102
-37.5101
-37.5102
-37.5102
-37.5103
-37.5103
-37.5104
-37.5104
-37.5105
-37.5105
-37.5106
-37.5107
-37.5108
-37.511
-37.5111
-37.5113
-37.5116
-37.5118
-37.5121
-37.5124
-37.5128
-37.5132
-37.5137
-37.5143
-37.515
-37.5157
-37.5165
-37.5175
-37.5185
-37.5197
-37.5209
-37.5223
-37.5237
-37.5253
-37.5269
-37.5285
-37.5303
-37.532
-37.5337
-37.5354
-37.537
-37.5385
-37.5399
-37.541
-37.5419
-37.5426
-37.543
-37.5432
-37.5431
-37.5428
-37.5422
-37.5415
-37.5406
-37.5396
-37.5385
-37.5372
-37.5359
-37.5346
-37.5332
-37.5319
-37.5305
-37.5292
-37.5279
-37.5266
-37.5254
-37.5243
-37.5232
-37.5222
-37.5213
-37.5204
-37.5196
-37.5189
-37.5183
-37.5178
-37.5174
-37.5171
-37.517
-37.5169
-38.0047
-38.0047
-38.0047
-38.0047
-38.0047
-38.0047
-38.0047
-38.0048
-38.0048
-38.0048
-38.0048
-38.0048
-38.0049
-38.0049
-38.005
-38.0051
-38.0052
-38.0053
-38.0054
-38.0056
-38.0058
-38.006
-38.0063
-38.0066
-38.007
-38.0074
-38.0078
-38.0084
-38.009
-38.0097
-38.0104
-38.0113
-38.0122
-38.0131
-38.0142
-38.0153
-38.0164
-38.0176
-38.0188
-38.02
-38.0212
-38.0224
-38.0235
-38.0245
-38.0254
-38.0262
-38.0269
-38.0273
-38.0276
-38.0278
-38.0277
-38.0275
-38.0272
-38.0267
-38.0261
-38.0254
-38.0246
-38.0237
-38.0228
-38.0219
-38.0209
-38.0199
-38.019
-38.018
-38.0171
-38.0162
-38.0154
-38.0146
-38.0138
-38.0131
-38.0124
-38.0118
-38.0113
-38.0108
-38.0104
-38.01
-38.0098
-38.0095
-38.0094
-38.0094
-38.4992
-38.4992
-38.4992
-38.4992
-38.4992
-38.4992
-38.4992
-38.4992
-38.4992
-38.4992
-38.4992
-38.4991
-38.4991
-38.4991
-38.4991
-38.4992
-38.4992
-38.4992
-38.4993
-38.4994
-38.4995
-38.4996
-38.4998
-38.4999
-38.5002
-38.5004
-38.5007
-38.501
-38.5014
-38.5018
-38.5023
-38.5028
-38.5033
-38.5039
-38.5045
-38.5052
-38.5059
-38.5066
-38.5073
-38.508
-38.5087
-38.5094
-38.51
-38.5106
-38.5112
-38.5117
-38.512
-38.5123
-38.5125
-38.5126
-38.5125
-38.5124
-38.5122
-38.5119
-38.5116
-38.5112
-38.5107
-38.5102
-38.5097
-38.5091
-38.5085
-38.508
-38.5074
-38.5068
-38.5063
-38.5058
-38.5053
-38.5048
-38.5044
-38.5039
-38.5036
-38.5032
-38.5029
-38.5026
-38.5024
-38.5022
-38.502
-38.5019
-38.5018
-38.5018
-38.9938
-38.9938
-38.9938
-38.9938
-38.9938
-38.9937
-38.9937
-38.9937
-38.9936
-38.9936
-38.9936
-38.9935
-38.9934
-38.9934
-38.9933
-38.9933
-38.9933
-38.9932
-38.9932
-38.9932
-38.9932
-38.9932
-38.9933
-38.9933
-38.9934
-38.9935
-38.9936
-38.9937
-38.9938
-38.9939
-38.9941
-38.9943
-38.9944
-38.9946
-38.9948
-38.9951
-38.9953
-38.9955
-38.9958
-38.996
-38.9962
-38.9965
-38.9967
-38.9969
-38.997
-38.9972
-38.9973
-38.9974
-38.9975
-38.9975
-38.9975
-38.9975
-38.9974
-38.9973
-38.9972
-38.997
-38.9969
-38.9967
-38.9966
-38.9964
-38.9962
-38.996
-38.9958
-38.9956
-38.9954
-38.9953
-38.9951
-38.995
-38.9949
-38.9948
-38.9947
-38.9946
-38.9945
-38.9944
-38.9943
-38.9943
-38.9942
-38.9942
-38.9942
-38.9942
)
;

boundaryField
{
    lowerWall
    {
        type            calculated;
        value           nonuniform List<scalar> 
80
(
7822.45
7822.33
7822
7821.43
7820.63
7819.6
7818.36
7816.94
7815.35
7813.63
7811.77
7809.8
7807.72
7805.52
7803.21
7800.78
7798.2
7795.48
7792.6
7789.54
7786.3
7782.86
7779.23
7775.41
7771.42
7767.27
7763
7758.64
7754.26
7749.89
7745.6
7741.47
7737.56
7733.94
7730.69
7727.87
7725.53
7723.73
7722.5
7721.87
7721.85
7722.45
7723.64
7725.41
7727.71
7730.49
7733.7
7737.25
7741.1
7745.16
7749.37
7753.67
7757.92
7762.18
7766.34
7770.37
7774.24
7777.94
7781.43
7784.74
7787.85
7790.78
7793.54
7796.15
7798.62
7800.96
7803.18
7805.31
7807.33
7809.26
7811.07
7812.77
7814.34
7815.75
7816.98
7818.01
7818.81
7819.38
7819.71
7819.82
)
;
    }
    rightWall
    {
        type            calculated;
        value           nonuniform List<scalar> 
80
(
7626.32
7239.42
6852.7
6466.19
6079.9
5693.83
5307.98
4922.37
4537
4151.9
3767.1
3382.7
2998.87
2615.9
2234.14
1853.97
1475.64
1099.15
725.305
357.662
87.3844
-9.80925
-10.3327
-10.8659
-11.4086
-11.9735
-12.4944
-12.984
-13.4615
-13.939
-14.4115
-14.8852
-15.3747
-15.8761
-16.3848
-16.9226
-17.4791
-18.0229
-18.5491
-19.0656
-19.5919
-20.1103
-20.6018
-21.0946
-21.5931
-22.0967
-22.6001
-23.0983
-23.5938
-24.0925
-24.593
-25.0946
-25.5967
-26.0991
-26.6014
-27.1032
-27.6045
-28.1051
-28.605
-29.1043
-29.6029
-30.1008
-30.5981
-31.0949
-31.5911
-32.0868
-32.582
-33.0769
-33.5713
-34.0654
-34.5591
-35.0526
-35.5458
-36.0388
-36.5316
-37.0243
-37.5169
-38.0094
-38.5018
-38.9942
)
;
    }
    atmosphere
    {
        type            calculated;
        value           nonuniform List<scalar> 
80
(
-39.2412
-39.2412
-39.2412
-39.2412
-39.2411
-39.2411
-39.2411
-39.241
-39.241
-39.2409
-39.2408
-39.2408
-39.2407
-39.2406
-39.2405
-39.2404
-39.2403
-39.2403
-39.2402
-39.2401
-39.2401
-39.24
-39.24
-39.24
-39.24
-39.24
-39.24
-39.24
-39.24
-39.24
-39.24
-39.24
-39.24
-39.24
-39.24
-39.24
-39.24
-39.24
-39.24
-39.24
-39.24
-39.24
-39.24
-39.24
-39.24
-39.24
-39.24
-39.24
-39.24
-39.24
-39.24
-39.24
-39.24
-39.24
-39.24
-39.24
-39.24
-39.24
-39.24
-39.24
-39.24
-39.24
-39.24
-39.24
-39.24
-39.24
-39.2401
-39.2401
-39.2401
-39.2402
-39.2402
-39.2402
-39.2403
-39.2403
-39.2403
-39.2404
-39.2404
-39.2404
-39.2404
-39.2405
)
;
    }
    leftWall
    {
        type            calculated;
        value           nonuniform List<scalar> 
80
(
7628.95
7242.06
6855.35
6468.85
6082.57
5696.51
5310.68
4925.08
4539.73
4154.65
3769.86
3385.48
3001.68
2618.79
2237.16
1857.14
1478.9
1102.43
728.501
360.324
88.4075
-9.75943
-10.3482
-10.9354
-11.5272
-12.0648
-12.5836
-13.1193
-13.6619
-14.2073
-14.7467
-15.2492
-15.7049
-16.1273
-16.5354
-16.9463
-17.3796
-17.8542
-18.3787
-18.9476
-19.5565
-20.167
-20.7255
-21.232
-21.7258
-22.2178
-22.7017
-23.1867
-23.6753
-24.1658
-24.6573
-25.1497
-25.6427
-26.1362
-26.63
-27.1241
-27.6184
-28.1129
-28.6073
-29.1017
-29.5963
-30.0908
-30.5855
-31.0802
-31.5748
-32.0695
-32.5641
-33.0587
-33.5533
-34.0479
-34.5425
-35.0372
-35.5318
-36.0265
-36.5211
-37.0156
-37.5102
-38.0047
-38.4992
-38.9938
)
;
    }
    frontAndBack
    {
        type            empty;
    }
}


// ************************************************************************* //
