/*--------------------------------*- C++ -*----------------------------------*\
| =========                 |                                                 |
| \\      /  F ield         | OpenFOAM: The Open Source CFD Toolbox           |
|  \\    /   O peration     | Version:  2412                                  |
|   \\  /    A nd           | Website:  www.openfoam.com                      |
|    \\/     M anipulation  |                                                 |
\*---------------------------------------------------------------------------*/
FoamFile
{
    version     2.0;
    format      ascii;
    arch        "LSB;label=32;scalar=64";
    class       volScalarField;
    location    "1.75";
    object      p_rgh;
}
// * * * * * * * * * * * * * * * * * * * * * * * * * * * * * * * * * * * * * //

dimensions      [1 -1 -2 0 0 0 0];

internalField   nonuniform List<scalar> 
6400
(
8413.44
8413.82
8414.07
8413.94
8413.38
8412.37
8410.95
8409.14
8406.98
8404.5
8401.73
8398.71
8395.45
8391.99
8388.36
8384.59
8380.7
8376.72
8372.69
8368.63
8364.57
8360.54
8356.56
8352.67
8348.87
8345.19
8341.65
8338.26
8335.03
8331.98
8329.13
8326.49
8324.07
8321.89
8319.97
8318.32
8316.97
8315.94
8315.22
8314.85
8314.81
8315.11
8315.76
8316.74
8318.03
8319.64
8321.53
8323.69
8326.1
8328.74
8331.6
8334.66
8337.91
8341.32
8344.9
8348.61
8352.45
8356.4
8360.43
8364.53
8368.66
8372.8
8376.92
8380.99
8384.97
8388.84
8392.55
8396.09
8399.42
8402.52
8405.34
8407.87
8410.06
8411.89
8413.32
8414.32
8414.86
8414.95
8414.67
8414.27
8413.07
8413.45
8413.65
8413.45
8412.84
8411.81
8410.37
8408.56
8406.39
8403.91
8401.12
8398.08
8394.81
8391.32
8387.67
8383.87
8379.96
8375.97
8371.93
8367.87
8363.82
8359.82
8355.89
8352.06
8348.35
8344.78
8341.37
8338.14
8335.1
8332.27
8329.64
8327.25
8325.08
8323.16
8321.49
8320.08
8318.93
8318.06
8317.47
8317.16
8317.14
8317.4
8317.95
8318.79
8319.9
8321.28
8322.93
8324.84
8326.99
8329.38
8332
8334.84
8337.88
8341.12
8344.55
8348.14
8351.88
8355.75
8359.72
8363.78
8367.89
8372.02
8376.14
8380.21
8384.21
8388.09
8391.83
8395.39
8398.74
8401.85
8404.69
8407.22
8409.42
8411.26
8412.7
8413.73
8414.33
8414.5
8414.28
8413.87
8412.85
8413.29
8413.48
8413.24
8412.58
8411.51
8410.05
8408.21
8406.01
8403.49
8400.67
8397.58
8394.25
8390.71
8387
8383.15
8379.19
8375.15
8371.07
8366.99
8362.93
8358.94
8355.04
8351.26
8347.63
8344.16
8340.9
8337.84
8335
8332.39
8330.02
8327.9
8326.02
8324.38
8322.99
8321.83
8320.91
8320.22
8319.76
8319.53
8319.53
8319.75
8320.2
8320.87
8321.78
8322.92
8324.31
8325.93
8327.8
8329.91
8332.27
8334.86
8337.69
8340.75
8344.01
8347.48
8351.12
8354.92
8358.85
8362.88
8366.99
8371.13
8375.27
8379.38
8383.43
8387.36
8391.15
8394.77
8398.17
8401.32
8404.2
8406.78
8409.01
8410.88
8412.36
8413.43
8414.08
8414.31
8414.09
8413.62
8413.04
8413.54
8413.76
8413.5
8412.8
8411.68
8410.17
8408.27
8406.01
8403.43
8400.53
8397.36
8393.95
8390.32
8386.52
8382.57
8378.52
8374.4
8370.25
8366.1
8362
8357.98
8354.07
8350.32
8346.73
8343.36
8340.2
8337.29
8334.63
8332.24
8330.11
8328.24
8326.63
8325.27
8324.14
8323.23
8322.52
8322.01
8321.68
8321.53
8321.54
8321.72
8322.06
8322.59
8323.3
8324.21
8325.34
8326.7
8328.29
8330.14
8332.25
8334.62
8337.26
8340.14
8343.28
8346.64
8350.22
8353.98
8357.89
8361.94
8366.07
8370.27
8374.47
8378.66
8382.78
8386.81
8390.69
8394.39
8397.88
8401.12
8404.08
8406.73
8409.03
8410.96
8412.5
8413.62
8414.32
8414.57
8414.33
8413.79
8413.73
8414.27
8414.5
8414.2
8413.46
8412.28
8410.69
8408.72
8406.37
8403.69
8400.69
8397.4
8393.87
8390.12
8386.18
8382.11
8377.93
8373.68
8369.42
8365.17
8360.99
8356.9
8352.96
8349.19
8345.64
8342.32
8339.26
8336.48
8334
8331.81
8329.91
8328.3
8326.96
8325.87
8325.01
8324.36
8323.88
8323.55
8323.36
8323.28
8323.31
8323.44
8323.68
8324.05
8324.56
8325.24
8326.1
8327.18
8328.51
8330.09
8331.95
8334.1
8336.54
8339.28
8342.3
8345.58
8349.11
8352.87
8356.81
8360.9
8365.11
8369.39
8373.7
8378
8382.25
8386.4
8390.42
8394.25
8397.86
8401.22
8404.3
8407.05
8409.44
8411.46
8413.08
8414.27
8415.02
8415.3
8415.05
8414.47
8414.96
8415.5
8415.7
8415.37
8414.55
8413.29
8411.61
8409.53
8407.07
8404.26
8401.12
8397.69
8394
8390.09
8385.99
8381.74
8377.39
8372.98
8368.56
8364.17
8359.87
8355.68
8351.67
8347.86
8344.3
8341.02
8338.04
8335.38
8333.06
8331.07
8329.41
8328.07
8327.01
8326.22
8325.65
8325.27
8325.03
8324.9
8324.85
8324.86
8324.91
8324.99
8325.13
8325.32
8325.61
8326.03
8326.61
8327.4
8328.43
8329.73
8331.34
8333.26
8335.52
8338.11
8341.03
8344.26
8347.78
8351.55
8355.55
8359.73
8364.05
8368.47
8372.93
8377.4
8381.82
8386.14
8390.32
8394.33
8398.11
8401.62
8404.84
8407.72
8410.25
8412.38
8414.1
8415.38
8416.2
8416.52
8416.29
8415.7
8416.74
8417.25
8417.41
8417
8416.09
8414.73
8412.94
8410.73
8408.13
8405.16
8401.86
8398.24
8394.36
8390.24
8385.94
8381.48
8376.91
8372.3
8367.67
8363.1
8358.62
8354.3
8350.17
8346.28
8342.69
8339.41
8336.49
8333.94
8331.78
8330
8328.59
8327.53
8326.78
8326.31
8326.06
8325.98
8326.01
8326.11
8326.22
8326.33
8326.4
8326.43
8326.43
8326.44
8326.48
8326.61
8326.87
8327.33
8328.04
8329.04
8330.37
8332.07
8334.14
8336.6
8339.43
8342.63
8346.17
8350
8354.1
8358.42
8362.9
8367.5
8372.17
8376.84
8381.48
8386.02
8390.42
8394.63
8398.61
8402.32
8405.72
8408.77
8411.45
8413.72
8415.56
8416.95
8417.86
8418.26
8418.07
8417.51
8419.09
8419.54
8419.61
8419.11
8418.1
8416.62
8414.68
8412.32
8409.55
8406.4
8402.89
8399.06
8394.95
8390.59
8386.03
8381.31
8376.49
8371.61
8366.74
8361.92
8357.23
8352.71
8348.42
8344.42
8340.75
8337.46
8334.57
8332.12
8330.11
8328.54
8327.39
8326.65
8326.25
8326.14
8326.25
8326.52
8326.87
8327.22
8327.53
8327.74
8327.84
8327.8
8327.66
8327.44
8327.2
8326.99
8326.89
8326.98
8327.32
8327.99
8329.02
8330.47
8332.36
8334.69
8337.46
8340.65
8344.24
8348.18
8352.43
8356.93
8361.63
8366.47
8371.38
8376.32
8381.23
8386.04
8390.7
8395.17
8399.4
8403.34
8406.95
8410.2
8413.06
8415.5
8417.49
8419.01
8420.03
8420.53
8420.42
8419.92
8422.02
8422.39
8422.35
8421.72
8420.58
8418.95
8416.86
8414.32
8411.36
8407.99
8404.25
8400.17
8395.78
8391.13
8386.27
8381.25
8376.11
8370.92
8365.73
8360.62
8355.65
8350.88
8346.38
8342.21
8338.43
8335.08
8332.21
8329.84
8327.98
8326.64
8325.79
8325.39
8325.39
8325.7
8326.25
8326.93
8327.64
8328.31
8328.84
8329.18
8329.31
8329.2
8328.88
8328.4
8327.81
8327.21
8326.69
8326.35
8326.27
8326.55
8327.26
8328.44
8330.13
8332.34
8335.07
8338.28
8341.96
8346.04
8350.49
8355.23
8360.2
8365.34
8370.58
8375.84
8381.07
8386.2
8391.18
8395.95
8400.47
8404.68
8408.54
8412.02
8415.09
8417.72
8419.88
8421.56
8422.72
8423.34
8423.35
8422.93
8425.54
8425.79
8425.61
8424.85
8423.55
8421.76
8419.48
8416.74
8413.56
8409.95
8405.94
8401.57
8396.87
8391.89
8386.68
8381.28
8375.77
8370.2
8364.65
8359.17
8353.86
8348.77
8344
8339.61
8335.66
8332.22
8329.33
8327.03
8325.33
8324.24
8323.72
8323.73
8324.19
8325.01
8326.06
8327.24
8328.4
8329.43
8330.24
8330.75
8330.91
8330.71
8330.17
8329.37
8328.38
8327.3
8326.28
8325.42
8324.86
8324.7
8325.03
8325.91
8327.4
8329.49
8332.18
8335.45
8339.26
8343.54
8348.25
8353.29
8358.61
8364.11
8369.73
8375.38
8381
8386.52
8391.86
8396.99
8401.83
8406.35
8410.5
8414.25
8417.55
8420.4
8422.76
8424.61
8425.94
8426.71
8426.86
8426.55
8429.67
8429.77
8429.42
8428.49
8427.02
8425.04
8422.57
8419.61
8416.18
8412.3
8407.99
8403.29
8398.24
8392.87
8387.25
8381.43
8375.49
8369.47
8363.47
8357.56
8351.83
8346.35
8341.23
8336.55
8332.39
8328.8
8325.87
8323.62
8322.09
8321.27
8321.14
8321.63
8322.64
8324.05
8325.73
8327.5
8329.21
8330.7
8331.85
8332.55
8332.76
8332.44
8331.65
8330.44
8328.95
8327.3
8325.66
8324.18
8323.04
8322.35
8322.25
8322.8
8324.05
8326.03
8328.72
8332.09
8336.08
8340.62
8345.65
8351.08
8356.81
8362.76
8368.84
8374.95
8381.03
8386.99
8392.76
8398.29
8403.52
8408.39
8412.87
8416.9
8420.48
8423.56
8426.14
8428.19
8429.7
8430.65
8430.97
8430.82
8434.43
8434.34
8433.78
8432.66
8431
8428.82
8426.14
8422.94
8419.25
8415.07
8410.43
8405.36
8399.9
8394.1
8388.01
8381.71
8375.25
8368.72
8362.2
8355.76
8349.52
8343.57
8338.02
8332.98
8328.52
8324.74
8321.72
8319.5
8318.14
8317.63
8317.94
8319
8320.67
8322.82
8325.26
8327.78
8330.16
8332.23
8333.8
8334.75
8335
8334.55
8333.43
8331.73
8329.61
8327.25
8324.84
8322.61
8320.75
8319.43
8318.8
8318.97
8319.98
8321.86
8324.58
8328.09
8332.33
8337.21
8342.64
8348.54
8354.78
8361.27
8367.9
8374.56
8381.17
8387.64
8393.91
8399.9
8405.56
8410.83
8415.67
8420.03
8423.89
8427.23
8430.04
8432.31
8434.02
8435.17
8435.71
8435.75
8439.81
8439.49
8438.69
8437.35
8435.5
8433.12
8430.21
8426.77
8422.79
8418.29
8413.29
8407.81
8401.89
8395.59
8388.98
8382.11
8375.08
8367.95
8360.81
8353.76
8346.91
8340.38
8334.3
8328.8
8323.97
8319.93
8316.76
8314.55
8313.36
8313.19
8314.02
8315.76
8318.25
8321.29
8324.68
8328.13
8331.37
8334.15
8336.25
8337.51
8337.84
8337.21
8335.68
8333.37
8330.46
8327.2
8323.83
8320.66
8317.92
8315.84
8314.59
8314.31
8315.05
8316.84
8319.63
8323.36
8327.92
8333.23
8339.17
8345.64
8352.5
8359.63
8366.9
8374.19
8381.41
8388.48
8395.31
8401.84
8407.99
8413.7
8418.94
8423.65
8427.82
8431.43
8434.48
8436.97
8438.9
8440.27
8441.06
8441.35
8445.82
8445.21
8444.12
8442.57
8440.52
8437.94
8434.81
8431.12
8426.85
8422
8416.6
8410.67
8404.25
8397.39
8390.18
8382.68
8374.98
8367.16
8359.31
8351.53
8343.95
8336.72
8329.99
8323.92
8318.63
8314.23
8310.85
8308.6
8307.56
8307.78
8309.23
8311.8
8315.27
8319.44
8324.02
8328.66
8332.98
8336.67
8339.44
8341.1
8341.52
8340.67
8338.62
8335.53
8331.64
8327.23
8322.65
8318.28
8314.47
8311.45
8309.45
8308.65
8309.11
8310.83
8313.75
8317.77
8322.75
8328.59
8335.15
8342.31
8349.93
8357.82
8365.85
8373.88
8381.81
8389.55
8397.02
8404.14
8410.83
8417.04
8422.7
8427.79
8432.29
8436.19
8439.49
8442.2
8444.34
8445.94
8447.03
8447.6
8452.39
8451.44
8450.04
8448.28
8446.06
8443.31
8439.98
8436.03
8431.46
8426.27
8420.44
8414.01
8407.02
8399.54
8391.64
8383.43
8374.99
8366.38
8357.71
8349.07
8340.61
8332.52
8325.01
8318.24
8312.37
8307.5
8303.8
8301.44
8300.54
8301.19
8303.39
8306.97
8311.68
8317.24
8323.36
8329.51
8335.22
8340.06
8343.69
8345.86
8346.39
8345.25
8342.54
8338.46
8333.31
8327.45
8321.31
8315.44
8310.29
8306.11
8303.19
8301.77
8301.93
8303.63
8306.76
8311.18
8316.7
8323.18
8330.5
8338.52
8347.04
8355.86
8364.77
8373.65
8382.37
8390.87
8399.05
8406.84
8414.15
8420.9
8427.04
8432.53
8437.36
8441.54
8445.07
8447.99
8450.32
8452.14
8453.55
8454.47
8459.4
8458.08
8456.38
8454.46
8452.13
8449.25
8445.74
8441.57
8436.7
8431.14
8424.86
8417.89
8410.26
8402.07
8393.41
8384.4
8375.11
8365.62
8355.99
8346.34
8336.82
8327.69
8319.22
8311.62
8305.03
8299.56
8295.42
8292.85
8292.06
8293.19
8296.29
8301.16
8307.38
8314.69
8322.78
8330.9
8338.37
8344.69
8349.43
8352.24
8352.91
8351.39
8347.83
8342.49
8335.74
8328.03
8319.88
8312.07
8305.28
8299.67
8295.61
8293.47
8293.31
8295.06
8298.51
8303.45
8309.64
8316.91
8325.13
8334.16
8343.78
8353.69
8363.65
8373.49
8383.12
8392.46
8401.45
8410
8417.99
8425.34
8431.98
8437.9
8443.08
8447.53
8451.27
8454.35
8456.81
8458.8
8460.51
8461.82
8466.54
8464.93
8463.01
8461.06
8458.72
8455.77
8452.13
8447.74
8442.58
8436.65
8429.9
8422.34
8413.99
8404.97
8395.44
8385.54
8375.32
8364.85
8354.17
8343.34
8332.55
8322.15
8312.55
8304.03
8296.65
8290.46
8285.71
8282.79
8282.05
8283.7
8287.86
8294.3
8302.29
8311.68
8322.32
8332.98
8342.69
8350.87
8357.01
8360.65
8361.51
8359.5
8354.86
8347.94
8339.19
8329.12
8318.35
8308.09
8299.39
8292.07
8286.61
8283.64
8283.18
8285.08
8289.02
8294.65
8301.6
8309.71
8318.93
8329.15
8340.1
8351.34
8362.5
8373.41
8384.02
8394.3
8404.18
8413.59
8422.37
8430.39
8437.58
8443.92
8449.45
8454.16
8458.08
8461.25
8463.75
8465.8
8467.75
8469.35
8473.48
8471.76
8469.82
8468.03
8465.82
8462.89
8459.15
8454.56
8449.12
8442.81
8435.58
8427.33
8418.08
8408.05
8397.53
8386.66
8375.5
8364.06
8352.29
8340.11
8327.71
8315.69
8304.82
8295.45
8287.37
8280.3
8274.59
8270.98
8270.01
8272.04
8277.51
8285.98
8295.93
8307.73
8321.87
8335.97
8348.45
8358.84
8366.65
8371.3
8372.37
8369.77
8363.84
8355.06
8343.95
8330.9
8316.45
8302.88
8292.14
8282.78
8275.47
8271.58
8271.07
8273.48
8278.23
8284.86
8292.65
8301.48
8311.65
8323.28
8335.95
8348.86
8361.39
8373.4
8384.97
8396.2
8407.08
8417.5
8427.25
8436.05
8443.82
8450.62
8456.49
8461.46
8465.53
8468.72
8471.12
8473.02
8475.04
8476.72
8479.69
8478.15
8476.82
8475.65
8473.85
8471.06
8467.26
8462.48
8456.77
8450.16
8442.53
8433.55
8423.15
8411.84
8400.2
8388.36
8376.31
8364.02
8351.19
8337.36
8322.62
8308.06
8295.22
8284.49
8274.99
8265.92
8258.08
8252.73
8250.53
8252.27
8260.02
8273.02
8285.68
8300.5
8320.96
8340.58
8356.8
8370.12
8380.07
8386.09
8387.45
8383.97
8376.33
8365.2
8350.93
8333.84
8312.94
8293.37
8280.95
8267.68
8256.28
8251.33
8251.72
8255.95
8262.37
8271.21
8280.85
8291.06
8302.69
8316.42
8331.73
8347.05
8361.22
8374.25
8386.64
8398.76
8410.67
8422.33
8433.3
8443.02
8451.35
8458.52
8464.71
8469.92
8474.11
8477.22
8479.27
8480.46
8481.74
8483.11
8475.65
8480.13
8483.54
8484.53
8482.6
8477.79
8469.65
8457.85
8441.02
8417.78
8385.8
8342.12
8284.53
8211.63
8123.18
8017.62
7892.58
7745.78
7572.97
7372.08
7145.04
6898.79
6644.54
6387.72
6131.69
5884.12
5651.6
5469.2
5336.21
5234.4
5309.34
5593.66
5775.99
6106.96
6730.51
7168.91
7503.69
7802.38
7965.41
8077.17
8111.97
8017.48
7884.06
7696.25
7368.06
7072.5
6499.45
5815.93
5716.49
5437.77
5224.76
5231.03
5368.47
5525.6
5736.09
5984.32
6241.99
6502.93
6763.58
7018.31
7262.43
7485.18
7679.28
7844.11
7981.21
8095.31
8190.17
8268
8330.21
8377.84
8412.96
8438.57
8457.19
8470.51
8479.69
8485.61
8488.59
8488.13
8484.6
8479.72
2575.49
3120.12
3346.17
3444.43
3472.22
3455.35
3406.77
3333.01
3237.37
3121.8
2987.42
2834.3
2660.82
2470.41
2271.35
2067.85
1861.91
1654.63
1448.08
1243.51
1042.55
858.849
697.731
556.991
426.891
327.92
274.448
277.327
285.512
333.34
533.257
906.329
1075.82
977.268
1290.7
1758.55
1978.54
2354.46
2713.2
2916.35
2941.41
2868.58
2606.25
2198.43
1863.87
1567.91
1120.42
1044.48
1088.76
761.913
432.296
316.089
292.221
287.297
296.156
372.706
487.19
631.981
785.577
961.239
1158.89
1379.52
1600.84
1823.14
2043.53
2260.79
2472.59
2676.69
2866.66
3035.72
3184.33
3312.61
3419.5
3502.91
3559.36
3582.34
3558.75
3462.28
3233.5
2673.18
0.201189
0.190558
0.184783
0.183996
0.182271
0.181095
0.17908
0.17787
0.173442
0.113923
0.138833
1.18004
3.23881
3.81163
3.30177
2.43699
1.20549
0.00519252
-0.306866
1.21771
4.18669
6.2382
6.82156
6.33516
6.00194
8.64278
19.7619
60.3154
119.035
221.769
244.671
255.177
405.637
551.599
403.931
1.23231
0.976299
0.945776
0.926306
0.943041
0.964473
0.946437
0.937418
0.955207
1.02689
69.8241
469.989
543.214
331.801
255.633
244.043
209.307
105.932
53.316
14.245
8.57535
7.45354
8.24541
8.46346
7.24466
4.64039
1.26457
-0.27085
0.225334
1.37584
2.54615
3.21307
3.23095
1.84815
0.383153
0.101122
0.165811
0.181791
0.183545
0.187655
0.191264
0.194188
0.197373
0.202872
0.208669
0.195413
0.195704
0.1968
0.19852
0.201186
0.205218
0.211266
0.2237
0.244499
0.227779
0.175982
1.04815
14.984
25.4518
25.3256
24.7364
18.1363
7.11773
0.90818
0.441847
48.728
76.8949
77.5702
67.2059
13.5973
66.6546
214.64
216.625
216.572
197.378
57.4893
0.801322
0.721784
20.587
12.3076
0.666071
0.687094
0.685472
0.68136
0.692941
0.702389
0.695897
0.682409
0.673767
0.676519
0.693222
16.3984
9.23075
0.76748
8.4927
112.037
224.012
224.563
224.257
199.293
37.4103
30.2504
92.3722
98.2659
97.2876
63.9168
0.890571
0.291928
5.00459
14.0603
21.7346
22.0341
19.5452
4.7242
0.222783
0.21868
0.250807
0.23543
0.220545
0.214545
0.211329
0.209655
0.209236
0.209056
0.208979
0.201568
0.202418
0.203647
0.203802
0.20329
0.201617
0.19793
0.193019
0.181515
0.133957
0.111517
7.2542
24.6944
25.5473
25.3368
24.6873
20.8081
10.4974
-0.684316
-0.964929
12.9436
63.5909
78.0618
70.3464
15.7297
0.829868
0.649271
0.683121
0.535612
0.459282
0.769934
0.732999
0.611745
0.571494
0.639738
0.658435
0.66857
0.65171
0.651171
0.677952
0.692971
0.682774
0.663118
0.657046
0.671683
0.698332
0.686895
0.61397
0.684447
0.757917
0.694
0.490762
0.656251
0.771741
0.635987
0.655085
39.8692
95.3721
98.4803
69.5609
16.5345
-1.00642
0.123175
14.2334
20.6322
21.7711
22.2237
21.8358
15.6104
0.806223
0.115844
0.174732
0.195527
0.202494
0.208841
0.213168
0.215746
0.217071
0.216778
0.216118
0.204804
0.206428
0.208223
0.208546
0.208104
0.205809
0.200112
0.190719
0.174255
0.143356
0.197381
0.236694
2.43024
12.0566
12.6989
-0.0481309
-0.883561
-1.21416
-1.26211
-1.22497
-1.21438
-1.17076
-0.946263
0.128138
1.02047
1.03492
0.859187
0.783841
0.704882
0.663082
0.683414
0.708198
0.655373
0.602683
0.59036
0.610878
0.631521
0.633947
0.631132
0.63344
0.648718
0.631952
0.612856
0.611867
0.6318
0.647097
0.62534
0.640747
0.68889
0.714241
0.685345
0.68874
0.753783
0.86615
0.978309
1.25902
0.993236
-0.529922
-1.53196
-1.50654
-1.42581
-1.35685
-1.24129
-0.960924
-0.555695
8.74677
14.8925
7.1628
0.298436
0.257184
0.156008
0.166106
0.191028
0.204015
0.213542
0.218914
0.22153
0.222696
0.221743
0.220404
0.203863
0.206174
0.208045
0.208936
0.209137
0.20763
0.203123
0.195244
0.184705
0.163138
0.225393
0.337199
0.102313
0.016821
-0.0463785
-0.151431
-0.480437
-0.862826
-1.06198
-1.06277
-1.07475
-1.08582
-0.896283
-0.342649
0.264936
0.513813
0.645277
0.693301
0.700446
0.704579
0.701875
0.689238
0.676836
0.666182
0.634615
0.601599
0.570552
0.553304
0.553963
0.57597
0.592441
0.578488
0.565334
0.569954
0.592529
0.625407
0.658938
0.688759
0.705059
0.72023
0.727161
0.72699
0.723711
0.710977
0.630942
0.458742
0.0151431
-0.788101
-1.29611
-1.32677
-1.22296
-1.11041
-0.908644
-0.568841
-0.241317
-0.112645
-0.045584
0.0625845
0.309545
0.278853
0.168355
0.182561
0.197399
0.208683
0.216944
0.221321
0.223112
0.223551
0.222412
0.220282
0.199213
0.201131
0.202837
0.204274
0.205309
0.205248
0.203345
0.199403
0.195331
0.194275
0.228112
0.344904
0.344091
0.208368
0.0273428
-0.297584
-0.676335
-1.05019
-1.29252
-1.32717
-1.21161
-0.97479
-0.594971
-0.13345
0.206053
0.396183
0.523731
0.603633
0.64522
0.66559
0.668318
0.656133
0.640574
0.624499
0.611692
0.588579
0.562664
0.546427
0.540117
0.578371
0.553732
0.545507
0.547904
0.559307
0.580925
0.608643
0.634234
0.649535
0.66684
0.682094
0.687899
0.676949
0.646355
0.587778
0.480165
0.317269
0.0550283
-0.419713
-0.930432
-1.26956
-1.39649
-1.36716
-1.15065
-0.797659
-0.424381
-0.0918775
0.154176
0.384615
0.382088
0.238162
0.201966
0.200402
0.205398
0.212018
0.216712
0.218958
0.219449
0.219007
0.217855
0.215998
0.191056
0.192132
0.193518
0.195121
0.19667
0.197812
0.198277
0.198121
0.198753
0.208187
0.235556
0.361048
1.04159
1.03227
0.155422
-0.308899
-0.957478
-1.49646
-1.26031
-0.814697
-0.92735
-1.0811
-0.76791
-0.386218
-0.0796797
0.173105
0.360237
0.491843
0.569232
0.605126
0.615863
0.613548
0.60618
0.59539
0.58209
0.563806
0.545137
0.531366
0.555694
0.575736
0.538556
0.521733
0.530573
0.542241
0.55923
0.580835
0.600844
0.615465
0.626589
0.632861
0.629095
0.604784
0.545519
0.437097
0.273457
0.0451149
-0.278592
-0.648568
-0.989664
-0.914403
-1.08134
-1.39456
-1.63549
-1.19417
-0.550645
-0.00201734
0.433712
1.63174
0.83219
0.258889
0.230117
0.21094
0.208721
0.210283
0.211271
0.211406
0.210785
0.209789
0.20876
0.207727
0.179049
0.17965
0.180679
0.181983
0.183374
0.184684
0.185819
0.186769
0.188028
0.195106
0.209815
0.519168
1.98051
1.80925
0.0541646
-0.495352
-1.17597
-0.857291
-0.830234
-0.845427
-0.647835
-0.282424
0.151267
0.0892745
-0.283839
-0.0373745
0.17445
0.350368
0.465236
0.525112
0.551238
0.560154
0.560711
0.556244
0.547841
0.535286
0.521457
0.510544
0.556785
0.553947
0.54576
0.497923
0.509003
0.518064
0.532072
0.5476
0.560769
0.569321
0.572552
0.568155
0.549651
0.503169
0.408968
0.2523
0.0420665
-0.168235
0.0726042
0.67742
0.221837
-0.179938
-0.440977
-0.501915
-0.919486
-1.52607
-0.818493
-0.180893
1.17159
1.62407
1.51364
0.317821
0.214782
0.202803
0.200059
0.19961
0.199071
0.198349
0.197405
0.19641
0.195582
0.195038
0.163857
0.164195
0.16475
0.165356
0.165865
0.166068
0.165751
0.164462
0.161604
0.158407
0.147424
0.705033
1.87635
1.79905
0.735781
-0.76514
-1.47348
-1.52707
-1.05895
-1.07345
-0.849482
-0.470562
-0.061718
0.206116
0.264646
-0.151837
0.0126337
0.21656
0.357959
0.438168
0.479268
0.499653
0.508669
0.510721
0.507781
0.500755
0.491203
0.483086
0.531813
0.529137
0.526718
0.471428
0.478899
0.488403
0.499032
0.508519
0.514938
0.516519
0.511287
0.495596
0.461854
0.394417
0.27104
0.0782657
-0.175011
0.300041
0.932122
0.481467
0.0467841
-0.342209
-0.628461
-0.703539
-1.77608
-1.80369
-1.10619
-0.468602
1.19529
1.51048
1.43145
0.229728
0.167956
0.173586
0.17697
0.178948
0.179783
0.179935
0.17968
0.179255
0.17882
0.178533
0.146615
0.146604
0.146461
0.146012
0.145044
0.143159
0.139817
0.134012
0.123993
0.108049
0.0759387
0.31188
1.79414
1.6587
1.2888
-0.949353
-1.55515
-2.11359
-2.31028
-2.0962
-1.3718
-0.996285
-0.522168
-0.024051
0.588229
-0.24238
-0.106033
0.1045
0.258792
0.352293
0.405317
0.435661
0.452626
0.461088
0.46372
0.46188
0.45677
0.450722
0.502947
0.501341
0.466398
0.441577
0.447441
0.454879
0.461617
0.46526
0.465187
0.459852
0.446403
0.420407
0.373855
0.291216
0.150856
-0.0577468
-0.328742
-0.191903
0.742648
0.0690981
-0.379837
-0.35738
-0.569311
-1.45035
-2.31349
-1.87416
-1.20285
-0.619905
-0.0218489
1.38431
0.644115
0.0771074
0.10657
0.129948
0.14289
0.150352
0.154704
0.157147
0.158459
0.15911
0.159371
0.159434
0.12822
0.127785
0.126807
0.125079
0.122263
0.117774
0.110721
0.0996348
0.0819896
0.0540517
0.00700778
-0.0323493
0.520548
1.5102
0.327234
-0.954104
-1.38133
-1.86595
-2.13376
-2.1535
-1.96141
-1.66163
0.362293
3.62613
0.690393
-0.402849
-0.185506
0.0184476
0.173901
0.273149
0.334006
0.372029
0.39578
0.410026
0.417811
0.420723
0.419674
0.416465
0.471601
0.44405
0.410869
0.410691
0.414605
0.418916
0.42129
0.419666
0.414143
0.402621
0.382068
0.347884
0.292484
0.201973
0.0574106
-0.149625
-0.404785
-0.695231
-0.278661
-0.530444
-1.15463
-1.63809
-1.78871
-2.17222
-2.08449
-1.64028
-1.08842
-0.662129
0.249393
0.286634
-0.090623
-0.0192542
0.0417843
0.08069
0.103389
0.117374
0.126156
0.13163
0.135031
0.137096
0.138268
0.138796
0.109441
0.108577
0.106746
0.103697
0.09898
0.0918683
0.0812034
0.0652109
0.0410313
0.00412767
-0.0538975
-0.142664
-0.273645
-0.247626
-0.187102
-0.365179
-0.495659
-1.49681
-1.687
-1.70603
-1.63191
0.247424
7.85631
8.04223
1.61269
-0.431657
-0.239628
-0.0451432
0.104632
0.203823
0.268669
0.312014
0.341047
0.360097
0.372227
0.379197
0.381766
0.381498
0.395702
0.380347
0.379205
0.378692
0.380833
0.381983
0.379852
0.374384
0.364309
0.347689
0.321604
0.281759
0.221641
0.129654
-0.0104738
-0.206513
-0.439709
-0.677747
-0.521063
2.72171
2.41528
-1.40283
-1.80501
-1.81699
-1.67457
-1.36136
0.103956
5.61968
3.17897
-0.366017
-0.215621
-0.0959787
-0.0166661
0.0328396
0.0635556
0.083547
0.0966321
0.105208
0.110813
0.114392
0.116532
0.117547
0.0910451
0.0897594
0.0871508
0.0828974
0.0764783
0.0671007
0.0534773
0.0337036
0.00494169
-0.0373425
-0.100493
-0.195977
-0.332248
-0.501027
-0.217971
7.40903
7.94887
4.23029
2.41212
1.78966
3.15284
8.33115
8.31921
8.53543
1.45523
-0.463061
-0.273474
-0.0899528
0.0504806
0.145618
0.211274
0.257747
0.290426
0.313084
0.328593
0.338798
0.34441
0.347015
0.346506
0.348142
0.347355
0.346341
0.346395
0.344673
0.33988
0.331092
0.317338
0.296893
0.266977
0.223862
0.162524
0.0740473
-0.0558697
-0.235658
-0.450882
-0.657358
0.263198
8.88234
8.78354
6.72148
1.52771
0.131429
1.3223
3.94598
8.45781
8.4531
2.99043
-0.452721
-0.268017
-0.148718
-0.063797
-0.009208
0.0270898
0.0516273
0.0682349
0.0795067
0.0871008
0.0920821
0.0951255
0.0966321
0.0737245
0.0719813
0.0687495
0.0635285
0.0557739
0.0446894
0.0290127
0.00687867
-0.0240514
-0.0681726
-0.130796
-0.220176
-0.349321
-0.512378
-0.744396
4.4591
8.72366
8.82522
8.86957
8.86125
8.92394
9.00052
7.72402
1.62971
-0.678138
-0.468961
-0.281324
-0.116095
0.0100718
0.0991395
0.162846
0.210422
0.245117
0.27015
0.287978
0.30059
0.308558
0.313438
0.314651
0.316633
0.31607
0.314516
0.312823
0.30933
0.302128
0.290661
0.274172
0.251268
0.219042
0.174533
0.114508
0.0316034
-0.0843564
-0.24342
-0.439874
-0.637047
-0.404923
5.31524
9.47302
9.3559
9.25295
9.24597
9.29217
9.13683
8.90646
7.57262
0.535991
-0.482213
-0.30398
-0.182843
-0.0990788
-0.0432543
-0.00386574
0.0234228
0.0424859
0.0557844
0.0649483
0.0710782
0.0748651
0.0769109
0.0580696
0.0556168
0.0520855
0.0461794
0.037533
0.0253987
0.00865333
-0.0143243
-0.045754
-0.0888304
-0.147774
-0.227756
-0.339662
-0.48672
-0.68495
-0.880345
2.70687
5.90029
8.47111
7.83745
6.67069
3.04714
-1.03886
-0.837331
-0.62844
-0.433315
-0.265016
-0.125364
-0.0171295
0.0635012
0.124244
0.170632
0.20574
0.231993
0.250992
0.265221
0.274888
0.281286
0.284046
0.296841
0.286
0.28395
0.281167
0.275817
0.267024
0.253636
0.235088
0.211532
0.178205
0.134175
0.0764659
0.00039835
-0.100659
-0.235183
-0.404175
-0.591397
-0.790034
-0.995345
1.35701
6.73087
7.99877
6.78164
8.14958
7.47401
4.28432
-0.113181
-0.716549
-0.472503
-0.314722
-0.201449
-0.12335
-0.0679286
-0.0283551
-4.28052e-05
0.0203311
0.0348931
0.0450925
0.0520597
0.0562193
0.0591292
0.0441419
0.0412026
0.0374557
0.0311548
0.0220639
0.00950722
-0.00747258
-0.0301938
-0.0604428
-0.100569
-0.153627
-0.223184
-0.314792
-0.434927
-0.589849
-0.803389
-0.994096
-0.872015
-0.53454
-1.00407
-1.1919
-1.06063
-0.892926
-0.71247
-0.533518
-0.372563
-0.236551
-0.124067
-0.0334458
0.0379157
0.0939572
0.137929
0.172127
0.198419
0.218313
0.233349
0.244039
0.25112
0.255185
0.279469
0.258769
0.255122
0.251498
0.245001
0.2349
0.220546
0.201458
0.176627
0.143902
0.101666
0.04771
-0.0208488
-0.107799
-0.217862
-0.352985
-0.510169
-0.687165
-0.874303
-1.05271
-1.21019
-1.31771
-0.805384
-0.470355
-0.636732
-0.977687
-0.849622
-0.62733
-0.435065
-0.302914
-0.205996
-0.136079
-0.0844646
-0.0465017
-0.0184968
0.00214583
0.0172288
0.0280237
0.0354479
0.0398064
0.0434021
0.0319365
0.0288519
0.0250156
0.0185785
0.00942915
-0.00301897
-0.0195509
-0.0411774
-0.0692156
-0.105303
-0.151404
-0.209858
-0.28287
-0.373873
-0.48486
-0.628878
-0.780129
-0.904852
-0.974766
-0.975561
-0.922789
-0.82515
-0.697736
-0.561408
-0.431277
-0.312521
-0.207791
-0.117703
-0.0419454
0.0203483
0.0709039
0.11161
0.144067
0.169655
0.189564
0.204924
0.216111
0.223783
0.231193
0.253512
0.244669
0.228328
0.224094
0.216848
0.20605
0.191237
0.171985
0.147286
0.115816
0.0762125
0.0268694
-0.0340274
-0.108495
-0.198446
-0.304242
-0.424678
-0.558584
-0.702327
-0.844931
-0.966342
-1.05042
-1.08848
-1.07149
-0.988753
-0.85351
-0.686041
-0.516261
-0.38063
-0.278487
-0.199841
-0.139699
-0.0937425
-0.0587035
-0.0320997
-0.0120283
0.00293123
0.0138196
0.0214129
0.0258818
0.029694
0.0214898
0.0185432
0.014709
0.00836413
-0.000539302
-0.0124806
-0.028074
-0.0480597
-0.0733511
-0.105024
-0.144231
-0.192222
-0.249873
-0.31795
-0.395718
-0.486059
-0.581179
-0.660393
-0.705304
-0.711119
-0.680519
-0.618972
-0.536751
-0.445222
-0.352528
-0.26339
-0.181293
-0.108219
-0.0448293
0.00893104
0.0537766
0.090767
0.120944
0.14526
0.164598
0.179785
0.191062
0.198996
0.221931
0.229853
0.229584
0.203767
0.199092
0.19144
0.180375
0.165549
0.146628
0.122803
0.0931521
0.0566835
0.0123082
-0.0411097
-0.104623
-0.178824
-0.263273
-0.356458
-0.455783
-0.556985
-0.653192
-0.734171
-0.787651
-0.800724
-0.793236
-0.738358
-0.645546
-0.532098
-0.42136
-0.327803
-0.250533
-0.187656
-0.137266
-0.0973479
-0.0659301
-0.0414365
-0.0225386
-0.00819542
0.00240723
0.00990377
0.0143958
0.0180151
0.0127862
0.0101276
0.00637391
0.000301741
-0.00813686
-0.0193061
-0.0336639
-0.0517346
-0.0741131
-0.101466
-0.134434
-0.17355
-0.219043
-0.27075
-0.327235
-0.387211
-0.446445
-0.495812
-0.526531
-0.534596
-0.518239
-0.479254
-0.423628
-0.358224
-0.289125
-0.220731
-0.155984
-0.0967227
-0.0439315
0.00202587
0.041322
0.0744653
0.102063
0.12473
0.143089
0.157719
0.168751
0.176697
0.205178
0.208482
0.20651
0.182316
0.176541
0.168688
0.157714
0.143239
0.125049
0.102547
0.0750856
0.0419856
0.00256439
-0.0438102
-0.0975937
-0.15876
-0.226546
-0.299471
-0.375136
-0.449651
-0.51736
-0.571429
-0.605064
-0.613443
-0.597509
-0.557324
-0.496197
-0.423284
-0.349712
-0.282372
-0.223199
-0.172954
-0.131177
-0.0969916
-0.0693545
-0.0472914
-0.0299212
-0.0165163
-0.00647099
0.000708288
0.00512665
0.00835022
0.00570571
0.00339886
-0.000199098
-0.00587605
-0.0137072
-0.0239524
-0.0369301
-0.0530036
-0.0725395
-0.0959043
-0.123416
-0.155235
-0.191228
-0.230929
-0.273107
-0.315947
-0.356349
-0.389556
-0.410476
-0.415104
-0.403307
-0.376095
-0.336584
-0.288872
-0.237008
-0.184201
-0.132851
-0.0846883
-0.0407949
-0.00171114
0.0324396
0.0618178
0.0867269
0.107534
0.124647
0.13847
0.149017
0.1568
0.185739
0.185175
0.168044
0.165515
0.156351
0.148505
0.137843
0.124
0.10683
0.0859231
0.0608374
0.0311402
-0.00356068
-0.0435549
-0.0889262
-0.139369
-0.194026
-0.251428
-0.309399
-0.364935
-0.414154
-0.452641
-0.476635
-0.484934
-0.470333
-0.440266
-0.397327
-0.346633
-0.293953
-0.243566
-0.197711
-0.157474
-0.122987
-0.0939921
-0.0699928
-0.0504299
-0.0347512
-0.0224692
-0.0131582
-0.0064446
-0.00219732
0.000564296
6.85217e-05
-0.00187166
-0.005244
-0.0104526
-0.017594
-0.0268489
-0.0384148
-0.0525258
-0.0694047
-0.0892143
-0.11205
-0.137871
-0.166388
-0.197014
-0.22871
-0.259931
-0.288393
-0.311035
-0.324678
-0.327174
-0.31839
-0.298748
-0.2699
-0.23427
-0.194552
-0.153194
-0.112165
-0.0729139
-0.036421
-0.00328182
0.0262221
0.0520468
0.0742952
0.0931577
0.108875
0.121702
0.131651
0.139129
0.168444
0.148348
0.148138
0.148625
0.13837
0.130678
0.120498
0.107477
0.0915223
0.0723621
0.049705
0.0233026
-0.00703064
-0.041363
-0.0795607
-0.121186
-0.165408
-0.210948
-0.255989
-0.298141
-0.334601
-0.362518
-0.379623
-0.384631
-0.375529
-0.354404
-0.323778
-0.287185
-0.248328
-0.210112
-0.174357
-0.142089
-0.113714
-0.0892935
-0.0686553
-0.051521
-0.0375696
-0.0264941
-0.0180107
-0.0118446
-0.00785494
-0.00555337
-0.0043163
-0.00591461
-0.00900537
-0.0137132
-0.0201285
-0.0283803
-0.0385781
-0.0508438
-0.0652982
-0.0819916
-0.100882
-0.12181
-0.144429
-0.168151
-0.192083
-0.214985
-0.235234
-0.250881
-0.260006
-0.261317
-0.254484
-0.239628
-0.217769
-0.19049
-0.159636
-0.12697
-0.0939896
-0.0618737
-0.0314941
-0.00343937
0.0219443
0.0445009
0.0642071
0.0811346
0.0954009
0.107122
0.11639
0.123476
0.13907
0.132478
0.132307
0.132729
0.122386
0.114975
0.105408
0.0933189
0.0786894
0.0613284
0.0410607
0.0177647
-0.00860607
-0.0379845
-0.0701267
-0.104553
-0.140487
-0.176832
-0.212151
-0.244666
-0.272361
-0.293282
-0.305908
-0.309352
-0.303043
-0.288042
-0.266053
-0.239388
-0.210456
-0.181267
-0.153258
-0.127354
-0.104062
-0.0836006
-0.0659883
-0.0511265
-0.0388535
-0.0289926
-0.021367
-0.0157825
-0.0121155
-0.0102357
-0.00762922
-0.00893479
-0.0117124
-0.0159184
-0.0216117
-0.0288811
-0.0377863
-0.0483704
-0.0606677
-0.0746628
-0.0902471
-0.107207
-0.125183
-0.143647
-0.161859
-0.178858
-0.193486
-0.204465
-0.210564
-0.210895
-0.205219
-0.193579
-0.17661
-0.155342
-0.131033
-0.104944
-0.0782209
-0.0518169
-0.0264752
-0.0027351
0.0190434
0.0386496
0.0559867
0.0710499
0.0838706
0.0944948
0.102988
0.109612
0.114289
0.118004
0.118446
0.118351
0.108172
0.101171
0.0922852
0.0812116
0.067942
0.0523566
0.0343718
0.0139451
-0.00888164
-0.033965
-0.0610144
-0.0895594
-0.118915
-0.148163
-0.176156
-0.201564
-0.222967
-0.239051
-0.248794
-0.251628
-0.247269
-0.236496
-0.22049
-0.200783
-0.178977
-0.156491
-0.134438
-0.11361
-0.0945143
-0.077435
-0.0624936
-0.0497017
-0.0390036
-0.0303141
-0.0235338
-0.0185327
-0.0152259
-0.0137146
-0.0100482
-0.011105
-0.0135655
-0.0172872
-0.022294
-0.0286373
-0.036344
-0.0454156
-0.055827
-0.0675154
-0.0803439
-0.0940859
-0.108405
-0.122838
-0.136792
-0.149531
-0.160211
-0.167951
-0.17193
-0.171562
-0.166687
-0.157318
-0.143849
-0.126963
-0.107529
-0.0864703
-0.0646561
-0.042843
-0.0216503
-0.00155626
0.0170937
0.03407
0.0492384
0.0625475
0.0739707
0.0835144
0.0912069
0.0973019
0.101713
0.104489
0.104225
0.10089
0.0955729
0.0890537
0.0809067
0.0708774
0.0589446
0.0450577
0.0292001
0.011379
-0.00831573
-0.0297031
-0.0524842
-0.0762224
-0.100327
-0.12405
-0.146494
-0.166654
-0.183507
-0.196143
-0.203886
-0.206385
-0.203526
-0.195807
-0.184053
-0.169312
-0.152699
-0.135242
-0.117798
-0.101022
-0.0853767
-0.0711604
-0.0585433
-0.0476005
-0.0383441
-0.0307514
-0.0247768
-0.0203399
-0.0174027
-0.0162092
-0.0117476
-0.012584
-0.0147433
-0.0180086
-0.0223777
-0.0278738
-0.0344954
-0.0422208
-0.0509961
-0.0607288
-0.0712704
-0.0824029
-0.0938257
-0.105147
-0.115888
-0.125486
-0.133322
-0.138775
-0.141283
-0.140451
-0.136181
-0.128463
-0.117552
-0.103916
-0.0881791
-0.0710119
-0.053073
-0.0349618
-0.0171903
-0.000171459
0.0157785
0.0304325
0.0436409
0.0553254
0.0654282
0.0739219
0.0808184
0.0863507
0.0903997
0.092892
0.0922081
0.0888484
0.0845001
0.0784259
0.0710382
0.062034
0.0513929
0.0391033
0.0251943
0.00970725
-0.007245
-0.0254701
-0.0446816
-0.0644891
-0.0843935
-0.103786
-0.121965
-0.138178
-0.151686
-0.161843
-0.168179
-0.170471
-0.168689
-0.163175
-0.154497
-0.143389
-0.130642
-0.117015
-0.103168
-0.0896363
-0.0768242
-0.0650176
-0.054403
-0.0450894
-0.0371299
-0.030542
-0.0253177
-0.0214134
-0.0188351
-0.0179108
-0.0128752
-0.0135185
-0.015398
-0.0182426
-0.0220281
-0.0267607
-0.0324192
-0.0389638
-0.0463284
-0.05441
-0.063059
-0.0720735
-0.0811925
-0.0900907
-0.0983832
-0.105637
-0.111395
-0.115211
-0.116693
-0.115566
-0.111765
-0.105282
-0.0962906
-0.085121
-0.0722232
-0.0580946
-0.0432386
-0.028129
-0.0131849
0.00124186
0.0148701
0.0274863
0.0389394
0.0491395
0.0580106
0.0655013
0.0716207
0.0766106
0.0802532
0.0825055
0.0817969
0.0786957
0.0747041
0.0690616
0.0624383
0.0544313
0.0450194
0.0342157
0.0220742
0.00865829
-0.0059089
-0.0214393
-0.03767
-0.0542582
-0.0707856
-0.0867615
-0.101637
-0.114844
-0.125839
-0.134158
-0.13947
-0.141627
-0.140629
-0.136718
-0.130296
-0.121884
-0.112055
-0.101375
-0.0903558
-0.0794303
-0.0689441
-0.0591575
-0.0502562
-0.0423635
-0.035555
-0.0298735
-0.0253357
-0.0219258
-0.0196846
-0.0189816
-0.0135443
-0.0140292
-0.0156513
-0.0181145
-0.0213747
-0.0254264
-0.0302385
-0.0357596
-0.0419171
-0.048608
-0.0556914
-0.0629854
-0.0702653
-0.0772637
-0.0836739
-0.0891609
-0.0933811
-0.0960097
-0.0967699
-0.0954734
-0.0920517
-0.0865151
-0.0789947
-0.0697295
-0.0590454
-0.0473173
-0.034934
-0.0222707
-0.00966978
0.00257172
0.0142081
0.0250444
0.0349356
0.0437903
0.0515235
0.0580709
0.0634398
0.0679256
0.071201
0.0731706
0.0724788
0.0696153
0.065868
0.0607637
0.0549118
0.0478596
0.0396026
0.0301682
0.0196194
0.00802982
-0.00447337
-0.0177128
-0.0314538
-0.0453996
-0.0592001
-0.0724601
-0.0847506
-0.0956354
-0.104708
-0.111632
-0.116172
-0.118229
-0.117806
-0.115076
-0.11033
-0.103945
-0.0963433
-0.0879515
-0.0791678
-0.070342
-0.0617649
-0.0536673
-0.0462241
-0.0395611
-0.0337645
-0.0288909
-0.024973
-0.0220153
-0.0200833
-0.0195576
-0.0138492
-0.0142109
-0.0155989
-0.017719
-0.0205118
-0.0239626
-0.0280358
-0.0326755
-0.0378069
-0.0433309
-0.0491198
-0.055014
-0.0608222
-0.0663243
-0.0712764
-0.0754182
-0.0784891
-0.0802484
-0.0804966
-0.0791041
-0.0760075
-0.0712247
-0.0648583
-0.0570863
-0.0481516
-0.0383406
-0.0279563
-0.0172976
-0.00664441
0.00375374
0.0136841
0.0229709
0.0314783
0.0391196
0.0458069
0.0514734
0.0561259
0.0601657
0.0631492
0.0647772
0.0640299
0.0613063
0.0578338
0.0533885
0.0482958
0.0421503
0.0349687
0.0267839
0.0176611
0.00767528
-0.00304772
-0.0143425
-0.0260021
-0.0377724
-0.0493603
-0.0604448
-0.0706894
-0.0797573
-0.0873386
-0.0931846
-0.0971277
-0.0990992
-0.0990931
-0.0972405
-0.0937539
-0.0889103
-0.0830248
-0.0764226
-0.0694156
-0.0622861
-0.0552771
-0.0485894
-0.0423824
-0.0367777
-0.031864
-0.0277042
-0.0243403
-0.0217912
-0.0201373
-0.019751
-0.0138754
-0.0141418
-0.0153208
-0.0171339
-0.0195135
-0.0224382
-0.0258704
-0.0297543
-0.0340166
-0.0385649
-0.0432849
-0.0480389
-0.0526661
-0.0569853
-0.0608014
-0.0639114
-0.066116
-0.0672347
-0.0671195
-0.0656712
-0.0628597
-0.0586963
-0.0532567
-0.0466763
-0.0391427
-0.0308786
-0.0221227
-0.0131149
-0.00408468
0.00475785
0.0132287
0.0211699
0.0284563
0.0350069
0.0407341
0.0455784
0.0495536
0.0531605
0.0556961
0.0571206
0.056258
0.0536946
0.0505707
0.0468278
0.0424471
0.0371638
0.0309802
0.0239276
0.0160736
0.00748987
-0.0017018
-0.0113479
-0.0212657
-0.0312388
-0.0410219
-0.0503521
-0.0589617
-0.06659
-0.0730002
-0.0780021
-0.0814693
-0.0833499
-0.0836473
-0.0824512
-0.0799188
-0.0762572
-0.0717045
-0.0665112
-0.0609229
-0.0551676
-0.0494477
-0.0439358
-0.0387744
-0.0340764
-0.0299284
-0.0263948
-0.0235219
-0.0213382
-0.0199312
-0.0196528
-0.0136946
-0.0138857
-0.014882
-0.0164229
-0.0184393
-0.0209062
-0.0237853
-0.0270232
-0.030551
-0.0342845
-0.0381226
-0.0419471
-0.0456237
-0.0490038
-0.0519303
-0.054244
-0.0557912
-0.0564352
-0.0560651
-0.0546069
-0.0520464
-0.0483936
-0.0437068
-0.0380914
-0.031694
-0.0246897
-0.0172691
-0.00962675
-0.00195225
0.00557694
0.0128011
0.0195778
0.0257914
0.0313659
0.0362124
0.0402865
0.0436087
0.046652
0.0487385
0.0499612
0.0489532
0.046457
0.0440192
0.040932
0.037254
0.0327918
0.0275326
0.021499
0.0147653
0.00740101
-0.000477541
-0.00872761
-0.0171871
-0.0256704
-0.0339724
-0.0418772
-0.0491698
-0.0556444
-0.0611167
-0.0654412
-0.0685214
-0.0703187
-0.0708293
-0.0701234
-0.0683181
-0.065569
-0.0620581
-0.0579798
-0.0535289
-0.0488899
-0.0442309
-0.0396993
-0.0354203
-0.0314967
-0.0280098
-0.0250223
-0.0225816
-0.0207215
-0.0195311
-0.0193354
-0.0133606
-0.0134921
-0.0143303
-0.0156326
-0.0173324
-0.0194029
-0.0218069
-0.0244945
-0.0274027
-0.030456
-0.0335661
-0.0366322
-0.039542
-0.0421737
-0.0444008
-0.0460975
-0.0471445
-0.047437
-0.0468922
-0.0454602
-0.0431247
-0.0398984
-0.0358305
-0.0310054
-0.0255386
-0.0195692
-0.0132507
-0.00674242
-0.000202508
0.0062181
0.01238
0.0181542
0.0234327
0.0281404
0.0321833
0.0355364
0.0382035
0.0403765
0.0421504
0.0431448
0.0419797
0.0396853
0.0379516
0.0356046
0.0326542
0.0289673
0.0245565
0.0194296
0.013674
0.00736191
0.000604306
-0.00646575
-0.0137033
-0.0209485
-0.028029
-0.034767
-0.0409877
-0.0465264
-0.0512392
-0.0550122
-0.0577695
-0.0594785
-0.060139
-0.0598005
-0.0585513
-0.0565103
-0.0538178
-0.0506262
-0.0470903
-0.0433602
-0.0395753
-0.0358607
-0.0323253
-0.0290611
-0.0261426
-0.023629
-0.0215663
-0.0199908
-0.0189887
-0.0188557
-0.0129137
-0.0129992
-0.0137009
-0.0147957
-0.0162212
-0.0179505
-0.0199481
-0.0221684
-0.024555
-0.0270412
-0.0295506
-0.0319973
-0.0342877
-0.036322
-0.0379981
-0.039216
-0.0398825
-0.0399174
-0.039258
-0.0378652
-0.0357333
-0.032873
-0.0293242
-0.0251543
-0.0204566
-0.0153435
-0.00994004
-0.00437776
0.00121072
0.0066964
0.0119572
0.0168754
0.02135
0.0253011
0.0286269
0.0313174
0.0332966
0.0345917
0.0356226
0.0365103
0.0353256
0.0332225
0.0322936
0.0308232
0.0286404
0.025668
0.0220142
0.0176765
0.0127594
0.00734442
0.00153748
-0.0045375
-0.0107508
-0.016964
-0.0230321
-0.0288078
-0.034148
-0.0389199
-0.0430084
-0.0463236
-0.0488053
-0.050428
-0.0511873
-0.0511221
-0.0502991
-0.0488095
-0.0467626
-0.0442784
-0.0414809
-0.0384923
-0.0354281
-0.0323941
-0.0294845
-0.0267802
-0.0243488
-0.0222443
-0.0205104
-0.0191833
-0.0183437
-0.0182579
-0.0123869
-0.0124381
-0.013022
-0.0139369
-0.0151262
-0.0165629
-0.0182142
-0.0200391
-0.0219878
-0.024002
-0.0260159
-0.027957
-0.0297471
-0.0313042
-0.0325457
-0.0333919
-0.0337696
-0.0336168
-0.0328858
-0.0315484
-0.0296014
-0.0270554
-0.0239437
-0.0203218
-0.0162656
-0.0118666
-0.00722756
-0.0024576
0.0023316
0.00702978
0.0115302
0.0157265
0.019525
0.0228374
0.0255576
0.0276744
0.0289816
0.0294804
0.0297122
0.0304998
0.0292752
0.0273105
0.0272855
0.0267082
0.0252623
0.0229084
0.0198866
0.0162089
0.0119917
0.0073299
0.00232317
-0.00291468
-0.00826851
-0.0136187
-0.0188428
-0.0238185
-0.0284283
-0.0325644
-0.0361343
-0.0390653
-0.0413085
-0.042842
-0.0436639
-0.043801
-0.0433046
-0.0422455
-0.0407092
-0.0387909
-0.0365904
-0.0342073
-0.0317375
-0.0292703
-0.0268863
-0.0246564
-0.0226407
-0.020888
-0.0194384
-0.0183265
-0.0176264
-0.0175759
-0.0118076
-0.0118333
-0.012316
-0.0130761
-0.0140622
-0.015249
-0.0166062
-0.0180977
-0.0196797
-0.0213018
-0.0229077
-0.0244362
-0.025822
-0.0269978
-0.0278965
-0.0284544
-0.0286137
-0.0283262
-0.0275557
-0.0262827
-0.0245039
-0.0222305
-0.0194912
-0.0163322
-0.0128156
-0.00901658
-0.00502003
-0.00091674
0.00319934
0.00723459
0.0110967
0.0146916
0.0179354
0.0207351
0.0229905
0.0246726
0.0254681
0.0253738
0.0249545
0.0256257
0.0245616
0.0224928
0.0234816
0.0235474
0.0225978
0.0206967
0.0181451
0.0149874
0.0113383
0.00730053
0.00296411
-0.00156968
-0.00620036
-0.0108256
-0.0153419
-0.0196478
-0.0236466
-0.0272502
-0.0303829
-0.0329861
-0.0350202
-0.0364675
-0.0373224
-0.0376069
-0.03736
-0.0366369
-0.0355049
-0.0340399
-0.0323226
-0.0304344
-0.0284548
-0.0264589
-0.0245156
-0.0226865
-0.0210243
-0.0195726
-0.0183675
-0.0174412
-0.0168601
-0.0168357
-0.0111962
-0.011203
-0.0115997
-0.0122272
-0.0130394
-0.0140131
-0.0151216
-0.0163326
-0.0176083
-0.0189054
-0.0201758
-0.0213678
-0.022427
-0.0232981
-0.0239266
-0.0242613
-0.0242566
-0.0238749
-0.0230887
-0.0218822
-0.0202575
-0.0182239
-0.0158056
-0.013041
-0.00998199
-0.00669073
-0.00323757
0.00030178
0.0038485
0.00732398
0.0106497
0.013746
0.0165413
0.0189481
0.0208853
0.02231
0.0229031
0.0226044
0.0216307
0.0225826
0.0219555
0.0198795
0.0209354
0.0214517
0.0206263
0.0189625
0.0167172
0.0139504
0.0107572
0.00723555
0.00346215
-0.000476941
-0.00449575
-0.00850792
-0.0124268
-0.016168
-0.0196513
-0.0228045
-0.0255658
-0.0278871
-0.0297356
-0.0310956
-0.0319627
-0.0323524
-0.032295
-0.0318337
-0.0310218
-0.0299201
-0.0285939
-0.0271099
-0.0255342
-0.0239297
-0.0223552
-0.0208635
-0.0195008
-0.0183054
-0.0173096
-0.0165423
-0.0160624
-0.016057
-0.0105675
-0.0105603
-0.0108844
-0.0113989
-0.0120629
-0.0128559
-0.0137544
-0.0147304
-0.015751
-0.0167791
-0.0177739
-0.0186917
-0.0194874
-0.0201154
-0.0205314
-0.0206943
-0.0205678
-0.0201227
-0.019338
-0.0182033
-0.0167197
-0.0148971
-0.0127565
-0.0103304
-0.00766214
-0.00480353
-0.00181285
0.00124696
0.00430983
0.00731002
0.0101819
0.0128607
0.015288
0.0173922
0.0191213
0.0204439
0.0211477
0.0210109
0.0199832
0.0213371
0.0211818
0.0194053
0.0198952
0.0202492
0.0190981
0.0175364
0.0154885
0.0130211
0.0102029
0.00711541
0.00382058
0.000388468
-0.00310873
-0.00659882
-0.0100094
-0.0132704
-0.0163154
-0.0190846
-0.0215271
-0.0236031
-0.0252852
-0.0265595
-0.0274222
-0.0278844
-0.0279695
-0.0277113
-0.0271522
-0.0263413
-0.0253314
-0.0241774
-0.0229339
-0.0216539
-0.0203869
-0.0191785
-0.0180684
-0.0170904
-0.0162727
-0.015641
-0.0152468
-0.0152554
-0.00993277
-0.00991519
-0.0101782
-0.0105967
-0.0111349
-0.0117752
-0.0124974
-0.0132769
-0.0140857
-0.0148918
-0.0156606
-0.0163556
-0.0169391
-0.0173738
-0.0176235
-0.0176552
-0.0174403
-0.0169557
-0.0161857
-0.0151231
-0.0137699
-0.0121352
-0.0102374
-0.0081041
-0.00577162
-0.00328326
-0.000687711
0.00196253
0.00461221
0.00720635
0.00969039
0.0120124
0.0141255
0.0159766
0.0175379
0.0188015
0.019698
0.0199887
0.0198009
0.0211743
0.0210897
0.0198054
0.0194339
0.0190682
0.0178599
0.0162534
0.0143481
0.0121334
0.00964082
0.00692919
0.0040475
0.00105216
-0.00199682
-0.00503916
-0.0080143
-0.0108639
-0.013533
-0.0159719
-0.018138
-0.0199981
-0.0215298
-0.0227215
-0.0235674
-0.0240765
-0.0242669
-0.0241652
-0.0238052
-0.0232264
-0.0224718
-0.0215865
-0.0206158
-0.0196039
-0.0185929
-0.0176213
-0.0167237
-0.0159291
-0.0152623
-0.0147458
-0.0144241
-0.0144426
-0.00930079
-0.00927574
-0.00948722
-0.0098243
-0.0102564
-0.0107685
-0.0113431
-0.0119592
-0.0125925
-0.0132159
-0.0138002
-0.0143146
-0.014728
-0.0150096
-0.0151303
-0.0150633
-0.014786
-0.0142805
-0.0135347
-0.0125432
-0.0113104
-0.00984406
-0.00815981
-0.006281
-0.00423843
-0.00206854
0.000187867
0.00248698
0.00478246
0.00702802
0.00917821
0.0111905
0.0130269
0.0146484
0.0160366
0.0171933
0.0181063
0.0186543
0.018953
0.019844
0.0197903
0.0189823
0.018342
0.0176322
0.0164327
0.0149477
0.0132231
0.0112526
0.00905641
0.00667769
0.0041571
0.00154125
-0.00111984
-0.00377562
-0.00637541
-0.00887052
-0.011215
-0.0133672
-0.015292
-0.0169616
-0.0183568
-0.0194668
-0.0202871
-0.0208235
-0.02109
-0.0211076
-0.0209034
-0.0205093
-0.0199601
-0.0192931
-0.0185456
-0.0177548
-0.0169558
-0.0161817
-0.0154619
-0.0148215
-0.0142821
-0.013863
-0.0136023
-0.013628
-0.00867856
-0.0086482
-0.00881633
-0.00908484
-0.00942796
-0.00983283
-0.0102846
-0.0107652
-0.0112539
-0.0117275
-0.0121615
-0.0125303
-0.012808
-0.0129695
-0.012991
-0.0128512
-0.012532
-0.0120195
-0.0113046
-0.010384
-0.00926213
-0.00794629
-0.00645
-0.00479324
-0.00300215
-0.00110753
0.000856597
0.0028536
0.00484448
0.00679003
0.00865214
0.0103951
0.0119874
0.0133987
0.0146118
0.0156243
0.0164242
0.0169892
0.0172629
0.0177633
0.017704
0.0172038
0.0166945
0.0159839
0.0149338
0.013635
0.0121134
0.0103789
0.00845298
0.0063709
0.00416785
0.00188344
-0.000440278
-0.00276067
-0.0050351
-0.00722274
-0.00928513
-0.0111875
-0.0129002
-0.0144
-0.0156704
-0.0167021
-0.0174896
-0.0180378
-0.0183573
-0.0184645
-0.0183812
-0.0181331
-0.0177486
-0.0172582
-0.0166929
-0.0160835
-0.0154598
-0.0148497
-0.0142781
-0.013767
-0.0133345
-0.0129975
-0.012788
-0.0128187
-0.00807104
-0.00803706
-0.00816898
-0.00838016
-0.00864908
-0.00896492
-0.00931497
-0.00968382
-0.0100537
-0.0104052
-0.0107175
-0.0109695
-0.0111398
-0.0112078
-0.0111542
-0.010962
-0.0106168
-0.0101079
-0.00942865
-0.00857718
-0.00755722
-0.00637609
-0.00504585
-0.00358373
-0.0020117
-0.00035566
0.00135574
0.00309177
0.00481976
0.00650657
0.00812011
0.00962982
0.011009
0.0122333
0.0132869
0.0141617
0.0148441
0.0153343
0.0156184
0.0158836
0.0158324
0.0154784
0.0150381
0.0143959
0.0134973
0.0123724
0.0110431
0.00952557
0.0078423
0.00602336
0.00409973
0.00210544
7.6004e-05
-0.00195232
-0.0039436
-0.00586343
-0.00767959
-0.00936295
-0.0108886
-0.0122364
-0.0133922
-0.0143474
-0.0150978
-0.015646
-0.0160002
-0.0161734
-0.0161828
-0.0160493
-0.015796
-0.0154478
-0.0150305
-0.0145697
-0.0140903
-0.0136157
-0.0131674
-0.012764
-0.0124211
-0.0121529
-0.0119863
-0.0120204
-0.00748152
-0.00744535
-0.00754735
-0.00771101
-0.00791851
-0.00816088
-0.00842722
-0.00870436
-0.00897726
-0.00922952
-0.00944393
-0.00960287
-0.00968883
-0.00968495
-0.00957565
-0.00934719
-0.00898833
-0.0084908
-0.00784986
-0.00706476
-0.00613885
-0.00507896
-0.0038959
-0.00260459
-0.00122382
0.000224656
0.00171679
0.00322677
0.00472728
0.0061905
0.00758933
0.00889753
0.0100923
0.0111538
0.0120675
0.0128243
0.0134118
0.0138328
0.0141015
0.0142611
0.014205
0.0139333
0.0135273
0.0129506
0.0121711
0.0111911
0.0100309
0.00870613
0.00723743
0.00565048
0.00397223
0.00223181
0.000459417
-0.00131408
-0.00305828
-0.00474409
-0.00634438
-0.00783473
-0.00919396
-0.010405
-0.0114553
-0.0123375
-0.0130474
-0.0135866
-0.0139611
-0.0141813
-0.0142609
-0.0142164
-0.0140669
-0.0138327
-0.013535
-0.0131951
-0.0128339
-0.0124711
-0.0121247
-0.0118108
-0.0115425
-0.0113318
-0.011201
-0.0112373
-0.00691227
-0.00687506
-0.00695258
-0.00707715
-0.00723419
-0.00741627
-0.00761407
-0.00781637
-0.0080105
-0.00818281
-0.008319
-0.00840451
-0.008425
-0.00836674
-0.00821715
-0.00796525
-0.00760222
-0.00712178
-0.00652055
-0.00579842
-0.00495919
-0.00400896
-0.00295712
-0.00181654
-0.0006033
0.000664174
0.00196569
0.00327953
0.00458286
0.00585247
0.00706554
0.00819975
0.00923536
0.0101555
0.010947
0.0116013
0.0121098
0.0124734
0.0127017
0.0128035
0.0127436
0.0125201
0.0121574
0.0116403
0.0109547
0.0100988
0.0090862
0.00793038
0.00664973
0.00526598
0.00380239
0.00228384
0.000736146
-0.000814508
-0.00234234
-0.00382284
-0.00523326
-0.00655289
-0.00776371
-0.00885109
-0.00980439
-0.010617
-0.0112846
-0.0118079
-0.0121917
-0.0124438
-0.0125751
-0.0125989
-0.0125307
-0.0123871
-0.0121856
-0.0119437
-0.0116789
-0.0114077
-0.0111453
-0.0109053
-0.010699
-0.010536
-0.0104349
-0.0104724
-0.00636493
-0.00632762
-0.00638522
-0.00647783
-0.00659365
-0.0067265
-0.00686847
-0.00701008
-0.00714076
-0.00724916
-0.00732345
-0.00735168
-0.00732212
-0.00722367
-0.00704617
-0.00678093
-0.00642106
-0.00596188
-0.00540107
-0.00473879
-0.0039795
-0.00312835
-0.00219363
-0.00118653
-0.000120709
0.000988309
0.00212367
0.0032671
0.00439929
0.00550087
0.00655285
0.00753644
0.0084343
0.00923172
0.00991752
0.0104836
0.0109247
0.0112406
0.0114339
0.0115045
0.0114423
0.0112455
0.0109187
0.0104535
0.00984634
0.00909649
0.00821171
0.00720337
0.00608678
0.00488035
0.00360414
0.00227952
0.000928421
-0.000427036
-0.00176513
-0.0030652
-0.00430804
-0.00547619
-0.00655426
-0.00752985
-0.00839374
-0.00914004
-0.00976432
-0.0102669
-0.0106512
-0.0109231
-0.0110914
-0.0111667
-0.0111615
-0.0110892
-0.0109643
-0.0108013
-0.0106147
-0.0104181
-0.0102246
-0.0100453
-0.00988991
-0.00976645
-0.00968979
-0.00972771
-0.00584063
-0.00580393
-0.0058454
-0.00591198
-0.00599428
-0.00608716
-0.00618394
-0.00627671
-0.00635672
-0.00641455
-0.00644048
-0.00642472
-0.00635776
-0.0062306
-0.00603515
-0.00576453
-0.00541344
-0.00497844
-0.00445808
-0.0038533
-0.00316759
-0.00240614
-0.00157626
-0.000687616
0.000248198
0.00121819
0.00220826
0.00320313
0.00418652
0.00514204
0.00605386
0.00690636
0.00768456
0.00837583
0.00897082
0.00946217
0.0098453
0.010119
0.0102843
0.0103381
0.0102746
0.010094
0.00979598
0.00937886
0.00884015
0.00818061
0.00740599
0.0065257
0.00555216
0.00450067
0.0033884
0.00223347
0.00105448
-0.000129909
-0.00130132
-0.00244236
-0.00353698
-0.00457045
-0.00552964
-0.00640382
-0.00718508
-0.00786831
-0.00844909
-0.00892732
-0.00930528
-0.0095876
-0.009781
-0.00989401
-0.00993662
-0.00991986
-0.00985544
-0.00975536
-0.00963154
-0.00949546
-0.0093578
-0.0092281
-0.00911445
-0.00902339
-0.00896675
-0.00900446
-0.00533993
-0.0053043
-0.0053328
-0.00537828
-0.00543344
-0.00549409
-0.00555462
-0.0056085
-0.0056485
-0.00566687
-0.00565565
-0.00560688
-0.00551284
-0.00536632
-0.00516089
-0.00489117
-0.00455315
-0.00414435
-0.003664
-0.00311322
-0.00249581
-0.00181594
-0.00108022
-0.000297
0.000523822
0.00137141
0.00223396
0.00309878
0.00395227
0.0047805
0.0055701
0.00630816
0.00698212
0.0075813
0.00809759
0.00852443
0.00885718
0.00909383
0.00923455
0.00927502
0.009212
0.00904596
0.00877584
0.00840234
0.00792432
0.00734342
0.00666461
0.00589564
0.00504695
0.00413115
0.00316252
0.00215634
0.00112834
9.42969e-05
-0.000930336
-0.00193089
-0.00289391
-0.0038071
-0.00465941
-0.00544163
-0.00614676
-0.0067699
-0.00730745
-0.00775872
-0.0081252
-0.0084103
-0.00861925
-0.00875878
-0.00883689
-0.0088625
-0.00884515
-0.00879467
-0.00872085
-0.00863321
-0.00854061
-0.00845102
-0.00837122
-0.00830652
-0.00826614
-0.00830314
-0.0048627
-0.00482843
-0.00484655
-0.00487506
-0.00490844
-0.00494337
-0.0049752
-0.00499854
-0.00500746
-0.00499562
-0.00495655
-0.00488379
-0.00477113
-0.00461282
-0.00440379
-0.0041399
-0.00381813
-0.00343679
-0.00299558
-0.00249578
-0.00194147
-0.00133609
-0.000685301
3.75175e-06
0.000722669
0.00146228
0.00221267
0.00296326
0.00370282
0.00441965
0.00510236
0.00574025
0.00632303
0.00684151
0.00728867
0.00765876
0.00794734
0.00815167
0.00827065
0.00830077
0.00823994
0.00808741
0.00784434
0.00751059
0.00708685
0.00657554
0.00598095
0.00530961
0.0045703
0.00377354
0.00293102
0.00205557
0.00116056
0.000259149
-0.000635741
-0.00151176
-0.00235763
-0.00316307
-0.00391883
-0.00461706
-0.0052516
-0.00581809
-0.00631305
-0.0067356
-0.00708657
-0.00736845
-0.00758521
-0.00774213
-0.00784558
-0.00790272
-0.00792128
-0.00790926
-0.00787469
-0.00782539
-0.00776869
-0.00771119
-0.00765857
-0.00761509
-0.00758777
-0.00762367
-0.00440814
-0.00437545
-0.0043853
-0.00440033
-0.0044165
-0.00443124
-0.00444075
-0.0044406
-0.00442593
-0.0043916
-0.00433237
-0.00424304
-0.00411865
-0.00395466
-0.00374712
-0.00349288
-0.00318976
-0.00283663
-0.00243349
-0.00198177
-0.00148623
-0.000948972
-0.000374906
0.000229802
0.000858025
0.00150203
0.00215343
0.0028034
0.00344268
0.00406148
0.00465019
0.00520007
0.00570258
0.00614982
0.00653574
0.00685542
0.00710456
0.00728008
0.0073805
0.00740242
0.00734434
0.00720601
0.0069879
0.00669111
0.00631681
0.00586767
0.00534776
0.0047627
0.0041198
0.00342787
0.00269665
0.00193674
0.00115929
0.000375322
-0.000404358
-0.00116946
-0.00191055
-0.0026191
-0.00328736
-0.00390864
-0.00447761
-0.00499043
-0.00544371
-0.00583636
-0.00616876
-0.00644262
-0.00666093
-0.00682779
-0.00694821
-0.00702789
-0.00707307
-0.00709021
-0.00708586
-0.00706641
-0.00703788
-0.00700571
-0.00697462
-0.00694801
-0.00693103
-0.00696553
-0.00397493
-0.00394395
-0.00394736
-0.00395184
-0.00395474
-0.00395403
-0.0039466
-0.00392888
-0.00389689
-0.00384651
-0.0037735
-0.00367371
-0.00354323
-0.00337851
-0.00317652
-0.00293494
-0.00265225
-0.00232779
-0.00196167
-0.00155419
-0.00111436
-0.000639564
-0.000135066
0.000393665
0.000940656
0.00149945
0.00206297
0.00262388
0.0031745
0.00370661
0.00421231
0.00468445
0.00511593
0.00549999
0.00583143
0.00610598
0.00631968
0.00646942
0.00655345
0.00656876
0.00651417
0.00638962
0.00619539
0.00593303
0.00560404
0.00521113
0.00475809
0.00424986
0.00369257
0.00309355
0.00246104
0.00180376
0.0011308
0.000451404
-0.000225452
-0.000891314
-0.00153832
-0.00215935
-0.00274795
-0.00329848
-0.00380635
-0.00426817
-0.0046807
-0.00504272
-0.00535419
-0.00561622
-0.00583102
-0.0060017
-0.00613217
-0.00622696
-0.00629101
-0.00632955
-0.00634785
-0.00635111
-0.00634423
-0.00633167
-0.00631734
-0.00630393
-0.00629498
-0.00632786
-0.00356147
-0.00353221
-0.00353079
-0.00352729
-0.00352029
-0.00350816
-0.00348838
-0.00345805
-0.00341399
-0.00335289
-0.00327138
-0.00316618
-0.00303423
-0.0028728
-0.00267963
-0.00245305
-0.00219211
-0.00189666
-0.00156743
-0.00120657
-0.000814019
-0.0003956
4.56992e-05
0.000505633
0.000979403
0.00146172
0.00194668
0.00242819
0.00289991
0.00335513
0.00378731
0.00419047
0.00455875
0.00488656
0.00516936
0.00540337
0.00558516
0.00571171
0.00578121
0.00579111
0.00574043
0.00562909
0.00545751
0.00522725
0.00493996
0.00459828
0.00420564
0.0037664
0.00328576
0.00276975
0.00222525
0.00165951
0.00107997
0.000494212
-9.04141e-05
-0.000667
-0.00122905
-0.00177061
-0.00228632
-0.00277139
-0.00322204
-0.00363532
-0.00400819
-0.00433917
-0.0046279
-0.00487507
-0.00508222
-0.00525171
-0.00538653
-0.00549022
-0.00556671
-0.00562014
-0.00565475
-0.00567471
-0.005684
-0.00568624
-0.00568463
-0.00568131
-0.00567846
-0.00570957
-0.003166
-0.00313845
-0.00313361
-0.00312438
-0.00311034
-0.00309022
-0.00306196
-0.0030232
-0.00297146
-0.0029041
-0.00281848
-0.00271204
-0.00258243
-0.00242759
-0.00224586
-0.00203611
-0.00179781
-0.00153115
-0.00123704
-0.000917242
-0.000571981
-0.000206284
0.000176933
0.00057415
0.000981487
0.00139468
0.00180901
0.00221929
0.00262039
0.003007
0.00337365
0.00371525
0.00402708
0.00430457
0.00454372
0.00474124
0.00489416
0.0049998
0.00505639
0.00506176
0.00501518
0.00491659
0.00476635
0.00456606
0.00431732
0.00402259
0.00368492
0.00330809
0.00289653
0.00245523
0.00198979
0.00150621
0.00101065
0.000509146
7.67722e-06
-0.000488038
-0.000972764
-0.00144162
-0.00189017
-0.00231442
-0.0027111
-0.00307846
-0.0034128
-0.00371254
-0.00397716
-0.004207
-0.00440314
-0.0045673
-0.00470174
-0.0048092
-0.00489274
-0.00495562
-0.0050012
-0.00503283
-0.00505367
-0.00506665
-0.00507437
-0.00507851
-0.00508011
-0.00510932
-0.00278681
-0.00276106
-0.00275396
-0.00274094
-0.00272228
-0.00269706
-0.00266355
-0.0026199
-0.00256417
-0.0024943
-0.00240823
-0.00230403
-0.0021799
-0.00203434
-0.00186617
-0.00167469
-0.00145969
-0.00122156
-0.000961268
-0.000680376
-0.000379758
-6.33224e-05
0.000266238
0.000605962
0.000952651
0.00130301
0.00165328
0.00199933
0.00233694
0.00266185
0.00296958
0.00325591
0.003517
0.00374913
0.00394888
0.00411342
0.0042402
0.00432693
0.00437203
0.00437367
0.00433133
0.00424499
0.00411496
0.00394272
0.00372979
0.00347833
0.00319104
0.00287111
0.00252227
0.00214865
0.00175477
0.00134548
0.00092579
0.000500613
7.47427e-05
-0.000347307
-0.000761339
-0.00116347
-0.00154988
-0.00191701
-0.00226175
-0.00258619
-0.00288328
-0.0031517
-0.00339108
-0.0036016
-0.00378396
-0.00393937
-0.00406952
-0.00417645
-0.00426253
-0.0043303
-0.0043824
-0.00442144
-0.00444995
-0.00447023
-0.00448442
-0.0044938
-0.00449845
-0.0045257
-0.0024223
-0.00239848
-0.00239015
-0.00237496
-0.00235373
-0.00232582
-0.00228978
-0.00224423
-0.00218763
-0.00211839
-0.00203497
-0.0019359
-0.00181987
-0.00168582
-0.00153296
-0.00136091
-0.00116972
-0.000959887
-0.000732442
-0.00048891
-0.000230316
4.0011e-05
0.000319687
0.000606293
0.000897311
0.00119014
0.001482
0.00176971
0.00204981
0.00231878
0.00257309
0.00280939
0.00302453
0.00321548
0.00337945
0.00351404
0.00361711
0.00368678
0.00372167
0.0037203
0.00368236
0.00360786
0.00349701
0.00335117
0.00317165
0.00296034
0.00271952
0.00245187
0.00216044
0.0018486
0.00151997
0.00117839
0.000827845
0.000472289
0.000115474
-0.000239082
-0.000588167
-0.00092871
-0.00125755
-0.00157099
-0.00186223
-0.00214971
-0.00241042
-0.00264724
-0.0028604
-0.00304994
-0.00321622
-0.00336005
-0.00348262
-0.00358545
-0.0036703
-0.00373913
-0.00379396
-0.00383684
-0.00386972
-0.00389442
-0.00391264
-0.00392539
-0.0039319
-0.00395713
-0.00207105
-0.00204922
-0.00204061
-0.00202454
-0.00200249
-0.00197391
-0.00193767
-0.00189271
-0.00183786
-0.00177192
-0.00169374
-0.00160226
-0.00149655
-0.0013759
-0.00123983
-0.0010882
-0.000921228
-0.000739499
-0.00054403
-0.000336208
-0.000117605
0.000109275
0.000342344
0.000579534
0.000818989
0.00105887
0.00129716
0.0015314
0.00175884
0.0019767
0.00218227
0.00237292
0.00254615
0.00269958
0.00283094
0.00293827
0.00301987
0.00307418
0.0031001
0.00309644
0.00306306
0.003
0.00290739
0.0027864
0.00263815
0.00246422
0.00226649
0.00204714
0.00180861
0.00155358
0.0012849
0.00100552
0.000718516
0.00042694
0.000133692
-0.000158594
-0.000447463
-0.000730803
-0.00100669
-0.00127364
-0.00153329
-0.00176582
-0.00198677
-0.00219109
-0.00237712
-0.00254429
-0.0026926
-0.00282248
-0.00293473
-0.00303043
-0.00311087
-0.00317752
-0.00323191
-0.00327559
-0.00331007
-0.00333674
-0.00335695
-0.00337148
-0.00337883
-0.00340201
-0.00173162
-0.00171178
-0.00170371
-0.00168785
-0.00166645
-0.00163892
-0.00160443
-0.00156219
-0.00151132
-0.00145094
-0.00138025
-0.00129847
-0.001205
-0.00109937
-0.000981352
-0.000850968
-0.00070854
-0.000554722
-0.000390529
-0.000217332
-3.68118e-05
0.000149001
0.000338261
0.000529319
0.000720833
0.000911629
0.0011003
0.00128506
0.00146387
0.00163465
0.0017954
0.0019441
0.00207885
0.00219784
0.00229932
0.00238174
0.00244376
0.00248421
0.00250221
0.00249688
0.00246819
0.00241622
0.002341
0.00224353
0.0021247
0.00198579
0.00182826
0.00165384
0.00146441
0.00126202
0.00104882
0.000827034
0.000598911
0.000366702
0.000132544
-0.000101634
-0.000334231
-0.000563808
-0.000788994
-0.00100829
-0.00122001
-0.00141719
-0.00160288
-0.0017756
-0.00193418
-0.00207795
-0.00220671
-0.00232066
-0.00242028
-0.0025063
-0.00257964
-0.00264137
-0.00269262
-0.00273454
-0.00276826
-0.00279481
-0.00281526
-0.00283024
-0.00283753
-0.00285863
-0.00140247
-0.00138471
-0.00137778
-0.00136307
-0.00134351
-0.00131851
-0.00128745
-0.00124976
-0.00120479
-0.00115194
-0.00109065
-0.00102042
-0.000940837
-0.000851655
-0.000752791
-0.000644394
-0.000526849
-0.000400833
-0.000267336
-0.000127677
1.6465e-05
0.00016325
0.00031105
0.000458623
0.000605114
0.000749946
0.000892325
0.00103101
0.00116455
0.00129153
0.00141058
0.00152026
0.0016192
0.00170611
0.00177975
0.00183896
0.00188278
0.00191039
0.00192119
0.00191457
0.00189065
0.00184952
0.00179112
0.00171621
0.00162545
0.00151977
0.00140026
0.00126818
0.00112489
0.000971862
0.000810619
0.000642715
0.000469691
0.00029306
0.000114316
-6.52445e-05
-0.000244624
-0.000423169
-0.000599941
-0.000773556
-0.000942147
-0.00110207
-0.00125332
-0.00139483
-0.00152564
-0.00164515
-0.00175305
-0.00184936
-0.00193437
-0.00200853
-0.00207247
-0.00212695
-0.00217275
-0.00221072
-0.00224167
-0.00226633
-0.00228553
-0.00229982
-0.00230631
-0.00232527
-0.00108187
-0.00106636
-0.001061
-0.00104828
-0.00103159
-0.00101038
-0.000984188
-0.000952605
-0.000915214
-0.000871618
-0.000821437
-0.000764349
-0.000700132
-0.00062867
-0.000549991
-0.000464297
-0.000371979
-0.000273681
-0.00017034
-6.32507e-05
4.5874e-05
0.000155301
0.000263524
0.000369755
0.000473683
0.000575278
0.000674147
0.000769532
0.000860614
0.000946549
0.00102652
0.00109967
0.00116511
0.00122202
0.00126962
0.00130717
0.00133407
0.00134982
0.00135409
0.00134656
0.00132743
0.00129681
0.00125457
0.00120122
0.00113719
0.00106307
0.000979597
0.000887571
0.000787877
0.000681446
0.000569235
0.000452185
0.000331207
0.000207174
8.09117e-05
-4.68112e-05
-0.000175613
-0.000305327
-0.000435671
-0.00056554
-0.000693233
-0.000816197
-0.000933392
-0.00104376
-0.00114645
-0.00124088
-0.00132674
-0.00140394
-0.00147261
-0.00153302
-0.00158559
-0.0016308
-0.00166919
-0.00170134
-0.00172779
-0.00174905
-0.00176572
-0.00177837
-0.00178342
-0.00180011
-0.000768054
-0.000755154
-0.000751706
-0.000741668
-0.000728753
-0.000712408
-0.000692314
-0.000668218
-0.000639866
-0.000607012
-0.000569427
-0.000526935
-0.000479431
-0.000426885
-0.000369371
-0.000307093
-0.000240403
-0.000169872
-9.63426e-05
-2.09795e-05
5.43377e-05
0.000127925
0.000198215
0.00026483
0.000328304
0.000388937
0.000446585
0.000501043
0.000552112
0.000599512
0.000642915
0.000681963
0.000716253
0.000745374
0.000768938
0.000786586
0.000798025
0.000803052
0.000801588
0.000793542
0.000779179
0.000758617
0.000731706
0.000698713
0.000659837
0.000615399
0.000565782
0.000511419
0.000452766
0.000390278
0.000324385
0.000255481
0.000183912
0.000109955
3.37976e-05
-4.44073e-05
-0.000124641
-0.000207347
-0.000292881
-0.000380652
-0.000469282
-0.000555718
-0.000639085
-0.000718231
-0.000792349
-0.000860916
-0.000923633
-0.000980386
-0.0010312
-0.00107623
-0.00111571
-0.00114992
-0.0011792
-0.00120391
-0.00122439
-0.00124095
-0.00125399
-0.00126418
-0.00126736
-0.00128138
-0.000458833
-0.000448726
-0.000447532
-0.000440813
-0.000432521
-0.00042201
-0.00040912
-0.000393738
-0.000375728
-0.00035496
-0.000331329
-0.000304762
-0.000275231
-0.000242739
-0.000207364
-0.000169264
-0.000128694
-8.60629e-05
-4.20052e-05
2.47688e-06
4.55677e-05
8.44834e-05
0.000117985
0.000146315
0.000170558
0.000191473
0.00020937
0.00022456
0.000237361
0.000248007
0.000256632
0.000263315
0.000268081
0.000270904
0.00027175
0.000270593
0.000267445
0.000262377
0.00025556
0.000247136
0.000237474
0.000226722
0.00021463
0.000201249
0.000186546
0.000170565
0.000153382
0.000135082
0.000115736
9.53737e-05
7.39603e-05
5.13842e-05
2.74441e-05
1.8452e-06
-2.57903e-05
-5.59196e-05
-8.90212e-05
-0.000126002
-0.000167763
-0.000214707
-0.000265378
-0.000316472
-0.000366419
-0.000414219
-0.000459257
-0.000501153
-0.000539687
-0.000574754
-0.00060634
-0.000634499
-0.00065934
-0.000681011
-0.000699683
-0.000715539
-0.000728765
-0.000739507
-0.000747944
-0.000754861
-0.000755834
-0.000766905
-0.000153624
-0.000149502
-0.000149362
-0.000146538
-0.000143413
-0.0001394
-0.000134507
-0.00012872
-0.000122009
-0.000114346
-0.000105719
-9.61382e-05
-8.56195e-05
-7.41841e-05
-6.18804e-05
-4.8787e-05
-3.50106e-05
-2.07133e-05
-6.14995e-06
8.44051e-06
2.08079e-05
2.61758e-05
2.36436e-05
1.45169e-05
3.92853e-07
-1.75755e-05
-3.85867e-05
-6.18561e-05
-8.65994e-05
-0.000112105
-0.000137783
-0.000163119
-0.000187665
-0.000211058
-0.000232967
-0.000253072
-0.000271041
-0.0002865
-0.000298999
-0.000308081
-0.000313071
-0.000313819
-0.00031083
-0.000304364
-0.000294717
-0.000282143
-0.000266892
-0.00024924
-0.000229513
-0.000208116
-0.000185555
-0.000162443
-0.000139503
-0.000117571
-9.756e-05
-8.04641e-05
-6.72947e-05
-5.93561e-05
-5.83476e-05
-6.57434e-05
-8.00941e-05
-9.6909e-05
-0.000113486
-0.00012953
-0.000144825
-0.00015922
-0.000172617
-0.000184954
-0.000196202
-0.000206353
-0.00021542
-0.000223427
-0.000230409
-0.000236406
-0.00024146
-0.0002456
-0.000248816
-0.000251775
-0.000251857
-0.000256371
)
;

boundaryField
{
    lowerWall
    {
        type            fixedFluxPressure;
        gradient        uniform 0;
        value           nonuniform List<scalar> 
80
(
8413.44
8413.82
8414.07
8413.94
8413.38
8412.37
8410.95
8409.14
8406.98
8404.5
8401.73
8398.71
8395.45
8391.99
8388.36
8384.59
8380.7
8376.72
8372.69
8368.63
8364.57
8360.54
8356.56
8352.67
8348.87
8345.19
8341.65
8338.26
8335.03
8331.98
8329.13
8326.49
8324.07
8321.89
8319.97
8318.32
8316.97
8315.94
8315.22
8314.85
8314.81
8315.11
8315.76
8316.74
8318.03
8319.64
8321.53
8323.69
8326.1
8328.74
8331.6
8334.66
8337.91
8341.32
8344.9
8348.61
8352.45
8356.4
8360.43
8364.53
8368.66
8372.8
8376.92
8380.99
8384.97
8388.84
8392.55
8396.09
8399.42
8402.52
8405.34
8407.87
8410.06
8411.89
8413.32
8414.32
8414.86
8414.95
8414.67
8414.27
)
;
    }
    rightWall
    {
        type            zeroGradient;
    }
    atmosphere
    {
        type            totalPressure;
        rho             rho;
        psi             none;
        gamma           1;
        p0              uniform 0;
        value           nonuniform List<scalar> 
80
(
0
0
0
0
0
0
0
0
0
0
0
0
0
0
0
0
0
0
0
0
-1.03185e-06
-1.08946e-05
-3.04993e-05
-5.77912e-05
-9.04516e-05
-0.000127574
-0.000168016
-0.000210605
-0.000254364
-0.000298315
-0.000341651
-0.00038362
-0.000423519
-0.000460771
-0.000494824
-0.000525149
-0.00055123
-0.00057251
-0.000588366
-0.000598178
-0.000600849
-0.000596229
-0.00058521
-0.000568225
-0.00054573
-0.000518151
-0.000485929
-0.000449547
-0.000409569
-0.000366657
-0.000321587
-0.000275256
-0.000228674
-0.000182948
-0.000139253
-9.88488e-05
-6.31304e-05
-3.35249e-05
-1.2236e-05
-1.35895e-06
0
0
0
0
0
0
0
0
0
0
0
0
0
0
0
0
0
0
0
0
)
;
    }
    leftWall
    {
        type            zeroGradient;
    }
    frontAndBack
    {
        type            empty;
    }
}


// ************************************************************************* //
