/*--------------------------------*- C++ -*----------------------------------*\
| =========                 |                                                 |
| \\      /  F ield         | OpenFOAM: The Open Source CFD Toolbox           |
|  \\    /   O peration     | Version:  2412                                  |
|   \\  /    A nd           | Website:  www.openfoam.com                      |
|    \\/     M anipulation  |                                                 |
\*---------------------------------------------------------------------------*/
FoamFile
{
    version     2.0;
    format      ascii;
    arch        "LSB;label=32;scalar=64";
    class       volScalarField;
    location    "4.65";
    object      p;
}
// * * * * * * * * * * * * * * * * * * * * * * * * * * * * * * * * * * * * * //

dimensions      [1 -1 -2 0 0 0 0];

internalField   nonuniform List<scalar> 
6400
(
131015
131004
130982
130950
130907
130856
130797
130732
130661
130588
130512
130436
130360
130287
130217
130150
130087
130029
129975
129926
129881
129839
129800
129763
129728
129694
129662
129630
129598
129568
129538
129509
129482
129456
129434
129414
129398
129386
129378
129374
129375
129380
129389
129402
129418
129436
129456
129477
129499
129521
129543
129564
129584
129604
129624
129644
129664
129686
129711
129738
129770
129807
129849
129897
129951
130010
130075
130144
130217
130292
130368
130443
130515
130584
130646
130700
130745
130780
130804
130816
124388
124376
124354
124321
124277
124225
124165
124098
124026
123951
123874
123796
123720
123645
123574
123506
123443
123385
123332
123282
123237
123196
123158
123122
123087
123054
123022
122991
122960
122929
122899
122870
122842
122817
122794
122774
122758
122745
122737
122734
122734
122740
122749
122762
122778
122797
122817
122839
122861
122884
122905
122926
122946
122966
122984
123003
123023
123044
123068
123095
123126
123162
123204
123252
123306
123366
123431
123502
123576
123653
123730
123807
123881
123951
124015
124070
124117
124153
124177
124189
117771
117760
117736
117702
117656
117601
117538
117469
117394
117316
117236
117155
117076
117000
116927
116858
116795
116736
116683
116634
116590
116550
116513
116478
116445
116413
116382
116351
116320
116290
116259
116230
116201
116175
116151
116131
116113
116101
116092
116089
116090
116095
116106
116120
116137
116157
116178
116201
116224
116247
116268
116289
116309
116327
116345
116362
116380
116399
116421
116446
116476
116511
116552
116600
116654
116715
116783
116855
116932
117012
117093
117173
117251
117324
117391
117450
117499
117536
117562
117575
111168
111155
111130
111093
111044
110986
110919
110845
110765
110682
110598
110513
110431
110351
110276
110205
110141
110082
110029
109982
109939
109901
109866
109833
109802
109772
109742
109711
109681
109650
109619
109588
109558
109531
109505
109483
109465
109451
109442
109438
109440
109446
109458
109473
109492
109514
109538
109562
109586
109610
109633
109653
109672
109689
109705
109720
109735
109752
109771
109793
109821
109854
109894
109941
109996
110059
110129
110205
110286
110370
110456
110542
110625
110704
110776
110839
110892
110932
110960
110974
104577
104563
104536
104495
104443
104379
104306
104226
104140
104051
103960
103870
103782
103698
103619
103547
103481
103422
103370
103324
103284
103248
103216
103186
103158
103130
103101
103071
103041
103009
102977
102945
102913
102883
102855
102831
102811
102796
102786
102782
102785
102792
102805
102823
102845
102869
102896
102923
102949
102975
102998
103019
103037
103053
103066
103078
103089
103102
103117
103135
103159
103190
103228
103275
103331
103396
103469
103549
103636
103727
103820
103914
104004
104091
104169
104239
104297
104341
104372
104387
97999.8
97984.8
97954.7
97910
97851.7
97781.4
97700.9
97612.3
97518
97420.2
97321.3
97223.6
97129
97039.5
96956.5
96881.1
96813.9
96755.1
96704.3
96660.9
96624
96592.1
96563.8
96537.9
96512.8
96487.4
96460.7
96432.3
96401.8
96369.3
96335.4
96300.6
96266
96232.7
96201.8
96174.5
96151.9
96134.9
96124.1
96120.1
96122.8
96132.2
96147.8
96168.7
96194
96222.5
96252.8
96283.5
96313.4
96341.3
96366.1
96387.3
96404.6
96418
96428
96435.6
96442.1
96449.1
96458.3
96471.6
96490.8
96517.8
96553.7
96599.8
96656.5
96723.8
96801.3
96887.9
96981.9
97081.5
97184.2
97287.4
97388.3
97484.1
97572.1
97649.7
97714.5
97764.6
97798.6
97815.7
91438.7
91422
91388.2
91338
91272.6
91193.7
91103.6
91004.7
90899.6
90791.1
90681.8
90574.4
90471.3
90374.8
90286.4
90207.4
90138.5
90079.9
90031
89991
89958.5
89931.7
89908.9
89888.1
89867.7
89846.1
89822.1
89795
89764.3
89730.5
89694
89655.8
89617.1
89579.3
89544
89512.6
89486.5
89466.8
89454.5
89450.1
89453.8
89465.3
89484.2
89509.3
89539.5
89573.3
89608.9
89644.7
89679
89710.3
89737.3
89759.2
89775.5
89786.3
89792.1
89794.2
89794.1
89793.8
89795.6
89801.8
89814.7
89836.6
89869.2
89913.9
89971.4
90041.9
90124.8
90218.9
90322.4
90432.8
90547.6
90663.5
90777.2
90885.6
90985.3
91073.4
91147.1
91204
91242.7
91262.1
84895.2
84876.3
84837.9
84780.9
84706.7
84617.2
84515.1
84403.3
84284.7
84162.7
84040.4
83921
83807.3
83701.9
83606.8
83523.5
83452.8
83394.8
83348.7
83313.4
83286.9
83267.1
83251.5
83237.7
83223.4
83206.7
83186
83160.5
83129.6
83093.8
83053.8
83010.8
82966.6
82922.8
82881.5
82844.5
82813.7
82790.5
82776.1
82771.2
82776
82790.3
82813.4
82844.1
82880.8
82921.6
82964.3
83006.9
83047.2
83083.1
83113.2
83136.2
83151.5
83159
83159.6
83154.6
83145.9
83136.2
83128.1
83124.9
83129.4
83144.4
83172.4
83215
83273.4
83347.7
83437.2
83540.6
83655.8
83780
83909.9
84041.7
84171.5
84295.6
84410.1
84511.3
84596.1
84661.7
84706.2
84728.4
78371.6
78350
78306.2
78240.8
78155.7
78053.2
77936.3
77808.5
77673.3
77534.7
77396.3
77261.9
77135
77018.7
76915.4
76827
76754.4
76697.5
76655.4
76626.5
76608.2
76597.7
76591.8
76587.2
76581
76570.6
76554.3
76530.7
76499.2
76460.5
76415.7
76366.3
76314.6
76262.9
76213.6
76169.3
76132.3
76104.4
76087.1
76081.4
76087.7
76105.5
76134.1
76171.9
76217
76267
76319.1
76370.6
76418.8
76461.2
76495.5
76520.3
76534.5
76538.1
76532
76517.9
76498.3
76476.2
76455.4
76439.8
76433.2
76439.1
76460.8
76500.4
76559.4
76638.1
76735.7
76850.7
76980.5
77121.7
77270.4
77421.8
77571.4
77715.1
77847.8
77965.4
78064
78140.3
78192
78217.7
71870.7
71846.1
71795.5
71720
71621.6
71503.1
71368.2
71220.9
71065.4
70906.5
70748.3
70595.4
70452.2
70322.5
70209.3
70114.7
70040
69985
69948.6
69928.5
69921.2
69923.2
69930
69937.6
69941.9
69939.8
69928.8
69907.6
69874.9
69832.3
69780.9
69723
69661.4
69599.1
69539.4
69485.5
69440.3
69406.2
69385.1
69378.4
69386.3
69408.6
69444.2
69491.3
69547.2
69609
69673.3
69736.6
69795.3
69846.3
69886.5
69914
69927.2
69926.1
69911.7
69886
69852.2
69814.3
69777
69745.2
69724
69717.9
69731
69766.4
69825.8
69909.7
70016.7
70146
70293.9
70456.3
70628.3
70803.7
70977.3
71145.2
71300.4
71438.2
71553.8
71643.3
71703.8
71733.7
65396.1
65368.1
65309.3
65221.4
65106.7
64968.9
64812.2
64641.4
64460.7
64277.6
64095.2
63919.4
63756
63609.7
63484.3
63382.5
63305.6
63253.7
63225.1
63216.7
63224.3
63242.7
63266.5
63290
63308.2
63316.8
63312.4
63293
63259.5
63211.5
63151.3
63082
63007.2
62931
62857.6
62791.2
62735.3
62693.1
62667.1
62658.9
62668.9
62696.8
62741.3
62800
62869.8
62946.9
63027
63105.6
63178.2
63240.5
63288.9
63320.5
63332.8
63326.1
63301.3
63261
63209.2
63150.9
63092.2
63039.4
62999
62977.1
62978.8
63008.2
63067.8
63158.1
63275.7
63422.8
63593.4
63782.7
63982.4
64187.6
64392.1
64587.7
64769.9
64932.4
65069
65174.7
65246.1
65280.9
58951.7
58920
58851.1
58747.5
58613.1
58452.3
58269.8
58071.3
57862.8
57648.2
57435.9
57231.4
57042.8
56876
56735.7
56625
56546.2
56498.5
56480.5
56487.8
56515.1
56555.4
56601.5
56646.1
56682.4
56704.8
56709.2
56693.1
56656.7
56600.9
56528.8
56444.2
56352.2
56257.9
56166.7
56083.9
56014.2
55961.6
55929.2
55918.8
55931.4
55966.3
56022
56095.6
56183
56279.6
56380
56478.4
56569.1
56646.6
56706.1
56743.7
56755.5
56742.2
56704.6
56645.8
56570.9
56486.4
56400
56320
56254.7
56211.9
56198.5
56219.9
56278.4
56375.5
56509.1
56676.9
56876
57096.6
57330.9
57572
57812.1
58043.3
58258.1
58450.6
58613
58739.2
58824.2
58864.9
52542.7
52506.2
52423.6
52299.9
52142.1
51954.9
51742.8
51510.7
51266.1
51015.9
50767.9
50528.6
50308.1
50116
49956.9
49835.2
49755.1
49713.1
49709
49737.3
49790.7
49859.9
49935.4
50007.6
50067.7
50108.1
50123.4
50110.8
50070.3
50004
49915.8
49811.2
49696.5
49578.6
49464.5
49360.6
49273.2
49207.1
49166.2
49153.1
49168.7
49212.5
49282.3
49374.5
49484.4
49605.9
49732.2
49856.1
49970.3
50067.8
50142.2
50189
50200.6
50179.5
50126.1
50044
49939.6
49821.3
49699.2
49583.8
49486.1
49416.2
49382.7
49393.4
49450.9
49556.5
49708.4
49901.2
50135.8
50394.9
50672
50956.6
51240.1
51513.3
51767.8
51995.3
52188.9
52341.4
52444.4
52492.7
46175.4
46130.4
46028.2
45879.1
45695
45478.7
45232.4
44961.4
44674.4
44380.9
44090.6
43804.7
43547.1
43323.4
43140.8
43005.8
42921.9
42888.1
42902.7
42958.6
43046.7
43153.9
43268.1
43376.7
43467.9
43531.6
43560.7
43551.9
43505.4
43424.7
43315.2
43184.3
43040.2
42891.8
42748
42617.2
42507
42423.7
42372.1
42355.3
42374.6
42429.3
42516.8
42632.6
42770.8
42923.8
43083.1
43239.9
43384.6
43508.2
43602
43657.9
43674.2
43644.9
43571.8
43460.1
43317.8
43156.1
42987.7
42826.7
42686.9
42581.3
42522.8
42519
42574.6
42691.3
42867.4
43101.7
43371.2
43675.3
44004
44341.2
44676.6
44999.3
45299.1
45568.7
45799.2
45985.8
46113.5
46173.1
39859.6
39800.1
39672
39492.7
39279.5
39029.5
38743.7
38426.2
38087.8
37741.6
37395
37063.8
36761.2
36490.3
36276.5
36124
36036
36012.7
36050.3
36142.4
36278.1
36434.7
36599.5
36756
36888.1
36982.1
37028.8
37023.9
36968.4
36867.9
36730.4
36565.2
36383.2
36195.7
36013.9
35848.6
35709.4
35604.1
35538.7
35517.2
35540.9
35609.2
35718.9
35864.4
36038.2
36231
36432.4
36631
36815.3
36973.5
37094.4
37167.9
37187.3
37147.6
37049.8
36900
36709
36491.1
36263.1
36042.9
35848.6
35696.8
35605.2
35582.8
35636.1
35766.5
35970.1
36246.9
36571.1
36933.7
37322
37725.6
38123
38505.1
38858.5
39176.1
39452.8
39682.4
39842.9
39919.6
33608.3
33532.9
33376.4
33162.7
32910.1
32619.8
32285.1
31910.5
31507.7
31096.5
30686.6
30292.2
29927.6
29605.4
29347.7
29171.3
29078
29068.4
29137.2
29271.7
29480.2
29699
29931.3
30151.8
30338
30471.8
30540.2
30537.9
30468.4
30341
30166.2
29956.4
29725.5
29488
29257.9
29048.7
28872.5
28739.2
28656.3
28628.5
28657.6
28742.8
28880.2
29063
29281.7
29524.6
29778.9
30030.9
30266.2
30470
30627.6
30724.8
30751.9
30700.4
30571.4
30372.7
30118.6
29827.9
29522.2
29224.5
28958.7
28747.6
28611.4
28564.6
28615.4
28765.3
29014.4
29340.7
29729.9
30164.5
30628.5
31107
31582.3
32039
32460
32837.3
33172.9
33453.5
33651.6
33748.3
27432.8
27350.1
27163.6
26912.7
26613
26264.3
25864
25418
24940.5
24449.1
23959
23484.3
23041
22649.8
22322.7
22119.1
22020
22027.8
22138.5
22340.5
22618
22933.1
23260.4
23569.7
23830.9
24019.3
24116.7
24115.1
24022.5
23857.1
23632
23363.3
23069.2
22767.1
22474.8
22209.3
21985.8
21816.7
21711.3
21675.3
21710.9
21817.1
21989.4
22219.1
22494.6
22801.1
23122.3
23441.8
23742.9
24007.2
24215.3
24348.6
24388.1
24322.5
24152.6
23889
23551
23163.5
22755.2
22355.6
21995.8
21707.3
21515.2
21438.1
21484.7
21653
21962.4
22361.5
22835.8
23359.9
23916
24488.7
25060.1
25610.1
26121
26581.2
26984.5
27321.4
27561.3
27675.9
21349
21253.8
21047.2
20755.9
20394.6
19974.9
19492.6
18956.7
18383.6
17791.8
17201.5
16625
16076.6
15578.2
15146.6
14945.1
14822.9
14835.1
14992.6
15281.5
15675.2
16121.1
16578
17010.1
17375.2
17641.6
17782.6
17781.1
17644
17431.8
17139.9
16793.4
16417.5
16033.4
15662.4
15326.2
15043.8
14830.4
14696.9
14650.2
14693.3
14825
15039.7
15327.2
15673
16058.2
16462.4
16866.5
17251.9
17596.1
17873
18062.1
18120.7
18035.6
17809
17456.8
17005.9
16488.4
15943.7
15404.8
14914.3
14520.7
14261.1
14161.4
14226.9
14418.1
14784
15288
15872.4
16505.4
17173.2
17864
18558.4
19229.5
19856.5
20419.5
20904.4
21299.7
21582.9
21721.8
15343.4
15248.9
15022.4
14695.5
14261.3
13764.9
13184.2
12539.5
11853.6
11139.8
10434.7
9740.61
9062.08
8435
8000.76
7644.06
7394.69
7375.34
7590.82
8022.48
8616.15
9263.44
9912.15
10516.9
11030.8
11402.1
11598.4
11586.6
11352
11099.3
10716.3
10263.6
9780.17
9287.8
8811
8377.93
8014.37
7739.06
7566.29
7504.16
7556.9
7723.65
7997.56
8364.87
8806.13
9295.19
9805.32
10315.9
10809.8
11259.8
11624.3
11901.9
11995.1
11891.5
11593.5
11125.9
10523.4
9829.36
9094.08
8348.05
7640.78
7098.26
6762.35
6658.81
6805.68
7042.21
7460.92
8123.91
8854.31
9615.08
10411
11243.6
12089.6
12908.1
13682.6
14369.5
14936.9
15385
15730.5
15894.7
9410.5
9319.11
9039.38
8569.28
8193.75
7653.97
6948.32
6159.01
5363.63
4648.68
4012.74
3419.47
2837.32
2271.16
1786.72
1550.97
1475.62
1544.31
1726.64
2021.71
2529.15
3106.28
3722.51
4357.67
4973.48
5484.94
5755.61
5755.2
5511.94
5108.61
4630.14
4147.89
3676.12
3225.16
2813.16
2465.33
2196.45
2006.21
1893.47
1852.96
1884.36
1991.1
2178.02
2448.2
2800.45
3218.09
3675.83
4159.05
4663.26
5179.12
5665.09
6003.41
6149.99
6034.63
5656.93
5053.04
4369.47
3656.62
2996.39
2362.36
1844.46
1508.36
1279.16
1168.09
1197.87
1343.7
1671.64
2171.45
2709.47
3287.68
3941.52
4714.01
5631.16
6631.05
7611.45
8443.28
9055.11
9521.57
9976.58
10208.4
3980.48
3937
3754.46
3494.12
3127.73
2620.06
2041.98
1491.72
1027.4
733.249
512.105
332.079
176.302
59.9985
2.93885
-4.87668
-5.32714
-5.44437
-5.35897
-4.04148
65.0568
227.569
451.137
748.831
1092.37
1402.13
1583.48
1589.33
1417.12
1097.8
837.402
621.898
441.463
296.995
187.088
111.967
65.8509
39.8302
27.3166
23.353
26.4738
38.4809
63.9723
110.053
185.476
295.677
439.49
616.864
832.498
1094.3
1433.31
1737.41
1852.64
1766.15
1506.91
1130.9
747.369
430.839
196.158
23.2632
-8.35471
-8.37653
-8.08083
-7.77944
-7.65924
-6.93674
3.61377
53.3527
145.042
276.247
459.277
725.302
1157.59
1807.36
2576.53
3332.26
3910.35
4338.43
4651.35
4881.64
665.85
650.349
604.892
511.608
366.414
203.172
73.655
7.01258
-6.47632
-7.09549
-6.838
-6.55638
-6.49755
-6.38536
-5.97358
-5.85173
-5.92054
-5.91192
-5.74406
-5.45296
-5.74876
-6.03467
-5.96609
-5.99675
-6.65027
-7.00695
18.1636
54.6765
35.0694
1.63289
-1.06082
-2.28183
-4.45804
-4.88496
-4.73284
-4.63651
-4.41118
-4.04535
-3.80782
-3.75922
-3.76459
-3.58421
-3.2993
-3.02807
-2.91283
-3.09562
-3.55533
-4.03757
-4.42832
-3.37613
24.0352
68.9884
69.7103
21.4833
-10.3561
-10.741
-10.0332
-9.65157
-9.16266
-8.63988
-8.61011
-8.68703
-8.53785
-8.39626
-8.26449
-8.10956
-7.99425
-7.98386
-8.25757
-8.22799
-7.84811
-6.93405
-3.08693
47.1563
206.029
475.683
781.011
1031.6
1197.96
1290.7
-9.27091
-8.84975
-8.87075
-9.28497
-9.67201
-9.71065
-9.41856
-9.13062
-8.6931
-7.89349
-7.41359
-7.17796
-7.01906
-6.96658
-6.81467
-6.64929
-6.61722
-6.56911
-6.42649
-6.15847
-6.07281
-6.15968
-6.25479
-6.57396
-7.39419
-8.5038
-9.45004
-9.1651
-9.27607
-7.25978
-5.37127
-5.40856
-5.95644
-5.98377
-5.81088
-5.66318
-5.4176
-5.05497
-4.80662
-4.77674
-4.74207
-4.54726
-4.30304
-4.06856
-3.95809
-4.10032
-4.49589
-5.07139
-5.89235
-7.41852
-9.98187
-11.6156
-12.489
-12.2794
-11.2839
-10.8291
-10.3709
-9.9471
-9.58799
-9.40142
-9.29887
-9.30055
-9.21425
-9.07582
-8.92071
-8.73915
-8.7539
-8.7502
-8.68652
-8.54992
-8.40202
-8.32996
-8.68284
-10.031
-10.1673
-10.3571
-10.36
-9.8399
-9.61883
-10.0224
-9.56726
-9.50294
-9.51913
-9.67811
-9.85974
-9.93235
-9.8713
-9.9249
-9.82528
-9.10504
-8.36039
-7.97485
-7.68563
-7.53025
-7.44116
-7.37352
-7.35243
-7.37665
-7.49038
-7.77375
-8.10292
-8.1697
-7.88919
-7.73357
-8.06179
-8.71485
-9.19921
-9.31249
-9.09717
-8.56726
-7.62401
-6.72144
-6.50834
-6.54234
-6.44334
-6.30453
-6.11597
-5.8504
-5.66505
-5.61373
-5.49218
-5.21833
-4.89518
-4.64355
-4.59463
-4.80034
-5.26489
-5.99654
-7.01849
-8.46609
-10.2991
-11.8596
-12.4749
-12.3332
-11.8447
-11.3775
-10.9771
-10.607
-10.2472
-10.0093
-9.89675
-9.86173
-9.83241
-9.77722
-9.68198
-9.5442
-9.44321
-9.39662
-9.37323
-9.36645
-9.35063
-9.41149
-9.71455
-10.0316
-10.0313
-10.1382
-10.2324
-10.2573
-10.1852
-10.2228
-10.0952
-10.1217
-10.3
-10.5691
-10.8229
-11.0021
-11.0127
-10.998
-10.9506
-10.5857
-9.72853
-9.00151
-8.53744
-8.27421
-8.169
-8.12102
-8.15681
-8.32307
-8.72118
-9.38227
-9.86707
-9.91404
-9.5541
-9.05936
-8.9192
-9.06194
-9.1448
-9.28061
-9.31188
-9.17232
-8.66097
-7.73458
-7.01656
-6.87454
-6.93644
-6.95795
-6.89963
-6.74047
-6.63449
-6.54687
-6.35053
-6.0942
-5.85322
-5.69396
-5.6698
-5.8732
-6.38702
-7.2309
-8.35975
-9.68665
-11.0722
-12.1938
-12.7128
-12.6771
-12.2598
-11.7701
-11.3977
-11.1161
-10.8502
-10.6155
-10.4897
-10.4419
-10.4257
-10.413
-10.3656
-10.2714
-10.1788
-10.1352
-10.1182
-10.1052
-10.12
-10.2003
-10.3361
-10.5349
-10.7101
-10.9698
-11.3464
-11.4681
-11.287
-11.0553
-10.6471
-10.8526
-11.2755
-11.6532
-11.953
-12.166
-12.2394
-12.1807
-12.1213
-11.9586
-11.3404
-10.3841
-9.63676
-9.19057
-8.97267
-8.94347
-9.04164
-9.29372
-9.7503
-10.289
-10.6411
-10.6748
-10.4171
-10.0645
-9.93293
-9.95723
-9.85235
-9.67177
-9.60402
-9.51466
-9.19701
-8.54298
-7.72072
-7.32402
-7.50971
-7.6751
-7.72711
-7.6918
-7.72939
-7.70896
-7.53738
-7.40285
-7.3231
-7.28718
-7.29756
-7.51206
-8.09927
-9.0233
-10.1553
-11.2839
-12.3415
-13.272
-13.7224
-13.5196
-12.8943
-12.243
-11.8255
-11.5968
-11.4004
-11.2067
-11.0935
-11.0461
-11.0304
-11.0284
-11.0283
-10.9683
-10.8738
-10.8332
-10.8307
-10.8246
-10.8368
-10.9022
-11.021
-11.1978
-11.4136
-11.6783
-12.0373
-12.2425
-12.1361
-11.7654
-11.3278
-11.7749
-12.2668
-12.6031
-12.8455
-12.9801
-13.0102
-13.0032
-12.9785
-12.8177
-12.3206
-11.4536
-10.6357
-10.0902
-9.76944
-9.73138
-9.8406
-10.0487
-10.4083
-10.7963
-11.0319
-11.012
-10.7594
-10.5456
-10.5002
-10.4515
-10.2785
-10.0911
-10.0028
-9.93628
-9.77088
-9.32715
-8.64756
-8.21213
-8.29652
-8.47544
-8.60536
-8.71539
-8.90649
-9.0664
-9.12705
-9.2196
-9.24303
-9.1641
-9.19593
-9.55167
-10.278
-11.2808
-12.3655
-13.284
-14.031
-14.7524
-15.1065
-14.7169
-13.7905
-12.8754
-12.2953
-12.0079
-11.8669
-11.7745
-11.7323
-11.7087
-11.6687
-11.6711
-11.7068
-11.6817
-11.5953
-11.5358
-11.5191
-11.5289
-11.5405
-11.5835
-11.6854
-11.8289
-12.001
-12.1944
-12.4387
-12.5688
-12.4922
-12.2
-12.0458
-12.6376
-13.0406
-13.3094
-13.4622
-13.5287
-13.5498
-13.5471
-13.5063
-13.3232
-12.8504
-12.0949
-11.3352
-10.7769
-10.4226
-10.3608
-10.4644
-10.6131
-10.8771
-11.171
-11.3476
-11.3196
-11.0775
-10.8681
-10.8683
-10.8671
-10.7162
-10.5528
-10.5106
-10.4673
-10.3509
-10.0781
-9.57326
-9.23608
-9.10653
-9.28221
-9.52138
-9.81039
-10.1762
-10.5258
-10.8027
-10.9666
-10.9056
-10.775
-10.8595
-11.377
-12.2299
-13.2403
-14.2223
-15.0203
-15.6668
-16.3019
-16.5775
-16.0197
-14.692
-13.5254
-12.8077
-12.4833
-12.3613
-12.3484
-12.3569
-12.3224
-12.263
-12.27
-12.3261
-12.3352
-12.2873
-12.2368
-12.2127
-12.2268
-12.2457
-12.2676
-12.3188
-12.4118
-12.5103
-12.593
-12.6775
-12.6804
-12.5553
-12.405
-12.5623
-13.1036
-13.493
-13.7881
-13.9529
-14.0106
-14.0208
-13.9874
-13.8847
-13.6383
-13.1578
-12.4732
-11.7682
-11.2037
-10.8436
-10.7892
-10.9232
-11.0802
-11.2908
-11.5223
-11.6606
-11.6857
-11.5214
-11.3527
-11.3827
-11.4416
-11.3289
-11.1245
-11.0511
-11.0595
-10.9589
-10.7375
-10.31
-9.94215
-9.71358
-9.98197
-10.4217
-10.9154
-11.4417
-11.9188
-12.2783
-12.3718
-12.231
-12.0879
-12.227
-12.837
-13.711
-14.6382
-15.5084
-16.259
-17.0262
-17.7607
-17.9549
-17.0735
-15.4123
-14.1317
-13.3963
-13.0822
-12.9617
-12.9281
-12.9112
-12.8562
-12.7965
-12.8028
-12.8677
-12.9235
-12.9431
-12.9384
-12.9354
-12.9495
-12.9693
-12.9572
-12.9604
-12.9993
-13.0342
-13.0363
-13.012
-12.9247
-12.7583
-12.6125
-12.7331
-13.1462
-13.6124
-14.0197
-14.2974
-14.4201
-14.4392
-14.3811
-14.2323
-13.9236
-13.4143
-12.7418
-12.0274
-11.427
-11.0785
-11.0642
-11.266
-11.4963
-11.7164
-11.924
-12.0765
-12.1789
-12.1127
-11.9589
-11.9939
-12.0907
-11.9716
-11.6395
-11.422
-11.4413
-11.4037
-11.144
-10.7656
-10.454
-10.2514
-10.5878
-11.3149
-11.9966
-12.6515
-13.1928
-13.5362
-13.6013
-13.5007
-13.36
-13.5018
-14.0836
-14.8735
-15.6414
-16.3641
-17.0615
-17.866
-18.6986
-18.6816
-17.4654
-15.8346
-14.6701
-14.0188
-13.7018
-13.5574
-13.4948
-13.4313
-13.362
-13.3173
-13.3298
-13.4082
-13.5262
-13.6304
-13.6784
-13.7034
-13.725
-13.7358
-13.6977
-13.6461
-13.6242
-13.6102
-13.5647
-13.4901
-13.3666
-13.1656
-13.0035
-12.6032
-12.9766
-13.4918
-14.0143
-14.424
-14.698
-14.8247
-14.8125
-14.6523
-14.2942
-13.7316
-13.026
-12.2743
-11.6462
-11.323
-11.3553
-11.6443
-11.9441
-12.1756
-12.3912
-12.6313
-12.8084
-12.7633
-12.6133
-12.6202
-12.7016
-12.5992
-12.2123
-11.8931
-11.8929
-12.0006
-11.7658
-11.3188
-11.1216
-11.0746
-11.2746
-12.3693
-13.1013
-13.8369
-14.3849
-14.685
-14.793
-14.7406
-14.619
-14.7197
-15.1569
-15.7426
-16.2929
-16.8049
-17.361
-17.9813
-18.4658
-18.204
-17.1732
-15.9407
-15.077
-14.5669
-14.2785
-14.1209
-14.0337
-13.9658
-13.908
-13.8805
-13.9058
-14.0159
-14.2011
-14.3563
-14.4274
-14.4724
-14.5253
-14.5455
-14.5051
-14.4175
-14.3235
-14.2301
-14.1424
-14.0544
-13.9348
-13.7556
-13.5928
-12.4384
-12.8031
-13.3489
-13.9494
-14.5158
-14.9729
-15.2538
-15.3291
-15.1827
-14.7969
-14.2004
-13.4699
-12.7069
-12.0787
-11.7767
-11.848
-12.1123
-12.4622
-12.7123
-12.9712
-13.2927
-13.4649
-13.3989
-13.291
-13.2744
-13.2956
-13.2176
-12.9252
-12.6776
-12.6381
-12.9941
-13.0639
-12.5491
-12.3273
-12.4977
-12.6829
-13.6316
-14.3098
-15.0663
-15.5782
-15.8089
-15.9399
-15.9216
-15.8184
-15.8247
-16.0699
-16.3902
-16.7252
-17.0163
-17.3444
-17.6645
-17.7372
-17.3413
-16.6657
-15.9447
-15.4065
-15.0467
-14.8171
-14.677
-14.5897
-14.5261
-14.4806
-14.4746
-14.5237
-14.6799
-14.9009
-15.0474
-15.1057
-15.1608
-15.2604
-15.322
-15.3153
-15.2433
-15.1076
-14.9266
-14.7706
-14.6636
-14.5637
-14.4476
-14.3319
-12.3952
-12.7684
-13.3597
-14.065
-14.7717
-15.3962
-15.8316
-16.0362
-15.9787
-15.6489
-15.069
-14.3166
-13.5411
-12.9061
-12.5725
-12.6023
-12.8725
-13.2119
-13.4597
-13.6877
-13.9306
-14.0772
-14.0431
-13.9687
-13.9351
-13.9319
-13.9044
-13.806
-13.6735
-13.6704
-13.9979
-14.2981
-13.9892
-13.9566
-14.4049
-14.642
-15.0003
-15.6224
-16.358
-16.8201
-16.9524
-17.022
-17.0094
-16.8973
-16.7885
-16.8599
-16.9876
-17.1392
-17.2695
-17.3949
-17.4689
-17.3532
-17.0003
-16.5451
-16.1197
-15.783
-15.5313
-15.3563
-15.24
-15.1617
-15.1089
-15.0752
-15.0936
-15.1769
-15.3551
-15.5553
-15.6635
-15.7119
-15.7802
-15.8928
-16.0015
-16.0595
-16.0387
-15.9077
-15.6818
-15.4553
-15.3051
-15.2219
-15.1553
-15.0751
-12.579
-12.9755
-13.6635
-14.4913
-15.357
-16.1551
-16.779
-17.1524
-17.2147
-16.9615
-16.4083
-15.6644
-14.8654
-14.1667
-13.7261
-13.6452
-13.8978
-14.198
-14.3715
-14.5168
-14.6481
-14.7459
-14.7545
-14.71
-14.6736
-14.652
-14.6638
-14.6555
-14.6282
-14.6666
-14.84
-15.0931
-15.112
-15.2895
-15.7727
-16.0079
-16.0253
-16.6984
-17.5315
-18.0036
-18.07
-18.009
-17.9479
-17.8045
-17.6176
-17.5657
-17.586
-17.5927
-17.6276
-17.63
-17.5685
-17.3893
-17.0997
-16.774
-16.4757
-16.2302
-16.0399
-15.9019
-15.8053
-15.7385
-15.697
-15.685
-15.723
-15.8348
-15.9955
-16.1567
-16.227
-16.2838
-16.3693
-16.4788
-16.6065
-16.7123
-16.7428
-16.6421
-16.4094
-16.148
-15.9589
-15.877
-15.8335
-15.7886
-13.1127
-13.5467
-14.3289
-15.2986
-16.367
-17.3635
-18.1425
-18.6141
-18.7195
-18.4644
-17.9198
-17.1651
-16.3502
-15.6255
-15.0995
-14.8703
-15.0099
-15.1345
-15.2076
-15.2957
-15.3844
-15.4504
-15.4675
-15.4325
-15.4086
-15.3949
-15.3907
-15.381
-15.3902
-15.4507
-15.5607
-15.7323
-15.8405
-16.0386
-16.3568
-16.5897
-16.5164
-17.2277
-18.1874
-18.8132
-18.9088
-18.7729
-18.6444
-18.4941
-18.3103
-18.1924
-18.1511
-18.0755
-18.0487
-17.9815
-17.851
-17.6518
-17.4032
-17.1442
-16.9082
-16.7123
-16.5597
-16.4469
-16.3669
-16.3139
-16.2873
-16.2917
-16.3437
-16.4532
-16.5927
-16.7152
-16.7709
-16.8432
-16.9422
-17.0464
-17.1537
-17.2617
-17.3261
-17.2588
-17.0502
-16.7815
-16.5817
-16.4922
-16.4508
-16.4445
-14.0738
-14.5635
-15.401
-16.5024
-17.7587
-18.9017
-19.7315
-20.1929
-20.2765
-20.0021
-19.4331
-18.6411
-17.7841
-17.016
-16.4211
-16.0394
-15.9727
-15.9404
-15.9407
-15.9824
-16.0512
-16.101
-16.1144
-16.0876
-16.0677
-16.0751
-16.0762
-16.0719
-16.0869
-16.1437
-16.2474
-16.3632
-16.43
-16.5247
-16.6841
-16.7149
-16.6612
-17.2684
-18.1959
-18.9635
-19.2683
-19.2307
-19.0855
-18.9785
-18.8767
-18.7692
-18.7161
-18.619
-18.5216
-18.4047
-18.237
-18.0308
-17.8066
-17.5845
-17.3839
-17.2172
-17.087
-16.9907
-16.9242
-16.8846
-16.8708
-16.8865
-16.9426
-17.0347
-17.1638
-17.2505
-17.3151
-17.4027
-17.5077
-17.5942
-17.6613
-17.7346
-17.794
-17.7399
-17.5736
-17.3397
-17.1729
-17.0784
-17.0101
-17.0496
-15.4188
-15.9245
-16.8032
-17.9948
-19.3581
-20.5231
-21.3431
-21.7695
-21.8521
-21.6167
-21.0395
-20.1752
-19.2115
-18.3085
-17.5872
-17.086
-16.8135
-16.7092
-16.6676
-16.6653
-16.6899
-16.7111
-16.7127
-16.7022
-16.7011
-16.7147
-16.7301
-16.7496
-16.7726
-16.8226
-16.9106
-16.9887
-17.0318
-17.1224
-17.107
-16.8888
-16.8242
-17.2089
-18.0008
-18.8513
-19.3165
-19.4023
-19.3583
-19.353
-19.3976
-19.3802
-19.3372
-19.2359
-19.0571
-18.8879
-18.6942
-18.4845
-18.273
-18.0705
-17.8897
-17.7395
-17.6221
-17.5361
-17.4789
-17.4483
-17.4427
-17.4636
-17.5162
-17.5977
-17.7184
-17.7842
-17.8665
-17.9741
-18.0865
-18.1556
-18.1827
-18.1978
-18.2083
-18.1544
-18.0315
-17.8584
-17.777
-17.6903
-17.5746
-17.6278
-16.957
-17.4423
-18.3323
-19.5604
-20.9181
-22.0621
-22.8624
-23.284
-23.3834
-23.1694
-22.5859
-21.643
-20.537
-19.4847
-18.5988
-17.9953
-17.6297
-17.4773
-17.4044
-17.3689
-17.3611
-17.3619
-17.358
-17.3506
-17.3496
-17.3587
-17.3733
-17.3941
-17.4156
-17.4532
-17.5209
-17.5997
-17.6469
-17.7213
-17.7486
-17.5462
-17.4246
-17.6566
-18.2593
-19.0097
-19.4855
-19.593
-19.6565
-19.7851
-19.9778
-20.0837
-20.0787
-19.9564
-19.71
-19.443
-19.2068
-18.9896
-18.7814
-18.586
-18.4148
-18.2731
-18.1626
-18.0821
-18.0298
-18.0034
-18.0011
-18.0225
-18.0704
-18.1475
-18.2523
-18.3205
-18.425
-18.5603
-18.687
-18.7448
-18.7384
-18.7026
-18.6643
-18.5959
-18.5032
-18.3747
-18.3649
-18.3042
-18.1435
-18.1632
-18.4317
-18.9183
-19.7962
-21.0014
-22.2935
-23.4045
-24.1827
-24.5901
-24.6717
-24.4528
-23.8695
-22.889
-21.6555
-20.4629
-19.4409
-18.7651
-18.4195
-18.2401
-18.1427
-18.0856
-18.0605
-18.0524
-18.0462
-18.0363
-18.0256
-18.0188
-18.0187
-18.0233
-18.0303
-18.0487
-18.1065
-18.2077
-18.2914
-18.3729
-18.4783
-18.5272
-18.5686
-18.7753
-19.0993
-19.5987
-20.0172
-20.0955
-20.203
-20.4215
-20.6875
-20.8991
-20.9771
-20.8456
-20.5367
-20.1259
-19.7857
-19.5357
-19.3215
-19.1211
-18.9509
-18.8114
-18.7031
-18.6246
-18.5734
-18.5474
-18.5445
-18.5637
-18.6071
-18.6784
-18.769
-18.86
-18.9807
-19.1447
-19.2866
-19.3414
-19.3155
-19.2412
-19.1671
-19.0835
-18.9859
-18.9186
-18.9143
-18.8413
-18.6677
-18.6418
-19.6436
-20.1965
-21.0486
-22.1729
-23.389
-24.4541
-25.1969
-25.5575
-25.5831
-25.3258
-24.7452
-23.767
-22.5217
-21.2575
-20.1669
-19.4658
-19.1508
-18.9752
-18.8621
-18.7945
-18.763
-18.7523
-18.7452
-18.7322
-18.7121
-18.6875
-18.6735
-18.6642
-18.6613
-18.6728
-18.731
-18.8611
-19.0046
-19.0884
-19.1887
-19.381
-19.6197
-19.8052
-20.0164
-20.3755
-20.7918
-20.8919
-20.976
-21.2105
-21.5035
-21.78
-21.9202
-21.8649
-21.5354
-20.9984
-20.4688
-20.1224
-19.8844
-19.6669
-19.4896
-19.3477
-19.2379
-19.1584
-19.1058
-19.0776
-19.0715
-19.0866
-19.1244
-19.1887
-19.2753
-19.3771
-19.5107
-19.6979
-19.8467
-19.9071
-19.8696
-19.7752
-19.6748
-19.5748
-19.4594
-19.442
-19.4059
-19.2968
-19.1771
-19.1352
-20.436
-21.2046
-22.0034
-23.0211
-24.1397
-25.1319
-25.8325
-26.1425
-26.1119
-25.8061
-25.2088
-24.2565
-23.0891
-21.858
-20.7993
-20.1435
-19.8332
-19.663
-19.5443
-19.4724
-19.4384
-19.4252
-19.4151
-19.3985
-19.3743
-19.349
-19.3207
-19.3046
-19.3025
-19.3231
-19.388
-19.5309
-19.7176
-19.8351
-19.9241
-20.0872
-20.3643
-20.5928
-20.8134
-21.1467
-21.5261
-21.6551
-21.7116
-21.9595
-22.2658
-22.5643
-22.7609
-22.8041
-22.5846
-22.0127
-21.2893
-20.7527
-20.4522
-20.2142
-20.023
-19.8757
-19.7617
-19.6794
-19.6235
-19.5913
-19.5803
-19.5895
-19.6203
-19.6768
-19.7593
-19.8619
-20.0058
-20.1956
-20.3464
-20.4032
-20.3714
-20.2733
-20.1555
-20.0383
-19.9185
-19.8877
-19.8034
-19.6817
-19.627
-19.6003
-20.909
-21.8161
-22.6511
-23.5848
-24.5469
-25.4201
-26.055
-26.3215
-26.2593
-25.9227
-25.3011
-24.3962
-23.3418
-22.2313
-21.2926
-20.7575
-20.4668
-20.2967
-20.1777
-20.1037
-20.0652
-20.045
-20.0273
-20.0047
-19.9764
-19.9476
-19.9246
-19.9172
-19.925
-19.9623
-20.0383
-20.1734
-20.3633
-20.5267
-20.6439
-20.7771
-20.9665
-21.2088
-21.4811
-21.8051
-22.0635
-22.1801
-22.2917
-22.5654
-22.8804
-23.1891
-23.4223
-23.5186
-23.4181
-22.9829
-22.1965
-21.4428
-21.0171
-20.7541
-20.5444
-20.3894
-20.2702
-20.184
-20.1241
-20.0869
-20.0698
-20.0715
-20.0932
-20.1389
-20.2114
-20.3079
-20.4499
-20.6322
-20.7782
-20.8354
-20.812
-20.7219
-20.6003
-20.4738
-20.3564
-20.2928
-20.1797
-20.0816
-20.0598
-20.0458
-21.2262
-22.0764
-23.0442
-23.9067
-24.6758
-25.3721
-25.8988
-26.1324
-26.0851
-25.7649
-25.1554
-24.3241
-23.3847
-22.4401
-21.6924
-21.2772
-21.0355
-20.8759
-20.762
-20.6881
-20.6441
-20.6156
-20.5902
-20.5632
-20.5329
-20.5054
-20.4863
-20.4848
-20.5157
-20.578
-20.6763
-20.8162
-20.9946
-21.1728
-21.3123
-21.4474
-21.6024
-21.7812
-22.0174
-22.2749
-22.4751
-22.5897
-22.7292
-23.002
-23.319
-23.6171
-23.8642
-23.9947
-23.9575
-23.6993
-23.0291
-22.1649
-21.5824
-21.2721
-21.0472
-20.8841
-20.761
-20.6709
-20.6069
-20.5644
-20.5402
-20.5332
-20.5436
-20.5748
-20.6303
-20.7127
-20.838
-21.0043
-21.1439
-21.2065
-21.1982
-21.1263
-21.0157
-20.8986
-20.801
-20.7236
-20.6179
-20.5552
-20.545
-20.5218
-21.5898
-22.2017
-23.243
-24.0608
-24.6815
-25.2062
-25.6004
-25.795
-25.748
-25.4338
-24.8627
-24.134
-23.33
-22.5707
-22.0492
-21.743
-21.5518
-21.4121
-21.309
-21.2386
-21.1931
-21.1603
-21.1326
-21.1067
-21.0824
-21.0624
-21.0536
-21.0656
-21.1097
-21.1916
-21.3122
-21.4696
-21.6525
-21.8266
-21.9664
-22.1136
-22.2563
-22.3613
-22.4672
-22.6872
-22.8635
-22.9359
-23.043
-23.2926
-23.6005
-23.8794
-24.1097
-24.2617
-24.2752
-24.1224
-23.6597
-22.8434
-22.143
-21.7583
-21.5267
-21.3578
-21.2331
-21.1403
-21.0729
-21.0252
-20.9938
-20.9769
-20.9744
-20.9882
-21.0218
-21.0806
-21.1762
-21.3158
-21.4461
-21.5179
-21.5314
-21.489
-21.406
-21.315
-21.2545
-21.1834
-21.1036
-21.0687
-21.059
-21.0364
-22.1414
-22.5053
-23.357
-24.0769
-24.5979
-25.0034
-25.2824
-25.3964
-25.3087
-24.9866
-24.4824
-23.8844
-23.2654
-22.7315
-22.3994
-22.1853
-22.0371
-21.921
-21.8332
-21.7708
-21.7293
-21.699
-21.6753
-21.6561
-21.6419
-21.6351
-21.6413
-21.6707
-21.7343
-21.8364
-21.9714
-22.1342
-22.3143
-22.4765
-22.6034
-22.7391
-22.8662
-22.9233
-22.9372
-23.075
-23.1895
-23.2142
-23.278
-23.4863
-23.7724
-24.0346
-24.2414
-24.389
-24.4312
-24.3551
-24.1039
-23.4088
-22.6868
-22.2205
-21.9828
-21.8116
-21.6877
-21.5945
-21.525
-21.4731
-21.4346
-21.4074
-21.3908
-21.3854
-21.3936
-21.4207
-21.4786
-21.5798
-21.693
-21.7722
-21.8107
-21.8092
-21.7738
-21.7303
-21.7022
-21.6557
-21.5922
-21.5566
-21.5639
-21.5525
-22.8633
-23.0719
-23.4764
-23.9149
-24.3007
-24.613
-24.8163
-24.8753
-24.7707
-24.508
-24.1196
-23.6827
-23.2611
-22.9662
-22.7683
-22.6217
-22.5075
-22.4151
-22.3447
-22.2943
-22.2603
-22.2373
-22.2207
-22.2102
-22.2073
-22.2144
-22.2364
-22.2834
-22.3653
-22.4844
-22.6306
-22.7909
-22.9478
-23.0699
-23.1633
-23.281
-23.3967
-23.44
-23.4624
-23.484
-23.5166
-23.4765
-23.4919
-23.6531
-23.9034
-24.146
-24.3309
-24.4583
-24.5166
-24.4833
-24.331
-23.8753
-23.1914
-22.6629
-22.4148
-22.2481
-22.1276
-22.0372
-21.9676
-21.9129
-21.8684
-21.8314
-21.8005
-21.7752
-21.7561
-21.7478
-21.7625
-21.8178
-21.9064
-21.9919
-22.0593
-22.1097
-22.1395
-22.1592
-22.1567
-22.1208
-22.0551
-22.0013
-22.0246
-22.0318
-23.5643
-23.6451
-23.5905
-23.616
-23.777
-23.9785
-24.1404
-24.2302
-24.2141
-24.0853
-23.8561
-23.5958
-23.3945
-23.2681
-23.1507
-23.0534
-22.97
-22.9012
-22.8488
-22.8117
-22.7875
-22.7729
-22.7643
-22.7627
-22.77
-22.7887
-22.8239
-22.8847
-22.979
-23.106
-23.251
-23.3949
-23.5007
-23.5426
-23.5994
-23.7368
-23.8743
-23.9321
-23.9529
-23.9261
-23.8943
-23.8098
-23.7544
-23.8522
-24.0652
-24.2765
-24.4298
-24.5226
-24.5681
-24.5539
-24.4553
-24.1893
-23.6239
-23.0932
-22.8217
-22.6688
-22.5571
-22.4725
-22.4058
-22.3506
-22.302
-22.2568
-22.2128
-22.1685
-22.1223
-22.0775
-22.0455
-22.049
-22.1074
-22.2027
-22.3114
-22.4253
-22.5264
-22.5958
-22.6162
-22.5842
-22.5099
-22.4572
-22.4802
-22.4895
-24.0457
-24.0321
-23.713
-23.3773
-23.2649
-23.3176
-23.4624
-23.6571
-23.8246
-23.876
-23.8089
-23.7188
-23.6735
-23.6151
-23.5516
-23.4881
-23.4311
-23.3841
-23.3485
-23.3242
-23.3101
-23.3036
-23.3028
-23.3095
-23.3253
-23.3528
-23.3972
-23.4664
-23.5655
-23.6879
-23.8125
-23.9131
-23.9622
-23.9019
-23.9538
-24.1594
-24.3425
-24.4005
-24.4034
-24.3866
-24.3122
-24.2197
-24.1273
-24.1428
-24.2969
-24.4745
-24.5835
-24.6253
-24.6328
-24.6142
-24.546
-24.383
-23.9667
-23.4907
-23.2145
-23.0775
-22.9807
-22.9055
-22.8448
-22.7917
-22.7418
-22.6913
-22.6372
-22.5768
-22.507
-22.4274
-22.3475
-22.2953
-22.3099
-22.3995
-22.5554
-22.7429
-22.9306
-23.0836
-23.2051
-23.2382
-23.1285
-23.0119
-22.9872
-22.9893
-24.301
-24.2561
-23.8728
-23.3751
-23.045
-22.9289
-23.0593
-23.3987
-23.7871
-23.9914
-24.0156
-24.024
-24.0209
-24.0007
-23.9673
-23.9294
-23.895
-23.8665
-23.8454
-23.8325
-23.8274
-23.8284
-23.8351
-23.8489
-23.8714
-23.9048
-23.9545
-24.027
-24.1242
-24.2319
-24.3281
-24.3933
-24.4342
-24.3768
-24.484
-24.7512
-24.942
-24.9417
-24.8828
-24.8403
-24.7435
-24.6527
-24.5714
-24.5466
-24.627
-24.7499
-24.8136
-24.7908
-24.7404
-24.6935
-24.6312
-24.511
-24.2388
-23.8501
-23.5981
-23.4806
-23.4032
-23.341
-23.2892
-23.2415
-23.1935
-23.1413
-23.0815
-23.0104
-22.9237
-22.8175
-22.6951
-22.5859
-22.5335
-22.5894
-22.7729
-23.051
-23.4152
-23.8753
-24.3958
-24.7164
-24.572
-24.1462
-23.7413
-23.629
-24.455
-24.4252
-24.1131
-23.6481
-23.2116
-22.9589
-23.0637
-23.5507
-24.1002
-24.3439
-24.3845
-24.394
-24.4146
-24.415
-24.3993
-24.3809
-24.3639
-24.3498
-24.3405
-24.3372
-24.3397
-24.3474
-24.3607
-24.3802
-24.4078
-24.445
-24.497
-24.5692
-24.6608
-24.7516
-24.8267
-24.868
-24.9522
-25.0615
-25.2228
-25.4985
-25.6303
-25.5394
-25.3809
-25.2624
-25.1658
-25.09
-25.0199
-24.9947
-25.0374
-25.1053
-25.112
-25.017
-24.9081
-24.8236
-24.7534
-24.6555
-24.4837
-24.1855
-23.9777
-23.8857
-23.83
-23.7834
-23.743
-23.7036
-23.6609
-23.6112
-23.5508
-23.4757
-23.3812
-23.2629
-23.1079
-22.9605
-22.854
-22.8548
-23.0383
-23.4236
-24.0698
-25.0206
-26.085
-26.8282
-26.8987
-26.2155
-25.1695
-24.598
-24.6392
-24.6427
-24.4523
-24.1358
-23.7286
-23.4847
-23.601
-24.0892
-24.579
-24.7736
-24.8008
-24.8212
-24.8435
-24.8511
-24.8486
-24.8433
-24.838
-24.8343
-24.8341
-24.8384
-24.8474
-24.8609
-24.8797
-24.9041
-24.9355
-24.9752
-25.0273
-25.0971
-25.1817
-25.2611
-25.3257
-25.358
-25.464
-25.6973
-25.8156
-26.0516
-26.1458
-26.0341
-25.8202
-25.6252
-25.5066
-25.4432
-25.4373
-25.4442
-25.471
-25.4911
-25.4258
-25.2867
-25.1375
-25.0157
-24.93
-24.8527
-24.7339
-24.5192
-24.3636
-24.2998
-24.2658
-24.2362
-24.2088
-24.18
-24.1458
-24.103
-24.0477
-23.9755
-23.8816
-23.7591
-23.6021
-23.4315
-23.2956
-23.271
-23.4538
-23.9451
-24.8322
-26.0975
-27.4455
-28.4005
-28.5906
-28.0465
-26.9222
-25.8401
-24.918
-24.941
-24.8661
-24.7539
-24.5202
-24.4877
-24.6171
-24.8748
-25.1321
-25.2391
-25.2617
-25.2785
-25.2977
-25.3084
-25.3123
-25.3142
-25.3162
-25.3199
-25.3264
-25.3368
-25.3512
-25.3696
-25.3929
-25.4218
-25.4564
-25.4981
-25.5494
-25.6158
-25.6945
-25.7676
-25.8256
-25.8684
-25.9532
-26.1642
-26.2611
-26.3563
-26.4249
-26.3386
-26.1485
-25.9227
-25.7548
-25.7019
-25.7571
-25.8397
-25.8657
-25.8441
-25.7488
-25.5922
-25.4109
-25.2555
-25.1469
-25.09
-25.0081
-24.8686
-24.7633
-24.7277
-24.7138
-24.7008
-24.6874
-24.671
-24.6482
-24.6163
-24.5717
-24.5103
-24.4275
-24.3164
-24.1716
-24.0081
-23.8769
-23.8607
-24.0594
-24.6215
-25.5887
-26.8938
-28.2602
-29.2341
-29.4737
-28.9965
-27.8939
-26.7415
-25.2961
-25.3249
-25.3279
-25.391
-25.4789
-25.6325
-25.7141
-25.7241
-25.7187
-25.7362
-25.7534
-25.7623
-25.7703
-25.7781
-25.7844
-25.7902
-25.7971
-25.806
-25.8177
-25.8329
-25.8516
-25.8744
-25.9018
-25.9346
-25.9727
-26.0172
-26.0689
-26.1327
-26.2043
-26.2724
-26.3283
-26.3903
-26.4494
-26.5807
-26.7019
-26.6797
-26.6287
-26.6303
-26.4901
-26.2964
-26.1476
-26.0892
-26.1263
-26.198
-26.2401
-26.2077
-26.0999
-25.9236
-25.717
-25.534
-25.4008
-25.3599
-25.3235
-25.2427
-25.1821
-25.1716
-25.1751
-25.1774
-25.1781
-25.1751
-25.166
-25.1485
-25.1198
-25.0768
-25.0158
-24.9312
-24.8192
-24.6945
-24.6029
-24.6229
-24.854
-25.4019
-26.3037
-27.4418
-28.5872
-29.373
-29.5041
-28.9469
-27.8437
-26.7568
-25.7225
-25.8417
-25.8427
-26.0564
-26.3788
-26.5677
-26.5968
-26.4425
-26.2804
-26.2424
-26.2456
-26.2454
-26.2464
-26.2523
-26.2602
-26.2689
-26.2794
-26.2923
-26.308
-26.327
-26.3495
-26.376
-26.4072
-26.4436
-26.4857
-26.5336
-26.5891
-26.6525
-26.7186
-26.778
-26.8354
-26.9093
-26.9753
-27.0517
-27.1271
-27.1362
-27.0938
-27.1048
-27.1022
-27.0482
-26.9284
-26.7579
-26.6885
-26.7079
-26.7096
-26.6418
-26.4916
-26.2837
-26.0559
-25.8567
-25.7184
-25.6958
-25.6911
-25.6485
-25.6236
-25.6324
-25.6495
-25.6652
-25.6791
-25.6897
-25.6956
-25.6952
-25.6868
-25.6686
-25.6386
-25.5948
-25.5366
-25.4799
-25.4635
-25.5508
-25.8178
-26.3229
-27.0518
-27.8855
-28.615
-29.0015
-28.8051
-28.0001
-26.9057
-25.9548
-26.1865
-26.335
-26.4624
-26.7647
-27.0822
-27.2453
-27.2149
-26.9866
-26.7884
-26.7268
-26.7208
-26.7194
-26.7207
-26.7275
-26.7375
-26.7491
-26.7627
-26.7787
-26.7976
-26.8195
-26.8451
-26.8747
-26.9091
-26.949
-26.9951
-27.0477
-27.1083
-27.1765
-27.2429
-27.2974
-27.3493
-27.4226
-27.5117
-27.5755
-27.6168
-27.6474
-27.6661
-27.7075
-27.8429
-27.9364
-27.8802
-27.6903
-27.436
-27.3391
-27.266
-27.1234
-26.9114
-26.662
-26.4193
-26.2142
-26.1043
-26.0977
-26.1032
-26.0839
-26.0856
-26.1086
-26.136
-26.1627
-26.1883
-26.212
-26.2331
-26.2511
-26.2656
-26.2766
-26.2848
-26.2926
-26.3056
-26.3399
-26.4325
-26.6261
-26.9509
-27.4196
-27.9698
-28.4624
-28.7417
-28.6765
-28.1516
-27.184
-26.0113
-25.166
-26.6997
-26.7855
-26.9632
-27.2365
-27.4888
-27.5889
-27.5296
-27.3714
-27.231
-27.1839
-27.1819
-27.1867
-27.1934
-27.2034
-27.216
-27.2304
-27.2466
-27.2652
-27.2863
-27.3106
-27.3384
-27.3704
-27.4073
-27.4499
-27.4993
-27.556
-27.6211
-27.6993
-27.7733
-27.8381
-27.8914
-27.957
-28.0381
-28.112
-28.1414
-28.1894
-28.2679
-28.3494
-28.4563
-28.5224
-28.4968
-28.3877
-28.1346
-27.9229
-27.8054
-27.6007
-27.3317
-27.0446
-26.7962
-26.603
-26.5414
-26.5457
-26.5494
-26.5463
-26.5661
-26.5984
-26.6331
-26.6683
-26.7036
-26.7389
-26.7743
-26.8104
-26.8484
-26.8905
-26.9405
-27.0059
-27.1007
-27.2457
-27.4741
-27.8036
-28.2228
-28.6865
-29.0926
-29.3044
-29.2217
-28.8114
-28.0689
-27.0022
-25.7733
-24.9699
-27.258
-27.2794
-27.3851
-27.5624
-27.7363
-27.8056
-27.7773
-27.7017
-27.6493
-27.6363
-27.6445
-27.6563
-27.6681
-27.6813
-27.6963
-27.7129
-27.7312
-27.7515
-27.7743
-27.8
-27.8292
-27.8626
-27.9009
-27.945
-27.9961
-28.0555
-28.1249
-28.2065
-28.2939
-28.3808
-28.4662
-28.5434
-28.6209
-28.7208
-28.7842
-28.8477
-28.9323
-29.0272
-29.0379
-28.9451
-28.8179
-28.6954
-28.543
-28.3906
-28.283
-28.061
-27.7345
-27.4234
-27.1774
-27.04
-27.0132
-27.0248
-27.0246
-27.0346
-27.0635
-27.1
-27.1391
-27.1801
-27.2229
-27.2676
-27.3154
-27.3679
-27.4278
-27.4997
-27.5911
-27.7144
-27.8936
-28.1607
-28.5426
-29.0285
-29.5622
-30.049
-30.3599
-30.3615
-30.0206
-29.3927
-28.5305
-27.4691
-26.3073
-25.5864
-27.8197
-27.8231
-27.8811
-27.9721
-28.0552
-28.1001
-28.11
-28.1012
-28.0967
-28.1043
-28.1172
-28.1316
-28.1463
-28.1619
-28.1787
-28.1967
-28.2163
-28.2378
-28.2614
-28.2878
-28.3175
-28.3512
-28.3896
-28.4336
-28.4844
-28.5438
-28.6132
-28.6957
-28.7924
-28.9037
-29.036
-29.1767
-29.3251
-29.4945
-29.6919
-29.8049
-29.8551
-29.859
-29.714
-29.3897
-29.0825
-28.8958
-28.8145
-28.7831
-28.7236
-28.4727
-28.1045
-27.7993
-27.5979
-27.5219
-27.5138
-27.5182
-27.5219
-27.5421
-27.5737
-27.6112
-27.6525
-27.6968
-27.7444
-27.7961
-27.8534
-27.919
-27.9972
-28.0945
-28.2221
-28.3977
-28.6542
-29.037
-29.5691
-30.2102
-30.87
-31.4046
-31.6564
-31.4986
-30.9817
-30.2305
-29.3308
-28.3368
-27.3513
-26.7845
-28.3643
-28.3722
-28.4095
-28.4628
-28.508
-28.5356
-28.5504
-28.5599
-28.5695
-28.582
-28.5966
-28.6124
-28.6286
-28.6454
-28.6631
-28.6819
-28.7021
-28.7239
-28.7477
-28.774
-28.8033
-28.8362
-28.8734
-28.9158
-28.9646
-29.0213
-29.0878
-29.1678
-29.2675
-29.3968
-29.573
-29.8009
-30.0678
-30.3641
-30.6651
-30.8577
-30.9081
-30.7783
-30.4149
-29.8801
-29.4043
-29.1317
-29.122
-29.1753
-29.136
-28.7941
-28.4589
-28.2069
-28.0774
-28.0356
-28.0291
-28.0282
-28.0401
-28.0623
-28.0932
-28.1303
-28.1717
-28.2171
-28.2671
-28.3227
-28.3861
-28.4607
-28.5517
-28.6673
-28.8213
-29.036
-29.3515
-29.823
-30.4698
-31.2435
-32.0643
-32.6571
-32.8438
-32.563
-31.9404
-31.1359
-30.2392
-29.323
-28.4883
-28.0355
-28.8972
-28.9065
-28.9306
-28.9631
-28.9921
-29.0126
-29.0275
-29.0404
-29.0542
-29.0672
-29.082
-29.0979
-29.1144
-29.1316
-29.1496
-29.1685
-29.1886
-29.2101
-29.2334
-29.2588
-29.2869
-29.3181
-29.3531
-29.3926
-29.4377
-29.4899
-29.5515
-29.6263
-29.7238
-29.8599
-30.0678
-30.3599
-30.742
-31.1848
-31.585
-31.8114
-31.7909
-31.6208
-31.0284
-30.3438
-29.789
-29.5165
-29.5161
-29.5531
-29.4381
-29.1306
-28.8509
-28.6732
-28.5897
-28.5613
-28.5513
-28.5553
-28.5684
-28.5906
-28.6203
-28.6556
-28.6954
-28.7399
-28.7899
-28.8467
-28.9126
-28.9914
-29.0889
-29.2139
-29.3814
-29.6159
-29.9613
-30.4783
-31.1829
-32.0622
-33.0088
-33.6287
-33.7556
-33.4104
-32.7632
-31.9654
-31.0859
-30.2172
-29.4597
-29.0188
-29.4215
-29.4288
-29.4447
-29.4648
-29.4844
-29.501
-29.5153
-29.5289
-29.5427
-29.5566
-29.5714
-29.587
-29.6032
-29.6201
-29.6377
-29.6562
-29.6757
-29.6964
-29.7187
-29.7427
-29.7689
-29.7977
-29.8296
-29.8652
-29.9055
-29.9514
-30.0062
-30.0728
-30.1602
-30.2931
-30.5081
-30.8338
-31.3011
-31.894
-32.4989
-32.7389
-32.7241
-32.5356
-31.7518
-30.8714
-30.3174
-30.0682
-29.9953
-29.9231
-29.7253
-29.4977
-29.2968
-29.1698
-29.1129
-29.0911
-29.0874
-29.093
-29.1061
-29.1266
-29.1535
-29.1855
-29.2223
-29.2642
-29.3121
-29.3675
-29.4326
-29.5112
-29.6089
-29.7345
-29.9021
-30.1348
-30.4766
-30.9883
-31.6945
-32.6196
-33.5933
-34.19
-34.3197
-33.9863
-33.3774
-32.6359
-31.7634
-30.8996
-30.1858
-29.7528
-29.9394
-29.9445
-29.9553
-29.969
-29.9832
-29.9967
-30.0096
-30.0225
-30.0358
-30.0494
-30.0637
-30.0787
-30.0942
-30.1104
-30.1273
-30.145
-30.1635
-30.1831
-30.2039
-30.2261
-30.2501
-30.276
-30.3043
-30.3353
-30.3697
-30.4087
-30.4543
-30.5092
-30.5812
-30.6936
-30.8809
-31.1813
-31.6574
-32.3855
-33.2881
-33.6925
-33.7034
-33.3117
-32.4625
-31.5532
-31.0103
-30.7039
-30.4745
-30.2663
-30.0764
-29.9132
-29.7737
-29.6823
-29.6476
-29.6345
-29.6328
-29.6395
-29.6508
-29.668
-29.6908
-29.7186
-29.7512
-29.7892
-29.8335
-29.8852
-29.9467
-30.0213
-30.1139
-30.232
-30.3873
-30.6004
-30.9105
-31.3677
-32.0119
-32.8706
-33.7764
-34.3634
-34.5276
-34.2762
-33.7428
-33.0403
-32.2034
-31.3564
-30.7138
-30.361
-30.4527
-30.4563
-30.4638
-30.4737
-30.4846
-30.496
-30.5075
-30.5193
-30.5316
-30.5445
-30.558
-30.5721
-30.5868
-30.6021
-30.6181
-30.6347
-30.652
-30.6702
-30.6893
-30.7095
-30.731
-30.7539
-30.7783
-30.8045
-30.8329
-30.8642
-30.8997
-30.941
-30.9935
-31.073
-31.2052
-31.4246
-31.7929
-32.432
-33.335
-33.9459
-34
-33.6068
-32.8332
-32.072
-31.5519
-31.1918
-30.8985
-30.6662
-30.5026
-30.3818
-30.2869
-30.2256
-30.201
-30.1901
-30.1909
-30.1929
-30.1998
-30.2124
-30.2302
-30.253
-30.2808
-30.3141
-30.3534
-30.4001
-30.456
-30.5238
-30.6065
-30.7117
-30.8473
-31.0288
-31.284
-31.6515
-32.169
-32.853
-33.6022
-34.1504
-34.3459
-34.1799
-33.7355
-33.103
-32.3447
-31.6247
-31.1314
-30.9181
-30.9631
-30.9656
-30.9711
-30.9786
-30.9874
-30.9969
-31.0071
-31.0178
-31.0292
-31.0411
-31.0537
-31.0668
-31.0805
-31.0948
-31.1096
-31.125
-31.141
-31.1577
-31.1751
-31.1933
-31.2123
-31.2321
-31.2528
-31.2744
-31.2971
-31.3211
-31.3471
-31.3755
-31.4091
-31.4562
-31.532
-31.6597
-31.8782
-32.259
-32.7623
-33.2156
-33.5031
-33.34
-32.8508
-32.3269
-31.9259
-31.6208
-31.3506
-31.1237
-30.9879
-30.9145
-30.8506
-30.8017
-30.7735
-30.7622
-30.7526
-30.7485
-30.7501
-30.7572
-30.7697
-30.7873
-30.8099
-30.8379
-30.8718
-30.9125
-30.9614
-31.0201
-31.0919
-31.1808
-31.2928
-31.4374
-31.6312
-31.8981
-32.264
-32.7318
-33.2376
-33.6426
-33.8266
-33.7263
-33.3818
-32.8787
-32.3139
-31.8212
-31.5193
-31.434
-31.4714
-31.4733
-31.4775
-31.4834
-31.4906
-31.4988
-31.5077
-31.5173
-31.5276
-31.5386
-31.5501
-31.5623
-31.5749
-31.5881
-31.6018
-31.6159
-31.6306
-31.6458
-31.6614
-31.6776
-31.6942
-31.7113
-31.7287
-31.7462
-31.7639
-31.7818
-31.7999
-31.8182
-31.8376
-31.8616
-31.896
-31.9521
-32.0648
-32.2597
-32.5491
-32.8761
-33.1287
-33.134
-32.8944
-32.5674
-32.2991
-32.0845
-31.8668
-31.6487
-31.5249
-31.4833
-31.4373
-31.389
-31.3508
-31.3287
-31.3126
-31.3026
-31.2985
-31.3003
-31.3076
-31.32
-31.3375
-31.3602
-31.3884
-31.4228
-31.4639
-31.5134
-31.573
-31.6453
-31.7336
-31.8432
-31.9817
-32.1603
-32.3918
-32.6712
-32.9548
-33.1704
-33.2729
-33.2013
-32.972
-32.6496
-32.3227
-32.0624
-31.922
-31.9123
-31.9782
-31.9798
-31.983
-31.9879
-31.9939
-32.0009
-32.0087
-32.0173
-32.0266
-32.0365
-32.0471
-32.0582
-32.0698
-32.0819
-32.0944
-32.1073
-32.1206
-32.1343
-32.1483
-32.1626
-32.1772
-32.1918
-32.2062
-32.2205
-32.2342
-32.2475
-32.26
-32.2716
-32.2822
-32.2933
-32.3079
-32.3307
-32.3771
-32.472
-32.6474
-32.9068
-33.177
-33.3032
-33.232
-33.0435
-32.8589
-32.7095
-32.529
-32.2964
-32.1514
-32.0798
-32.0307
-31.9723
-31.9235
-31.8913
-31.8683
-31.8524
-31.8432
-31.8401
-31.8426
-31.8503
-31.863
-31.8805
-31.9031
-31.9311
-31.9649
-32.0052
-32.053
-32.1097
-32.177
-32.2569
-32.3523
-32.4664
-32.601
-32.7489
-32.8855
-32.9782
-32.9994
-32.9352
-32.8009
-32.6359
-32.4915
-32.3967
-32.3559
-32.3704
-32.4838
-32.4851
-32.4878
-32.4917
-32.4969
-32.5029
-32.5098
-32.5174
-32.5257
-32.5347
-32.5443
-32.5544
-32.5649
-32.5759
-32.5873
-32.599
-32.611
-32.6233
-32.6358
-32.6484
-32.6611
-32.6736
-32.6858
-32.6974
-32.7083
-32.7184
-32.7275
-32.7354
-32.742
-32.7482
-32.7559
-32.7674
-32.7925
-32.85
-32.972
-33.1996
-33.5082
-33.724
-33.7541
-33.6612
-33.5435
-33.4258
-33.2477
-33.0081
-32.8164
-32.6985
-32.6179
-32.5434
-32.4854
-32.4455
-32.4168
-32.3961
-32.3826
-32.3754
-32.3739
-32.3774
-32.3857
-32.3986
-32.4161
-32.4382
-32.4649
-32.4968
-32.534
-32.5772
-32.6268
-32.6833
-32.7473
-32.8185
-32.894
-32.9655
-33.0207
-33.0469
-33.0349
-32.9875
-32.9204
-32.8532
-32.811
-32.8046
-32.8162
-32.8281
-32.9883
-32.9894
-32.9916
-32.995
-32.9994
-33.0046
-33.0107
-33.0174
-33.0249
-33.0329
-33.0415
-33.0506
-33.0602
-33.0701
-33.0803
-33.0909
-33.1017
-33.1127
-33.1238
-33.135
-33.1461
-33.1569
-33.1672
-33.1769
-33.1858
-33.194
-33.2013
-33.2077
-33.2135
-33.2195
-33.2273
-33.2393
-33.2631
-33.3155
-33.43
-33.6407
-33.9067
-34.1382
-34.2306
-34.1963
-34.11
-33.9973
-33.8135
-33.6008
-33.3925
-33.263
-33.1709
-33.0927
-33.0319
-32.9885
-32.9564
-32.9327
-32.9161
-32.9058
-32.901
-32.9011
-32.9057
-32.9145
-32.9274
-32.9442
-32.9647
-32.9891
-33.0172
-33.0491
-33.0846
-33.1236
-33.1654
-33.2087
-33.2503
-33.2837
-33.3027
-33.3025
-33.2843
-33.2555
-33.2273
-33.2095
-33.2116
-33.2396
-33.2778
-33.2868
-33.4919
-33.4928
-33.4947
-33.4976
-33.5014
-33.5059
-33.5112
-33.5172
-33.5238
-33.531
-33.5388
-33.5469
-33.5555
-33.5644
-33.5736
-33.583
-33.5927
-33.6025
-33.6123
-33.6222
-33.6319
-33.6413
-33.6503
-33.6587
-33.6663
-33.6734
-33.68
-33.6863
-33.6928
-33.7006
-33.7114
-33.7277
-33.7571
-33.8095
-33.9097
-34.0783
-34.2803
-34.4565
-34.5563
-34.5585
-34.4905
-34.3734
-34.2386
-34.0639
-33.9012
-33.7826
-33.694
-33.6212
-33.5636
-33.5203
-33.4872
-33.4619
-33.4436
-33.4311
-33.4239
-33.4213
-33.4229
-33.4283
-33.4372
-33.4493
-33.4646
-33.4826
-33.5032
-33.526
-33.5507
-33.5767
-33.6032
-33.6286
-33.6506
-33.6663
-33.6713
-33.6645
-33.6488
-33.6311
-33.6199
-33.6217
-33.6392
-33.6744
-33.721
-33.7345
-33.9947
-33.9955
-33.9971
-33.9996
-34.0028
-34.0068
-34.0114
-34.0167
-34.0226
-34.029
-34.0358
-34.0431
-34.0507
-34.0587
-34.0669
-34.0753
-34.0839
-34.0926
-34.1013
-34.11
-34.1185
-34.1268
-34.1348
-34.1422
-34.1491
-34.1556
-34.162
-34.1688
-34.1766
-34.1864
-34.2003
-34.2214
-34.2526
-34.3024
-34.3813
-34.4956
-34.6256
-34.7377
-34.8087
-34.8235
-34.7886
-34.7176
-34.6147
-34.4943
-34.3765
-34.2789
-34.2007
-34.136
-34.0837
-34.0424
-34.0098
-33.9845
-33.9653
-33.9517
-33.9428
-33.9382
-33.9374
-33.94
-33.9456
-33.9539
-33.9647
-33.9775
-33.992
-34.0077
-34.0243
-34.041
-34.057
-34.0712
-34.082
-34.0881
-34.0878
-34.0806
-34.0688
-34.0573
-34.0521
-34.0582
-34.078
-34.1119
-34.153
-34.1705
-34.4967
-34.4974
-34.4988
-34.5009
-34.5037
-34.5072
-34.5113
-34.5159
-34.5211
-34.5267
-34.5328
-34.5392
-34.5459
-34.553
-34.5602
-34.5677
-34.5752
-34.5829
-34.5906
-34.5982
-34.6058
-34.6131
-34.6202
-34.6269
-34.6333
-34.6396
-34.6461
-34.6534
-34.6621
-34.6733
-34.6889
-34.7109
-34.742
-34.7867
-34.8483
-34.9264
-35.0112
-35.0857
-35.1336
-35.1489
-35.1318
-35.0864
-35.0163
-34.9306
-34.8428
-34.7643
-34.6975
-34.6412
-34.5945
-34.5563
-34.5255
-34.501
-34.482
-34.4678
-34.4581
-34.4521
-34.4496
-34.4499
-34.4529
-34.4581
-34.4652
-34.4738
-34.4835
-34.4938
-34.5044
-34.5145
-34.5236
-34.5308
-34.5356
-34.5366
-34.5337
-34.5272
-34.5185
-34.5108
-34.5081
-34.5141
-34.5318
-34.5607
-34.5921
-34.6075
-34.998
-34.9987
-34.9999
-35.0017
-35.0041
-35.0071
-35.0107
-35.0147
-35.0193
-35.0242
-35.0295
-35.0351
-35.041
-35.0472
-35.0536
-35.0601
-35.0667
-35.0734
-35.0802
-35.0869
-35.0935
-35.1
-35.1063
-35.1124
-35.1185
-35.1246
-35.1312
-35.1387
-35.1479
-35.1597
-35.1755
-35.197
-35.2257
-35.2637
-35.3122
-35.3686
-35.426
-35.4819
-35.5145
-35.5266
-35.5163
-35.4843
-35.4336
-35.3707
-35.3043
-35.2422
-35.1868
-35.1388
-35.0979
-35.0635
-35.0352
-35.0122
-34.994
-34.9801
-34.97
-34.9633
-34.9595
-34.9582
-34.9591
-34.9619
-34.9661
-34.9714
-34.9774
-34.9837
-34.9899
-34.9955
-35.0001
-35.0031
-35.0042
-35.003
-34.9994
-34.9939
-34.9876
-34.9825
-34.9812
-34.9866
-35.0009
-35.0235
-35.0473
-35.0584
-35.4988
-35.4994
-35.5004
-35.502
-35.5041
-35.5067
-35.5098
-35.5133
-35.5172
-35.5214
-35.526
-35.5309
-35.5361
-35.5414
-35.5469
-35.5526
-35.5583
-35.5641
-35.57
-35.5758
-35.5816
-35.5873
-35.5929
-35.5985
-35.6041
-35.6099
-35.6164
-35.6238
-35.6331
-35.6447
-35.6597
-35.6794
-35.7046
-35.7361
-35.7737
-35.8153
-35.8565
-35.8971
-35.9204
-35.9289
-35.9213
-35.8979
-35.8609
-35.8146
-35.7646
-35.7159
-35.6707
-35.6305
-35.5953
-35.5652
-35.5399
-35.519
-35.5022
-35.489
-35.479
-35.472
-35.4675
-35.4651
-35.4645
-35.4654
-35.4674
-35.4701
-35.4733
-35.4767
-35.4799
-35.4825
-35.4842
-35.4848
-35.4841
-35.482
-35.4786
-35.4744
-35.4701
-35.4672
-35.4672
-35.4721
-35.4833
-35.5004
-35.5174
-35.5257
-35.9991
-35.9996
-36.0005
-36.0018
-36.0036
-36.0058
-36.0085
-36.0115
-36.0148
-36.0185
-36.0224
-36.0266
-36.031
-36.0355
-36.0402
-36.0451
-36.05
-36.0549
-36.0599
-36.0649
-36.0699
-36.0749
-36.0798
-36.0848
-36.0899
-36.0953
-36.1013
-36.1084
-36.117
-36.128
-36.1416
-36.1588
-36.1801
-36.2055
-36.2346
-36.2654
-36.295
-36.3244
-36.341
-36.3469
-36.3412
-36.324
-36.2969
-36.2628
-36.2254
-36.1871
-36.1508
-36.1177
-36.0882
-36.0625
-36.0405
-36.0221
-36.007
-35.9949
-35.9855
-35.9788
-35.9739
-35.9709
-35.9692
-35.9687
-35.9691
-35.97
-35.9712
-35.9724
-35.9735
-35.9741
-35.9742
-35.9735
-35.972
-35.9698
-35.9671
-35.9641
-35.9617
-35.9605
-35.9615
-35.9659
-35.9747
-35.9871
-35.999
-36.0055
-36.4989
-36.4993
-36.5001
-36.5012
-36.5028
-36.5046
-36.5068
-36.5094
-36.5122
-36.5152
-36.5186
-36.5221
-36.5258
-36.5296
-36.5336
-36.5376
-36.5417
-36.5459
-36.55
-36.5542
-36.5584
-36.5626
-36.5668
-36.5712
-36.5757
-36.5805
-36.5859
-36.5922
-36.5999
-36.6095
-36.6214
-36.6359
-36.6533
-36.6734
-36.6955
-36.7184
-36.7399
-36.7607
-36.7725
-36.7766
-36.7723
-36.7597
-36.7398
-36.7145
-36.6863
-36.6569
-36.6284
-36.6018
-36.5776
-36.5563
-36.5378
-36.5221
-36.509
-36.4983
-36.4899
-36.4839
-36.479
-36.4756
-36.4734
-36.472
-36.4712
-36.4709
-36.4707
-36.4705
-36.4702
-36.4696
-36.4687
-36.4674
-36.4657
-36.4638
-36.4619
-36.4601
-36.459
-36.459
-36.4607
-36.4646
-36.4713
-36.4801
-36.4883
-36.4939
-36.9983
-36.9987
-36.9993
-37.0003
-37.0016
-37.0031
-37.0049
-37.007
-37.0093
-37.0118
-37.0146
-37.0174
-37.0205
-37.0236
-37.0268
-37.0301
-37.0335
-37.0369
-37.0403
-37.0437
-37.0471
-37.0505
-37.054
-37.0575
-37.0613
-37.0654
-37.07
-37.0753
-37.0818
-37.0898
-37.0995
-37.1113
-37.125
-37.1404
-37.1571
-37.1739
-37.1896
-37.2035
-37.212
-37.2149
-37.2116
-37.2025
-37.188
-37.1695
-37.1484
-37.1263
-37.1044
-37.0836
-37.0646
-37.0475
-37.0325
-37.0196
-37.0088
-36.9998
-36.9926
-36.9873
-36.9829
-36.9795
-36.9771
-36.9752
-36.9739
-36.9727
-36.9717
-36.9707
-36.9695
-36.9683
-36.9669
-36.9653
-36.9638
-36.9623
-36.961
-36.9602
-36.96
-36.9608
-36.9627
-36.9661
-36.9711
-36.9773
-36.9831
-36.9872
-37.4975
-37.4977
-37.4983
-37.499
-37.5001
-37.5013
-37.5027
-37.5043
-37.5062
-37.5082
-37.5104
-37.5127
-37.5151
-37.5175
-37.5201
-37.5227
-37.5253
-37.528
-37.5306
-37.5333
-37.5359
-37.5385
-37.5412
-37.5439
-37.5468
-37.55
-37.5535
-37.5578
-37.5629
-37.569
-37.5765
-37.5854
-37.5957
-37.6071
-37.6192
-37.6312
-37.6423
-37.6515
-37.6574
-37.6593
-37.657
-37.6505
-37.6402
-37.627
-37.6118
-37.5956
-37.5795
-37.564
-37.5497
-37.5367
-37.5252
-37.5152
-37.5067
-37.4997
-37.4939
-37.4895
-37.4857
-37.4828
-37.4804
-37.4785
-37.4769
-37.4755
-37.4741
-37.4726
-37.4712
-37.4696
-37.4681
-37.4666
-37.4653
-37.4642
-37.4635
-37.4633
-37.4636
-37.4647
-37.4667
-37.4694
-37.4731
-37.4773
-37.4813
-37.4844
-37.9963
-37.9966
-37.997
-37.9976
-37.9983
-37.9992
-38.0003
-38.0016
-38.0029
-38.0045
-38.0061
-38.0078
-38.0096
-38.0114
-38.0133
-38.0153
-38.0172
-38.0191
-38.021
-38.0229
-38.0248
-38.0266
-38.0285
-38.0303
-38.0322
-38.0344
-38.0368
-38.0397
-38.0432
-38.0475
-38.0527
-38.0588
-38.0659
-38.0737
-38.0818
-38.0898
-38.0971
-38.1031
-38.1069
-38.1081
-38.1065
-38.1022
-38.0953
-38.0865
-38.0762
-38.0652
-38.0542
-38.0435
-38.0335
-38.0245
-38.0164
-38.0094
-38.0034
-37.9983
-37.9941
-37.9907
-37.9879
-37.9855
-37.9836
-37.9819
-37.9803
-37.9789
-37.9776
-37.9762
-37.9747
-37.9732
-37.9718
-37.9706
-37.9695
-37.9688
-37.9685
-37.9686
-37.9692
-37.9703
-37.972
-37.9741
-37.9766
-37.9794
-37.9819
-37.9843
-38.495
-38.4952
-38.4955
-38.4959
-38.4964
-38.497
-38.4978
-38.4986
-38.4996
-38.5006
-38.5017
-38.5029
-38.5041
-38.5053
-38.5066
-38.5079
-38.5092
-38.5104
-38.5116
-38.5127
-38.5138
-38.5148
-38.5157
-38.5167
-38.5176
-38.5186
-38.5198
-38.5213
-38.5231
-38.5254
-38.5283
-38.5318
-38.5358
-38.5402
-38.5448
-38.5494
-38.5536
-38.5569
-38.5591
-38.5597
-38.5588
-38.5563
-38.5524
-38.5474
-38.5414
-38.535
-38.5286
-38.5224
-38.5167
-38.5114
-38.5068
-38.5026
-38.499
-38.496
-38.4934
-38.4913
-38.4895
-38.4879
-38.4865
-38.4853
-38.4841
-38.483
-38.4819
-38.4808
-38.4797
-38.4786
-38.4776
-38.4767
-38.4761
-38.4757
-38.4756
-38.4758
-38.4763
-38.4772
-38.4783
-38.4797
-38.4812
-38.4828
-38.4841
-38.4858
-38.9937
-38.9938
-38.994
-38.9942
-38.9945
-38.9948
-38.9952
-38.9957
-38.9963
-38.9968
-38.9974
-38.9981
-38.9987
-38.9993
-39
-39.0006
-39.0012
-39.0018
-39.0022
-39.0026
-39.0029
-39.003
-39.003
-39.003
-39.0029
-39.0027
-39.0026
-39.0026
-39.0027
-39.003
-39.0036
-39.0044
-39.0056
-39.0069
-39.0083
-39.0098
-39.0111
-39.0121
-39.0128
-39.0129
-39.0126
-39.0118
-39.0105
-39.0087
-39.0068
-39.0048
-39.003
-39.0012
-38.9995
-38.998
-38.9966
-38.9954
-38.9943
-38.9934
-38.9926
-38.9918
-38.9911
-38.9904
-38.9897
-38.989
-38.9883
-38.9876
-38.987
-38.9866
-38.9861
-38.9857
-38.9852
-38.9848
-38.9845
-38.9843
-38.9843
-38.9844
-38.9848
-38.9852
-38.9858
-38.9864
-38.987
-38.9877
-38.9881
-38.9886
)
;

boundaryField
{
    lowerWall
    {
        type            calculated;
        value           nonuniform List<scalar> 
80
(
134334
134323
134302
134269
134227
134175
134116
134051
133981
133907
133831
133755
133680
133606
133536
133469
133406
133348
133295
133245
133200
133158
133119
133082
133047
133014
132981
132949
132918
132887
132857
132828
132801
132776
132753
132733
132717
132705
132697
132693
132694
132699
132708
132721
132737
132755
132775
132796
132818
132840
132862
132883
132904
132924
132943
132963
132983
133005
133030
133058
133090
133126
133168
133216
133270
133329
133394
133463
133536
133611
133687
133762
133835
133903
133965
134019
134064
134099
134123
134135
)
;
    }
    rightWall
    {
        type            calculated;
        value           nonuniform List<scalar> 
80
(
130816
124189
117575
110974
104387
97815.7
91262.1
84728.4
78217.7
71733.7
65280.9
58864.9
52492.7
46173.1
39919.6
33748.3
27675.9
21721.8
15894.7
10208.4
4881.64
1290.7
-10.0224
-10.2228
-11.0553
-11.7654
-12.2
-12.405
-12.6125
-13.0035
-13.5928
-14.3319
-15.0751
-15.7886
-16.4445
-17.0496
-17.6278
-18.1632
-18.6418
-19.1352
-19.6003
-20.0458
-20.5218
-21.0364
-21.5525
-22.0318
-22.4895
-22.9893
-23.629
-24.598
-25.8401
-26.7415
-26.7568
-25.9548
-25.166
-24.9699
-25.5864
-26.7845
-28.0355
-29.0188
-29.7528
-30.361
-30.9181
-31.434
-31.9123
-32.3704
-32.8281
-33.2868
-33.7345
-34.1705
-34.6075
-35.0584
-35.5257
-36.0055
-36.4939
-36.9872
-37.4844
-37.9843
-38.4858
-38.9886
)
;
    }
    atmosphere
    {
        type            calculated;
        value           nonuniform List<scalar> 
80
(
-39.2432
-39.2433
-39.2434
-39.2435
-39.2437
-39.2439
-39.2441
-39.2444
-39.2447
-39.245
-39.2454
-39.2457
-39.246
-39.2464
-39.2467
-39.2469
-39.2472
-39.2473
-39.2474
-39.2474
-39.2473
-39.2471
-39.2467
-39.2462
-39.2456
-39.2448
-39.244
-39.2432
-39.2425
-39.2417
-39.2411
-39.2407
-39.2403
-39.2401
-39.24
-39.24
-39.24
-39.24
-39.24
-39.24
-39.24
-39.24
-39.24
-39.24
-39.24
-39.2401
-39.2402
-39.2405
-39.2408
-39.2411
-39.2414
-39.2417
-39.2419
-39.2421
-39.2422
-39.2422
-39.2421
-39.2419
-39.2416
-39.2411
-39.2407
-39.2402
-39.24
-39.24
-39.24
-39.24
-39.24
-39.24
-39.24
-39.24
-39.24
-39.24
-39.24
-39.24
-39.24
-39.24
-39.24
-39.24
-39.24
-39.24
)
;
    }
    leftWall
    {
        type            calculated;
        value           nonuniform List<scalar> 
80
(
131015
124388
117771
111168
104577
97999.8
91438.7
84895.2
78371.6
71870.7
65396.1
58951.7
52542.7
46175.4
39859.6
33608.3
27432.8
21349
15343.4
9410.5
3980.48
665.85
-9.27091
-9.56726
-10.0952
-10.6471
-11.3278
-12.0458
-12.5623
-12.7331
-12.6032
-12.4384
-12.3952
-12.579
-13.1127
-14.0738
-15.4188
-16.957
-18.4317
-19.6436
-20.436
-20.909
-21.2262
-21.5898
-22.1414
-22.8633
-23.5643
-24.0457
-24.301
-24.455
-24.6392
-24.918
-25.2961
-25.7225
-26.1865
-26.6997
-27.258
-27.8197
-28.3643
-28.8972
-29.4215
-29.9394
-30.4527
-30.9631
-31.4714
-31.9782
-32.4838
-32.9883
-33.4919
-33.9947
-34.4967
-34.998
-35.4988
-35.9991
-36.4989
-36.9983
-37.4975
-37.9963
-38.495
-38.9937
)
;
    }
    frontAndBack
    {
        type            empty;
    }
}


// ************************************************************************* //
