/*--------------------------------*- C++ -*----------------------------------*\
| =========                 |                                                 |
| \\      /  F ield         | OpenFOAM: The Open Source CFD Toolbox           |
|  \\    /   O peration     | Version:  2412                                  |
|   \\  /    A nd           | Website:  www.openfoam.com                      |
|    \\/     M anipulation  |                                                 |
\*---------------------------------------------------------------------------*/
FoamFile
{
    version     2.0;
    format      ascii;
    arch        "LSB;label=32;scalar=64";
    class       volScalarField;
    location    "4.4";
    object      p_rgh;
}
// * * * * * * * * * * * * * * * * * * * * * * * * * * * * * * * * * * * * * //

dimensions      [1 -1 -2 0 0 0 0];

internalField   nonuniform List<scalar> 
6400
(
12452.3
12452.3
12452
12451.3
12450.2
12448.9
12447.3
12445.6
12443.8
12441.9
12440.1
12438.2
12436.4
12434.5
12432.7
12430.8
12429
12427.1
12425.2
12423.2
12421.2
12419
12416.7
12414.2
12411.6
12408.8
12405.8
12402.7
12399.3
12395.8
12392.2
12388.6
12385
12381.5
12378.2
12375.3
12372.8
12370.9
12369.6
12369
12369.1
12369.9
12371.4
12373.5
12376.2
12379.2
12382.5
12386
12389.6
12393.2
12396.8
12400.2
12403.5
12406.6
12409.5
12412.2
12414.8
12417.2
12419.4
12421.5
12423.5
12425.5
12427.3
12429.1
12430.9
12432.7
12434.5
12436.2
12438
12439.8
12441.6
12443.3
12445.1
12446.7
12448.2
12449.6
12450.6
12451.3
12451.6
12451.6
12452.3
12452.3
12452
12451.4
12450.4
12449.1
12447.7
12446.1
12444.4
12442.6
12440.8
12438.9
12437.1
12435.2
12433.4
12431.5
12429.6
12427.6
12425.6
12423.5
12421.3
12419
12416.5
12414
12411.2
12408.3
12405.2
12402
12398.6
12395.1
12391.5
12387.9
12384.3
12380.9
12377.8
12375
12372.6
12370.8
12369.6
12369
12369.1
12369.9
12371.3
12373.3
12375.8
12378.7
12381.9
12385.3
12388.9
12392.4
12396
12399.4
12402.8
12406
12409
12411.8
12414.5
12417.1
12419.4
12421.7
12423.8
12425.9
12427.8
12429.7
12431.6
12433.4
12435.2
12437
12438.8
12440.5
12442.2
12443.9
12445.6
12447.1
12448.5
12449.7
12450.7
12451.3
12451.6
12451.6
12452.6
12452.6
12452.3
12451.6
12450.7
12449.5
12448.2
12446.7
12445
12443.3
12441.6
12439.8
12437.9
12436.1
12434.2
12432.2
12430.2
12428.2
12426.1
12423.8
12421.5
12419.1
12416.5
12413.8
12410.9
12407.8
12404.6
12401.3
12397.8
12394.2
12390.6
12387
12383.5
12380.2
12377.1
12374.3
12372
12370.3
12369.1
12368.5
12368.6
12369.4
12370.7
12372.7
12375.1
12377.9
12381.1
12384.5
12388
12391.6
12395.2
12398.7
12402.1
12405.4
12408.6
12411.6
12414.4
12417.1
12419.6
12422
12424.2
12426.4
12428.5
12430.5
12432.4
12434.3
12436.1
12437.9
12439.6
12441.3
12443
12444.6
12446.2
12447.6
12448.9
12450.1
12451
12451.6
12451.9
12451.9
12453.3
12453.2
12452.9
12452.2
12451.3
12450.1
12448.8
12447.4
12445.8
12444.1
12442.4
12440.6
12438.8
12436.9
12435
12433
12431
12428.8
12426.6
12424.3
12421.9
12419.3
12416.6
12413.8
12410.7
12407.6
12404.2
12400.8
12397.2
12393.5
12389.8
12386.1
12382.6
12379.2
12376
12373.3
12370.9
12369.2
12368
12367.4
12367.5
12368.2
12369.6
12371.6
12374
12376.9
12380.1
12383.5
12387.1
12390.8
12394.5
12398.1
12401.6
12405.1
12408.3
12411.5
12414.4
12417.2
12419.9
12422.4
12424.8
12427
12429.2
12431.2
12433.2
12435.1
12437
12438.8
12440.5
12442.2
12443.9
12445.4
12446.9
12448.3
12449.6
12450.7
12451.6
12452.2
12452.6
12452.7
12454.5
12454.3
12453.8
12453.1
12452.1
12451
12449.6
12448.2
12446.6
12445
12443.3
12441.5
12439.7
12437.8
12435.9
12433.9
12431.8
12429.6
12427.3
12424.9
12422.4
12419.7
12416.9
12413.9
12410.8
12407.5
12404
12400.4
12396.6
12392.8
12389
12385.2
12381.4
12377.9
12374.7
12371.8
12369.3
12367.5
12366.2
12365.6
12365.7
12366.5
12367.9
12370
12372.5
12375.5
12378.9
12382.4
12386.2
12390
12393.8
12397.6
12401.3
12404.9
12408.3
12411.5
12414.6
12417.6
12420.3
12423
12425.4
12427.8
12430
12432.1
12434.1
12436.1
12437.9
12439.7
12441.5
12443.2
12444.8
12446.3
12447.8
12449.2
12450.4
12451.6
12452.5
12453.2
12453.7
12453.9
12456
12455.6
12455
12454.2
12453.1
12451.9
12450.6
12449.2
12447.6
12446
12444.3
12442.6
12440.7
12438.8
12436.9
12434.9
12432.7
12430.5
12428.1
12425.7
12423
12420.3
12417.3
12414.2
12410.9
12407.5
12403.8
12400.1
12396.1
12392.1
12388.1
12384
12380.1
12376.4
12372.9
12369.8
12367.2
12365.2
12363.8
12363.2
12363.3
12364.1
12365.7
12367.9
12370.6
12373.8
12377.4
12381.2
12385.2
12389.2
12393.2
12397.2
12401
12404.8
12408.4
12411.8
12415
12418.1
12420.9
12423.7
12426.2
12428.6
12430.9
12433.1
12435.1
12437.1
12439
12440.8
12442.5
12444.2
12445.8
12447.4
12448.8
12450.2
12451.5
12452.6
12453.6
12454.5
12455.1
12455.4
12457.8
12457.2
12456.4
12455.5
12454.3
12453.1
12451.7
12450.2
12448.7
12447.1
12445.4
12443.7
12441.9
12440
12438
12435.9
12433.8
12431.5
12429.1
12426.6
12423.9
12421
12417.9
12414.7
12411.3
12407.6
12403.8
12399.8
12395.7
12391.4
12387.1
12382.8
12378.6
12374.5
12370.7
12367.3
12364.4
12362.2
12360.7
12360
12360.1
12361.1
12362.8
12365.2
12368.3
12371.8
12375.7
12379.8
12384
12388.3
12392.6
12396.8
12400.9
12404.8
12408.6
12412.1
12415.5
12418.7
12421.7
12424.5
12427.1
12429.6
12432
12434.2
12436.3
12438.3
12440.1
12441.9
12443.7
12445.3
12446.9
12448.5
12449.9
12451.3
12452.7
12453.9
12455
12455.9
12456.7
12457.3
12459.9
12459.1
12458.1
12456.9
12455.7
12454.3
12452.9
12451.4
12449.9
12448.3
12446.6
12444.9
12443.1
12441.2
12439.2
12437.2
12435
12432.7
12430.2
12427.6
12424.8
12421.9
12418.7
12415.4
12411.8
12408
12404
12399.7
12395.3
12390.8
12386.1
12381.5
12376.8
12372.3
12368.1
12364.3
12361
12358.5
12356.8
12356
12356.1
12357.2
12359.2
12362
12365.4
12369.3
12373.7
12378.2
12382.8
12387.5
12392.1
12396.6
12400.9
12405
12409
12412.7
12416.2
12419.5
12422.6
12425.5
12428.2
12430.7
12433.1
12435.4
12437.5
12439.5
12441.4
12443.2
12444.9
12446.6
12448.2
12449.7
12451.2
12452.6
12454
12455.3
12456.5
12457.6
12458.7
12459.5
12462.2
12461.1
12459.8
12458.5
12457.1
12455.7
12454.2
12452.7
12451.1
12449.6
12447.9
12446.2
12444.4
12442.6
12440.6
12438.5
12436.3
12434
12431.5
12428.9
12426
12423
12419.7
12416.2
12412.5
12408.5
12404.3
12399.8
12395.1
12390.2
12385.2
12380
12374.9
12369.8
12365
12360.7
12356.9
12354
12351.9
12351
12351.2
12352.5
12354.8
12358
12362
12366.5
12371.4
12376.5
12381.6
12386.7
12391.6
12396.4
12401
12405.4
12409.5
12413.4
12417
12420.4
12423.6
12426.6
12429.4
12432
12434.4
12436.7
12438.8
12440.8
12442.7
12444.5
12446.2
12447.9
12449.4
12451
12452.5
12453.9
12455.4
12456.8
12458.2
12459.5
12460.8
12461.9
12464.6
12463.3
12461.7
12460.2
12458.6
12457.1
12455.5
12454
12452.5
12450.9
12449.3
12447.6
12445.9
12444
12442.1
12440
12437.8
12435.5
12433
12430.3
12427.4
12424.3
12420.9
12417.3
12413.4
12409.3
12404.8
12400.1
12395
12389.8
12384.2
12378.6
12372.8
12367.1
12361.5
12356.4
12352
12348.4
12346
12344.9
12345.1
12346.7
12349.5
12353.4
12358
12363.3
12368.9
12374.6
12380.3
12385.9
12391.3
12396.5
12401.4
12406
12410.3
12414.3
12418.1
12421.6
12424.9
12427.9
12430.8
12433.4
12435.8
12438.1
12440.3
12442.3
12444.1
12445.9
12447.6
12449.2
12450.8
12452.3
12453.8
12455.3
12456.8
12458.3
12459.9
12461.4
12463
12464.4
12467.2
12465.5
12463.6
12461.8
12460.1
12458.4
12456.8
12455.3
12453.8
12452.2
12450.7
12449.1
12447.4
12445.6
12443.7
12441.7
12439.5
12437.2
12434.7
12432
12429
12425.8
12422.4
12418.7
12414.7
12410.3
12405.7
12400.6
12395.3
12389.6
12383.5
12377.2
12370.7
12364.1
12357.6
12351.5
12346.1
12341.8
12338.8
12337.5
12337.7
12339.7
12343.2
12347.8
12353.5
12359.7
12366.2
12372.8
12379.2
12385.4
12391.3
12396.8
12402
12406.9
12411.4
12415.6
12419.5
12423.1
12426.4
12429.5
12432.3
12435
12437.4
12439.7
12441.8
12443.8
12445.6
12447.4
12449
12450.6
12452.1
12453.6
12455.1
12456.6
12458.2
12459.9
12461.6
12463.4
12465.3
12467
12469.8
12467.7
12465.4
12463.3
12461.4
12459.7
12458
12456.5
12455
12453.5
12452.1
12450.5
12448.9
12447.2
12445.4
12443.4
12441.3
12439
12436.5
12433.8
12430.9
12427.7
12424.2
12420.4
12416.3
12411.8
12406.9
12401.6
12395.9
12389.8
12383.1
12376.1
12368.7
12361
12353.3
12345.9
12339.2
12333.8
12330.1
12328.3
12328.7
12331.2
12335.5
12341.4
12348.3
12355.8
12363.5
12371
12378.3
12385.2
12391.6
12397.6
12403.1
12408.2
12412.9
12417.2
12421.2
12424.9
12428.2
12431.3
12434.2
12436.8
12439.2
12441.5
12443.5
12445.4
12447.2
12448.9
12450.4
12451.9
12453.4
12454.8
12456.3
12457.8
12459.5
12461.2
12463.1
12465.2
12467.5
12469.6
12472.4
12469.8
12467.1
12464.7
12462.6
12460.7
12459
12457.5
12456.1
12454.7
12453.4
12452
12450.5
12448.9
12447.1
12445.2
12443.2
12441
12438.6
12435.9
12433
12429.8
12426.3
12422.5
12418.3
12413.7
12408.7
12403.1
12397.1
12390.4
12383.2
12375.4
12366.9
12357.9
12348.6
12339.4
12331.1
12324.2
12319.4
12317.1
12317.6
12320.8
12326.4
12333.9
12342.5
12351.7
12360.8
12369.5
12377.8
12385.4
12392.4
12398.8
12404.6
12410
12414.9
12419.3
12423.4
12427.1
12430.4
12433.5
12436.3
12438.9
12441.2
12443.4
12445.4
12447.2
12448.9
12450.4
12451.9
12453.3
12454.6
12456
12457.3
12458.8
12460.5
12462.3
12464.4
12466.7
12469.5
12472.1
12474.9
12471.7
12468.4
12465.7
12463.5
12461.5
12459.9
12458.4
12457.1
12455.9
12454.7
12453.4
12452
12450.6
12449
12447.2
12445.3
12443.1
12440.8
12438.2
12435.4
12432.3
12428.8
12425
12420.8
12416.1
12410.9
12405.2
12398.8
12391.7
12383.9
12375.2
12365.6
12355
12343.7
12332.1
12321.4
12312.4
12306.2
12303.3
12303.9
12308.2
12315.5
12325.1
12336.2
12347.5
12358.5
12368.6
12377.8
12386.1
12393.7
12400.5
12406.7
12412.3
12417.3
12421.8
12425.9
12429.6
12433
12436
12438.7
12441.2
12443.4
12445.5
12447.4
12449.1
12450.6
12452
12453.3
12454.6
12455.8
12457
12458.2
12459.6
12461.2
12463.1
12465.3
12468
12471.3
12474.5
12477.3
12473.3
12469.3
12466.3
12463.9
12462.1
12460.5
12459.3
12458.1
12457.1
12456.1
12455
12453.8
12452.4
12451
12449.4
12447.6
12445.6
12443.3
12440.9
12438.1
12435.1
12431.7
12427.9
12423.7
12419
12413.7
12407.8
12401.2
12393.7
12385.4
12375.9
12365
12352.6
12338.6
12324
12310
12298.2
12290
12286.1
12287
12292.7
12302.5
12315.2
12329.4
12343.7
12356.9
12368.5
12378.7
12387.7
12395.7
12402.9
12409.3
12415.1
12420.2
12424.8
12428.8
12432.5
12435.8
12438.7
12441.3
12443.7
12445.8
12447.8
12449.5
12451.1
12452.5
12453.7
12454.9
12455.9
12456.9
12457.9
12459
12460.2
12461.6
12463.5
12465.8
12468.8
12472.8
12476.8
12479.3
12474.4
12469.6
12466.2
12463.9
12462.2
12460.9
12460
12459.1
12458.3
12457.5
12456.7
12455.7
12454.5
12453.2
12451.8
12450.1
12448.3
12446.2
12443.9
12441.2
12438.3
12435
12431.3
12427.2
12422.5
12417.1
12411.1
12404.3
12396.6
12387.8
12377.6
12365.6
12351.1
12333.9
12315
12296.5
12280.6
12269.4
12264.2
12265.5
12273.4
12286.6
12303.6
12322.4
12340.6
12356.5
12369.6
12380.7
12390.3
12398.6
12406
12412.6
12418.4
12423.5
12428.1
12432.1
12435.7
12438.9
12441.7
12444.2
12446.5
12448.4
12450.2
12451.8
12453.2
12454.4
12455.5
12456.5
12457.3
12458
12458.8
12459.6
12460.5
12461.7
12463.4
12465.7
12469.1
12473.8
12478.8
12481
12474.8
12468.9
12465.4
12463.2
12461.9
12461.1
12460.5
12460.1
12459.6
12459.1
12458.5
12457.7
12456.8
12455.7
12454.4
12452.9
12451.2
12449.3
12447.1
12444.6
12441.9
12438.7
12435.1
12431.1
12426.5
12421.2
12415.1
12408.3
12400.5
12391.6
12381.3
12368.8
12352.5
12330.8
12305.3
12279.2
12256.7
12241
12233.3
12235.1
12246.4
12265.3
12289.3
12315.4
12339.8
12358.9
12373.1
12384.4
12394.1
12402.5
12410
12416.5
12422.3
12427.4
12431.9
12435.8
12439.3
12442.3
12445
12447.3
12449.4
12451.3
12452.9
12454.3
12455.5
12456.6
12457.5
12458.2
12458.8
12459.2
12459.6
12460
12460.5
12461.3
12462.6
12464.8
12468.4
12474.2
12480.4
12483
12474.5
12467.2
12463.6
12461.9
12461.3
12461.1
12461.1
12461.1
12461.1
12460.9
12460.5
12459.9
12459.2
12458.2
12457
12455.7
12454.1
12452.4
12450.4
12448.1
12445.5
12442.5
12439.2
12435.3
12430.9
12425.8
12420
12413.3
12406
12397.8
12388.9
12378.5
12361.6
12332.8
12295.4
12256.7
12224.5
12203.5
12192.8
12195
12210.7
12236.7
12271.1
12310
12345.8
12368.8
12381.9
12391.3
12399.9
12407.8
12414.9
12421.2
12426.7
12431.6
12436
12439.7
12443
12445.8
12448.3
12450.5
12452.4
12454.1
12455.6
12456.9
12458
12458.9
12459.6
12460.1
12460.4
12460.6
12460.6
12460.5
12460.5
12460.6
12461.2
12462.9
12466.6
12473.9
12482.4
12483.2
12469.7
12461.9
12459.5
12459.3
12460
12460.9
12461.8
12462.4
12462.8
12462.9
12462.8
12462.5
12461.9
12461
12460
12458.8
12457.4
12455.8
12454
12451.9
12449.6
12447
12444
12440.5
12436.4
12431.7
12426
12419.7
12412.8
12405.7
12399.1
12392.8
12376.5
12339.3
12278.6
11998.2
11475
10999.7
10722.7
10756.9
11132.6
11662.9
12123
12308.5
12357.5
12383.5
12394.1
12400.1
12407.1
12414.4
12421.1
12427
12432.1
12436.8
12440.9
12444.4
12447.3
12449.8
12452
12454
12455.7
12457.2
12458.6
12459.7
12460.7
12461.5
12462
12462.3
12462.4
12462.2
12461.7
12461
12460.1
12459.2
12458.5
12458.7
12461.1
12469
12482.6
12450.7
12441.9
12443.2
12447.3
12451.3
12454.8
12457.7
12460.1
12461.9
12463.3
12464.3
12465
12465.4
12465.5
12465.5
12465.2
12464.6
12463.9
12463
12459.4
12450.1
12434.3
12411.6
12380.8
12340.9
12290.3
12226.5
12146
12043.3
11908.7
11725.3
11462.6
11063.4
10459.8
9083.2
7130.55
5276.28
3939.8
3415.97
3131.95
3157.35
3594.42
4395.1
5819.58
7638.87
9642.95
10635.8
11172.6
11532.5
11772.8
11943.1
12069.3
12166.1
12242
12302.5
12350.6
12388.4
12417.4
12438.4
12452.4
12460.2
12462.6
12463.5
12464.1
12464.6
12464.8
12464.8
12464.6
12464.1
12463.3
12462.3
12460.8
12459
12456.6
12453.7
12450.2
12446.2
12442.2
12441
12449.9
890.408
1290.28
1557.47
1760.36
1911.85
2028.29
2121
2197.14
2261.45
2317.12
2366.26
2410.18
2449.59
2484.69
2515.27
2540.72
2560.1
2572.11
2575.13
2569.87
2557.32
2535.52
2502.2
2454.88
2390.63
2306.42
2198.43
2062.86
1893.82
1684.47
1427.07
1109.49
702.555
245.608
193.46
509.826
1140.24
1251.63
1447.01
1438.6
1433.97
1412.96
1285.69
1044.72
375.001
67.6384
373.265
833.488
1208.08
1505.43
1746.74
1942.07
2099.3
2225.45
2325.88
2403.93
2462.37
2504.45
2533.07
2550.7
2559.66
2561.6
2554.65
2539.24
2516.96
2489.07
2456.46
2419.72
2379.03
2334.17
2284.42
2228.46
2164.2
2088.47
1996.58
1881.47
1731.99
1532.02
1268.9
875.498
0.00149598
-0.000341664
0.000283047
0.0006555
0.000864358
0.000882962
0.000708315
0.000355228
-0.000159296
-0.000823344
-0.00162944
-0.00257034
-0.0036589
-0.00492945
-0.00644541
-0.00820509
-0.0103637
-0.0127259
-0.0144937
-0.0143372
-0.0140971
-0.0145892
-0.0152193
-0.0407386
-0.0436543
0.00380819
0.151549
0.538913
0.713078
0.616354
0.473074
0.959381
3.52087
7.63041
223.08
2714.37
3824.74
3879.31
3911.37
3898.96
3904.4
3910.09
3874.15
3810.26
1775.67
16.6796
5.56148
2.58513
0.933014
0.42605
0.273461
0.330067
0.551617
0.761604
0.729406
0.311463
0.0571588
-0.011731
-0.00878068
-0.00500804
-0.00284419
-0.00381049
-0.00400621
-0.0020782
0.000185151
0.0019246
0.00309923
0.00389689
0.00434865
0.00458289
0.00468474
0.00474564
0.00479745
0.00480436
0.00470382
0.00444805
0.00402982
0.00347409
0.00275196
0.00464278
-0.00137197
-0.00134866
-0.00143057
-0.00158182
-0.00177215
-0.00200355
-0.00227774
-0.00259737
-0.00296942
-0.00340678
-0.0039291
-0.00456232
-0.00532902
-0.0061747
-0.00731058
-0.00873445
-0.0105052
-0.0124202
-0.0139643
-0.0140541
-0.0128877
-0.0148823
-0.0234507
-0.0291142
-0.024744
-0.0163313
0.549443
2.33122
2.93862
1.70181
0.973042
3.06754
4.5529
5.18748
127.168
1527.35
2498.16
3642.89
3933.89
3926.99
3928.2
3933.61
3579.27
2457.04
1229.17
13.5807
3.48199
7.04192
5.22293
1.33115
0.819638
1.66855
3.35328
4.44405
3.70083
1.07989
0.00404655
-0.00597484
-0.000733063
-0.000422671
-0.00176929
-0.0030734
-0.00283478
-0.00172624
-0.000170006
0.0010566
0.00180819
0.00215653
0.00226062
0.002184
0.00201831
0.00187382
0.00180112
0.00178866
0.00180025
0.0018082
0.00180581
0.00179741
0.00178347
0.00177545
-0.00112744
-0.00116299
-0.00122005
-0.00137422
-0.00155654
-0.00177651
-0.00203287
-0.00232768
-0.00266558
-0.0030548
-0.00350828
-0.00404526
-0.00470309
-0.00562916
-0.00683355
-0.00836374
-0.0104007
-0.012641
-0.0140342
-0.0141138
-0.014398
0.00150815
0.0784753
0.0644325
-0.0314691
-0.0406947
0.247725
6.34683
7.86537
7.74985
2.60428
14.2627
56.4721
56.6651
41.5578
0.376866
0.433941
162.946
1978.28
1426.3
1432.72
1806.99
80.5797
0.0787528
0.0838029
40.8878
58.2253
58.2154
15.8976
1.23057
1.39647
7.47716
7.58395
7.57396
7.45461
2.80249
-0.0181505
-0.0126716
-0.0084607
-0.00518844
-0.00293995
-0.00343341
-0.00360534
-0.00226173
-0.000200319
0.00133165
0.0021613
0.00256124
0.00261418
0.00247813
0.00228274
0.00212302
0.00203227
0.00199452
0.0019797
0.00196858
0.00195652
0.00195622
0.00193595
0.00197762
-0.00100416
-0.00101361
-0.00107077
-0.00118874
-0.00134814
-0.00154735
-0.00178225
-0.00205429
-0.00236974
-0.00274126
-0.00318968
-0.00374412
-0.00444462
-0.00534909
-0.00643846
-0.00790066
-0.00982804
-0.0125077
-0.0150376
-0.0159208
0.00136352
0.215125
0.27242
0.253688
0.21843
-0.0481828
-0.0572115
1.16554
5.94769
7.33218
7.3009
6.13205
3.96661
3.42855
0.0608072
0.440138
1.67533
0.0754456
0.0169407
0.0688213
0.0874336
0.083829
0.072889
0.0745198
0.0901441
0.0838403
0.996821
0.346819
3.10789
4.46121
4.39785
3.00914
5.24076
6.71971
3.40732
0.10174
0.0164638
0.0647436
0.0881348
0.0382008
-0.00192876
-0.00366078
-0.00321785
-0.00154624
0.000295761
0.00158804
0.00226098
0.00255126
0.00264751
0.00258565
0.00244356
0.00230128
0.00220029
0.00214105
0.00210609
0.00208005
0.00205551
0.00203629
0.00199518
0.00197195
-0.00084777
-0.000869408
-0.000929967
-0.00103421
-0.00117605
-0.00135238
-0.00155936
-0.00179678
-0.00206891
-0.00238578
-0.00276351
-0.00322519
-0.00380696
-0.00456659
-0.00556882
-0.00695171
-0.00901236
-0.0117821
-0.0146972
-0.0185707
0.0438529
0.27728
0.281337
0.161187
-0.00424115
-0.0461468
-0.0544901
-0.0407915
-0.00838205
0.0343978
0.0539378
0.0643313
0.0651247
0.0615623
0.0655427
0.780482
3.42351
3.00767
0.0659718
0.0722228
0.0733737
0.0746436
0.0729674
0.0736664
0.0817937
0.0859552
0.132578
0.115464
0.0258473
0.00880002
-0.0372493
-0.0670627
-0.100425
-0.113864
-0.0902363
-0.0554249
0.0882271
0.257028
0.26254
0.239492
0.0250119
-0.00371179
-0.00252832
-0.00128258
0.000610399
0.0020369
0.00260691
0.00280785
0.00283987
0.00273629
0.00256508
0.00239754
0.00227186
0.00219115
0.00214026
0.00210326
0.00207195
0.00204819
0.00201229
0.00199123
-0.000680175
-0.000706185
-0.000763704
-0.000858633
-0.000984287
-0.00113684
-0.00131255
-0.00150972
-0.00173098
-0.00198536
-0.0022895
-0.00266928
-0.00316572
-0.00383564
-0.00474289
-0.00605398
-0.00807443
-0.0107005
-0.0140517
-0.0185601
0.00777968
-0.0167987
-0.0495639
-0.0291148
-0.0197241
-0.0264516
-0.0425714
-0.044127
-0.016641
0.0162565
0.0399732
0.052975
0.0576978
0.05591
0.0490758
0.0414146
0.0376602
0.0594206
0.060397
0.0627502
0.0673716
0.0664358
0.0638513
0.0627397
0.0624413
0.0648057
0.050029
0.0300127
0.0133577
-0.00805704
-0.0342088
-0.0536091
-0.0459437
-0.0446205
-0.0303303
-0.0132378
-0.00379035
0.16987
0.264115
0.266691
0.193042
0.00476583
-0.00224307
-0.00132478
0.000351394
0.0019203
0.00254669
0.00278175
0.00284383
0.00275024
0.00257707
0.00240187
0.0022658
0.00217508
0.00211649
0.00207396
0.00203902
0.00201492
0.00198904
0.00197813
-0.000533974
-0.000555003
-0.000609647
-0.000694872
-0.000804558
-0.000934094
-0.00107838
-0.00123382
-0.00140148
-0.00158976
-0.00181539
-0.00210357
-0.00249083
-0.00301553
-0.00371512
-0.00477062
-0.00628829
-0.00773857
-0.0108851
-0.0115798
0.0157137
-0.0160484
-0.0665833
-0.0939328
-0.11616
-0.129586
-0.120556
-0.0827571
-0.0360479
0.00515089
0.0323064
0.0467153
0.0528172
0.0543539
0.0532203
0.0504893
0.0469442
0.0471278
0.0524779
0.0539996
0.0561779
0.0552146
0.0546157
0.0552268
0.0560738
0.0587653
0.0543573
0.0425332
0.0255863
-0.00106661
-0.0382765
-0.0760964
-0.106579
-0.114204
-0.0886619
-0.0476157
-0.00682982
0.00378619
0.242315
0.270063
0.281447
0.108491
-0.0034564
-0.00152424
-2.53946e-05
0.00153325
0.00226092
0.00255315
0.00265513
0.00259411
0.00244705
0.00229122
0.00216814
0.00208584
0.00203307
0.00199482
0.00196292
0.00194008
0.00191989
0.00191054
-0.000405577
-0.000423848
-0.000475575
-0.000550954
-0.000645663
-0.000753793
-0.000867975
-0.000982204
-0.0010957
-0.00121578
-0.00135819
-0.00154531
-0.0018044
-0.00214972
-0.0025871
-0.00323609
-0.00391679
-0.00429923
-0.00784587
0.000469984
0.0261453
-0.0309714
-0.0832604
-0.158932
-0.211468
-0.224441
-0.20146
-0.147578
-0.0820626
-0.026236
0.0102681
0.0299034
0.0389836
0.0426981
0.0442123
0.045268
0.0461175
0.0466086
0.0466735
0.0478141
0.0481527
0.0476141
0.0476426
0.0478191
0.048022
0.0487378
0.0452135
0.0342311
0.0134879
-0.0211871
-0.0710166
-0.126411
-0.170667
-0.186959
-0.165982
-0.105745
-0.0348201
-0.00579874
0.163537
0.284102
0.290894
0.13018
-0.00672595
-0.00262543
-0.00065688
0.000861488
0.00171432
0.00211892
0.0022929
0.00229039
0.00219343
0.00207841
0.00198647
0.00192697
0.00189097
0.00186504
0.0018419
0.00182343
0.00180804
0.0017996
-0.00028851
-0.000308423
-0.00035525
-0.000421351
-0.000502687
-0.000591454
-0.000677804
-0.000753354
-0.000815583
-0.000870729
-0.000933228
-0.00102183
-0.00115279
-0.00131882
-0.00150011
-0.00173736
-0.00176605
-0.00173958
-0.00440239
0.00964698
0.0225935
-0.0402633
-0.11977
-0.226706
-0.294469
-0.308849
-0.279304
-0.211495
-0.128531
-0.0580217
-0.011732
0.0138683
0.0268632
0.033451
0.0368012
0.0384848
0.0391441
0.0397935
0.0410391
0.0417506
0.0412008
0.0407398
0.0405798
0.040028
0.0388396
0.036647
0.0307472
0.0178245
-0.00665879
-0.0495223
-0.113712
-0.18762
-0.24674
-0.269966
-0.24923
-0.179935
-0.0859898
-0.033958
0.129672
0.293176
0.299906
0.0460384
-0.00877189
-0.00364097
-0.0015363
-8.37873e-06
0.000982649
0.0015213
0.00179176
0.00186904
0.00184132
0.00178376
0.00173639
0.00170974
0.0016978
0.00168987
0.00168014
0.00167016
0.00166157
0.00165717
-0.000183727
-0.000203711
-0.000244386
-0.00030236
-0.000372219
-0.000444179
-0.000506262
-0.000548228
-0.000566447
-0.000566753
-0.000562816
-0.000569971
-0.000594118
-0.000611034
-0.000583572
-0.00050719
-0.00017141
-0.000216357
0.00522495
0.0254755
0.0140315
-0.0502891
-0.152298
-0.277343
-0.35235
-0.367146
-0.333161
-0.254722
-0.15978
-0.0804985
-0.0287887
0.000163602
0.0155727
0.0242239
0.0293419
0.0323519
0.0339965
0.0348893
0.0356011
0.0359349
0.0351589
0.0346243
0.034067
0.032744
0.030163
0.0256683
0.0173774
0.00192069
-0.0267181
-0.0776038
-0.154963
-0.244964
-0.317273
-0.346672
-0.324687
-0.248384
-0.137924
-0.0689775
-0.00526854
0.275298
0.202385
0.00146172
-0.00961021
-0.00445531
-0.00247816
-0.000923167
0.000172675
0.000830915
0.00120089
0.00136685
0.00141958
0.00143068
0.00143773
0.00145159
0.00146913
0.00148312
0.00148989
0.00149135
0.00149095
0.00149157
-8.7217e-05
-0.000103317
-0.000138475
-0.000189641
-0.000249822
-0.000307842
-0.000350302
-0.000365868
-0.000350696
-0.000311372
-0.000262311
-0.000217266
-0.000174844
-0.000100478
4.97876e-05
0.000264561
0.000632732
0.000614709
0.00516976
0.0246597
0.0129646
-0.0493255
-0.154598
-0.28214
-0.359275
-0.378322
-0.338067
-0.254909
-0.161198
-0.0850196
-0.0360981
-0.00823369
0.00737926
0.0168386
0.0227743
0.0264444
0.0285461
0.0295657
0.0303455
0.0304952
0.0297802
0.0291452
0.0281871
0.0262265
0.0225878
0.0166003
0.0068019
-0.00992531
-0.0397909
-0.0926477
-0.173383
-0.268283
-0.346029
-0.380056
-0.35661
-0.275146
-0.155346
-0.0776531
-0.0552547
-0.0180282
0.0150418
0.00138311
-0.0112276
-0.00584182
-0.00358811
-0.00187345
-0.000668942
0.000101346
0.00056809
0.000824722
0.00096239
0.00104736
0.00111389
0.00117264
0.00122276
0.00126055
0.00128494
0.00129883
0.00130674
0.00131199
9.05784e-06
-2.05532e-06
-3.32112e-05
-7.8768e-05
-0.000131012
-0.000178259
-0.000206514
-0.000204138
-0.000167916
-0.000106324
-3.64426e-05
2.6318e-05
8.52902e-05
0.000176545
0.000339208
0.000541567
0.000706715
0.000557228
-0.000363894
0.0121726
0.00911263
-0.0444392
-0.128702
-0.233202
-0.305617
-0.321958
-0.286437
-0.215577
-0.138124
-0.0763233
-0.0360614
-0.012222
0.00165929
0.0110222
0.017213
0.0212418
0.0236539
0.0247984
0.0255107
0.0256073
0.0250601
0.0243121
0.0230215
0.0205838
0.0163162
0.00967415
-0.000408374
-0.0164953
-0.0437258
-0.0913263
-0.163853
-0.249364
-0.320186
-0.352077
-0.327309
-0.246713
-0.131499
-0.0630444
-0.0433394
-0.0343975
-0.0273319
-0.0156046
-0.0127804
-0.00769718
-0.00481847
-0.00284137
-0.00150476
-0.000623403
-6.38442e-05
0.000281484
0.000502917
0.000661151
0.000786995
0.000890769
0.000973581
0.00103489
0.00107629
0.00110209
0.00111768
0.00112681
0.00010738
9.9382e-05
7.11572e-05
3.03604e-05
-1.55666e-05
-5.52161e-05
-7.47704e-05
-6.29952e-05
-1.78562e-05
4.98643e-05
0.000119624
0.000172015
0.000206581
0.000251698
0.000330721
0.000396257
0.000295615
-0.000281192
-0.00241866
-0.00821454
-0.0162564
-0.0419568
-0.0885553
-0.152769
-0.204882
-0.219199
-0.20087
-0.15455
-0.102778
-0.0608685
-0.0321071
-0.0135786
-0.00152221
0.00684826
0.0127362
0.0167583
0.0192832
0.0205313
0.0212231
0.0213302
0.0209383
0.0200975
0.0185869
0.015872
0.0113767
0.00467033
-0.00473854
-0.0188427
-0.0414084
-0.0789407
-0.134588
-0.198939
-0.249372
-0.264907
-0.243059
-0.176559
-0.0961812
-0.0516416
-0.0359169
-0.0318191
-0.0292347
-0.0214075
-0.013557
-0.00884721
-0.00576204
-0.00368184
-0.00225433
-0.00129188
-0.000654585
-0.000229663
6.8305e-05
0.000293883
0.000474246
0.000619383
0.000732216
0.000814943
0.00087162
0.000907979
0.000930222
0.000942402
0.000202755
0.00019568
0.000170101
0.000133546
9.2583e-05
5.78774e-05
4.23435e-05
5.6145e-05
9.96551e-05
0.000159946
0.000213904
0.000238628
0.000227307
0.00019428
0.000148809
3.90065e-07
-0.000451229
-0.00119276
-0.00380468
-0.00917967
-0.0189561
-0.0344004
-0.0570619
-0.0905001
-0.121308
-0.13457
-0.12739
-0.102736
-0.0726987
-0.0466439
-0.0271324
-0.0132075
-0.00324634
0.0040305
0.00934197
0.0131049
0.0155617
0.016882
0.017553
0.0176676
0.0173656
0.0165065
0.014881
0.012109
0.00775394
0.00157664
-0.00686756
-0.0186684
-0.0360784
-0.0627305
-0.100512
-0.143399
-0.175053
-0.179332
-0.159965
-0.116728
-0.0711634
-0.045459
-0.0346864
-0.0298446
-0.0253036
-0.0189152
-0.013104
-0.0091015
-0.00627888
-0.004279
-0.00285165
-0.00186002
-0.00117121
-0.000683632
-0.000321976
-3.92122e-05
0.000187426
0.00036752
0.000505693
0.000606503
0.000676038
0.000721264
0.000748987
0.000763483
0.000289005
0.00028174
0.000258911
0.000226134
0.000189007
0.00015752
0.000142869
0.000153768
0.000188233
0.000230944
0.000257629
0.000244854
0.000179825
5.4622e-05
-8.12039e-05
-0.000408354
-0.000993297
-0.00210464
-0.0045625
-0.00906607
-0.0162151
-0.0265483
-0.0401194
-0.0579385
-0.0746874
-0.0833522
-0.0807749
-0.0683645
-0.0515759
-0.0355193
-0.0222622
-0.0118835
-0.00388512
0.00223459
0.00684533
0.01021
0.0124871
0.0138028
0.0144713
0.0146057
0.0143898
0.0134822
0.0118774
0.00919987
0.00520792
-0.000260883
-0.00748549
-0.0170561
-0.0300687
-0.0480745
-0.0717337
-0.0978312
-0.117512
-0.121295
-0.108339
-0.0832611
-0.0581134
-0.042655
-0.0333327
-0.0269705
-0.0215098
-0.0163665
-0.0121652
-0.00893034
-0.00647004
-0.00463172
-0.00328275
-0.00230529
-0.00159384
-0.0010643
-0.000655556
-0.000328558
-6.61854e-05
0.000140772
0.000298393
0.00041322
0.000492843
0.000545079
0.000577087
0.000593509
0.00036365
0.000355186
0.000335413
0.000305744
0.000271135
0.000242355
0.000226795
0.000232984
0.000256048
0.000277025
0.000270554
0.000218107
0.000107355
-6.97837e-05
-0.000338736
-0.000786982
-0.00149032
-0.00265564
-0.00476088
-0.00830587
-0.0136125
-0.0209311
-0.0298993
-0.0401084
-0.0492328
-0.0539686
-0.052953
-0.0465967
-0.0370862
-0.026996
-0.017857
-0.0101461
-0.00385803
0.00114992
0.00503984
0.0079562
0.009997
0.0112507
0.0119169
0.0120757
0.0118984
0.0110152
0.00949775
0.00702929
0.0034904
-0.00121346
-0.00722743
-0.0148506
-0.0245322
-0.0367156
-0.0511836
-0.065916
-0.0767729
-0.0796667
-0.0735708
-0.0608305
-0.0471655
-0.0368805
-0.0292605
-0.0235097
-0.0187311
-0.0146287
-0.011275
-0.00857608
-0.00644875
-0.00480985
-0.00356757
-0.00262915
-0.00191718
-0.00136334
-0.000926427
-0.000568988
-0.000282727
-5.7842e-05
0.000112763
0.00023723
0.000324022
0.000381368
0.00041629
0.000434929
0.00042805
0.000415141
0.000399708
0.000372467
0.000337405
0.000313693
0.000294336
0.000295783
0.000309724
0.000312676
0.000276584
0.000184313
3.29357e-05
-0.000187524
-0.000523743
-0.00104691
-0.00180526
-0.00292222
-0.00469311
-0.00745983
-0.0113335
-0.016342
-0.0221832
-0.0282934
-0.0334968
-0.0363584
-0.0360845
-0.0326436
-0.0269753
-0.0204325
-0.0140565
-0.00835212
-0.00348241
0.000537581
0.00375107
0.00622068
0.00800373
0.00916323
0.00981787
0.0100049
0.00983564
0.00902119
0.00763796
0.00543834
0.00238208
-0.00157841
-0.00649865
-0.0125018
-0.019729
-0.0281807
-0.0373685
-0.0459493
-0.0517848
-0.0530414
-0.0496291
-0.0432764
-0.0359532
-0.0295271
-0.0243056
-0.0200327
-0.016339
-0.013112
-0.0103725
-0.00810985
-0.00628754
-0.00484785
-0.00372168
-0.00284002
-0.00214402
-0.00158456
-0.00112963
-0.000758839
-0.000461066
-0.000227367
-5.02775e-05
7.94856e-05
0.000170518
0.000231225
0.000266662
0.000289861
0.00047754
0.000466138
0.000454102
0.000429618
0.000396968
0.000365644
0.000344097
0.00034147
0.000349897
0.000342556
0.000286362
0.000163281
-2.13719e-05
-0.000269207
-0.00063024
-0.00117812
-0.0019425
-0.00297426
-0.00444548
-0.00658323
-0.00942033
-0.0128629
-0.0166984
-0.0205408
-0.0237261
-0.0254997
-0.0253727
-0.0233035
-0.0197404
-0.0153936
-0.0109121
-0.00670294
-0.00296411
0.000224712
0.00284171
0.00489776
0.00642537
0.00747504
0.00810909
0.008318
0.00813409
0.00740691
0.00617522
0.00425957
0.00167634
-0.00159705
-0.00557049
-0.0102706
-0.0156858
-0.021657
-0.0277172
-0.0330677
-0.036653
-0.0375969
-0.0358093
-0.0321204
-0.0278223
-0.0237563
-0.020171
-0.017008
-0.0141692
-0.0116336
-0.00942765
-0.00756186
-0.00602266
-0.004772
-0.00376252
-0.0029455
-0.00227792
-0.00172787
-0.00127385
-0.000902278
-0.000603545
-0.000369235
-0.000190999
-6.00277e-05
3.25697e-05
9.49568e-05
0.000129929
0.000157267
0.000515215
0.00050609
0.000497621
0.000476876
0.000444828
0.000408366
0.000380036
0.000370568
0.000374522
0.000364272
0.000301302
0.000162284
-4.47746e-05
-0.000308632
-0.000668057
-0.00119903
-0.0019317
-0.00286543
-0.00408006
-0.00571417
-0.00779159
-0.0102072
-0.0127864
-0.0152637
-0.0172279
-0.0183023
-0.0181892
-0.0168585
-0.014526
-0.0115707
-0.00838975
-0.00528002
-0.00241939
9.44333e-05
0.00220671
0.00389752
0.0051865
0.0061199
0.00672619
0.00694388
0.00673473
0.00609281
0.00500712
0.00335951
0.00120538
-0.00146213
-0.00463511
-0.00830361
-0.012397
-0.016713
-0.0208695
-0.0243853
-0.0267294
-0.027521
-0.0267853
-0.0247394
-0.0221383
-0.0194451
-0.0168728
-0.0144751
-0.012267
-0.0102681
-0.00850141
-0.00697663
-0.00568666
-0.0046076
-0.00370905
-0.00295931
-0.00233079
-0.00180385
-0.00136495
-0.00100418
-0.000713717
-0.00048558
-0.000311337
-0.000182386
-9.03457e-05
-2.7746e-05
7.21764e-06
3.5444e-05
0.000540386
0.000533874
0.000530522
0.000515301
0.00048514
0.000444528
0.000406982
0.000386681
0.000383527
0.00037328
0.000314788
0.000177308
-3.55302e-05
-0.00030326
-0.000644784
-0.00112729
-0.00179031
-0.00261566
-0.00362098
-0.00487664
-0.00639762
-0.00810113
-0.00985389
-0.0114819
-0.0127617
-0.0133685
-0.0132416
-0.0123313
-0.0107442
-0.00868938
-0.00640645
-0.00409881
-0.00190862
6.90762e-05
0.00176499
0.00314269
0.00421715
0.00503517
0.0056052
0.00582052
0.0055911
0.00502204
0.00406728
0.00265693
0.000867789
-0.00129386
-0.00380916
-0.00665806
-0.00976491
-0.0129428
-0.0159011
-0.018347
-0.0199974
-0.0206608
-0.0203658
-0.0192736
-0.0177027
-0.0159205
-0.0140929
-0.0123045
-0.0106081
-0.0090415
-0.00763037
-0.006386
-0.00530598
-0.00437694
-0.00358109
-0.00290028
-0.00231897
-0.00182575
-0.00141233
-0.00107152
-0.000796478
-0.000579682
-0.000413143
-0.000288749
-0.000199008
-0.000137389
-0.000102496
-7.57539e-05
0.00055259
0.000549152
0.000552498
0.000545085
0.000519691
0.000477507
0.000430879
0.000396651
0.000381523
0.000368616
0.00031896
0.000195803
-6.2336e-06
-0.000265191
-0.000580736
-0.00100123
-0.00157104
-0.00227735
-0.00310666
-0.00408209
-0.00520533
-0.00641534
-0.00761731
-0.00869407
-0.00949707
-0.00987084
-0.00974692
-0.00909978
-0.00798616
-0.00652616
-0.00486536
-0.00314
-0.0014575
9.82631e-05
0.00145456
0.00256827
0.00345447
0.00416213
0.00468741
0.00489382
0.00464948
0.0041423
0.00330523
0.00210483
0.0006198
-0.00113603
-0.00313273
-0.00534464
-0.00771138
-0.0100879
-0.0122627
-0.0140439
-0.0152722
-0.0158527
-0.0158032
-0.015219
-0.0142525
-0.0130636
-0.0117717
-0.0104541
-0.00916549
-0.00794559
-0.0068206
-0.00580402
-0.00489857
-0.0040995
-0.00339872
-0.00278777
-0.00225933
-0.00180732
-0.00142665
-0.00111193
-0.000856989
-0.000654936
-0.000498518
-0.000380528
-0.000294481
-0.000234902
-0.000200535
-0.0001761
0.000552417
0.000552559
0.000563387
0.000565494
0.000548231
0.00050884
0.00045646
0.00040833
0.000377175
0.00035581
0.000312464
0.000208412
2.81314e-05
-0.000212166
-0.000499551
-0.000860174
-0.00133349
-0.00191836
-0.00259357
-0.00335556
-0.00419469
-0.00506511
-0.00590022
-0.00662129
-0.00713653
-0.00735931
-0.0072398
-0.00676228
-0.0059577
-0.00489714
-0.00367102
-0.00237014
-0.00107319
0.000149797
0.00122946
0.00212259
0.00284665
0.00345052
0.00392466
0.00411427
0.00386116
0.00339555
0.00267197
0.00166076
0.000435202
-0.000995438
-0.00259291
-0.00432296
-0.00613887
-0.0079402
-0.00958058
-0.0109283
-0.0118835
-0.0123967
-0.0124781
-0.012179
-0.0115828
-0.0107852
-0.00986978
-0.0088992
-0.00792108
-0.00697052
-0.00607166
-0.00523892
-0.00447901
-0.00379352
-0.00318127
-0.00264009
-0.00216766
-0.00176122
-0.00141747
-0.00113216
-0.000899857
-0.000714442
-0.000569621
-0.000459278
-0.000377976
-0.00032126
-0.000287956
-0.00026604
0.000541905
0.000545753
0.000563453
0.000575359
0.000568808
0.000537214
0.000485046
0.000427175
0.000379665
0.000344805
0.000301521
0.000214516
6.07173e-05
-0.000153652
-0.00041199
-0.000721706
-0.00110993
-0.00158295
-0.00212384
-0.0027186
-0.00335118
-0.00398568
-0.00457504
-0.00506851
-0.00540115
-0.0055264
-0.00541058
-0.00504466
-0.00444666
-0.00365997
-0.00274247
-0.00175524
-0.000754634
0.000203405
0.00105693
0.00176687
0.00235385
0.00286364
0.00328513
0.00344889
0.00319424
0.00275216
0.00212212
0.00128145
0.000283517
-0.000877179
-0.00216252
-0.00353017
-0.00493883
-0.00632177
-0.00758226
-0.0086293
-0.00939516
-0.00984845
-0.0099941
-0.00986201
-0.009495
-0.00895955
-0.00830983
-0.00759313
-0.00684791
-0.00610377
-0.00538236
-0.00469839
-0.0040611
-0.00347602
-0.00294624
-0.00247326
-0.00205747
-0.00169796
-0.00139254
-0.00113772
-0.000928903
-0.000760892
-0.00062843
-0.000526514
-0.000450722
-0.000397479
-0.000365733
-0.000346458
0.000524101
0.000531126
0.000553671
0.00057385
0.00057869
0.000558811
0.000513657
0.000453464
0.000394116
0.000344689
0.000295531
0.000219516
9.12207e-05
-9.3118e-05
-0.000320489
-0.000587158
-0.000906482
-0.00128539
-0.00171337
-0.00217547
-0.00265425
-0.00312108
-0.00354136
-0.00387925
-0.0040954
-0.00415937
-0.00404917
-0.00375992
-0.00330447
-0.00271103
-0.00201811
-0.00126732
-0.000498105
0.000246637
0.000914337
0.00147256
0.00194552
0.00237425
0.00275022
0.0028898
0.00262032
0.00219202
0.00163652
0.000938994
0.00013737
-0.00079434
-0.00182689
-0.00291571
-0.00402061
-0.00509575
-0.0060783
-0.00690585
-0.00753058
-0.00792799
-0.00809878
-0.00806255
-0.00784474
-0.0074852
-0.00702188
-0.00648979
-0.00591878
-0.00533321
-0.00475222
-0.00419017
-0.00365752
-0.00316179
-0.00270823
-0.00230017
-0.00193927
-0.00162562
-0.00135775
-0.00113287
-0.000947216
-0.000796581
-0.000676732
-0.000583684
-0.000513943
-0.000464641
-0.000434863
-0.000418246
0.000502299
0.000511373
0.000535845
0.000561232
0.000575838
0.000569101
0.00053629
0.000482048
0.000418967
0.000358941
0.000301652
0.000230338
0.000122597
-3.18012e-05
-0.000226603
-0.000454498
-0.000718497
-0.0010221
-0.00135872
-0.001716
-0.00207824
-0.00242291
-0.00272405
-0.00295679
-0.00309535
-0.00311983
-0.00301674
-0.00278392
-0.00243149
-0.00197933
-0.00145425
-0.00088503
-0.000298706
0.000272925
0.000787063
0.00121916
0.00159688
0.00195757
0.00229473
0.00241037
0.00214664
0.00171847
0.00121699
0.000631646
-9.32354e-06
-0.00075042
-0.00157558
-0.00244442
-0.00331808
-0.00416268
-0.00493666
-0.00559729
-0.00611023
-0.00645554
-0.00663082
-0.00664768
-0.00652402
-0.00628334
-0.00595116
-0.00555341
-0.00511327
-0.00465071
-0.00418236
-0.00372158
-0.0032789
-0.00286244
-0.00247819
-0.00213016
-0.00182056
-0.00154996
-0.00131743
-0.00112085
-0.000957305
-0.000823519
-0.000716176
-0.000632194
-0.000568835
-0.000523804
-0.000496304
-0.000482201
0.000479312
0.000489034
0.000512454
0.000539283
0.000560209
0.000565138
0.000546827
0.000504856
0.000446817
0.000383703
0.000320756
0.000250744
0.000157675
2.95951e-05
-0.000133286
-0.000324865
-0.000542786
-0.000786609
-0.0010511
-0.00132656
-0.00160028
-0.00185518
-0.00207302
-0.00223255
-0.00231905
-0.00231906
-0.00222497
-0.0020366
-0.00176213
-0.00141648
-0.00101928
-0.000591005
-0.000149871
0.00028107
0.000667862
0.000993844
0.00128992
0.00159244
0.00189824
0.0020019
0.0017513
0.00132683
0.000868378
0.000370311
-0.000144563
-0.000732544
-0.00138958
-0.00208304
-0.00277742
-0.00344619
-0.00406065
-0.00459115
-0.00501279
-0.00530967
-0.00547803
-0.00552331
-0.0054568
-0.00529612
-0.00505671
-0.00475769
-0.0044171
-0.00405123
-0.00367426
-0.00329815
-0.00293272
-0.00258581
-0.00226332
-0.00196933
-0.00170621
-0.00147478
-0.00127458
-0.0011041
-0.000961227
-0.000843468
-0.000748282
-0.000673347
-0.000616492
-0.000575896
-0.000550875
-0.000539031
0.000456964
0.000466065
0.000486177
0.000511035
0.000534137
0.000547097
0.000541979
0.000514853
0.000468297
0.000410054
0.000347047
0.000278698
0.000196104
8.92948e-05
-4.48581e-05
-0.000203033
-0.000381432
-0.000577137
-0.000785065
-0.000997437
-0.00120425
-0.00139267
-0.00154923
-0.00165951
-0.00171263
-0.00169974
-0.00161666
-0.00146477
-0.00125111
-0.000987364
-0.000688568
-0.000369792
-4.33636e-05
0.000273974
0.000555415
0.000791288
0.00101461
0.00126376
0.00154098
0.00164174
0.00141181
0.00100161
0.000585033
0.000159564
-0.000256205
-0.000723839
-0.00124686
-0.00180069
-0.00235456
-0.00288736
-0.00337837
-0.00380624
-0.00415287
-0.0044059
-0.00456087
-0.00461967
-0.00458725
-0.004482
-0.00430886
-0.00408329
-0.00381938
-0.00353031
-0.00322792
-0.00292252
-0.00262286
-0.00233603
-0.00206746
-0.001821
-0.00159899
-0.00140245
-0.00123126
-0.00108449
-0.000960647
-0.00085791
-0.000774359
-0.000708237
-0.000657817
-0.000621648
-0.000599177
-0.000589286
0.000435962
0.00044361
0.000459287
0.000479913
0.000501597
0.000518218
0.000522595
0.000509133
0.0004766
0.00042882
0.000371646
0.000307793
0.000234044
0.000144048
3.40887e-05
-9.47718e-05
-0.000239287
-0.000395748
-0.000559207
-0.000723186
-0.000879771
-0.00101918
-0.00113281
-0.00120921
-0.00124101
-0.00122255
-0.00115163
-0.00103031
-0.000864797
-0.000664518
-0.000441448
-0.000207197
2.96237e-05
0.000256457
0.000451863
0.000611687
0.000768688
0.000965068
0.00121045
0.00131034
0.00110569
0.000721006
0.000351226
-8.06522e-06
-0.000342914
-0.000715438
-0.00113213
-0.00157491
-0.00201789
-0.00244443
-0.00283906
-0.00318577
-0.00347111
-0.00368555
-0.0038248
-0.00388975
-0.00388672
-0.00381169
-0.00368502
-0.0035145
-0.00331018
-0.0030824
-0.00284083
-0.00259413
-0.00234981
-0.0021141
-0.0018918
-0.00168641
-0.00150019
-0.00133426
-0.00118881
-0.00106334
-0.000956843
-0.000868004
-0.000795401
-0.000737667
-0.000693437
-0.000661538
-0.000641557
-0.000633295
0.000416151
0.000422056
0.000433251
0.000448787
0.000466805
0.000483364
0.000492821
0.000489465
0.000469897
0.000434639
0.00038725
0.00033111
0.000266403
0.00019027
0.000100076
-4.16007e-06
-0.00012019
-0.00024458
-0.000372868
-0.000499676
-0.000618919
-0.000724326
-0.000805926
-0.000858937
-0.000877433
-0.000857802
-0.000799021
-0.000703307
-0.000576039
-0.000425
-0.000260023
-9.04998e-05
7.72096e-05
0.000233178
0.000359897
0.000457285
0.000554108
0.000696859
0.000903501
0.000998482
0.000818493
0.00046708
0.000149512
-0.000146008
-0.000411685
-0.000707227
-0.00103861
-0.00139245
-0.00174721
-0.0020898
-0.00240846
-0.00269062
-0.00292593
-0.003107
-0.00322973
-0.00329368
-0.00330153
-0.00325574
-0.00316497
-0.00303675
-0.00287915
-0.00270033
-0.00250815
-0.0023098
-0.00211158
-0.00191884
-0.00173577
-0.00156549
-0.00141012
-0.00127083
-0.00114804
-0.00104154
-0.000950683
-0.000874537
-0.000812041
-0.000762111
-0.000723669
-0.000695748
-0.000678085
-0.000671174
0.000397015
0.0004013
0.00040871
0.000419467
0.000433044
0.000447219
0.000458032
0.000460597
0.000450814
0.00042711
0.000390764
0.000344348
0.000289401
0.000225503
0.000151552
6.75081e-05
-2.50782e-05
-0.000123407
-0.000223724
-0.000321555
-0.000411989
-0.000490969
-0.000551269
-0.000588605
-0.000599185
-0.00058083
-0.000533327
-0.000458833
-0.000361957
-0.000249183
-0.000128764
-8.62836e-06
0.00010616
0.000207317
0.000280388
0.000328424
0.000371586
0.000460839
0.000621905
0.000705634
0.00054553
0.000230953
-3.13062e-05
-0.000264938
-0.000470081
-0.000701918
-0.000963579
-0.00124521
-0.00152891
-0.00180428
-0.00206221
-0.00229259
-0.0024871
-0.00263983
-0.002747
-0.00280759
-0.00282298
-0.00279608
-0.00273205
-0.00263642
-0.0025155
-0.00237576
-0.00222355
-0.00206478
-0.00190471
-0.00174785
-0.00159781
-0.00145737
-0.00132846
-0.00121225
-0.00110927
-0.00101953
-0.000942629
-0.000877905
-0.000824555
-0.000781723
-0.000748539
-0.000724211
-0.000708627
-0.000702825
0.000378127
0.000381141
0.00038577
0.000392728
0.000402202
0.000413103
0.000422891
0.000427853
0.000424178
0.000409383
0.00038312
0.000346713
0.000301778
0.000249119
0.000188846
0.000121317
4.77952e-05
-2.95247e-05
-0.000107626
-0.000182721
-0.000249778
-0.000310602
-0.000355172
-0.000381496
-0.000387312
-0.000371279
-0.00033362
-0.000276416
-0.000203647
-0.000120706
-3.46284e-05
4.76958e-05
0.000121866
0.000180693
0.000212163
0.00022169
0.000216945
0.000254141
0.000365457
0.00043327
0.000286357
9.06057e-06
-0.000196444
-0.000370021
-0.000521554
-0.000699883
-0.000903615
-0.00112584
-0.00135176
-0.00157283
-0.00178179
-0.00197028
-0.0021314
-0.00226022
-0.0023534
-0.00240963
-0.00242952
-0.00241524
-0.00237121
-0.00230075
-0.00220868
-0.00210013
-0.00198023
-0.00185381
-0.00172523
-0.00159825
-0.00147598
-0.00136082
-0.00125452
-0.0011582
-0.00107245
-0.000997375
-0.000932767
-0.000878148
-0.00083291
-0.000796379
-0.000767857
-0.000746691
-0.000732916
-0.000728002
0.000359409
0.000361556
0.000364372
0.000368689
0.000374961
0.000382711
0.000390397
0.000395434
0.000394771
0.000385863
0.000367519
0.000340024
0.000304512
0.000262098
0.000213561
0.000159679
0.000101637
4.11628e-05
-1.95045e-05
-7.79103e-05
-0.000132441
-0.000173876
-0.000205516
-0.000223655
-0.000226351
-0.000212804
-0.000183438
-0.000140165
-8.64041e-05
-2.67158e-05
3.28236e-05
8.613e-05
0.000129022
0.000155033
0.000153716
0.000131621
8.24589e-05
6.76511e-05
0.000128336
0.000179559
3.82204e-05
-0.000203294
-0.000348226
-0.000462528
-0.00056498
-0.000697677
-0.000852804
-0.001026
-0.00120491
-0.00138213
-0.00155159
-0.00170613
-0.00183994
-0.00194878
-0.00202969
-0.00208126
-0.00210347
-0.00209757
-0.00206915
-0.00201836
-0.00194907
-0.00186549
-0.00177175
-0.00167181
-0.00156924
-0.00146716
-0.0013682
-0.00127443
-0.0011874
-0.00110813
-0.0010372
-0.000974822
-0.000920878
-0.00087504
-0.000836851
-0.00080579
-0.000781303
-0.000762867
-0.000750634
-0.000746418
0.000341162
0.000342791
0.000344552
0.000347231
0.000351288
0.000356489
0.000361902
0.00036583
0.000366062
0.000360458
0.000347618
0.000327215
0.000299816
0.00026638
0.000227898
0.000185371
0.000139958
9.31112e-05
4.66168e-05
2.48995e-06
-3.71043e-05
-6.86536e-05
-9.14374e-05
-0.00010376
-0.000104446
-9.31747e-05
-7.05637e-05
-3.83148e-05
6.39708e-07
4.23917e-05
8.16566e-05
0.000113041
0.000132269
0.00013306
0.000105401
5.64e-05
-3.71194e-05
-0.000107084
-9.54729e-05
-5.52007e-05
-0.000197995
-0.000409215
-0.000487881
-0.000540192
-0.000595204
-0.000689013
-0.000803661
-0.000937017
-0.0010784
-0.0012207
-0.00135859
-0.00148585
-0.0015975
-0.00168993
-0.00176055
-0.00180792
-0.00183136
-0.00182914
-0.00181513
-0.00177976
-0.00172846
-0.00166492
-0.00159247
-0.00151426
-0.00143321
-0.00135189
-0.00127247
-0.00119674
-0.00112601
-0.00106124
-0.00100295
-0.000951398
-0.000906554
-0.000868206
-0.000836019
-0.000809607
-0.000788546
-0.000772431
-0.000761502
-0.000757838
0.000323932
0.000325299
0.00032651
0.000328259
0.000330894
0.000334222
0.000337632
0.000340045
0.000339976
0.000335847
0.000326428
0.000311157
0.000290195
0.00026422
0.000234152
0.000201002
0.00016587
0.000130019
9.49024e-05
6.21485e-05
3.32202e-05
1.03011e-05
-5.60477e-06
-1.35209e-05
-1.27911e-05
-3.4166e-06
1.3892e-05
3.76276e-05
6.52936e-05
9.35692e-05
0.000117879
0.000133508
0.000136035
0.000118803
7.21754e-05
2.43391e-06
-0.000135623
-0.00026574
-0.00030018
-0.000264527
-0.000414925
-0.000600966
-0.000608024
-0.000594206
-0.000603305
-0.000666138
-0.00074909
-0.000851652
-0.000964298
-0.00107966
-0.00119291
-0.00129869
-0.00139271
-0.00147195
-0.00153422
-0.00157849
-0.00160508
-0.0016175
-0.00160305
-0.00157745
-0.00154007
-0.00149266
-0.00143758
-0.00137726
-0.00131403
-0.00124997
-0.00118689
-0.00112626
-0.00106923
-0.00101663
-0.000968977
-0.000926523
-0.000889314
-0.000857234
-0.000830065
-0.000807536
-0.000789343
-0.000775185
-0.000765365
-0.000762153
0.000308311
0.000309591
0.000310539
0.00031177
0.000313492
0.000315472
0.000317257
0.000318162
0.000317253
0.000313485
0.000305941
0.000294085
0.000277884
0.00025777
0.000234478
0.000208902
0.00018203
0.00015493
0.000128744
0.000104607
8.4184e-05
6.82388e-05
5.7716e-05
5.32296e-05
5.50584e-05
6.30067e-05
7.6337e-05
9.3721e-05
0.000113079
0.000131678
0.00014561
0.000150987
0.000143587
0.000116063
6.08452e-05
-1.823e-05
-0.000190301
-0.00037823
-0.000461954
-0.000416947
-0.00058225
-0.000743605
-0.000673878
-0.000604344
-0.000578743
-0.000622326
-0.000684436
-0.00076554
-0.000857684
-0.000953172
-0.00104776
-0.00113702
-0.00121732
-0.00128612
-0.00134159
-0.00138279
-0.00140956
-0.00142226
-0.00141889
-0.00140356
-0.00137799
-0.00134387
-0.00130306
-0.00125747
-0.00120895
-0.00115917
-0.00110962
-0.00106153
-0.00101588
-0.000973393
-0.000934546
-0.000899621
-0.000868714
-0.000841797
-0.000818755
-0.000799426
-0.000783615
-0.000771107
-0.000762249
-0.000759433
0.000294772
0.000296076
0.000296894
0.000297793
0.000298857
0.00029981
0.000300288
0.00029985
0.000297944
0.000293943
0.00028726
0.000277506
0.000264614
0.000248859
0.000230795
0.000211154
0.000190769
0.000170527
0.000151351
0.000134207
0.000120018
0.000109445
0.000103073
0.000101241
0.000103977
0.000110954
0.000121447
0.000134304
0.000147827
0.00015989
0.00016723
0.000166997
0.000155728
0.000125812
7.35601e-05
-2.14287e-07
-0.000174162
-0.000389944
-0.000522996
-0.00044438
-0.000618675
-0.000792475
-0.000636931
-0.000547402
-0.000517304
-0.000556437
-0.000609613
-0.000678206
-0.00075692
-0.000838347
-0.000919137
-0.000995893
-0.00106562
-0.00112633
-0.00117649
-0.00121521
-0.0012421
-0.00125722
-0.00126054
-0.0012536
-0.0012378
-0.0012146
-0.00118549
-0.00115196
-0.00111549
-0.00107743
-0.00103899
-0.00100119
-0.000964863
-0.000930649
-0.000899002
-0.000870215
-0.000844438
-0.000821721
-0.000802039
-0.000785329
-0.000771491
-0.000760392
-0.000752393
-0.000749953
0.000283563
0.000284959
0.000285675
0.000286283
0.000286776
0.000286866
0.000286256
0.000284664
0.000281785
0.000277293
0.000270875
0.000262321
0.000251606
0.00023894
0.000224742
0.000209588
0.000194152
0.000179149
0.000165293
0.000153343
0.000143912
0.000137436
0.000134231
0.000134428
0.00013791
0.000144279
0.000152841
0.000162616
0.000172241
0.000180155
0.000183729
0.000181184
0.000170127
0.000144023
0.000103539
4.87721e-05
-8.12012e-05
-0.000276401
-0.000417255
-0.000303582
-0.000468432
-0.000649351
-0.000499811
-0.000429706
-0.000429074
-0.000476468
-0.000529786
-0.000592526
-0.000662742
-0.000734277
-0.00080488
-0.000872204
-0.000933856
-0.000988324
-0.00103435
-0.00107114
-0.00109832
-0.0011159
-0.00112414
-0.00112381
-0.00111591
-0.00110156
-0.00108191
-0.00105816
-0.00103146
-0.0010029
-0.000973452
-0.000943982
-0.000915201
-0.000887677
-0.000861842
-0.000838004
-0.000816363
-0.000797037
-0.000780081
-0.000765519
-0.000753331
-0.000743455
-0.00073625
-0.000734192
0.000274664
0.00027618
0.000276767
0.000277052
0.00027698
0.000276284
0.000274735
0.000272158
0.000268412
0.000263366
0.000256912
0.000248992
0.000239655
0.000229095
0.000217648
0.000205766
0.00019398
0.000182858
0.000172991
0.000164833
0.00015887
0.000155364
0.000154459
0.000156145
0.000160197
0.000166192
0.000173481
0.000181234
0.00018836
0.000193743
0.000195367
0.000192246
0.000182941
0.000163149
0.000136095
0.000104617
3.87509e-05
-6.71851e-05
-0.000108443
-2.95199e-05
-0.000146356
-0.000321915
-0.000301166
-0.000298839
-0.000339495
-0.000396727
-0.000452688
-0.000512489
-0.000576657
-0.000640875
-0.000703787
-0.00076386
-0.000819252
-0.00086883
-0.000911585
-0.000946875
-0.000974365
-0.00099398
-0.00100599
-0.00101082
-0.00100917
-0.00100185
-0.000989756
-0.000973806
-0.000954908
-0.000933934
-0.000911686
-0.000888879
-0.000866131
-0.000843957
-0.000822772
-0.0008029
-0.000784582
-0.000767995
-0.000753264
-0.000740483
-0.000729702
-0.000720916
-0.000714464
-0.000712805
0.000267788
0.000269418
0.000269824
0.000269737
0.00026909
0.000267663
0.000265293
0.000261892
0.000257419
0.000251872
0.000245272
0.000237677
0.000229203
0.000220051
0.000210508
0.000200939
0.000191758
0.0001834
0.000176355
0.000170962
0.000167423
0.00016594
0.000166593
0.00016927
0.000173684
0.000179404
0.000185829
0.000192253
0.00019781
0.000201658
0.000202334
0.000199223
0.000191489
0.000176582
0.000157254
0.000137195
0.000108114
6.68216e-05
6.54438e-05
0.000113599
1.34965e-05
-0.00010958
-0.000168177
-0.000211492
-0.000269159
-0.00032842
-0.000384133
-0.000440921
-0.000499809
-0.000558089
-0.000614895
-0.000669176
-0.000719575
-0.000765236
-0.000805326
-0.000839317
-0.000866913
-0.000888077
-0.000902925
-0.000911683
-0.000914838
-0.000912986
-0.000906791
-0.000896954
-0.000884189
-0.000869193
-0.000852625
-0.000835088
-0.000817124
-0.000799204
-0.000781729
-0.000765036
-0.000749402
-0.000735051
-0.000722165
-0.000710893
-0.000701343
-0.000693552
-0.000687829
-0.000686587
0.000262427
0.000264134
0.000264307
0.000263818
0.00026261
0.000260521
0.000257457
0.000253394
0.000248361
0.000242426
0.000235694
0.000228294
0.000220388
0.00021219
0.000203956
0.000195986
0.000188608
0.000182184
0.00017706
0.000173441
0.000171496
0.000171339
0.000172941
0.000176138
0.000180653
0.000186063
0.000191825
0.000197326
0.000201867
0.000204758
0.000204971
0.000201975
0.000195256
0.000183164
0.000166888
0.000148438
0.000126133
9.85223e-05
8.37097e-05
9.06197e-05
1.6589e-05
-6.24514e-05
-0.000116627
-0.000165617
-0.000218841
-0.000273152
-0.000325598
-0.000378548
-0.000432419
-0.000485513
-0.000537195
-0.000586651
-0.000632894
-0.000675221
-0.000712987
-0.000745751
-0.00077326
-0.000795402
-0.00081222
-0.000823843
-0.000830583
-0.000832858
-0.000831156
-0.000826013
-0.000817985
-0.000807631
-0.000795496
-0.000782096
-0.000767908
-0.000753368
-0.000738865
-0.000724746
-0.000711313
-0.000698825
-0.000687506
-0.000677551
-0.000669105
-0.000662244
-0.000657232
-0.000656418
0.000257914
0.000259642
0.00025955
0.000258661
0.000256943
0.000254298
0.000250689
0.000246142
0.000240728
0.000234559
0.000227781
0.00022056
0.000213087
0.000205575
0.000198261
0.000191398
0.000185247
0.000180117
0.000176198
0.000173662
0.000172631
0.000173145
0.000175145
0.000178464
0.000182819
0.000187813
0.000192953
0.000197709
0.000201501
0.000203742
0.000203689
0.00020083
0.000194806
0.000184493
0.000170314
0.000153204
0.000132943
0.000109229
8.79329e-05
7.19294e-05
2.1182e-05
-3.57717e-05
-8.35621e-05
-0.000130421
-0.000178143
-0.000227346
-0.000275922
-0.000324765
-0.000373948
-0.000422393
-0.000469591
-0.000514863
-0.000557472
-0.000596833
-0.000632431
-0.000663893
-0.000690982
-0.000713565
-0.000731632
-0.000745201
-0.00075448
-0.000759754
-0.000761377
-0.000759752
-0.000755317
-0.000748521
-0.000739818
-0.00072965
-0.000718446
-0.00070661
-0.000694518
-0.00068252
-0.000670934
-0.000660043
-0.0006501
-0.000641326
-0.0006339
-0.000627919
-0.000623599
-0.000623209
0.00025351
0.000255196
0.000254834
0.000253587
0.000251453
0.000248388
0.000244405
0.000239564
0.000233961
0.00022773
0.000221031
0.000214046
0.000206969
0.000200006
0.000193371
0.000187281
0.000181981
0.000177697
0.000174437
0.000172471
0.00017184
0.00017255
0.000174521
0.000177598
0.000181516
0.000185909
0.000190344
0.000194364
0.00019748
0.000199194
0.000198923
0.000196187
0.00019065
0.000181519
0.000168806
0.000153028
0.000134014
0.000112318
8.98489e-05
6.59612e-05
2.72754e-05
-1.76652e-05
-6.00197e-05
-0.000102424
-0.000145275
-0.000189647
-0.000234113
-0.000278823
-0.000323651
-0.000367859
-0.000410995
-0.000452492
-0.000491774
-0.000528353
-0.00056181
-0.000591817
-0.000618161
-0.000640679
-0.000659325
-0.00067407
-0.00068502
-0.000692362
-0.000696352
-0.000697293
-0.00069553
-0.000691427
-0.000685365
-0.000677728
-0.0006689
-0.000659256
-0.000649158
-0.000638951
-0.000628961
-0.000619483
-0.000610783
-0.000603101
-0.000596633
-0.000591488
-0.000587833
-0.000587848
0.000248493
0.000250079
0.00024947
0.000247942
0.000245516
0.000242192
0.000238019
0.000233077
0.000227479
0.000221361
0.000214884
0.000208225
0.000201568
0.000195106
0.000189024
0.000183498
0.000178733
0.000174864
0.000172036
0.000170313
0.000169721
0.000170268
0.000171884
0.000174422
0.000177637
0.000181226
0.000184822
0.00018803
0.000190435
0.000191607
0.000191064
0.000188359
0.000183133
0.000174826
0.000163247
0.000148752
0.000131396
0.000111246
8.87923e-05
6.35926e-05
3.14245e-05
-5.39207e-06
-4.24045e-05
-8.04002e-05
-0.00011916
-0.000159077
-0.000199404
-0.000240042
-0.00028077
-0.00032103
-0.000360384
-0.000398356
-0.000434485
-0.000468359
-0.000499615
-0.000527966
-0.000553208
-0.000575201
-0.0005939
-0.000609175
-0.000621076
-0.000629729
-0.000635315
-0.000638063
-0.000638244
-0.000636157
-0.000632124
-0.000626479
-0.000619567
-0.000611736
-0.000603327
-0.000594676
-0.000586105
-0.000577911
-0.000570365
-0.000563709
-0.000558147
-0.000553797
-0.00055077
-0.000551155
0.000242243
0.000243684
0.000242875
0.000241166
0.000238587
0.000235173
0.000230991
0.000226137
0.000220725
0.000214887
0.000208772
0.000202541
0.000196359
0.000190393
0.000184805
0.000179754
0.000175385
0.000171812
0.000169106
0.00016731
0.000166476
0.000166603
0.000167622
0.00016938
0.000171702
0.000174332
0.000176967
0.000179264
0.000180866
0.000181399
0.000180469
0.000177671
0.000172652
0.000165018
0.000154539
0.000141341
0.000125537
0.000107213
8.63505e-05
6.26986e-05
3.47484e-05
3.25573e-06
-2.95298e-05
-6.36096e-05
-9.85634e-05
-0.000134509
-0.000170969
-0.000207728
-0.000244571
-0.000281065
-0.00031681
-0.000351406
-0.000384462
-0.000415625
-0.00044459
-0.000471091
-0.000494949
-0.00051597
-0.000534286
-0.000549567
-0.000561844
-0.000571203
-0.000577773
-0.000581731
-0.00058329
-0.000582697
-0.000580223
-0.000576163
-0.000570823
-0.000564522
-0.00055758
-0.000550315
-0.000543036
-0.000536034
-0.000529573
-0.00052389
-0.000519188
-0.000515584
-0.000513139
-0.000513843
0.000234299
0.000235564
0.000234618
0.000232838
0.000230248
0.000226902
0.000222883
0.000218286
0.000213222
0.00020781
0.000202182
0.000196475
0.000190829
0.000185381
0.000180268
0.00017563
0.00017156
0.000168103
0.000165365
0.000163368
0.00016216
0.000161712
0.000161969
0.00016282
0.000164124
0.000165678
0.000167234
0.000168508
0.000169204
0.000169004
0.000167572
0.000164564
0.000159652
0.000152562
0.000142998
0.000130946
0.000116565
9.99935e-05
8.12366e-05
5.97743e-05
3.52058e-05
7.74502e-06
-2.1407e-05
-5.17568e-05
-8.30595e-05
-0.000115272
-0.00014805
-0.000181134
-0.000214281
-0.000247149
-0.000279406
-0.000310711
-0.000340731
-0.00036916
-0.000395731
-0.00042021
-0.000442428
-0.000462189
-0.000479738
-0.00049458
-0.000506765
-0.000516352
-0.000523432
-0.000528138
-0.00053064
-0.000531141
-0.00052987
-0.000527085
-0.000523057
-0.000518075
-0.000512432
-0.000506425
-0.000500342
-0.000494457
-0.000489022
-0.000484261
-0.000480367
-0.000477454
-0.000475533
-0.000476496
0.00022439
0.000225464
0.000224451
0.000222703
0.000220231
0.000217097
0.000213385
0.000209188
0.000204604
0.000199737
0.000194696
0.000189591
0.000184533
0.00017963
0.00017499
0.000170723
0.000166942
0.000163494
0.000160664
0.000158413
0.000156737
0.000155638
0.000155073
0.000154963
0.000155186
0.000155598
0.000156007
0.000156188
0.000155899
0.000154884
0.000152852
0.000149523
0.000144611
0.0001379
0.00012908
0.000118079
0.0001051
9.02057e-05
7.33183e-05
5.40323e-05
3.23998e-05
8.43917e-06
-1.72744e-05
-4.41944e-05
-7.20626e-05
-0.00010076
-0.000129999
-0.000159541
-0.000189134
-0.000218496
-0.000247359
-0.000275429
-0.000302424
-0.000328091
-0.000352193
-0.000374532
-0.000394964
-0.00041342
-0.000429682
-0.000443708
-0.000455441
-0.000464893
-0.000472121
-0.000477225
-0.000480339
-0.000481628
-0.000481289
-0.000479542
-0.000476626
-0.000472797
-0.00046832
-0.000463463
-0.000458491
-0.000453655
-0.000449186
-0.00044529
-0.000442146
-0.000439862
-0.000438399
-0.000439556
0.000212442
0.000213322
0.000212308
0.000210684
0.000208435
0.000205626
0.000202336
0.000198647
0.000194642
0.000190405
0.000186022
0.000181574
0.000177143
0.000172805
0.000168644
0.000164714
0.000161042
0.000157792
0.000154859
0.000152291
0.000150137
0.000148388
0.000147007
0.000145934
0.000145082
0.000144357
0.000143622
0.000142704
0.000141404
0.000139519
0.00013683
0.000133117
0.000128121
0.00012166
0.000113454
0.00010341
9.16644e-05
7.83199e-05
6.32796e-05
4.62229e-05
2.71809e-05
6.16203e-06
-1.642e-05
-4.01556e-05
-6.47976e-05
-9.01582e-05
-0.000116018
-0.000142152
-0.000168335
-0.000194317
-0.000219866
-0.000244751
-0.000268743
-0.000291624
-0.000313197
-0.000333293
-0.000351803
-0.00036861
-0.00038353
-0.000396534
-0.000407566
-0.000416619
-0.000423729
-0.000428969
-0.000432445
-0.000434293
-0.000434675
-0.000433779
-0.000431813
-0.000428999
-0.000425572
-0.000421769
-0.000417824
-0.000413964
-0.000410394
-0.000407298
-0.000404838
-0.000403112
-0.000402037
-0.000403322
0.000198557
0.000199255
0.000198295
0.000196863
0.000194916
0.000192512
0.00018972
0.000186608
0.000183243
0.000179686
0.000175999
0.000172235
0.000168449
0.000164694
0.000161021
0.000157468
0.000154067
0.000150814
0.000147778
0.000144967
0.000142354
0.000139992
0.000137842
0.000135869
0.000134018
0.000132225
0.000130405
0.000128432
0.000126159
0.000123432
0.000120094
0.000115963
0.000110811
0.0001045
9.67805e-05
8.75419e-05
7.68861e-05
6.49583e-05
5.15999e-05
3.65333e-05
1.98619e-05
1.55799e-06
-1.81719e-05
-3.89164e-05
-6.04739e-05
-8.26559e-05
-0.00010528
-0.000128135
-0.000151033
-0.000173761
-0.000196104
-0.000217881
-0.000238921
-0.000259038
-0.00027806
-0.000295855
-0.000312339
-0.000327407
-0.000340879
-0.00035272
-0.000362883
-0.000371356
-0.000378159
-0.000383345
-0.000386997
-0.000389224
-0.00039016
-0.000389963
-0.000388808
-0.000386887
-0.000384399
-0.000381551
-0.000378545
-0.000375579
-0.000372831
-0.000370461
-0.000368611
-0.000367367
-0.000366608
-0.000367956
0.000182981
0.000183517
0.000182653
0.000181458
0.00017986
0.000177905
0.000175649
0.000173146
0.000170441
0.000167578
0.000164591
0.000161513
0.00015837
0.000155192
0.000152002
0.000148822
0.000145645
0.000142514
0.000139402
0.000136365
0.0001334
0.00013051
0.000127695
0.000124935
0.000122209
0.000119478
0.000116688
0.000113756
0.000110599
0.000107122
0.000103185
9.86384e-05
9.33096e-05
8.70996e-05
7.9779e-05
7.12392e-05
6.15712e-05
5.09075e-05
3.90446e-05
2.5849e-05
1.13224e-05
-4.5519e-06
-2.16069e-05
-3.95505e-05
-5.81987e-05
-7.7373e-05
-9.69142e-05
-0.000116646
-0.000136398
-0.000156001
-0.000175279
-0.000194069
-0.000212241
-0.000229661
-0.000246188
-0.000261703
-0.000276128
-0.000289402
-0.000301359
-0.000311958
-0.000321154
-0.00032893
-0.000335297
-0.000340293
-0.000343981
-0.000346447
-0.000347801
-0.00034817
-0.000347702
-0.000346554
-0.000344894
-0.000342896
-0.000340732
-0.000338567
-0.000336553
-0.000334825
-0.000333505
-0.000332667
-0.000332155
-0.000333509
0.000166059
0.000166462
0.000165718
0.000164782
0.00016355
0.000162054
0.000160337
0.000158435
0.000156376
0.000154183
0.00015187
0.000149448
0.000146925
0.000144309
0.000141599
0.000138791
0.000135852
0.000132837
0.000129731
0.000126551
0.000123318
0.000120018
0.000116676
0.000113288
0.00010985
0.000106352
0.000102766
9.90466e-05
9.51527e-05
9.10348e-05
8.65871e-05
8.16915e-05
7.62226e-05
7.01065e-05
6.31392e-05
5.52322e-05
4.64663e-05
3.69593e-05
2.64629e-05
1.49523e-05
2.3924e-06
-1.12412e-05
-2.58437e-05
-4.118e-05
-5.70961e-05
-7.34405e-05
-9.0071e-05
-0.000106852
-0.000123632
-0.000140275
-0.000156646
-0.000172611
-0.000188056
-0.000202882
-0.000216986
-0.000230268
-0.00024268
-0.000254188
-0.000264616
-0.000273949
-0.000282133
-0.000289147
-0.000294997
-0.000299707
-0.000303326
-0.000305919
-0.000307572
-0.000308389
-0.000308487
-0.000307993
-0.000307046
-0.000305786
-0.000304355
-0.000302889
-0.000301512
-0.000300336
-0.000299462
-0.000298954
-0.000298623
-0.000299937
0.000148193
0.000148492
0.000147882
0.000147205
0.000146328
0.000145271
0.000144063
0.000142722
0.000141261
0.000139686
0.000137993
0.000136176
0.000134228
0.000132135
0.00012988
0.000127456
0.000124761
0.000121907
0.00011886
0.00011563
0.000112225
0.000108667
0.000104958
0.000101115
9.71492e-05
9.30681e-05
8.88767e-05
8.45703e-05
8.01401e-05
7.55485e-05
7.07258e-05
6.55945e-05
6.00625e-05
5.40751e-05
4.74688e-05
4.0169e-05
3.22497e-05
2.38031e-05
1.45742e-05
4.61384e-06
-6.14485e-06
-1.77284e-05
-3.00653e-05
-4.29843e-05
-5.63589e-05
-7.00635e-05
-8.39787e-05
-9.79973e-05
-0.000111999
-0.000125871
-0.000139513
-0.000152824
-0.000165711
-0.000178094
-0.000189895
-0.000201034
-0.000211498
-0.00022133
-0.000230317
-0.000238407
-0.000245572
-0.000251796
-0.000257079
-0.000261437
-0.000264904
-0.000267529
-0.000269377
-0.000270528
-0.000271073
-0.000271113
-0.000270756
-0.000270115
-0.000269302
-0.000268424
-0.000267581
-0.000266863
-0.000266351
-0.0002661
-0.000265893
-0.000267131
0.000129791
0.000130019
0.000129543
0.000129108
0.000128554
0.00012789
0.000127133
0.000126286
0.00012535
0.000124314
0.000123165
0.000121884
0.000120448
0.000118823
0.000116977
0.000114876
0.000112513
0.000109861
0.000106941
0.000103752
0.00010032
9.66279e-05
9.27106e-05
8.85915e-05
8.42915e-05
7.98437e-05
7.52667e-05
7.05961e-05
6.58352e-05
6.09587e-05
5.59302e-05
5.07063e-05
4.52221e-05
3.94432e-05
3.32429e-05
2.65607e-05
1.94618e-05
1.20015e-05
3.99448e-06
-4.5331e-06
-1.36334e-05
-2.33313e-05
-3.35881e-05
-4.42798e-05
-5.53074e-05
-6.65721e-05
-7.7979e-05
-8.94416e-05
-0.000100875
-0.00011219
-0.00012331
-0.000134165
-0.000144683
-0.000154805
-0.000164483
-0.000173653
-0.000182166
-0.000190538
-0.000198151
-0.000205045
-0.000211212
-0.000216643
-0.000221334
-0.000225292
-0.000228541
-0.000231114
-0.000233058
-0.000234434
-0.000235308
-0.000235759
-0.000235867
-0.000235719
-0.000235401
-0.000234997
-0.000234583
-0.000234228
-0.000233997
-0.000233938
-0.000233805
-0.000234943
0.00011123
0.000111419
0.000111068
0.000110843
0.000110563
0.000110229
0.000109845
0.000109407
0.000108902
0.000108312
0.000107614
0.000106783
0.000105778
0.000104556
0.000103085
0.000101315
9.92428e-05
9.6845e-05
9.413e-05
9.10934e-05
8.77261e-05
8.40514e-05
8.00963e-05
7.58908e-05
7.14704e-05
6.68702e-05
6.21473e-05
5.73351e-05
5.24447e-05
4.74795e-05
4.24318e-05
3.72787e-05
3.19779e-05
2.65152e-05
2.0792e-05
1.47651e-05
8.48882e-06
1.98213e-06
-4.84699e-06
-1.20269e-05
-1.95894e-05
-2.7552e-05
-3.5899e-05
-4.45459e-05
-5.34195e-05
-6.24462e-05
-7.15551e-05
-8.06811e-05
-8.97674e-05
-9.87504e-05
-0.000107575
-0.000116193
-0.000124561
-0.000132637
-0.000140401
-0.000147866
-0.000155076
-0.000161641
-0.000167854
-0.000173588
-0.000178793
-0.000183444
-0.000187531
-0.000191055
-0.000194028
-0.000196472
-0.00019842
-0.000199912
-0.000200999
-0.000201736
-0.000202182
-0.000202401
-0.000202456
-0.00020241
-0.000202319
-0.000202235
-0.00020221
-0.000202285
-0.000202187
-0.000203213
9.28269e-05
9.30035e-05
9.27595e-05
9.27059e-05
9.26391e-05
9.2558e-05
9.246e-05
9.23322e-05
9.21564e-05
9.19082e-05
9.15599e-05
9.10781e-05
9.04212e-05
8.95454e-05
8.83986e-05
8.69517e-05
8.51716e-05
8.30558e-05
8.0595e-05
7.77735e-05
7.45949e-05
7.10832e-05
6.72618e-05
6.31625e-05
5.8821e-05
5.42829e-05
4.9621e-05
4.4877e-05
4.00738e-05
3.52318e-05
3.03603e-05
2.54532e-05
2.04879e-05
1.5466e-05
1.03129e-05
5.00256e-06
-4.23852e-07
-5.96743e-06
-1.16538e-05
-1.75527e-05
-2.36768e-05
-3.00377e-05
-3.66342e-05
-4.34131e-05
-5.03239e-05
-5.73159e-05
-6.43401e-05
-7.13523e-05
-7.8316e-05
-8.51953e-05
-9.19524e-05
-9.85597e-05
-0.000104996
-0.000111242
-0.000117284
-0.000123128
-0.000128757
-0.000134059
-0.000139078
-0.000143755
-0.000148053
-0.00015195
-0.000155432
-0.000158494
-0.00016114
-0.000163383
-0.000165244
-0.00016675
-0.000167934
-0.000168834
-0.000169493
-0.000169954
-0.000170262
-0.000170462
-0.000170595
-0.000170697
-0.000170807
-0.000170967
-0.000170874
-0.000171784
7.48094e-05
7.49943e-05
7.48362e-05
7.49083e-05
7.49883e-05
7.50787e-05
7.51731e-05
7.52548e-05
7.53028e-05
7.52911e-05
7.51909e-05
7.49652e-05
7.45754e-05
7.39806e-05
7.31305e-05
7.19623e-05
7.04936e-05
6.86754e-05
6.64929e-05
6.39606e-05
6.10741e-05
5.78479e-05
5.43023e-05
5.04711e-05
4.63878e-05
4.21118e-05
3.77184e-05
3.32513e-05
2.87409e-05
2.4218e-05
1.9704e-05
1.52065e-05
1.07236e-05
6.26421e-06
1.77705e-06
-2.75052e-06
-7.29016e-06
-1.1843e-05
-1.64202e-05
-2.10855e-05
-2.58478e-05
-3.07157e-05
-3.56976e-05
-4.07643e-05
-4.58859e-05
-5.10313e-05
-5.61711e-05
-6.12795e-05
-6.63361e-05
-7.13268e-05
-7.6235e-05
-8.1049e-05
-8.57625e-05
-9.03708e-05
-9.48703e-05
-9.9268e-05
-0.000103565
-0.000107675
-0.000111605
-0.00011531
-0.000118759
-0.000121928
-0.000124804
-0.000127378
-0.000129649
-0.000131622
-0.00013331
-0.000134729
-0.0001359
-0.000136848
-0.000137599
-0.000138184
-0.000138633
-0.000138975
-0.000139238
-0.000139447
-0.000139631
-0.000139837
-0.00013973
-0.000140527
5.73106e-05
5.75139e-05
5.74186e-05
5.75679e-05
5.77271e-05
5.79087e-05
5.81048e-05
5.82989e-05
5.84705e-05
5.85963e-05
5.86498e-05
5.85943e-05
5.83963e-05
5.8024e-05
5.7439e-05
5.65172e-05
5.53159e-05
5.38052e-05
5.19607e-05
4.97851e-05
4.72714e-05
4.44274e-05
4.12749e-05
3.78421e-05
3.41785e-05
3.03427e-05
2.63941e-05
2.2379e-05
1.83361e-05
1.43021e-05
1.03049e-05
6.36215e-06
2.48538e-06
-1.31169e-06
-5.05747e-06
-8.75331e-06
-1.23816e-05
-1.59344e-05
-1.94295e-05
-2.29055e-05
-2.63704e-05
-2.9833e-05
-3.3308e-05
-3.67861e-05
-4.02556e-05
-4.3704e-05
-4.71201e-05
-5.0496e-05
-5.38275e-05
-5.71148e-05
-6.03617e-05
-6.35714e-05
-6.67482e-05
-6.98973e-05
-7.30249e-05
-7.61434e-05
-7.92539e-05
-8.22896e-05
-8.52373e-05
-8.80495e-05
-9.06967e-05
-9.31602e-05
-9.54261e-05
-9.74851e-05
-9.93334e-05
-0.000100972
-0.000102406
-0.000103645
-0.0001047
-0.000105587
-0.000106321
-0.000106922
-0.000107408
-0.000107797
-0.000108109
-0.000108357
-0.000108563
-0.000108783
-0.000108652
-0.000109339
4.03622e-05
4.0579e-05
4.05239e-05
4.06999e-05
4.0874e-05
4.10725e-05
4.12881e-05
4.1507e-05
4.17129e-05
4.18873e-05
4.20055e-05
4.20417e-05
4.19686e-05
4.17654e-05
4.14942e-05
4.06629e-05
3.97341e-05
3.85599e-05
3.70981e-05
3.53267e-05
3.32484e-05
3.08641e-05
2.81977e-05
2.52813e-05
2.21636e-05
1.8901e-05
1.55425e-05
1.21366e-05
8.72661e-06
5.34774e-06
2.0283e-06
-1.20905e-06
-4.34419e-06
-7.36106e-06
-1.02687e-05
-1.30609e-05
-1.57303e-05
-1.82577e-05
-2.06767e-05
-2.29958e-05
-2.52231e-05
-2.73694e-05
-2.94506e-05
-3.14716e-05
-3.34347e-05
-3.53425e-05
-3.7199e-05
-3.90116e-05
-4.07914e-05
-4.25551e-05
-4.43217e-05
-4.61076e-05
-4.79208e-05
-4.97709e-05
-5.16745e-05
-5.36555e-05
-5.57048e-05
-5.7787e-05
-5.98401e-05
-6.1813e-05
-6.36904e-05
-6.54582e-05
-6.71041e-05
-6.8619e-05
-6.99979e-05
-7.12394e-05
-7.2345e-05
-7.33188e-05
-7.4167e-05
-7.4897e-05
-7.55179e-05
-7.60397e-05
-7.64733e-05
-7.68296e-05
-7.71189e-05
-7.73493e-05
-7.75328e-05
-7.77403e-05
-7.75901e-05
-7.81603e-05
2.39202e-05
2.41261e-05
2.40948e-05
2.42437e-05
2.43787e-05
2.45336e-05
2.47026e-05
2.48763e-05
2.50442e-05
2.51939e-05
2.53083e-05
2.53682e-05
2.53459e-05
2.5172e-05
2.45865e-05
2.44843e-05
2.39497e-05
2.31351e-05
2.20611e-05
2.07221e-05
1.91167e-05
1.72472e-05
1.51281e-05
1.27991e-05
1.03145e-05
7.72407e-06
5.06599e-06
2.38408e-06
-2.79469e-07
-2.88467e-06
-5.39769e-06
-7.79247e-06
-1.00492e-05
-1.21542e-05
-1.41042e-05
-1.5894e-05
-1.75211e-05
-1.89804e-05
-2.02889e-05
-2.14508e-05
-2.24746e-05
-2.33724e-05
-2.41607e-05
-2.48518e-05
-2.54577e-05
-2.59906e-05
-2.64648e-05
-2.68974e-05
-2.73083e-05
-2.77214e-05
-2.81628e-05
-2.86603e-05
-2.92457e-05
-2.99422e-05
-3.07661e-05
-3.17562e-05
-3.2909e-05
-3.4083e-05
-3.52729e-05
-3.64356e-05
-3.75587e-05
-3.863e-05
-3.96386e-05
-4.05772e-05
-4.14414e-05
-4.22292e-05
-4.29404e-05
-4.35761e-05
-4.41386e-05
-4.4631e-05
-4.5057e-05
-4.54213e-05
-4.57292e-05
-4.59858e-05
-4.6196e-05
-4.6363e-05
-4.649e-05
-4.66536e-05
-4.65007e-05
-4.69511e-05
7.85734e-06
7.95501e-06
7.94504e-06
8.01463e-06
8.0717e-06
8.13872e-06
8.21265e-06
8.28984e-06
8.36661e-06
8.43856e-06
8.50077e-06
8.55145e-06
8.59663e-06
8.66708e-06
8.73433e-06
8.39548e-06
8.02436e-06
7.51314e-06
6.82418e-06
5.93814e-06
4.84438e-06
3.53897e-06
2.0265e-06
3.40062e-07
-1.46513e-06
-3.34115e-06
-5.24736e-06
-7.14661e-06
-8.99996e-06
-1.0772e-05
-1.24312e-05
-1.39509e-05
-1.53107e-05
-1.6495e-05
-1.74932e-05
-1.82968e-05
-1.89034e-05
-1.93129e-05
-1.95292e-05
-1.95547e-05
-1.93954e-05
-1.90642e-05
-1.85812e-05
-1.79664e-05
-1.72417e-05
-1.64303e-05
-1.55577e-05
-1.4652e-05
-1.37442e-05
-1.28678e-05
-1.20588e-05
-1.13551e-05
-1.07953e-05
-1.04151e-05
-1.02463e-05
-1.03144e-05
-1.06389e-05
-1.10429e-05
-1.14422e-05
-1.18132e-05
-1.218e-05
-1.25414e-05
-1.2891e-05
-1.32245e-05
-1.35389e-05
-1.38322e-05
-1.41029e-05
-1.43505e-05
-1.45746e-05
-1.47753e-05
-1.49532e-05
-1.51089e-05
-1.52435e-05
-1.53579e-05
-1.5453e-05
-1.55292e-05
-1.55841e-05
-1.56699e-05
-1.55979e-05
-1.57683e-05
)
;

boundaryField
{
    lowerWall
    {
        type            fixedFluxPressure;
        gradient        uniform 0;
        value           nonuniform List<scalar> 
80
(
12452.3
12452.3
12452
12451.3
12450.2
12448.9
12447.3
12445.6
12443.8
12441.9
12440.1
12438.2
12436.4
12434.5
12432.7
12430.8
12429
12427.1
12425.2
12423.2
12421.2
12419
12416.7
12414.2
12411.6
12408.8
12405.8
12402.7
12399.3
12395.8
12392.2
12388.6
12385
12381.5
12378.2
12375.3
12372.8
12370.9
12369.6
12369
12369.1
12369.9
12371.4
12373.5
12376.2
12379.2
12382.5
12386
12389.6
12393.2
12396.8
12400.2
12403.5
12406.6
12409.5
12412.2
12414.8
12417.2
12419.4
12421.5
12423.5
12425.5
12427.3
12429.1
12430.9
12432.7
12434.5
12436.2
12438
12439.8
12441.6
12443.3
12445.1
12446.7
12448.2
12449.6
12450.6
12451.3
12451.6
12451.6
)
;
    }
    rightWall
    {
        type            zeroGradient;
    }
    atmosphere
    {
        type            totalPressure;
        rho             rho;
        psi             none;
        gamma           1;
        p0              uniform 0;
        value           nonuniform List<scalar> 
80
(
0
0
0
0
0
0
0
0
0
0
0
0
0
0
0
-5.28329e-08
-2.24705e-07
-5.29209e-07
-9.79892e-07
-1.59239e-06
-2.38816e-06
-3.38863e-06
-4.593e-06
-5.95984e-06
-7.42628e-06
-8.94401e-06
-1.04748e-05
-1.19848e-05
-1.34425e-05
-1.48186e-05
-1.60835e-05
-1.72086e-05
-1.81714e-05
-1.89522e-05
-1.95347e-05
-1.9903e-05
-2.00543e-05
-1.9982e-05
-1.96836e-05
-1.91597e-05
-1.84114e-05
-1.74527e-05
-1.63083e-05
-1.50041e-05
-1.3569e-05
-1.20347e-05
-1.04361e-05
-8.81045e-06
-7.19812e-06
-5.64156e-06
-4.185e-06
-2.87376e-06
-1.75385e-06
-8.715e-07
-2.73585e-07
-8.56046e-09
0
0
0
0
0
0
0
0
0
0
0
0
0
0
0
0
0
0
0
0
0
0
0
0
)
;
    }
    leftWall
    {
        type            zeroGradient;
    }
    frontAndBack
    {
        type            empty;
    }
}


// ************************************************************************* //
