/*--------------------------------*- C++ -*----------------------------------*\
| =========                 |                                                 |
| \\      /  F ield         | OpenFOAM: The Open Source CFD Toolbox           |
|  \\    /   O peration     | Version:  2412                                  |
|   \\  /    A nd           | Website:  www.openfoam.com                      |
|    \\/     M anipulation  |                                                 |
\*---------------------------------------------------------------------------*/
FoamFile
{
    version     2.0;
    format      ascii;
    arch        "LSB;label=32;scalar=64";
    class       volScalarField;
    location    "7.1";
    object      p;
}
// * * * * * * * * * * * * * * * * * * * * * * * * * * * * * * * * * * * * * //

dimensions      [1 -1 -2 0 0 0 0];

internalField   nonuniform List<scalar> 
6400
(
7069.78
7069.7
7069.54
7069.31
7069.02
7068.69
7068.33
7067.97
7067.65
7067.39
7067.24
7067.23
7067.42
7067.84
7068.53
7069.54
7070.92
7072.69
7074.9
7077.57
7080.7
7084.31
7088.37
7092.88
7097.78
7103.02
7108.54
7114.26
7120.1
7125.96
7131.75
7137.34
7142.65
7147.56
7151.97
7155.79
7158.95
7161.38
7163.04
7163.89
7163.91
7163.1
7161.48
7159.07
7155.93
7152.11
7147.68
7142.74
7137.4
7131.72
7125.86
7119.89
7113.92
7108.04
7102.35
7096.93
7091.84
7087.15
7082.9
7079.17
7075.9
7073.12
7070.84
7069.04
7067.68
7066.73
7066.15
7065.89
7065.9
7066.13
7066.53
7067.05
7067.64
7068.27
7068.88
7069.45
7069.93
7070.31
7070.58
7070.72
6706.9
6706.81
6706.63
6706.4
6706.09
6705.73
6705.35
6704.96
6704.61
6704.31
6704.12
6704.07
6704.21
6704.58
6705.23
6706.2
6707.54
6709.29
6711.47
6714.12
6717.26
6720.88
6724.97
6729.52
6734.47
6739.78
6745.38
6751.19
6757.12
6763.06
6768.98
6774.67
6780.09
6785.09
6789.58
6793.47
6796.69
6799.17
6800.86
6801.73
6801.75
6800.93
6799.28
6796.83
6793.63
6789.74
6785.23
6780.21
6774.77
6768.95
6763
6756.93
6750.86
6744.9
6739.12
6733.63
6728.48
6723.75
6719.47
6715.69
6712.41
6709.65
6707.4
6705.62
6704.29
6703.38
6702.84
6702.63
6702.69
6702.97
6703.42
6704
6704.64
6705.3
6705.95
6706.55
6707.06
6707.45
6707.74
6707.88
6344.09
6343.99
6343.81
6343.55
6343.21
6342.81
6342.37
6341.93
6341.5
6341.13
6340.86
6340.72
6340.77
6341.05
6341.6
6342.49
6343.75
6345.43
6347.57
6350.2
6353.34
6356.98
6361.12
6365.75
6370.81
6376.25
6382.01
6387.99
6394.12
6400.28
6406.37
6412.26
6417.92
6423.12
6427.78
6431.83
6435.17
6437.75
6439.5
6440.41
6440.43
6439.58
6437.87
6435.33
6432.02
6427.98
6423.28
6418.06
6412.41
6406.43
6400.25
6393.98
6387.71
6381.56
6375.62
6369.98
6364.71
6359.88
6355.54
6351.72
6348.43
6345.68
6343.45
6341.74
6340.49
6339.66
6339.22
6339.11
6339.27
6339.66
6340.21
6340.88
6341.61
6342.36
6343.08
6343.73
6344.29
6344.72
6345.03
6345.19
5981.38
5981.27
5981.06
5980.76
5980.38
5979.92
5979.41
5978.87
5978.34
5977.86
5977.46
5977.19
5977.09
5977.23
5977.65
5978.4
5979.54
5981.12
5983.19
5985.77
5988.9
5992.58
5996.8
6001.54
6006.76
6012.41
6018.41
6024.67
6031.09
6037.56
6043.97
6050.19
6056.12
6061.69
6066.6
6070.87
6074.41
6077.14
6079
6079.96
6079.99
6079.09
6077.29
6074.61
6071.12
6066.85
6061.85
6056.35
6050.4
6044.11
6037.61
6031.01
6024.44
6018.01
6011.81
6005.95
6000.5
5995.53
5991.09
5987.21
5983.91
5981.18
5979.01
5977.38
5976.24
5975.55
5975.26
5975.31
5975.63
5976.18
5976.88
5977.69
5978.56
5979.43
5980.26
5981
5981.63
5982.12
5982.47
5982.64
5618.76
5618.63
5618.39
5618.05
5617.61
5617.07
5616.46
5615.8
5615.13
5614.5
5613.93
5613.47
5613.18
5613.13
5613.36
5613.93
5614.89
5616.32
5618.28
5620.8
5623.91
5627.63
5631.95
5636.85
5642.29
5648.21
5654.54
5661.17
5668.01
5674.91
5681.76
5688.43
5694.82
5700.75
5706.05
5710.65
5714.45
5717.39
5719.39
5720.43
5720.47
5719.51
5717.57
5714.7
5710.95
5706.37
5701.03
5695.11
5688.73
5682
5675.06
5668.02
5661.04
5654.21
5647.67
5641.51
5635.81
5630.66
5626.08
5622.13
5618.81
5616.12
5614.03
5612.51
5611.54
5611.04
5610.96
5611.23
5611.77
5612.53
5613.44
5614.45
5615.5
5616.54
5617.51
5618.38
5619.1
5619.66
5620.06
5620.26
5256.26
5256.1
5255.82
5255.43
5254.92
5254.28
5253.54
5252.74
5251.9
5251.06
5250.27
5249.58
5249.04
5248.73
5248.68
5248.99
5249.75
5251
5252.81
5255.24
5258.32
5262.08
5266.52
5271.62
5277.34
5283.62
5290.37
5297.49
5304.85
5312.32
5319.74
5326.98
5334
5340.41
5346.18
5351.2
5355.36
5358.56
5360.76
5361.89
5361.94
5360.89
5358.78
5355.65
5351.54
5346.58
5340.83
5334.37
5327.41
5320.11
5312.59
5304.99
5297.47
5290.14
5283.15
5276.6
5270.59
5265.19
5260.46
5256.42
5253.08
5250.45
5248.48
5247.13
5246.37
5246.12
5246.3
5246.87
5247.69
5248.72
5249.91
5251.17
5252.45
5253.7
5254.86
5255.87
5256.71
5257.36
5257.83
5258.07
4893.87
4893.68
4893.34
4892.9
4892.31
4891.56
4890.68
4889.7
4888.66
4887.58
4886.52
4885.53
4884.68
4884.06
4883.65
4883.65
4884.11
4885.12
4886.73
4889.03
4892.05
4895.85
4900.42
4905.76
4911.82
4918.54
4925.83
4933.55
4941.58
4949.76
4957.93
4965.95
4973.6
4980.68
4987.06
4992.61
4997.2
5000.76
5003.18
5004.44
5004.49
5003.34
5001.02
4997.56
4993.05
4987.56
4981.24
4974.2
4966.45
4958.44
4950.2
4941.9
4933.69
4925.73
4918.18
4911.15
4904.75
4899.06
4894.13
4890
4886.66
4884.1
4882.29
4881.18
4880.68
4880.74
4881.27
4882.19
4883.34
4884.75
4886.28
4887.86
4889.43
4890.94
4892.31
4893.5
4894.47
4895.22
4895.8
4896.07
4531.59
4531.35
4530.98
4530.49
4529.81
4528.94
4527.89
4526.72
4525.44
4524.08
4522.7
4521.35
4520.1
4519.04
4518.25
4517.85
4517.94
4518.61
4519.96
4522.08
4525.02
4528.84
4533.56
4539.18
4545.65
4552.91
4560.84
4569.31
4578.17
4587.23
4596.32
4605.25
4613.74
4621.63
4628.75
4634.95
4640.09
4644.06
4646.78
4648.18
4648.24
4646.97
4644.37
4640.52
4635.5
4629.38
4622.33
4614.49
4606
4597.02
4587.88
4578.69
4569.65
4560.93
4552.69
4545.07
4538.2
4532.16
4527.01
4522.78
4519.46
4517.02
4515.42
4514.59
4514.45
4514.9
4515.85
4517.17
4518.82
4520.66
4522.6
4524.56
4526.46
4528.26
4529.89
4531.3
4532.42
4533.26
4533.85
4534.26
4169.51
4169.26
4168.84
4168.23
4167.37
4166.31
4165.12
4163.79
4162.27
4160.6
4158.84
4157.05
4155.32
4153.73
4152.47
4151.58
4151.19
4151.44
4152.44
4154.29
4157.1
4160.93
4165.8
4171.74
4178.69
4186.59
4195.31
4204.69
4214.55
4224.68
4234.94
4244.93
4254.46
4263.34
4271.36
4278.34
4284.14
4288.62
4291.68
4293.26
4293.33
4291.89
4288.98
4284.65
4279
4272.13
4264.21
4255.41
4245.91
4235.87
4225.61
4215.35
4205.29
4195.63
4186.56
4178.25
4170.82
4164.37
4158.97
4154.64
4151.36
4149.1
4147.78
4147.33
4147.63
4148.58
4150.05
4151.94
4154.11
4156.46
4158.88
4161.28
4163.54
4165.62
4167.51
4169.19
4170.61
4171.67
4172.4
4172.81
3807.75
3807.53
3806.82
3805.56
3804.15
3803
3801.96
3800.78
3799.16
3797.17
3794.98
3792.7
3790.41
3788.23
3786.32
3784.8
3783.81
3783.51
3784.05
3785.56
3788.17
3791.96
3796.99
3803.28
3810.79
3819.45
3829.11
3839.58
3850.67
3862.11
3873.72
3885.02
3895.83
3905.9
3915
3922.93
3929.5
3934.57
3938.04
3939.84
3939.92
3938.29
3934.99
3930.07
3923.67
3915.91
3906.95
3897
3886.28
3875
3863.34
3851.81
3840.53
3829.74
3819.68
3810.52
3802.44
3795.54
3789.87
3785.45
3782.25
3780.23
3779.28
3779.3
3780.16
3781.72
3783.85
3786.42
3789.22
3792.18
3795.16
3798.02
3800.52
3802.56
3804.44
3806.3
3808.41
3810.29
3811.43
3811.86
3446.54
3446.05
3444.34
3441.69
3439.37
3438.16
3437.97
3437.51
3436.07
3433.83
3431.19
3428.33
3425.38
3422.47
3419.78
3417.48
3415.74
3414.75
3414.69
3415.74
3418.05
3421.75
3426.92
3433.59
3441.75
3451.29
3462.07
3473.87
3486.43
3499.5
3512.67
3525.57
3537.91
3549.41
3559.8
3568.84
3576.33
3582.11
3586.07
3588.11
3588.2
3586.35
3582.58
3576.99
3569.68
3560.86
3550.68
3539.35
3527.15
3514.33
3501.12
3488.01
3475.25
3463.11
3451.86
3441.72
3432.88
3425.46
3419.5
3415.03
3411.99
3410.29
3409.82
3410.43
3411.98
3414.29
3417.19
3420.5
3424.14
3427.84
3431.46
3434.74
3437.22
3438.67
3439.75
3441.87
3445.07
3448.56
3450.9
3451.68
3085.97
3084.91
3081.68
3077.52
3074.28
3073.08
3073.8
3074.23
3073.1
3070.65
3067.51
3063.99
3060.24
3056.47
3052.86
3049.6
3046.92
3045.05
3044.22
3044.65
3046.53
3050.06
3055.33
3062.41
3071.3
3081.89
3094
3107.37
3121.69
3136.77
3151.85
3166.65
3180.82
3194.01
3205.92
3216.27
3224.84
3231.46
3235.98
3238.31
3238.41
3236.29
3231.98
3225.59
3217.26
3207.16
3195.51
3182.56
3168.6
3153.94
3138.88
3123.87
3109.33
3095.57
3082.9
3071.61
3061.9
3053.89
3047.65
3043.16
3040.36
3039.1
3039.25
3040.62
3043.03
3046.26
3050.12
3054.41
3058.95
3063.49
3067.81
3071.55
3073.98
3074.79
3075.25
3077.54
3081.76
3086.88
3090.95
3092.41
2726.08
2724.48
2720.38
2715.61
2711.7
2710.29
2711.1
2711.67
2710.51
2707.77
2704.06
2699.77
2695.09
2690.28
2685.54
2681.12
2677.28
2674.3
2672.48
2672.09
2673.38
2676.6
2681.91
2689.42
2699.13
2710.95
2724.65
2739.91
2756.3
2773.93
2791.26
2808.32
2824.66
2839.85
2853.55
2865.45
2875.28
2882.86
2888.03
2890.69
2890.8
2888.36
2883.43
2876.1
2866.55
2854.97
2841.61
2826.75
2810.71
2793.86
2776.57
2759.28
2742.61
2726.9
2712.55
2699.9
2689.18
2680.54
2674.03
2669.59
2667.15
2666.5
2667.44
2669.76
2673.22
2677.58
2682.58
2688.04
2693.64
2699.18
2704.36
2708.72
2711.54
2712.56
2713.33
2716.14
2721.13
2726.99
2732.05
2734.16
2366.99
2365.15
2360.99
2356.23
2352.24
2350.32
2350.28
2350.2
2348.54
2345.29
2340.89
2335.69
2329.98
2323.95
2317.84
2311.99
2306.71
2302.35
2299.27
2297.8
2298.26
2301.03
2306.27
2314.17
2324.81
2338.09
2353.73
2371.3
2390.28
2410.75
2430.88
2450.68
2469.59
2487.15
2502.95
2516.62
2527.91
2536.6
2542.52
2545.56
2545.67
2542.87
2537.2
2528.8
2517.83
2504.53
2489.17
2472.07
2453.59
2434.13
2414.14
2394.14
2374.9
2356.85
2340.48
2326.21
2314.34
2305.03
2298.29
2294.02
2292.11
2292.25
2294.21
2297.7
2302.46
2308.17
2314.55
2321.33
2328.2
2334.93
2341.15
2346.42
2350.18
2352.32
2354.34
2358.02
2363.44
2369.45
2374.69
2377.16
2008.76
2006.9
2003.04
1998.49
1994.57
1992.09
1990.95
1989.71
1987.21
1983.27
1978.09
1971.93
1965
1957.54
1949.79
1942.18
1935.12
1929.03
1924.34
1921.5
1920.92
1922.9
1927.86
1936.11
1947.79
1962.81
1980.81
2001.25
2023.49
2047.12
2070.76
2093.86
2115.83
2136.17
2154.41
2170.12
2183.08
2193.04
2199.81
2203.28
2203.39
2200.15
2193.64
2183.99
2171.39
2156.1
2138.42
2118.71
2097.38
2074.84
2051.59
2028.33
2005.96
1985.06
1966.25
1950.06
1936.86
1926.86
1920.01
1916.13
1914.92
1916.1
1919.33
1924.29
1930.62
1937.96
1945.99
1954.32
1962.65
1970.69
1978.14
1984.6
1989.73
1993.54
1997.11
2001.75
2007.6
2013.72
2018.9
2021.49
1651.05
1649.22
1645.48
1641.01
1636.98
1634.02
1631.88
1629.59
1626.28
1621.69
1615.77
1608.59
1600.32
1591.19
1581.46
1571.71
1562.44
1554.18
1547.47
1542.8
1540.64
1541.62
1546.03
1554.47
1567.31
1584.45
1605.36
1629.32
1655.49
1683.24
1711.04
1738.09
1763.65
1787.21
1808.31
1826.35
1841.2
1852.57
1860.27
1864.2
1864.31
1860.58
1853.12
1842.04
1827.58
1809.99
1789.62
1766.9
1742.26
1716.07
1688.91
1661.66
1635.46
1611.08
1589.3
1570.8
1556.08
1545.39
1538.59
1535.24
1535.19
1537.76
1542.6
1549.37
1557.63
1566.95
1576.92
1587.06
1597.04
1606.55
1615.29
1622.99
1629.57
1635.02
1640.15
1645.88
1652.3
1658.81
1664.17
1666.88
1293.34
1291.48
1287.77
1283.24
1278.96
1275.49
1272.63
1269.62
1265.77
1260.6
1253.9
1245.63
1235.87
1224.81
1212.87
1200.5
1188.6
1177.7
1168.57
1161.7
1157.45
1156.89
1160.11
1168.34
1182.43
1202.17
1226.73
1255.06
1286.15
1318.9
1351.82
1383.61
1413.33
1440.59
1465.17
1485.67
1502.6
1515.54
1524.3
1528.74
1528.82
1524.55
1515.97
1503.26
1486.69
1466.53
1443.02
1416.88
1388.42
1357.94
1326.1
1293.94
1263.03
1234.38
1208.96
1187.66
1171.2
1159.95
1153.69
1151.27
1152.93
1157.16
1163.87
1172.76
1183.3
1194.95
1207.09
1219.31
1231.18
1242.35
1252.58
1261.71
1269.59
1276.42
1282.97
1289.88
1297.21
1304.28
1309.88
1312.68
934.853
932.955
929.336
924.807
920.255
916.257
912.74
909.069
904.85
899.186
891.782
882.446
871.139
858.056
843.665
828.614
813.704
799.64
787.677
778.466
772.588
769.052
769.65
776.719
792.138
815.076
844.207
877.875
914.85
953.92
993.306
1030.85
1065.15
1096.34
1124.2
1148.4
1167.92
1182.7
1192.65
1197.64
1197.68
1192.78
1182.91
1168.27
1149.18
1125.94
1098.77
1068.85
1036.22
1000.65
962.917
924.811
888.149
854.326
824.494
799.847
781.38
769.89
765.487
766.459
768.675
774.265
783.024
794.407
807.563
821.567
835.96
850.316
864.141
877.062
888.907
899.588
909.189
917.302
925.3
933.58
941.945
949.562
955.304
958.179
575.733
573.463
570.085
566.069
561.574
557.031
552.602
547.673
543.404
537.706
530.115
520.146
507.561
492.577
475.683
457.468
438.699
420.126
403.909
391.286
382.707
376.818
373.993
377.491
394.317
422.01
457.548
498.067
542.458
589.436
636.591
680.635
719.621
755.124
788.782
815.657
837.449
853.968
864.982
870.413
870.367
864.847
853.801
837.381
815.873
790.034
756.989
723.026
686.21
645.041
600.453
555.076
511.172
470.658
434.959
405.79
384.862
373.896
373.118
376.932
380.526
387.905
399.488
414.791
431.56
448.188
464.728
481.071
496.655
511.018
524.079
535.872
546.531
557.309
567.595
577.702
587.067
594.758
600.325
603.358
234.928
232.779
230.606
228.583
225.456
221.022
216.196
211.722
206.366
200.628
194.136
185.928
175.508
163.511
150.537
136.701
122.651
108.622
96.6974
86.7494
78.6953
73.188
71.2574
74.3453
83.418
101.081
126.461
156.934
193.96
237.962
286.394
335.507
379.21
415.352
452.276
485.344
511.02
530.033
542.633
548.737
548.49
541.919
528.895
509.426
483.446
449.111
415.563
381.285
340.506
294.558
248.51
205.515
167.588
136.165
110.786
92.1683
80.1956
74.2114
72.5647
74.7981
79.8288
86.8578
95.3341
105.621
117.586
129.627
141.707
154.1
166.193
177.321
187.595
197.63
207.48
217.331
227.721
238.05
247.132
253.978
258.312
260.833
32.1157
30.8558
29.9002
29.6056
28.7117
26.6205
23.811
20.9567
18.1235
15.6692
13.2841
10.2907
6.63714
2.96705
-0.465585
-3.62943
-6.21236
-7.38788
-7.82238
-8.34531
-8.77408
-8.99145
-9.01074
-8.8452
-8.34438
-6.90367
-3.3051
2.84754
12.818
28.2831
50.0283
79.8383
109.375
140.446
167.974
192.422
212.886
228.198
238.293
243.148
242.932
237.377
226.388
210.495
189.934
166.162
138.915
109.866
82.4263
53.9826
32.5989
16.6205
5.54771
-1.40794
-5.75986
-7.823
-8.60151
-8.95887
-9.10984
-9.14917
-9.09808
-8.94941
-8.72197
-8.46199
-7.54585
-5.25413
-2.53979
0.597709
3.97784
7.32039
10.5909
14.0285
17.9951
22.7155
27.9195
32.9005
37.1724
40.4037
42.2577
43.6601
-9.88402
-10.0008
-10.0168
-10.0324
-10.1132
-10.2595
-10.3466
-10.2801
-10.0851
-9.80073
-9.4775
-9.11115
-8.75355
-8.51275
-8.43779
-8.5073
-8.61633
-8.69727
-8.90853
-9.17261
-9.40029
-9.53847
-9.58376
-9.5924
-9.64937
-9.78744
-9.94309
-9.94422
-9.81784
-9.82687
-9.97104
-9.01396
-4.3718
1.69445
9.5928
19.0996
28.9366
37.187
42.9885
45.772
45.494
41.8593
35.0994
26.635
17.2668
8.32919
0.95829
-4.26856
-8.48809
-9.87622
-9.80983
-9.81759
-9.86379
-9.85725
-9.79869
-9.7303
-9.66681
-9.62107
-9.60664
-9.61234
-9.59821
-9.53354
-9.44257
-9.41282
-9.52684
-9.64593
-9.7265
-9.80766
-9.91714
-10.0078
-10.0482
-10.0033
-9.94214
-9.83248
-9.5763
-9.20086
-8.8057
-8.62974
-8.58694
-8.46825
-10.721
-10.7864
-10.7679
-10.6686
-10.6631
-10.7682
-10.928
-11.0304
-11.0073
-10.8065
-10.4046
-9.93707
-9.55227
-9.32878
-9.27224
-9.3557
-9.53856
-9.75209
-9.95259
-10.0975
-10.1689
-10.2068
-10.2298
-10.2487
-10.2879
-10.3594
-10.458
-10.5175
-10.5312
-10.7046
-11.1434
-11.6487
-11.6647
-11.4324
-11.3599
-11.3877
-11.427
-11.4487
-11.4594
-11.4669
-11.4934
-11.498
-11.4494
-11.3595
-11.2432
-11.1379
-11.1029
-11.1811
-11.178
-10.8867
-10.7094
-10.6192
-10.5343
-10.4406
-10.3035
-10.2308
-10.2363
-10.2393
-10.2357
-10.2319
-10.2089
-10.1568
-10.0979
-10.0743
-10.0989
-10.137
-10.1726
-10.2146
-10.2748
-10.3511
-10.4378
-10.4926
-10.4805
-10.3798
-10.1829
-9.88499
-9.53433
-9.35749
-9.33741
-9.2789
-11.3375
-11.3735
-11.327
-11.2687
-11.3345
-11.5519
-11.8531
-12.0795
-12.1157
-11.9139
-11.5
-10.9923
-10.5772
-10.3527
-10.3155
-10.4196
-10.6079
-10.8002
-10.9177
-10.9578
-10.9444
-10.9179
-10.9085
-10.9252
-10.9659
-11.0254
-11.097
-11.1655
-11.2334
-11.3956
-11.669
-11.9123
-12.0098
-11.8918
-11.7856
-11.7567
-11.7595
-11.7641
-11.7734
-11.7905
-11.8163
-11.8289
-11.8067
-11.7484
-11.6667
-11.5898
-11.5626
-11.5849
-11.5318
-11.4305
-11.3478
-11.2678
-11.1716
-11.0539
-10.9306
-10.89
-10.9384
-10.9821
-10.9865
-10.9553
-10.896
-10.8223
-10.7539
-10.7064
-10.686
-10.6847
-10.6938
-10.7099
-10.7341
-10.7687
-10.8417
-10.9487
-10.9997
-10.9472
-10.7834
-10.5275
-10.0997
-9.84434
-9.81787
-9.80466
-11.9399
-12.001
-11.9648
-11.9923
-12.2026
-12.5975
-12.992
-13.2031
-13.18
-12.9448
-12.5277
-12.0162
-11.6017
-11.3998
-11.3824
-11.4649
-11.571
-11.6508
-11.6724
-11.6445
-11.5997
-11.558
-11.539
-11.5499
-11.5891
-11.6505
-11.7234
-11.7941
-11.862
-11.9596
-12.0938
-12.2257
-12.2907
-12.24
-12.1715
-12.1489
-12.1595
-12.1788
-12.2046
-12.2386
-12.2715
-12.2801
-12.2499
-12.1859
-12.1147
-12.0637
-12.0521
-12.0544
-12.0162
-11.9689
-11.9296
-11.8698
-11.8049
-11.7252
-11.6647
-11.6692
-11.7021
-11.7079
-11.6794
-11.627
-11.5546
-11.4694
-11.3859
-11.3188
-11.2751
-11.2537
-11.2497
-11.26
-11.2854
-11.3271
-11.3823
-11.4544
-11.5067
-11.483
-11.3454
-11.1051
-10.7555
-10.4175
-10.3159
-10.291
-12.4735
-12.5453
-12.6017
-12.7584
-13.1247
-13.6092
-13.9707
-14.1038
-14.0429
-13.794
-13.3887
-12.9218
-12.5501
-12.3811
-12.344
-12.3568
-12.3665
-12.3542
-12.3203
-12.264
-12.207
-12.159
-12.1333
-12.1344
-12.1622
-12.2126
-12.2767
-12.3422
-12.4016
-12.462
-12.533
-12.6037
-12.6333
-12.6101
-12.5743
-12.5626
-12.578
-12.6109
-12.6533
-12.7076
-12.7526
-12.7639
-12.7303
-12.6545
-12.571
-12.5218
-12.5053
-12.4979
-12.4773
-12.4433
-12.4016
-12.3692
-12.3438
-12.3261
-12.3393
-12.3716
-12.382
-12.3608
-12.3171
-12.2561
-12.1784
-12.0889
-11.9987
-11.9238
-11.8721
-11.8437
-11.8346
-11.8408
-11.86
-11.8913
-11.9361
-11.9904
-12.0305
-12.0151
-11.8984
-11.6701
-11.3773
-11.0581
-10.8865
-10.8091
-12.9159
-13.0008
-13.1418
-13.4388
-13.9248
-14.4001
-14.6964
-14.791
-14.7196
-14.4744
-14.0847
-13.6611
-13.3515
-13.1915
-13.1233
-13.0871
-13.0486
-12.9918
-12.9221
-12.8486
-12.7835
-12.7348
-12.7077
-12.7042
-12.7242
-12.7626
-12.8114
-12.8632
-12.9115
-12.9552
-13.0002
-13.0406
-13.055
-13.0418
-13.0284
-13.0237
-13.0378
-13.0773
-13.1336
-13.2047
-13.2692
-13.2792
-13.2303
-13.1244
-13.0041
-12.9247
-12.8878
-12.8764
-12.854
-12.8271
-12.8032
-12.8025
-12.8223
-12.8673
-12.9301
-12.9741
-12.9764
-12.947
-12.8986
-12.8372
-12.7634
-12.6795
-12.5947
-12.5236
-12.475
-12.4482
-12.4394
-12.4446
-12.4616
-12.4894
-12.526
-12.5659
-12.5933
-12.5752
-12.4713
-12.2703
-12.0209
-11.7597
-11.5593
-11.4228
-13.3372
-13.4363
-13.6434
-14.0383
-14.5301
-14.9644
-15.2232
-15.3086
-15.2263
-14.9857
-14.6029
-14.2239
-13.9692
-13.8288
-13.764
-13.7155
-13.652
-13.5694
-13.4813
-13.3995
-13.3343
-13.2883
-13.2622
-13.2565
-13.2698
-13.2972
-13.3336
-13.3735
-13.411
-13.4447
-13.4778
-13.5071
-13.519
-13.514
-13.5134
-13.5182
-13.5298
-13.5611
-13.6146
-13.6819
-13.7361
-13.7389
-13.6765
-13.5502
-13.3973
-13.286
-13.2327
-13.2102
-13.2044
-13.1989
-13.2069
-13.244
-13.3094
-13.3934
-13.4696
-13.5083
-13.5045
-13.4715
-13.4267
-13.3735
-13.311
-13.2402
-13.1696
-13.1126
-13.0755
-13.0571
-13.0535
-13.062
-13.082
-13.1121
-13.1485
-13.184
-13.2037
-13.1806
-13.0847
-12.926
-12.7406
-12.5339
-12.3396
-12.1735
-13.7926
-13.8905
-14.1516
-14.5662
-15.0049
-15.3685
-15.595
-15.6582
-15.5696
-15.3103
-14.9463
-14.6379
-14.4383
-14.3422
-14.2932
-14.2455
-14.176
-14.0885
-13.9999
-13.923
-13.8636
-13.8228
-13.7989
-13.7911
-13.7976
-13.8153
-13.8407
-13.8699
-13.8984
-13.9242
-13.9494
-13.9734
-13.988
-13.9914
-13.9954
-14.0036
-14.0099
-14.0259
-14.0626
-14.1089
-14.1386
-14.1195
-14.0429
-13.9148
-13.7651
-13.6469
-13.5945
-13.5828
-13.5885
-13.6048
-13.6407
-13.7053
-13.7943
-13.8874
-13.9568
-13.9863
-13.9803
-13.9509
-13.9141
-13.8725
-13.8244
-13.7706
-13.7205
-13.6842
-13.6655
-13.662
-13.6714
-13.6927
-13.7266
-13.7713
-13.8186
-13.857
-13.8718
-13.8427
-13.7614
-13.6658
-13.5516
-13.4008
-13.2155
-13.0446
-14.253
-14.3496
-14.6359
-15.0213
-15.3983
-15.683
-15.8518
-15.8906
-15.767
-15.4897
-15.1844
-14.9551
-14.8264
-14.7696
-14.7391
-14.7014
-14.6402
-14.5638
-14.488
-14.4247
-14.3767
-14.3432
-14.3229
-14.314
-14.3161
-14.3267
-14.3436
-14.3639
-14.3844
-14.4018
-14.4177
-14.4368
-14.4565
-14.4709
-14.4788
-14.4795
-14.4718
-14.4704
-14.4873
-14.5119
-14.5177
-14.4773
-14.3866
-14.2663
-14.141
-14.042
-13.9979
-13.9993
-14.0195
-14.051
-14.0998
-14.1709
-14.2578
-14.3405
-14.3983
-14.4217
-14.4158
-14.3977
-14.3723
-14.3427
-14.3084
-14.2734
-14.2467
-14.2351
-14.2397
-14.2585
-14.2918
-14.339
-14.4015
-14.4737
-14.5395
-14.5831
-14.5909
-14.5549
-14.5227
-14.5025
-14.4406
-14.3212
-14.1442
-13.9706
-14.6974
-14.7919
-15.0535
-15.3873
-15.7074
-15.9325
-16.0367
-16.017
-15.8481
-15.6015
-15.3882
-15.2493
-15.1855
-15.1606
-15.1469
-15.12
-15.074
-15.0168
-14.9603
-14.9125
-14.8761
-14.852
-14.8365
-14.8305
-14.8314
-14.8385
-14.8505
-14.8658
-14.882
-14.8949
-14.9074
-14.9225
-14.9427
-14.9648
-14.9765
-14.9671
-14.94
-14.9229
-14.9233
-14.9381
-14.9307
-14.8758
-14.7774
-14.6629
-14.5608
-14.4846
-14.4502
-14.462
-14.4906
-14.5264
-14.5734
-14.6346
-14.7058
-14.7711
-14.8172
-14.8383
-14.8389
-14.8283
-14.8115
-14.7907
-14.7687
-14.7528
-14.7506
-14.7659
-14.7976
-14.8472
-14.9164
-15.0019
-15.1061
-15.213
-15.2979
-15.345
-15.3403
-15.3264
-15.3631
-15.3844
-15.3305
-15.2141
-15.0473
-14.853
-15.1738
-15.2327
-15.4147
-15.6684
-15.9156
-16.0791
-16.1199
-16.0463
-15.9013
-15.7498
-15.6353
-15.5812
-15.5625
-15.5581
-15.5537
-15.5373
-15.5073
-15.4698
-15.4328
-15.4012
-15.3769
-15.3601
-15.3498
-15.3457
-15.3471
-15.3533
-15.3635
-15.3776
-15.3944
-15.4128
-15.4315
-15.449
-15.4668
-15.4842
-15.4931
-15.4822
-15.4636
-15.4362
-15.4134
-15.406
-15.3912
-15.3306
-15.2274
-15.1173
-15.0293
-14.9711
-14.9433
-14.9575
-14.9866
-15.0181
-15.0544
-15.0993
-15.1507
-15.1986
-15.2334
-15.2511
-15.2539
-15.2471
-15.2347
-15.2203
-15.2108
-15.2144
-15.2364
-15.2785
-15.3412
-15.432
-15.5472
-15.6819
-15.844
-16.0027
-16.1113
-16.1528
-16.1534
-16.1731
-16.2187
-16.223
-16.1598
-16.0332
-15.8656
-15.5937
-15.7093
-15.7386
-15.8151
-15.9353
-16.0649
-16.1531
-16.1672
-16.126
-16.0727
-16.0172
-15.9851
-15.9759
-15.9783
-15.9821
-15.9828
-15.9744
-15.9572
-15.9351
-15.9129
-15.8935
-15.8783
-15.8679
-15.8622
-15.8611
-15.8645
-15.872
-15.8828
-15.897
-15.9159
-15.9401
-15.9659
-15.991
-16.0101
-16.0219
-16.0407
-16.068
-16.068
-16.0233
-15.9679
-15.929
-15.8942
-15.8271
-15.7196
-15.6127
-15.5328
-15.4864
-15.4623
-15.4708
-15.494
-15.5164
-15.5392
-15.5674
-15.6004
-15.6311
-15.6527
-15.6632
-15.6628
-15.6559
-15.6458
-15.6386
-15.6424
-15.6639
-15.7072
-15.7746
-15.8728
-16.0144
-16.1825
-16.3932
-16.6709
-16.913
-17.0466
-17.0739
-17.0584
-17.0381
-17.0214
-16.9766
-16.8847
-16.7194
-16.5248
-16.1608
-16.2642
-16.2666
-16.2725
-16.2978
-16.3357
-16.3705
-16.4049
-16.4199
-16.4151
-16.4111
-16.411
-16.4171
-16.4259
-16.433
-16.4367
-16.4338
-16.4252
-16.4134
-16.4009
-16.3898
-16.3812
-16.376
-16.3744
-16.3766
-16.3822
-16.3912
-16.4033
-16.4189
-16.4389
-16.4636
-16.492
-16.5204
-16.5402
-16.5542
-16.5912
-16.6569
-16.6776
-16.6207
-16.5298
-16.4752
-16.4259
-16.3455
-16.2315
-16.1264
-16.0509
-16.0122
-15.9915
-15.99
-16.0016
-16.0136
-16.0246
-16.0398
-16.0583
-16.073
-16.0801
-16.0794
-16.0742
-16.0655
-16.0578
-16.0576
-16.0721
-16.1066
-16.1658
-16.2555
-16.3935
-16.5852
-16.8112
-17.1579
-17.5622
-17.8497
-17.9801
-17.9864
-17.9142
-17.8223
-17.7302
-17.6317
-17.4876
-17.2695
-17.0005
-16.5879
-16.7733
-16.7734
-16.7572
-16.7576
-16.7741
-16.8014
-16.8283
-16.8483
-16.8584
-16.8633
-16.8714
-16.8823
-16.8928
-16.9022
-16.9078
-16.9087
-16.9057
-16.9004
-16.8943
-16.8889
-16.8853
-16.8843
-16.8864
-16.8913
-16.899
-16.9096
-16.9235
-16.9412
-16.9629
-16.9886
-17.0172
-17.0434
-17.0584
-17.0664
-17.0945
-17.1494
-17.1844
-17.1426
-17.0663
-17.02
-16.9725
-16.8744
-16.7476
-16.6419
-16.5716
-16.5344
-16.5145
-16.5011
-16.4984
-16.5005
-16.5023
-16.5108
-16.5207
-16.5242
-16.5195
-16.5104
-16.4996
-16.4885
-16.4819
-16.4861
-16.5058
-16.5461
-16.6139
-16.7228
-16.8995
-17.1304
-17.433
-17.9114
-18.3623
-18.6388
-18.7478
-18.7334
-18.6322
-18.4982
-18.3501
-18.1874
-17.9857
-17.702
-17.3422
-16.9276
-17.2715
-17.2692
-17.2541
-17.2547
-17.2672
-17.2831
-17.2981
-17.3122
-17.3237
-17.3347
-17.3472
-17.3599
-17.3717
-17.3819
-17.3891
-17.3929
-17.393
-17.3923
-17.3908
-17.3897
-17.3901
-17.3927
-17.3977
-17.4051
-17.415
-17.4278
-17.4439
-17.4641
-17.4879
-17.5147
-17.5439
-17.5672
-17.5728
-17.5664
-17.578
-17.6255
-17.664
-17.6434
-17.604
-17.5752
-17.5249
-17.3985
-17.2575
-17.1513
-17.0859
-17.0439
-17.0197
-16.9956
-16.981
-16.9757
-16.9772
-16.9796
-16.9813
-16.9759
-16.9625
-16.9499
-16.9375
-16.9271
-16.9224
-16.9279
-16.9472
-16.9862
-17.0548
-17.1776
-17.3787
-17.6366
-18.0189
-18.5507
-19.0108
-19.2848
-19.386
-19.3573
-19.2428
-19.0878
-18.902
-18.671
-18.4209
-18.0678
-17.5874
-17.2313
-17.7642
-17.7618
-17.7545
-17.7541
-17.7601
-17.7699
-17.7824
-17.7953
-17.8071
-17.819
-17.832
-17.845
-17.8572
-17.8676
-17.8757
-17.8815
-17.885
-17.8873
-17.8892
-17.8916
-17.8952
-17.9008
-17.9084
-17.9182
-17.9305
-17.9457
-17.9644
-17.9871
-18.0124
-18.0398
-18.0676
-18.085
-18.0839
-18.0814
-18.114
-18.1776
-18.2154
-18.1984
-18.1623
-18.1358
-18.0542
-17.8984
-17.7565
-17.6575
-17.5928
-17.5477
-17.5232
-17.4961
-17.4735
-17.4695
-17.4758
-17.473
-17.4574
-17.4326
-17.4111
-17.3989
-17.3909
-17.3842
-17.3817
-17.386
-17.4006
-17.4319
-17.4938
-17.6193
-17.8214
-18.0937
-18.509
-19.0331
-19.5066
-19.8095
-19.9267
-19.8996
-19.7837
-19.6177
-19.4033
-19.1217
-18.8003
-18.3447
-17.8034
-17.5842
-18.2576
-18.2576
-18.2541
-18.2546
-18.2592
-18.2665
-18.2758
-18.2863
-18.2974
-18.3093
-18.322
-18.3347
-18.3465
-18.357
-18.3659
-18.3732
-18.379
-18.384
-18.3887
-18.394
-18.4004
-18.4085
-18.4186
-18.4308
-18.4455
-18.4633
-18.4846
-18.5095
-18.5358
-18.5632
-18.5879
-18.6003
-18.6103
-18.6505
-18.727
-18.7932
-18.8041
-18.7672
-18.7208
-18.6673
-18.5382
-18.3793
-18.2487
-18.1585
-18.0939
-18.0519
-18.033
-18.0119
-17.9934
-17.993
-18.0014
-17.9931
-17.9539
-17.9073
-17.8818
-17.8721
-17.8669
-17.8634
-17.8613
-17.8625
-17.8694
-17.8894
-17.9394
-18.0506
-18.2332
-18.4943
-18.8778
-19.3653
-19.8377
-20.1828
-20.3492
-20.3515
-20.238
-20.0525
-19.7927
-19.4478
-19.0303
-18.5386
-18.1427
-18.0441
-18.7523
-18.7535
-18.7528
-18.7543
-18.7581
-18.7639
-18.7717
-18.7809
-18.7914
-18.8029
-18.8148
-18.8267
-18.8381
-18.8487
-18.8583
-18.8668
-18.8745
-18.8816
-18.8887
-18.8964
-18.9053
-18.9158
-18.9283
-18.9429
-18.96
-18.9803
-19.004
-19.0306
-19.0578
-19.0853
-19.1082
-19.1264
-19.1731
-19.2619
-19.3417
-19.3791
-19.3611
-19.2963
-19.2337
-19.1433
-18.998
-18.8508
-18.7338
-18.6452
-18.5799
-18.5455
-18.5324
-18.5205
-18.5142
-18.5194
-18.5259
-18.5042
-18.4504
-18.4011
-18.3775
-18.3697
-18.3663
-18.3628
-18.3591
-18.3568
-18.3573
-18.3661
-18.4006
-18.4865
-18.6359
-18.8599
-19.1809
-19.5907
-20.0042
-20.3392
-20.5322
-20.5709
-20.4547
-20.233
-19.9189
-19.524
-19.1024
-18.7603
-18.6043
-18.5775
-19.2474
-19.2489
-19.2507
-19.2532
-19.2569
-19.2622
-19.2691
-19.2775
-19.2871
-19.2977
-19.3088
-19.3201
-19.3311
-19.3418
-19.352
-19.3615
-19.3706
-19.3795
-19.3886
-19.3985
-19.4096
-19.4224
-19.4373
-19.4544
-19.474
-19.4966
-19.5224
-19.5499
-19.5781
-19.6054
-19.6263
-19.673
-19.7626
-19.8472
-19.8929
-19.8979
-19.8551
-19.7778
-19.6977
-19.5875
-19.4519
-19.3228
-19.2139
-19.1225
-19.06
-19.0372
-19.0347
-19.0267
-19.0211
-19.0299
-19.0255
-18.9922
-18.9443
-18.9089
-18.8923
-18.8853
-18.8808
-18.8769
-18.8726
-18.8683
-18.8648
-18.8664
-18.8875
-18.9486
-19.0628
-19.2447
-19.5059
-19.8231
-20.145
-20.3967
-20.5209
-20.5067
-20.3677
-20.1239
-19.814
-19.4924
-19.2325
-19.0931
-19.0738
-19.0944
-19.7432
-19.7448
-19.7482
-19.7514
-19.7553
-19.7604
-19.7668
-19.7745
-19.7834
-19.7931
-19.8035
-19.8142
-19.825
-19.8358
-19.8464
-19.8567
-19.867
-19.8775
-19.8884
-19.9001
-19.9133
-19.9283
-19.9456
-19.9652
-19.9872
-20.012
-20.0394
-20.0672
-20.0959
-20.1217
-20.1532
-20.2343
-20.3196
-20.3622
-20.3772
-20.3609
-20.3068
-20.2336
-20.1483
-20.0398
-19.9195
-19.8029
-19.6987
-19.6127
-19.5583
-19.5504
-19.555
-19.5476
-19.5296
-19.5244
-19.5083
-19.4786
-19.448
-19.4273
-19.4158
-19.4094
-19.4052
-19.4015
-19.3977
-19.3937
-19.3901
-19.3901
-19.4051
-19.4516
-19.5439
-19.6973
-19.9146
-20.171
-20.4146
-20.5839
-20.6331
-20.5533
-20.3851
-20.1578
-19.9037
-19.6875
-19.565
-19.5368
-19.5574
-19.5715
-20.2404
-20.2424
-20.246
-20.2494
-20.2534
-20.2584
-20.2644
-20.2715
-20.2797
-20.2888
-20.2986
-20.3088
-20.3194
-20.3302
-20.3411
-20.3522
-20.3634
-20.3751
-20.3876
-20.4011
-20.4161
-20.4334
-20.4531
-20.4753
-20.4995
-20.5264
-20.5548
-20.5823
-20.6109
-20.6337
-20.6836
-20.7704
-20.8164
-20.8286
-20.8265
-20.7994
-20.7525
-20.6901
-20.6107
-20.5127
-20.4042
-20.2974
-20.2046
-20.1434
-20.1224
-20.1251
-20.1167
-20.0832
-20.0452
-20.0247
-20.0043
-19.9819
-19.9631
-19.9503
-19.9424
-19.9374
-19.9344
-19.9321
-19.93
-19.9283
-19.9276
-19.931
-19.9479
-19.991
-20.0731
-20.2134
-20.404
-20.621
-20.8129
-20.9296
-20.9388
-20.8478
-20.6879
-20.4796
-20.2747
-20.1224
-20.0494
-20.0403
-20.0667
-20.0804
-20.7388
-20.7409
-20.7439
-20.7472
-20.7512
-20.7559
-20.7616
-20.7683
-20.7759
-20.7845
-20.7937
-20.8036
-20.814
-20.8247
-20.8359
-20.8475
-20.8596
-20.8724
-20.8862
-20.9012
-20.9182
-20.9379
-20.96
-20.9846
-21.0111
-21.0401
-21.0686
-21.0954
-21.1228
-21.1424
-21.1959
-21.2647
-21.2749
-21.2747
-21.2668
-21.2453
-21.211
-21.1585
-21.09
-21.0053
-20.9097
-20.816
-20.7533
-20.731
-20.7378
-20.743
-20.7033
-20.6214
-20.5629
-20.532
-20.511
-20.4948
-20.4831
-20.4753
-20.4703
-20.4673
-20.4659
-20.4653
-20.4655
-20.467
-20.4707
-20.4791
-20.5028
-20.5501
-20.634
-20.7568
-20.924
-21.1101
-21.2657
-21.3447
-21.3364
-21.2532
-21.1169
-20.9488
-20.786
-20.6682
-20.6089
-20.5908
-20.5926
-20.5973
-21.2373
-21.2394
-21.2418
-21.2448
-21.2486
-21.2531
-21.2585
-21.2647
-21.2719
-21.28
-21.2888
-21.2983
-21.3085
-21.3192
-21.3306
-21.3426
-21.3554
-21.3691
-21.384
-21.4005
-21.4196
-21.4417
-21.4663
-21.4932
-21.5222
-21.5535
-21.5818
-21.6082
-21.6305
-21.646
-21.6961
-21.7273
-21.7242
-21.7241
-21.7192
-21.7076
-21.6826
-21.6428
-21.5881
-21.5188
-21.4372
-21.3654
-21.3348
-21.3393
-21.3384
-21.3092
-21.2342
-21.1354
-21.0728
-21.0409
-21.0236
-21.0131
-21.0065
-21.0019
-20.9991
-20.9978
-20.9977
-20.9987
-21.0012
-21.0058
-21.0142
-21.0303
-21.0563
-21.105
-21.1847
-21.2961
-21.4398
-21.5948
-21.7206
-21.7811
-21.7688
-21.6978
-21.5875
-21.4517
-21.3158
-21.2128
-21.156
-21.1326
-21.1246
-21.1226
-21.7355
-21.7373
-21.7393
-21.7421
-21.7456
-21.7498
-21.7549
-21.7608
-21.7676
-21.7752
-21.7836
-21.7928
-21.8027
-21.8134
-21.8249
-21.8372
-21.8505
-21.865
-21.8809
-21.8988
-21.9199
-21.9441
-21.9712
-22.0006
-22.0324
-22.0658
-22.0941
-22.1196
-22.1335
-22.1467
-22.1847
-22.1897
-22.1823
-22.1845
-22.1873
-22.1833
-22.169
-22.1411
-22.1007
-22.0459
-21.979
-21.9342
-21.9209
-21.9099
-21.8789
-21.813
-21.7257
-21.6403
-21.5875
-21.5605
-21.5468
-21.5382
-21.5339
-21.5307
-21.5289
-21.5282
-21.5288
-21.5309
-21.5349
-21.5417
-21.5527
-21.571
-21.6001
-21.6477
-21.7205
-21.8185
-21.9369
-22.0604
-22.1618
-22.2124
-22.2032
-22.1465
-22.0592
-21.9514
-21.8395
-21.7503
-21.6964
-21.6698
-21.657
-21.651
-22.2331
-22.2347
-22.2363
-22.2389
-22.2421
-22.2461
-22.2508
-22.2564
-22.2628
-22.27
-22.2781
-22.287
-22.2967
-22.3073
-22.3188
-22.3313
-22.345
-22.3601
-22.3768
-22.396
-22.4186
-22.4449
-22.4743
-22.5063
-22.5405
-22.575
-22.6016
-22.6216
-22.6284
-22.6472
-22.6667
-22.657
-22.6506
-22.6582
-22.6675
-22.6722
-22.6659
-22.6474
-22.6185
-22.576
-22.5297
-22.4998
-22.484
-22.4558
-22.4091
-22.3358
-22.248
-22.1706
-22.1211
-22.0944
-22.0802
-22.0724
-22.0657
-22.0614
-22.0589
-22.058
-22.0586
-22.061
-22.0658
-22.0737
-22.0863
-22.1051
-22.1335
-22.1763
-22.2378
-22.3184
-22.4123
-22.507
-22.5907
-22.6347
-22.6295
-22.586
-22.516
-22.4313
-22.3429
-22.2715
-22.2254
-22.1996
-22.1856
-22.178
-22.7301
-22.7314
-22.7329
-22.7352
-22.7382
-22.7419
-22.7463
-22.7515
-22.7576
-22.7645
-22.7722
-22.7807
-22.7902
-22.8006
-22.8121
-22.8247
-22.8386
-22.8541
-22.8714
-22.8917
-22.9156
-22.9436
-22.9752
-23.0095
-23.0455
-23.0794
-23.1017
-23.1101
-23.1116
-23.1248
-23.1325
-23.1229
-23.1256
-23.1424
-23.1588
-23.1699
-23.1689
-23.158
-23.136
-23.108
-23.0805
-23.0633
-23.0512
-23.0261
-22.9737
-22.8932
-22.8018
-22.7231
-22.6696
-22.6369
-22.6181
-22.6067
-22.5984
-22.5926
-22.5887
-22.5868
-22.5868
-22.5889
-22.5936
-22.6016
-22.6141
-22.6322
-22.6582
-22.6947
-22.7441
-22.8043
-22.876
-22.9482
-23.0091
-23.0428
-23.0431
-23.0129
-22.9607
-22.8973
-22.8333
-22.7804
-22.7441
-22.7214
-22.7082
-22.7008
-23.2263
-23.2275
-23.2288
-23.2309
-23.2336
-23.2371
-23.2413
-23.2462
-23.2519
-23.2584
-23.2658
-23.274
-23.2832
-23.2934
-23.3047
-23.3173
-23.3313
-23.347
-23.3647
-23.3855
-23.4106
-23.4401
-23.4735
-23.5098
-23.547
-23.5788
-23.5941
-23.592
-23.585
-23.5879
-23.5937
-23.5925
-23.6086
-23.6354
-23.6599
-23.6739
-23.6773
-23.6719
-23.6624
-23.6514
-23.6436
-23.6448
-23.6387
-23.6109
-23.5545
-23.4699
-23.3751
-23.2898
-23.2273
-23.1864
-23.1605
-23.1435
-23.1318
-23.1235
-23.1178
-23.1143
-23.1132
-23.1144
-23.1184
-23.1258
-23.1372
-23.1536
-23.1762
-23.2061
-23.244
-23.2891
-23.3393
-23.3887
-23.4302
-23.4549
-23.4578
-23.4391
-23.405
-23.3627
-23.3199
-23.283
-23.2552
-23.2361
-23.2244
-23.218
-23.7219
-23.7229
-23.7241
-23.726
-23.7286
-23.7318
-23.7357
-23.7403
-23.7457
-23.7519
-23.7589
-23.7668
-23.7756
-23.7855
-23.7966
-23.8091
-23.823
-23.8387
-23.8566
-23.8777
-23.9035
-23.9341
-23.969
-24.0069
-24.0448
-24.0736
-24.0819
-24.0721
-24.0564
-24.0499
-24.062
-24.0715
-24.1012
-24.139
-24.1701
-24.1845
-24.1888
-24.1972
-24.2073
-24.2154
-24.2288
-24.2391
-24.2277
-24.196
-24.1415
-24.0585
-23.9577
-23.8637
-23.7908
-23.7398
-23.7051
-23.6812
-23.6648
-23.6535
-23.6456
-23.6403
-23.6376
-23.6376
-23.6404
-23.6465
-23.6563
-23.6704
-23.6893
-23.7135
-23.7427
-23.776
-23.8112
-23.8441
-23.8729
-23.8905
-23.8942
-23.8842
-23.8634
-23.8363
-23.8077
-23.7815
-23.7603
-23.7449
-23.735
-23.7298
-24.2169
-24.2177
-24.2188
-24.2206
-24.223
-24.226
-24.2296
-24.2339
-24.239
-24.2448
-24.2514
-24.259
-24.2675
-24.277
-24.2878
-24.3
-24.3138
-24.3294
-24.3472
-24.3683
-24.3942
-24.4255
-24.4616
-24.5011
-24.5392
-24.5648
-24.5678
-24.5532
-24.5338
-24.5269
-24.5412
-24.562
-24.6042
-24.6534
-24.6871
-24.7001
-24.7153
-24.741
-24.7704
-24.797
-24.8264
-24.8325
-24.8054
-24.7695
-24.7196
-24.6389
-24.5362
-24.4355
-24.353
-24.2922
-24.2489
-24.2182
-24.1968
-24.182
-24.1717
-24.1645
-24.1601
-24.1585
-24.1598
-24.1643
-24.1721
-24.1836
-24.199
-24.2182
-24.2408
-24.2659
-24.292
-24.3171
-24.3358
-24.3482
-24.3518
-24.3463
-24.3333
-24.3153
-24.2956
-24.2768
-24.261
-24.2489
-24.2409
-24.2368
-24.7113
-24.7119
-24.713
-24.7146
-24.7168
-24.7196
-24.723
-24.727
-24.7317
-24.7372
-24.7435
-24.7506
-24.7587
-24.7679
-24.7783
-24.7901
-24.8036
-24.8189
-24.8365
-24.8575
-24.8833
-24.9149
-24.952
-24.9926
-25.0305
-25.0539
-25.0535
-25.0368
-25.0178
-25.0156
-25.0315
-25.063
-25.1165
-25.1745
-25.2092
-25.2274
-25.259
-25.2977
-25.3457
-25.3945
-25.437
-25.4345
-25.3944
-25.3456
-25.2919
-25.2102
-25.1042
-24.9981
-24.9088
-24.8402
-24.7899
-24.7534
-24.7273
-24.7089
-24.696
-24.6867
-24.6804
-24.6771
-24.6767
-24.6794
-24.6852
-24.6941
-24.7061
-24.721
-24.7384
-24.7573
-24.7764
-24.7942
-24.8083
-24.8174
-24.8206
-24.8176
-24.8093
-24.7974
-24.7838
-24.7704
-24.7587
-24.7494
-24.7432
-24.74
-25.2052
-25.2057
-25.2067
-25.2082
-25.2102
-25.2127
-25.2159
-25.2196
-25.224
-25.2291
-25.2349
-25.2417
-25.2493
-25.258
-25.268
-25.2793
-25.2924
-25.3074
-25.3247
-25.3454
-25.3709
-25.4026
-25.4405
-25.4822
-25.5206
-25.5432
-25.5418
-25.5239
-25.5103
-25.5133
-25.5339
-25.5731
-25.635
-25.6976
-25.7342
-25.7655
-25.8071
-25.8625
-25.9259
-26.0063
-26.0651
-26.0595
-26.0057
-25.936
-25.8657
-25.7725
-25.657
-25.5467
-25.4547
-25.3816
-25.3264
-25.2855
-25.2555
-25.2339
-25.2182
-25.2067
-25.1984
-25.1934
-25.1913
-25.1921
-25.1958
-25.2022
-25.2113
-25.2226
-25.2356
-25.2497
-25.2638
-25.2768
-25.2871
-25.294
-25.2967
-25.2952
-25.2899
-25.2819
-25.2725
-25.2629
-25.2543
-25.2474
-25.2426
-25.2401
-25.6985
-25.699
-25.6999
-25.7013
-25.7031
-25.7054
-25.7083
-25.7118
-25.7158
-25.7205
-25.7259
-25.7322
-25.7393
-25.7475
-25.7569
-25.7677
-25.7802
-25.7948
-25.8117
-25.832
-25.8571
-25.8888
-25.9276
-25.9711
-26.012
-26.0372
-26.0383
-26.0239
-26.0245
-26.028
-26.0493
-26.0934
-26.1569
-26.2172
-26.2562
-26.3007
-26.3541
-26.4209
-26.5049
-26.6182
-26.6952
-26.6878
-26.6155
-26.5269
-26.4352
-26.3241
-26.1964
-26.0817
-25.9899
-25.9153
-25.8572
-25.8132
-25.7802
-25.7561
-25.7378
-25.7242
-25.7141
-25.7074
-25.7036
-25.7026
-25.7043
-25.7085
-25.7149
-25.7231
-25.7327
-25.7431
-25.7534
-25.7628
-25.7704
-25.7756
-25.7778
-25.7771
-25.7737
-25.7683
-25.7617
-25.7549
-25.7486
-25.7434
-25.7398
-25.7379
-26.1915
-26.1919
-26.1927
-26.1939
-26.1956
-26.1977
-26.2003
-26.2035
-26.2071
-26.2114
-26.2164
-26.2222
-26.2288
-26.2363
-26.2451
-26.2552
-26.2671
-26.281
-26.2974
-26.3171
-26.3418
-26.3734
-26.4133
-26.4598
-26.5063
-26.5393
-26.5498
-26.5505
-26.5684
-26.5701
-26.5802
-26.6235
-26.6783
-26.7287
-26.7691
-26.8274
-26.8933
-26.9581
-27.0646
-27.2016
-27.2898
-27.2823
-27.2047
-27.1055
-26.991
-26.8633
-26.7258
-26.6073
-26.5153
-26.441
-26.3816
-26.3356
-26.3008
-26.2746
-26.2544
-26.239
-26.2273
-26.219
-26.2137
-26.2111
-26.2109
-26.213
-26.2171
-26.2228
-26.2296
-26.237
-26.2444
-26.2512
-26.2567
-26.2605
-26.2623
-26.262
-26.2597
-26.256
-26.2514
-26.2465
-26.242
-26.2382
-26.2354
-26.234
-26.684
-26.6844
-26.6851
-26.6862
-26.6877
-26.6896
-26.692
-26.6948
-26.6981
-26.702
-26.7065
-26.7117
-26.7177
-26.7246
-26.7326
-26.7419
-26.7529
-26.766
-26.7816
-26.8005
-26.8243
-26.8555
-26.8963
-26.9468
-27.0016
-27.048
-27.0775
-27.1071
-27.1404
-27.1428
-27.1263
-27.1608
-27.1955
-27.2316
-27.2775
-27.3443
-27.4062
-27.4661
-27.5828
-27.729
-27.8233
-27.8228
-27.7545
-27.6496
-27.5191
-27.3804
-27.2403
-27.1228
-27.0309
-26.9581
-26.8989
-26.8524
-26.8167
-26.7891
-26.7677
-26.7509
-26.7379
-26.7282
-26.7215
-26.7175
-26.7157
-26.7161
-26.7181
-26.7216
-26.7262
-26.7313
-26.7364
-26.7412
-26.7451
-26.7478
-26.7491
-26.7489
-26.7474
-26.7448
-26.7416
-26.7381
-26.7347
-26.7319
-26.7299
-26.7288
-27.1763
-27.1766
-27.1773
-27.1782
-27.1796
-27.1813
-27.1833
-27.1858
-27.1888
-27.1922
-27.1962
-27.2008
-27.2061
-27.2123
-27.2195
-27.2279
-27.2378
-27.2497
-27.2642
-27.2819
-27.3043
-27.334
-27.3744
-27.4276
-27.4908
-27.5545
-27.6159
-27.6767
-27.7244
-27.7279
-27.6886
-27.7036
-27.7123
-27.7353
-27.7874
-27.8492
-27.8876
-27.9392
-28.0488
-28.1908
-28.2919
-28.3058
-28.2482
-28.146
-28.0097
-27.8697
-27.7357
-27.6237
-27.5354
-27.4666
-27.4088
-27.3631
-27.3277
-27.2997
-27.2775
-27.2598
-27.2458
-27.2351
-27.2272
-27.2219
-27.2188
-27.2176
-27.218
-27.2197
-27.2225
-27.2257
-27.229
-27.2322
-27.2348
-27.2367
-27.2375
-27.2374
-27.2363
-27.2344
-27.232
-27.2295
-27.2271
-27.225
-27.2235
-27.2227
-27.6683
-27.6686
-27.6692
-27.67
-27.6712
-27.6726
-27.6744
-27.6766
-27.6791
-27.6821
-27.6856
-27.6896
-27.6942
-27.6996
-27.7058
-27.7131
-27.7218
-27.7323
-27.7452
-27.7612
-27.7814
-27.8084
-27.8461
-27.898
-27.9646
-28.0413
-28.1265
-28.2206
-28.2859
-28.2944
-28.2508
-28.239
-28.2355
-28.2563
-28.307
-28.3493
-28.3603
-28.3915
-28.4805
-28.6082
-28.7089
-28.7373
-28.6917
-28.5974
-28.4711
-28.3371
-28.2153
-28.1117
-28.0307
-27.9655
-27.9114
-27.8683
-27.8338
-27.8063
-27.7839
-27.7656
-27.751
-27.7395
-27.7308
-27.7245
-27.7203
-27.7178
-27.7169
-27.7171
-27.7183
-27.72
-27.722
-27.7239
-27.7255
-27.7266
-27.727
-27.7268
-27.7259
-27.7245
-27.7228
-27.7209
-27.7191
-27.7176
-27.7164
-27.7158
-28.1601
-28.1604
-28.1609
-28.1616
-28.1626
-28.1638
-28.1653
-28.1672
-28.1693
-28.1718
-28.1748
-28.1781
-28.182
-28.1865
-28.1918
-28.1979
-28.2052
-28.214
-28.225
-28.2386
-28.2558
-28.2788
-28.3111
-28.357
-28.4194
-28.4988
-28.5946
-28.7046
-28.7841
-28.8066
-28.7706
-28.7424
-28.7619
-28.8021
-28.8549
-28.8744
-28.8615
-28.8679
-28.9322
-29.0281
-29.1138
-29.143
-29.1084
-29.0232
-28.9078
-28.7877
-28.6806
-28.5898
-28.5171
-28.4575
-28.408
-28.3681
-28.3356
-28.3091
-28.2869
-28.2685
-28.2536
-28.2417
-28.2324
-28.2253
-28.2202
-28.2167
-28.2146
-28.2137
-28.2137
-28.2142
-28.215
-28.2159
-28.2167
-28.2172
-28.2173
-28.217
-28.2162
-28.2151
-28.2137
-28.2123
-28.2109
-28.2097
-28.2089
-28.2084
-28.6518
-28.652
-28.6524
-28.653
-28.6538
-28.6548
-28.6561
-28.6576
-28.6594
-28.6615
-28.6638
-28.6666
-28.6697
-28.6733
-28.6775
-28.6824
-28.6882
-28.6952
-28.7039
-28.7147
-28.7283
-28.7462
-28.7712
-28.807
-28.8574
-28.9264
-29.0149
-29.1169
-29.2005
-29.2319
-29.211
-29.196
-29.2713
-29.3628
-29.4297
-29.44
-29.4146
-29.3975
-29.4291
-29.4818
-29.5363
-29.5502
-29.5142
-29.4343
-29.3325
-29.2308
-29.1376
-29.0605
-28.997
-28.9439
-28.8999
-28.8634
-28.8332
-28.8084
-28.7867
-28.7686
-28.7537
-28.7416
-28.7319
-28.7243
-28.7186
-28.7143
-28.7114
-28.7095
-28.7085
-28.7081
-28.708
-28.7081
-28.7082
-28.7082
-28.708
-28.7075
-28.7068
-28.7058
-28.7047
-28.7036
-28.7025
-28.7016
-28.701
-28.7006
-29.1434
-29.1436
-29.1439
-29.1444
-29.145
-29.1458
-29.1468
-29.148
-29.1494
-29.151
-29.1529
-29.155
-29.1574
-29.1601
-29.1633
-29.1669
-29.1711
-29.1762
-29.1825
-29.1903
-29.2001
-29.2125
-29.2295
-29.2535
-29.2874
-29.3354
-29.4011
-29.4795
-29.5445
-29.56
-29.5495
-29.5813
-29.7312
-29.8949
-29.9913
-30.0135
-29.9878
-29.9554
-29.9444
-29.956
-29.9708
-29.9604
-29.9148
-29.8405
-29.7549
-29.6699
-29.5919
-29.5268
-29.4724
-29.4264
-29.3879
-29.3554
-29.3278
-29.304
-29.2834
-29.266
-29.2514
-29.2394
-29.2296
-29.2217
-29.2155
-29.2107
-29.2071
-29.2046
-29.2028
-29.2016
-29.2009
-29.2003
-29.1999
-29.1995
-29.199
-29.1984
-29.1976
-29.1968
-29.1958
-29.1949
-29.194
-29.1933
-29.1928
-29.1925
-29.635
-29.6351
-29.6353
-29.6357
-29.6362
-29.6368
-29.6375
-29.6384
-29.6395
-29.6406
-29.642
-29.6435
-29.6452
-29.6471
-29.6492
-29.6516
-29.6543
-29.6576
-29.6615
-29.6663
-29.6723
-29.6796
-29.689
-29.7017
-29.7197
-29.7448
-29.7801
-29.8231
-29.8506
-29.8461
-29.8389
-29.9114
-30.1111
-30.3387
-30.4786
-30.5266
-30.5131
-30.4735
-30.4338
-30.4145
-30.3962
-30.3637
-30.3128
-30.2489
-30.1782
-30.1075
-30.0445
-29.9908
-29.9451
-29.9063
-29.8731
-29.8444
-29.8191
-29.7969
-29.7776
-29.761
-29.7471
-29.7354
-29.7256
-29.7176
-29.7111
-29.706
-29.7019
-29.6988
-29.6965
-29.6948
-29.6935
-29.6925
-29.6916
-29.6909
-29.6902
-29.6894
-29.6886
-29.6878
-29.6869
-29.6861
-29.6854
-29.6848
-29.6844
-29.6842
-30.1265
-30.1266
-30.1268
-30.127
-30.1274
-30.1278
-30.1283
-30.1289
-30.1296
-30.1303
-30.1312
-30.1322
-30.1332
-30.1343
-30.1355
-30.1367
-30.1381
-30.1396
-30.1414
-30.1436
-30.1461
-30.1489
-30.1521
-30.156
-30.1611
-30.1683
-30.1779
-30.1859
-30.1829
-30.1665
-30.1642
-30.2409
-30.4327
-30.6815
-30.8541
-30.9328
-30.9384
-30.9012
-30.8573
-30.8256
-30.796
-30.7584
-30.712
-30.6596
-30.6031
-30.5478
-30.4978
-30.4543
-30.417
-30.3848
-30.3563
-30.3308
-30.3078
-30.2874
-30.2695
-30.254
-30.2408
-30.2295
-30.22
-30.2121
-30.2055
-30.2002
-30.1958
-30.1924
-30.1896
-30.1875
-30.1858
-30.1844
-30.1833
-30.1823
-30.1813
-30.1805
-30.1796
-30.1788
-30.178
-30.1773
-30.1766
-30.1761
-30.1758
-30.1756
-30.6181
-30.6182
-30.6183
-30.6184
-30.6186
-30.6189
-30.6192
-30.6195
-30.6199
-30.6202
-30.6207
-30.6211
-30.6215
-30.6219
-30.6223
-30.6226
-30.6227
-30.6228
-30.6228
-30.6227
-30.6224
-30.6216
-30.6202
-30.6179
-30.6145
-30.6098
-30.6034
-30.5926
-30.5753
-30.5561
-30.5556
-30.6173
-30.7665
-30.9666
-31.134
-31.2326
-31.2638
-31.2507
-31.2254
-31.201
-31.1768
-31.1488
-31.1144
-31.0748
-31.0334
-30.992
-30.9532
-30.9189
-30.889
-30.8622
-30.8377
-30.8151
-30.7944
-30.7758
-30.7594
-30.7452
-30.7328
-30.7222
-30.7131
-30.7053
-30.6988
-30.6934
-30.6889
-30.6852
-30.6822
-30.6798
-30.6778
-30.6761
-30.6747
-30.6735
-30.6725
-30.6715
-30.6706
-30.6698
-30.669
-30.6684
-30.6678
-30.6673
-30.667
-30.6668
-31.1098
-31.1098
-31.1099
-31.1099
-31.11
-31.1101
-31.1102
-31.1102
-31.1103
-31.1104
-31.1104
-31.1104
-31.1103
-31.1101
-31.1098
-31.1092
-31.1084
-31.1072
-31.1058
-31.104
-31.1015
-31.0982
-31.0938
-31.0878
-31.0797
-31.0691
-31.0558
-31.039
-31.0197
-31.0037
-31.0059
-31.0487
-31.1455
-31.2832
-31.4165
-31.5131
-31.5657
-31.5838
-31.5834
-31.5749
-31.5621
-31.5456
-31.5249
-31.4999
-31.4713
-31.4412
-31.4121
-31.3855
-31.3615
-31.339
-31.3177
-31.2976
-31.2792
-31.2626
-31.2478
-31.2348
-31.2234
-31.2134
-31.2048
-31.1974
-31.191
-31.1857
-31.1811
-31.1774
-31.1742
-31.1716
-31.1694
-31.1676
-31.166
-31.1647
-31.1635
-31.1625
-31.1615
-31.1607
-31.16
-31.1593
-31.1588
-31.1584
-31.1581
-31.1579
-31.6016
-31.6016
-31.6015
-31.6015
-31.6015
-31.6014
-31.6013
-31.6012
-31.601
-31.6008
-31.6005
-31.6001
-31.5996
-31.5989
-31.5979
-31.5967
-31.5951
-31.5931
-31.5906
-31.5875
-31.5837
-31.5789
-31.5727
-31.5648
-31.5549
-31.5428
-31.5282
-31.5119
-31.4959
-31.4854
-31.4901
-31.5205
-31.5825
-31.6738
-31.772
-31.8552
-31.9133
-31.947
-31.9632
-31.9685
-31.9668
-31.9599
-31.9496
-31.9352
-31.9166
-31.8954
-31.874
-31.8536
-31.834
-31.815
-31.7964
-31.7788
-31.7627
-31.748
-31.7349
-31.7232
-31.7127
-31.7035
-31.6955
-31.6884
-31.6824
-31.6771
-31.6727
-31.6689
-31.6657
-31.663
-31.6607
-31.6587
-31.6571
-31.6557
-31.6544
-31.6533
-31.6524
-31.6515
-31.6508
-31.6502
-31.6497
-31.6493
-31.6491
-31.6489
-32.0934
-32.0934
-32.0934
-32.0933
-32.0931
-32.0929
-32.0927
-32.0924
-32.092
-32.0916
-32.091
-32.0903
-32.0894
-32.0883
-32.0869
-32.0852
-32.083
-32.0804
-32.0772
-32.0734
-32.0688
-32.0631
-32.0562
-32.0479
-32.0379
-32.0264
-32.0135
-32.0002
-31.9887
-31.9832
-31.9895
-32.0135
-32.058
-32.121
-32.1921
-32.2583
-32.3112
-32.3483
-32.3718
-32.3848
-32.39
-32.3899
-32.3864
-32.3792
-32.3679
-32.3537
-32.3383
-32.3225
-32.3064
-32.2901
-32.2743
-32.2592
-32.2453
-32.2325
-32.2209
-32.2104
-32.201
-32.1926
-32.1852
-32.1786
-32.1729
-32.1679
-32.1636
-32.1599
-32.1567
-32.154
-32.1516
-32.1496
-32.1479
-32.1465
-32.1452
-32.1441
-32.1431
-32.1423
-32.1416
-32.141
-32.1405
-32.1401
-32.1399
-32.1397
-32.5855
-32.5854
-32.5853
-32.5852
-32.5849
-32.5847
-32.5843
-32.5839
-32.5833
-32.5827
-32.5818
-32.5809
-32.5797
-32.5783
-32.5766
-32.5745
-32.5721
-32.5691
-32.5656
-32.5614
-32.5564
-32.5506
-32.5437
-32.5357
-32.5266
-32.5166
-32.5063
-32.4966
-32.4893
-32.4876
-32.495
-32.515
-32.5487
-32.5945
-32.6468
-32.6981
-32.7426
-32.7775
-32.8025
-32.8187
-32.8277
-32.832
-32.833
-32.8305
-32.8243
-32.8152
-32.8041
-32.7918
-32.7785
-32.765
-32.7518
-32.7391
-32.7273
-32.7163
-32.7062
-32.6969
-32.6885
-32.6809
-32.6741
-32.668
-32.6627
-32.658
-32.6539
-32.6503
-32.6472
-32.6445
-32.6422
-32.6403
-32.6385
-32.6371
-32.6358
-32.6347
-32.6337
-32.6329
-32.6322
-32.6316
-32.6312
-32.6308
-32.6306
-32.6305
-33.0777
-33.0776
-33.0775
-33.0772
-33.077
-33.0766
-33.0761
-33.0756
-33.0749
-33.0741
-33.0731
-33.0719
-33.0706
-33.0689
-33.067
-33.0648
-33.0622
-33.059
-33.0554
-33.0512
-33.0462
-33.0406
-33.0342
-33.027
-33.0192
-33.0112
-33.0034
-32.9968
-32.9929
-32.9937
-33.0015
-33.0183
-33.0443
-33.0786
-33.1178
-33.1576
-33.1939
-33.2246
-33.2485
-33.2656
-33.2767
-33.2836
-33.2875
-33.288
-33.2852
-33.2793
-33.2713
-33.2617
-33.2511
-33.2402
-33.2294
-33.2189
-33.209
-33.1996
-33.1908
-33.1827
-33.1752
-33.1685
-33.1623
-33.1568
-33.1519
-33.1475
-33.1437
-33.1403
-33.1373
-33.1348
-33.1325
-33.1306
-33.1289
-33.1275
-33.1262
-33.1251
-33.1242
-33.1234
-33.1227
-33.1222
-33.1217
-33.1214
-33.1212
-33.1211
-33.57
-33.5699
-33.5698
-33.5695
-33.5692
-33.5687
-33.5682
-33.5676
-33.5668
-33.5658
-33.5647
-33.5635
-33.562
-33.5602
-33.5582
-33.5559
-33.5532
-33.5501
-33.5466
-33.5425
-33.5379
-33.5327
-33.527
-33.5209
-33.5145
-33.5083
-33.5027
-33.4986
-33.497
-33.4994
-33.5072
-33.5214
-33.542
-33.5683
-33.5982
-33.6292
-33.6585
-33.6846
-33.7063
-33.7229
-33.7347
-33.7429
-33.7482
-33.7504
-33.7494
-33.7458
-33.74
-33.7327
-33.7246
-33.716
-33.7074
-33.6988
-33.6905
-33.6826
-33.6751
-33.668
-33.6615
-33.6555
-33.65
-33.645
-33.6406
-33.6366
-33.633
-33.6299
-33.6271
-33.6247
-33.6226
-33.6207
-33.6191
-33.6177
-33.6165
-33.6154
-33.6145
-33.6138
-33.6131
-33.6126
-33.6122
-33.6119
-33.6116
-33.6115
-34.0625
-34.0624
-34.0622
-34.0619
-34.0616
-34.0611
-34.0605
-34.0598
-34.059
-34.058
-34.0568
-34.0554
-34.0539
-34.0521
-34.0501
-34.0478
-34.0451
-34.0422
-34.0388
-34.0351
-34.0309
-34.0264
-34.0215
-34.0165
-34.0115
-34.0068
-34.003
-34.0007
-34.0008
-34.0041
-34.0115
-34.0235
-34.0403
-34.0609
-34.0843
-34.1087
-34.1324
-34.1542
-34.1731
-34.1883
-34.1997
-34.208
-34.2136
-34.2165
-34.2167
-34.2146
-34.2106
-34.2054
-34.1993
-34.1927
-34.1859
-34.1789
-34.1721
-34.1654
-34.159
-34.153
-34.1473
-34.1421
-34.1372
-34.1328
-34.1288
-34.1252
-34.122
-34.1191
-34.1166
-34.1143
-34.1123
-34.1106
-34.1091
-34.1077
-34.1066
-34.1056
-34.1047
-34.104
-34.1034
-34.1029
-34.1025
-34.1022
-34.102
-34.1019
-34.5551
-34.555
-34.5548
-34.5546
-34.5542
-34.5537
-34.553
-34.5523
-34.5514
-34.5504
-34.5492
-34.5478
-34.5463
-34.5445
-34.5425
-34.5403
-34.5379
-34.5351
-34.532
-34.5286
-34.525
-34.5212
-34.5171
-34.5131
-34.5093
-34.506
-34.5036
-34.5026
-34.5037
-34.5073
-34.5142
-34.5245
-34.5382
-34.5548
-34.5734
-34.5929
-34.6122
-34.6302
-34.6461
-34.6594
-34.6698
-34.6775
-34.6829
-34.686
-34.6869
-34.686
-34.6835
-34.6798
-34.6754
-34.6703
-34.6649
-34.6593
-34.6537
-34.6482
-34.6429
-34.6377
-34.6329
-34.6283
-34.6241
-34.6203
-34.6167
-34.6135
-34.6106
-34.608
-34.6057
-34.6037
-34.6018
-34.6002
-34.5988
-34.5976
-34.5965
-34.5956
-34.5948
-34.5941
-34.5936
-34.5931
-34.5928
-34.5925
-34.5923
-34.5922
-35.0479
-35.0478
-35.0476
-35.0473
-35.0469
-35.0464
-35.0458
-35.045
-35.0441
-35.0431
-35.0419
-35.0406
-35.0391
-35.0374
-35.0355
-35.0334
-35.0311
-35.0286
-35.0259
-35.023
-35.0199
-35.0167
-35.0135
-35.0104
-35.0076
-35.0053
-35.004
-35.0039
-35.0055
-35.0092
-35.0154
-35.0242
-35.0355
-35.0489
-35.0639
-35.0796
-35.0952
-35.1099
-35.1232
-35.1345
-35.1436
-35.1505
-35.1555
-35.1586
-35.16
-35.1598
-35.1583
-35.1559
-35.1526
-35.1488
-35.1446
-35.1401
-35.1356
-35.1311
-35.1266
-35.1223
-35.1182
-35.1144
-35.1108
-35.1074
-35.1043
-35.1015
-35.099
-35.0967
-35.0946
-35.0928
-35.0912
-35.0897
-35.0884
-35.0873
-35.0864
-35.0855
-35.0848
-35.0842
-35.0837
-35.0832
-35.0829
-35.0827
-35.0825
-35.0824
-35.5409
-35.5408
-35.5406
-35.5403
-35.5399
-35.5394
-35.5387
-35.538
-35.5371
-35.5361
-35.535
-35.5337
-35.5323
-35.5307
-35.529
-35.5271
-35.525
-35.5228
-35.5204
-35.5179
-35.5153
-35.5128
-35.5102
-35.5079
-35.5059
-35.5045
-35.5039
-35.5044
-35.5063
-35.5099
-35.5153
-35.5227
-35.532
-35.5429
-35.5549
-35.5674
-35.58
-35.592
-35.603
-35.6124
-35.6202
-35.6263
-35.6308
-35.6338
-35.6353
-35.6356
-35.6349
-35.6332
-35.6309
-35.628
-35.6248
-35.6213
-35.6177
-35.614
-35.6104
-35.6069
-35.6035
-35.6002
-35.5972
-35.5943
-35.5917
-35.5893
-35.5871
-35.5851
-35.5833
-35.5817
-35.5803
-35.579
-35.5779
-35.5769
-35.576
-35.5753
-35.5746
-35.5741
-35.5736
-35.5733
-35.573
-35.5728
-35.5726
-35.5725
-36.034
-36.0339
-36.0337
-36.0334
-36.033
-36.0325
-36.0319
-36.0312
-36.0304
-36.0294
-36.0284
-36.0272
-36.0259
-36.0244
-36.0228
-36.0211
-36.0193
-36.0174
-36.0154
-36.0133
-36.0112
-36.0092
-36.0072
-36.0055
-36.0042
-36.0034
-36.0033
-36.0041
-36.0061
-36.0093
-36.014
-36.0202
-36.0278
-36.0365
-36.046
-36.0561
-36.0661
-36.0758
-36.0847
-36.0925
-36.099
-36.1042
-36.1082
-36.1109
-36.1125
-36.1131
-36.1128
-36.1117
-36.1101
-36.108
-36.1056
-36.1029
-36.1
-36.0971
-36.0942
-36.0914
-36.0886
-36.0859
-36.0834
-36.0811
-36.0789
-36.0769
-36.075
-36.0734
-36.0718
-36.0705
-36.0693
-36.0682
-36.0672
-36.0664
-36.0656
-36.065
-36.0644
-36.0639
-36.0635
-36.0632
-36.063
-36.0628
-36.0627
-36.0626
-36.5272
-36.5271
-36.5269
-36.5266
-36.5262
-36.5258
-36.5252
-36.5246
-36.5238
-36.5229
-36.522
-36.5209
-36.5197
-36.5184
-36.5171
-36.5156
-36.514
-36.5124
-36.5107
-36.5091
-36.5074
-36.5058
-36.5044
-36.5032
-36.5023
-36.502
-36.5022
-36.5031
-36.505
-36.5079
-36.5118
-36.5168
-36.5229
-36.5298
-36.5373
-36.5452
-36.5531
-36.5608
-36.5679
-36.5742
-36.5795
-36.5839
-36.5873
-36.5897
-36.5912
-36.5919
-36.5919
-36.5913
-36.5902
-36.5886
-36.5868
-36.5848
-36.5826
-36.5804
-36.5781
-36.5759
-36.5737
-36.5716
-36.5696
-36.5677
-36.566
-36.5643
-36.5628
-36.5615
-36.5602
-36.5591
-36.5581
-36.5572
-36.5564
-36.5557
-36.5551
-36.5546
-36.5541
-36.5537
-36.5534
-36.5531
-36.5529
-36.5527
-36.5526
-36.5526
-37.0205
-37.0204
-37.0202
-37.02
-37.0196
-37.0192
-37.0187
-37.0181
-37.0174
-37.0167
-37.0158
-37.0149
-37.0139
-37.0128
-37.0116
-37.0104
-37.0091
-37.0078
-37.0064
-37.0051
-37.0038
-37.0027
-37.0016
-37.0008
-37.0003
-37.0002
-37.0006
-37.0015
-37.0032
-37.0056
-37.0088
-37.0128
-37.0175
-37.0229
-37.0287
-37.0347
-37.0408
-37.0467
-37.0522
-37.0571
-37.0614
-37.0649
-37.0677
-37.0697
-37.0711
-37.0718
-37.072
-37.0716
-37.0709
-37.0698
-37.0685
-37.0671
-37.0655
-37.0638
-37.0621
-37.0605
-37.0588
-37.0572
-37.0557
-37.0543
-37.0529
-37.0517
-37.0505
-37.0495
-37.0485
-37.0476
-37.0468
-37.0461
-37.0455
-37.045
-37.0445
-37.0441
-37.0437
-37.0434
-37.0431
-37.0429
-37.0428
-37.0426
-37.0426
-37.0425
-37.5139
-37.5138
-37.5136
-37.5134
-37.5131
-37.5128
-37.5123
-37.5118
-37.5112
-37.5106
-37.5099
-37.5091
-37.5083
-37.5074
-37.5064
-37.5054
-37.5044
-37.5034
-37.5024
-37.5014
-37.5005
-37.4996
-37.4989
-37.4984
-37.4981
-37.4982
-37.4986
-37.4994
-37.5008
-37.5027
-37.5052
-37.5082
-37.5118
-37.5158
-37.52
-37.5245
-37.529
-37.5333
-37.5374
-37.5411
-37.5444
-37.5471
-37.5492
-37.5508
-37.5519
-37.5526
-37.5528
-37.5527
-37.5522
-37.5515
-37.5507
-37.5497
-37.5486
-37.5474
-37.5463
-37.5451
-37.5439
-37.5428
-37.5418
-37.5408
-37.5398
-37.5389
-37.5381
-37.5374
-37.5367
-37.5361
-37.5355
-37.535
-37.5346
-37.5342
-37.5338
-37.5335
-37.5333
-37.533
-37.5329
-37.5327
-37.5326
-37.5325
-37.5325
-37.5324
-38.0073
-38.0073
-38.0071
-38.007
-38.0067
-38.0064
-38.006
-38.0056
-38.0052
-38.0046
-38.0041
-38.0035
-38.0029
-38.0022
-38.0015
-38.0007
-38
-37.9993
-37.9986
-37.9979
-37.9972
-37.9967
-37.9962
-37.9959
-37.9958
-37.9959
-37.9963
-37.997
-37.998
-37.9994
-38.0011
-38.0033
-38.0057
-38.0085
-38.0114
-38.0145
-38.0175
-38.0205
-38.0233
-38.0259
-38.0281
-38.03
-38.0316
-38.0328
-38.0336
-38.0341
-38.0343
-38.0343
-38.034
-38.0336
-38.0331
-38.0325
-38.0319
-38.0312
-38.0305
-38.0298
-38.0291
-38.0285
-38.0279
-38.0273
-38.0267
-38.0262
-38.0257
-38.0252
-38.0248
-38.0245
-38.0241
-38.0238
-38.0236
-38.0233
-38.0231
-38.023
-38.0228
-38.0227
-38.0226
-38.0225
-38.0224
-38.0224
-38.0223
-38.0223
-38.5009
-38.5008
-38.5007
-38.5006
-38.5004
-38.5001
-38.4998
-38.4995
-38.4992
-38.4988
-38.4984
-38.498
-38.4976
-38.4972
-38.4967
-38.4963
-38.4958
-38.4954
-38.495
-38.4946
-38.4942
-38.4939
-38.4936
-38.4935
-38.4935
-38.4936
-38.4938
-38.4942
-38.4949
-38.4957
-38.4968
-38.498
-38.4995
-38.5011
-38.5028
-38.5045
-38.5063
-38.5081
-38.5097
-38.5112
-38.5125
-38.5136
-38.5146
-38.5153
-38.5158
-38.5161
-38.5163
-38.5163
-38.5162
-38.516
-38.5158
-38.5155
-38.5153
-38.5151
-38.5148
-38.5146
-38.5144
-38.5142
-38.514
-38.5138
-38.5136
-38.5134
-38.5132
-38.5131
-38.513
-38.5128
-38.5127
-38.5126
-38.5125
-38.5125
-38.5124
-38.5124
-38.5123
-38.5123
-38.5123
-38.5122
-38.5122
-38.5122
-38.5122
-38.5122
-38.9945
-38.9945
-38.9944
-38.9943
-38.9941
-38.994
-38.9938
-38.9935
-38.9933
-38.9931
-38.9929
-38.9927
-38.9925
-38.9923
-38.9922
-38.992
-38.9919
-38.9917
-38.9916
-38.9914
-38.9913
-38.9912
-38.9911
-38.9911
-38.9911
-38.9911
-38.9913
-38.9914
-38.9917
-38.9919
-38.9923
-38.9927
-38.9932
-38.9937
-38.9943
-38.9948
-38.9954
-38.996
-38.9965
-38.997
-38.9974
-38.9978
-38.9981
-38.9983
-38.9985
-38.9986
-38.9986
-38.9986
-38.9986
-38.9985
-38.9986
-38.9987
-38.9988
-38.999
-38.9992
-38.9994
-38.9996
-38.9998
-39
-39.0002
-39.0004
-39.0006
-39.0007
-39.0009
-39.001
-39.0011
-39.0012
-39.0014
-39.0015
-39.0016
-39.0016
-39.0017
-39.0018
-39.0019
-39.0019
-39.002
-39.002
-39.002
-39.002
-39.002
)
;

boundaryField
{
    lowerWall
    {
        type            calculated;
        value           nonuniform List<scalar> 
80
(
7251.27
7251.19
7251.03
7250.8
7250.51
7250.17
7249.81
7249.46
7249.13
7248.87
7248.72
7248.72
7248.91
7249.33
7250.02
7251.03
7252.4
7254.18
7256.39
7259.05
7262.19
7265.79
7269.86
7274.36
7279.26
7284.51
7290.03
7295.75
7301.59
7307.44
7313.23
7318.83
7324.13
7329.04
7333.45
7337.27
7340.43
7342.86
7344.52
7345.37
7345.39
7344.58
7342.96
7340.56
7337.41
7333.59
7329.16
7324.22
7318.88
7313.21
7307.34
7301.37
7295.4
7289.53
7283.84
7278.41
7273.32
7268.64
7264.39
7260.65
7257.38
7254.61
7252.33
7250.52
7249.16
7248.21
7247.63
7247.38
7247.39
7247.61
7248.01
7248.53
7249.13
7249.75
7250.37
7250.93
7251.42
7251.8
7252.06
7252.2
)
;
    }
    rightWall
    {
        type            calculated;
        value           nonuniform List<scalar> 
80
(
7070.72
6707.88
6345.19
5982.64
5620.26
5258.07
4896.07
4534.26
4172.81
3811.86
3451.68
3092.41
2734.16
2377.16
2021.49
1666.88
1312.68
958.179
603.358
260.833
43.6601
-8.46825
-9.2789
-9.80466
-10.291
-10.8091
-11.4228
-12.1735
-13.0446
-13.9706
-14.853
-15.5937
-16.1608
-16.5879
-16.9276
-17.2313
-17.5842
-18.0441
-18.5775
-19.0944
-19.5715
-20.0804
-20.5973
-21.1226
-21.651
-22.178
-22.7008
-23.218
-23.7298
-24.2368
-24.74
-25.2401
-25.7379
-26.234
-26.7288
-27.2227
-27.7158
-28.2084
-28.7006
-29.1925
-29.6842
-30.1756
-30.6668
-31.1579
-31.6489
-32.1397
-32.6305
-33.1211
-33.6115
-34.1019
-34.5922
-35.0824
-35.5725
-36.0626
-36.5526
-37.0425
-37.5324
-38.0223
-38.5122
-39.002
)
;
    }
    atmosphere
    {
        type            calculated;
        value           nonuniform List<scalar> 
80
(
-39.2414
-39.2414
-39.2413
-39.2412
-39.2411
-39.241
-39.2408
-39.2406
-39.2405
-39.2403
-39.2402
-39.24
-39.24
-39.24
-39.24
-39.24
-39.24
-39.24
-39.24
-39.24
-39.24
-39.24
-39.24
-39.24
-39.24
-39.24
-39.24
-39.24
-39.24
-39.24
-39.24
-39.24
-39.24
-39.24
-39.24
-39.24
-39.24
-39.24
-39.24
-39.24
-39.24
-39.24
-39.24
-39.24
-39.24
-39.24
-39.24
-39.24
-39.24
-39.24
-39.2402
-39.2404
-39.2406
-39.241
-39.2413
-39.2417
-39.2422
-39.2426
-39.243
-39.2433
-39.2437
-39.244
-39.2444
-39.2447
-39.2449
-39.2452
-39.2454
-39.2457
-39.2459
-39.246
-39.2462
-39.2464
-39.2465
-39.2466
-39.2467
-39.2468
-39.2468
-39.2469
-39.2469
-39.2468
)
;
    }
    leftWall
    {
        type            calculated;
        value           nonuniform List<scalar> 
80
(
7069.78
6706.9
6344.09
5981.38
5618.76
5256.26
4893.87
4531.59
4169.51
3807.75
3446.54
3085.97
2726.08
2366.99
2008.76
1651.05
1293.34
934.853
575.733
234.928
32.1157
-9.88402
-10.721
-11.3375
-11.9399
-12.4735
-12.9159
-13.3372
-13.7926
-14.253
-14.6974
-15.1738
-15.7093
-16.2642
-16.7733
-17.2715
-17.7642
-18.2576
-18.7523
-19.2474
-19.7432
-20.2404
-20.7388
-21.2373
-21.7355
-22.2331
-22.7301
-23.2263
-23.7219
-24.2169
-24.7113
-25.2052
-25.6985
-26.1915
-26.684
-27.1763
-27.6683
-28.1601
-28.6518
-29.1434
-29.635
-30.1265
-30.6181
-31.1098
-31.6016
-32.0934
-32.5855
-33.0777
-33.57
-34.0625
-34.5551
-35.0479
-35.5409
-36.034
-36.5272
-37.0205
-37.5139
-38.0073
-38.5009
-38.9945
)
;
    }
    frontAndBack
    {
        type            empty;
    }
}


// ************************************************************************* //
