/*--------------------------------*- C++ -*----------------------------------*\
| =========                 |                                                 |
| \\      /  F ield         | OpenFOAM: The Open Source CFD Toolbox           |
|  \\    /   O peration     | Version:  2412                                  |
|   \\  /    A nd           | Website:  www.openfoam.com                      |
|    \\/     M anipulation  |                                                 |
\*---------------------------------------------------------------------------*/
FoamFile
{
    version     2.0;
    format      ascii;
    arch        "LSB;label=32;scalar=64";
    class       volScalarField;
    location    "6.1";
    object      p;
}
// * * * * * * * * * * * * * * * * * * * * * * * * * * * * * * * * * * * * * //

dimensions      [1 -1 -2 0 0 0 0];

internalField   nonuniform List<scalar> 
6400
(
8169.52
8169.6
8169.66
8169.67
8169.6
8169.45
8169.22
8168.92
8168.56
8168.14
8167.66
8167.13
8166.56
8165.95
8165.31
8164.63
8163.93
8163.21
8162.47
8161.72
8160.96
8160.2
8159.45
8158.7
8157.97
8157.25
8156.56
8155.9
8155.27
8154.69
8154.14
8153.64
8153.19
8152.79
8152.44
8152.15
8151.92
8151.74
8151.62
8151.57
8151.57
8151.63
8151.75
8151.92
8152.16
8152.45
8152.79
8153.19
8153.64
8154.14
8154.68
8155.26
8155.89
8156.54
8157.22
8157.93
8158.66
8159.4
8160.15
8160.9
8161.65
8162.39
8163.12
8163.84
8164.53
8165.2
8165.84
8166.44
8167
8167.52
8167.99
8168.41
8168.76
8169.06
8169.28
8169.42
8169.48
8169.47
8169.41
8169.33
7752.52
7752.6
7752.65
7752.64
7752.57
7752.42
7752.19
7751.9
7751.54
7751.13
7750.66
7750.14
7749.58
7748.98
7748.34
7747.67
7746.98
7746.26
7745.53
7744.79
7744.04
7743.29
7742.54
7741.81
7741.08
7740.38
7739.69
7739.04
7738.42
7737.84
7737.3
7736.8
7736.35
7735.96
7735.61
7735.32
7735.09
7734.92
7734.8
7734.74
7734.74
7734.8
7734.92
7735.1
7735.33
7735.62
7735.96
7736.35
7736.8
7737.29
7737.83
7738.41
7739.02
7739.67
7740.34
7741.04
7741.76
7742.49
7743.23
7743.97
7744.72
7745.45
7746.18
7746.88
7747.57
7748.23
7748.86
7749.45
7750.01
7750.52
7750.98
7751.39
7751.74
7752.03
7752.24
7752.39
7752.46
7752.46
7752.41
7752.33
7335.53
7335.62
7335.68
7335.66
7335.58
7335.43
7335.21
7334.92
7334.57
7334.16
7333.7
7333.18
7332.63
7332.03
7331.4
7330.73
7330.04
7329.33
7328.61
7327.87
7327.12
7326.38
7325.64
7324.9
7324.18
7323.48
7322.81
7322.16
7321.54
7320.96
7320.42
7319.93
7319.48
7319.09
7318.74
7318.45
7318.22
7318.05
7317.93
7317.87
7317.87
7317.93
7318.05
7318.22
7318.45
7318.74
7319.08
7319.48
7319.92
7320.41
7320.94
7321.52
7322.13
7322.77
7323.44
7324.14
7324.85
7325.58
7326.31
7327.05
7327.79
7328.52
7329.24
7329.94
7330.63
7331.28
7331.91
7332.5
7333.05
7333.56
7334.01
7334.42
7334.76
7335.04
7335.26
7335.41
7335.49
7335.5
7335.44
7335.35
6918.61
6918.71
6918.78
6918.76
6918.68
6918.53
6918.3
6918.02
6917.67
6917.26
6916.8
6916.29
6915.73
6915.13
6914.5
6913.83
6913.14
6912.43
6911.7
6910.96
6910.21
6909.46
6908.72
6907.99
6907.26
6906.56
6905.88
6905.23
6904.61
6904.03
6903.49
6902.99
6902.55
6902.15
6901.8
6901.51
6901.28
6901.1
6900.98
6900.92
6900.92
6900.98
6901.1
6901.28
6901.51
6901.8
6902.14
6902.53
6902.98
6903.47
6904.01
6904.58
6905.19
6905.84
6906.51
6907.21
6907.92
6908.65
6909.39
6910.13
6910.87
6911.61
6912.33
6913.03
6913.72
6914.38
6915
6915.6
6916.15
6916.65
6917.11
6917.52
6917.86
6918.14
6918.36
6918.51
6918.59
6918.61
6918.54
6918.44
6501.76
6501.88
6501.95
6501.94
6501.85
6501.7
6501.47
6501.18
6500.83
6500.42
6499.95
6499.44
6498.88
6498.27
6497.63
6496.96
6496.26
6495.54
6494.81
6494.06
6493.3
6492.55
6491.79
6491.05
6490.32
6489.61
6488.93
6488.27
6487.64
6487.05
6486.51
6486.01
6485.55
6485.15
6484.8
6484.5
6484.27
6484.09
6483.97
6483.91
6483.91
6483.97
6484.08
6484.26
6484.5
6484.79
6485.13
6485.53
6485.98
6486.48
6487.02
6487.6
6488.22
6488.87
6489.56
6490.26
6490.98
6491.72
6492.46
6493.21
6493.96
6494.7
6495.43
6496.15
6496.84
6497.5
6498.14
6498.74
6499.3
6499.81
6500.27
6500.68
6501.03
6501.32
6501.54
6501.69
6501.78
6501.79
6501.72
6501.6
6085.01
6085.13
6085.2
6085.19
6085.1
6084.94
6084.71
6084.41
6084.05
6083.63
6083.16
6082.64
6082.06
6081.45
6080.8
6080.12
6079.41
6078.67
6077.92
6077.16
6076.39
6075.63
6074.86
6074.1
6073.36
6072.64
6071.94
6071.27
6070.63
6070.04
6069.48
6068.97
6068.51
6068.1
6067.74
6067.44
6067.2
6067.02
6066.89
6066.83
6066.83
6066.89
6067.01
6067.19
6067.43
6067.73
6068.08
6068.48
6068.94
6069.45
6070
6070.59
6071.22
6071.88
6072.57
6073.29
6074.03
6074.78
6075.53
6076.3
6077.06
6077.81
6078.56
6079.28
6079.99
6080.66
6081.31
6081.92
6082.49
6083.01
6083.48
6083.9
6084.26
6084.55
6084.78
6084.95
6085.04
6085.05
6084.98
6084.85
5668.34
5668.46
5668.53
5668.52
5668.42
5668.25
5668.01
5667.71
5667.33
5666.9
5666.42
5665.88
5665.29
5664.66
5664
5663.3
5662.57
5661.82
5661.05
5660.27
5659.49
5658.7
5657.91
5657.14
5656.38
5655.64
5654.93
5654.24
5653.59
5652.97
5652.41
5651.88
5651.41
5650.99
5650.63
5650.32
5650.07
5649.89
5649.76
5649.7
5649.7
5649.76
5649.88
5650.06
5650.31
5650.61
5650.97
5651.38
5651.85
5652.37
5652.93
5653.54
5654.18
5654.86
5655.57
5656.3
5657.06
5657.82
5658.6
5659.38
5660.16
5660.93
5661.69
5662.44
5663.16
5663.86
5664.52
5665.15
5665.73
5666.27
5666.75
5667.18
5667.55
5667.86
5668.1
5668.27
5668.36
5668.38
5668.31
5668.18
5251.76
5251.88
5251.95
5251.92
5251.82
5251.64
5251.38
5251.06
5250.67
5250.22
5249.72
5249.16
5248.55
5247.91
5247.22
5246.5
5245.75
5244.98
5244.19
5243.38
5242.57
5241.76
5240.96
5240.16
5239.38
5238.62
5237.88
5237.17
5236.5
5235.87
5235.29
5234.75
5234.26
5233.83
5233.46
5233.14
5232.89
5232.7
5232.57
5232.51
5232.51
5232.57
5232.7
5232.88
5233.13
5233.44
5233.81
5234.24
5234.72
5235.25
5235.83
5236.45
5237.12
5237.82
5238.55
5239.3
5240.08
5240.87
5241.67
5242.47
5243.27
5244.07
5244.85
5245.62
5246.36
5247.08
5247.76
5248.41
5249.01
5249.57
5250.07
5250.52
5250.9
5251.23
5251.48
5251.66
5251.76
5251.79
5251.72
5251.59
4835.27
4835.38
4835.44
4835.41
4835.29
4835.09
4834.82
4834.48
4834.07
4833.6
4833.07
4832.49
4831.86
4831.18
4830.47
4829.72
4828.95
4828.15
4827.33
4826.5
4825.66
4824.82
4823.99
4823.16
4822.36
4821.57
4820.81
4820.08
4819.38
4818.73
4818.12
4817.57
4817.06
4816.62
4816.23
4815.91
4815.65
4815.45
4815.32
4815.26
4815.26
4815.32
4815.45
4815.65
4815.91
4816.23
4816.61
4817.05
4817.54
4818.09
4818.69
4819.34
4820.02
4820.75
4821.5
4822.28
4823.09
4823.9
4824.73
4825.56
4826.39
4827.21
4828.02
4828.82
4829.59
4830.33
4831.04
4831.71
4832.34
4832.92
4833.44
4833.91
4834.32
4834.66
4834.93
4835.12
4835.24
4835.27
4835.21
4835.09
4418.86
4418.97
4419.02
4418.97
4418.83
4418.62
4418.33
4417.96
4417.53
4417.03
4416.48
4415.87
4415.21
4414.5
4413.76
4412.98
4412.17
4411.34
4410.49
4409.62
4408.75
4407.88
4407.01
4406.15
4405.31
4404.49
4403.7
4402.94
4402.22
4401.54
4400.91
4400.33
4399.81
4399.35
4398.95
4398.62
4398.35
4398.15
4398.01
4397.94
4397.94
4398.01
4398.15
4398.35
4398.61
4398.95
4399.34
4399.79
4400.31
4400.88
4401.5
4402.18
4402.89
4403.64
4404.43
4405.24
4406.08
4406.93
4407.79
4408.65
4409.51
4410.37
4411.21
4412.04
4412.84
4413.62
4414.36
4415.06
4415.71
4416.32
4416.87
4417.37
4417.8
4418.16
4418.45
4418.66
4418.8
4418.84
4418.79
4418.68
4002.55
4002.65
4002.68
4002.62
4002.46
4002.23
4001.91
4001.52
4001.06
4000.53
3999.94
3999.3
3998.6
3997.86
3997.08
3996.26
3995.41
3994.54
3993.65
3992.75
3991.84
3990.93
3990.02
3989.13
3988.25
3987.39
3986.56
3985.76
3985.01
3984.3
3983.64
3983.04
3982.49
3982.01
3981.6
3981.25
3980.97
3980.77
3980.63
3980.56
3980.56
3980.63
3980.77
3980.98
3981.25
3981.6
3982.01
3982.48
3983.02
3983.61
3984.26
3984.97
3985.72
3986.51
3987.33
3988.18
3989.05
3989.94
3990.84
3991.74
3992.64
3993.54
3994.42
3995.28
3996.12
3996.94
3997.71
3998.45
3999.14
3999.78
4000.37
4000.89
4001.35
4001.74
4002.05
4002.29
4002.44
4002.5
4002.46
4002.37
3586.33
3586.42
3586.44
3586.35
3586.18
3585.91
3585.57
3585.15
3584.65
3584.09
3583.47
3582.78
3582.05
3581.27
3580.44
3579.58
3578.69
3577.77
3576.84
3575.89
3574.94
3573.98
3573.03
3572.09
3571.16
3570.26
3569.39
3568.55
3567.75
3567
3566.31
3565.68
3565.11
3564.61
3564.18
3563.82
3563.53
3563.31
3563.17
3563.09
3563.09
3563.17
3563.31
3563.53
3563.82
3564.18
3564.6
3565.1
3565.66
3566.28
3566.97
3567.71
3568.5
3569.33
3570.2
3571.09
3572.01
3572.94
3573.88
3574.83
3575.78
3576.72
3577.64
3578.55
3579.44
3580.29
3581.11
3581.89
3582.62
3583.3
3583.92
3584.48
3584.98
3585.4
3585.74
3586
3586.17
3586.25
3586.24
3586.15
3170.22
3170.29
3170.29
3170.18
3169.98
3169.69
3169.31
3168.85
3168.32
3167.72
3167.05
3166.32
3165.54
3164.71
3163.84
3162.93
3161.99
3161.02
3160.04
3159.04
3158.03
3157.02
3156.02
3155.03
3154.05
3153.1
3152.18
3151.29
3150.45
3149.65
3148.92
3148.25
3147.65
3147.13
3146.68
3146.31
3146.01
3145.78
3145.63
3145.56
3145.56
3145.63
3145.79
3146.01
3146.31
3146.69
3147.13
3147.65
3148.23
3148.89
3149.62
3150.4
3151.24
3152.12
3153.03
3153.98
3154.95
3155.93
3156.92
3157.92
3158.92
3159.91
3160.89
3161.84
3162.78
3163.68
3164.55
3165.38
3166.16
3166.88
3167.55
3168.15
3168.68
3169.14
3169.51
3169.8
3170
3170.1
3170.11
3170.03
2754.21
2754.26
2754.23
2754.1
2753.88
2753.55
2753.14
2752.63
2752.05
2751.4
2750.69
2749.92
2749.09
2748.2
2747.27
2746.31
2745.31
2744.29
2743.25
2742.2
2741.13
2740.06
2739
2737.95
2736.92
2735.91
2734.93
2733.99
2733.09
2732.25
2731.46
2730.75
2730.13
2729.58
2729.11
2728.72
2728.41
2728.18
2728.02
2727.94
2727.95
2728.03
2728.19
2728.43
2728.74
2729.13
2729.59
2730.13
2730.74
2731.44
2732.21
2733.04
2733.93
2734.87
2735.84
2736.84
2737.87
2738.91
2739.96
2741.02
2742.07
2743.12
2744.15
2745.16
2746.15
2747.11
2748.03
2748.91
2749.74
2750.52
2751.23
2751.88
2752.46
2752.95
2753.37
2753.69
2753.92
2754.05
2754.07
2754.02
2338.3
2338.32
2338.28
2338.12
2337.86
2337.5
2337.04
2336.49
2335.86
2335.16
2334.39
2333.56
2332.68
2331.74
2330.74
2329.71
2328.66
2327.57
2326.47
2325.36
2324.23
2323.1
2321.97
2320.85
2319.76
2318.69
2317.65
2316.64
2315.68
2314.78
2313.94
2313.18
2312.52
2311.95
2311.46
2311.06
2310.74
2310.49
2310.33
2310.25
2310.26
2310.34
2310.51
2310.76
2311.09
2311.5
2311.98
2312.53
2313.17
2313.91
2314.73
2315.63
2316.58
2317.59
2318.62
2319.69
2320.78
2321.88
2323
2324.12
2325.24
2326.34
2327.43
2328.5
2329.55
2330.57
2331.55
2332.5
2333.39
2334.22
2334.99
2335.68
2336.31
2336.86
2337.31
2337.68
2337.94
2338.09
2338.13
2338.1
1922.47
1922.48
1922.41
1922.24
1921.95
1921.54
1921.03
1920.42
1919.73
1918.97
1918.15
1917.26
1916.32
1915.31
1914.25
1913.15
1912.02
1910.88
1909.71
1908.53
1907.33
1906.12
1904.92
1903.74
1902.58
1901.44
1900.33
1899.26
1898.22
1897.24
1896.34
1895.53
1894.83
1894.24
1893.74
1893.32
1892.99
1892.74
1892.57
1892.49
1892.49
1892.58
1892.76
1893.03
1893.37
1893.79
1894.29
1894.86
1895.53
1896.31
1897.19
1898.16
1899.19
1900.27
1901.38
1902.52
1903.67
1904.84
1906.02
1907.22
1908.41
1909.58
1910.73
1911.86
1912.97
1914.06
1915.12
1916.13
1917.09
1917.98
1918.8
1919.56
1920.24
1920.84
1921.35
1921.76
1922.05
1922.22
1922.29
1922.27
1506.71
1506.72
1506.64
1506.45
1506.13
1505.68
1505.1
1504.42
1503.66
1502.84
1501.95
1501
1500
1498.93
1497.79
1496.6
1495.4
1494.19
1492.96
1491.71
1490.43
1489.14
1487.86
1486.6
1485.38
1484.17
1482.99
1481.83
1480.71
1479.64
1478.65
1477.78
1477.05
1476.46
1475.95
1475.53
1475.18
1474.92
1474.74
1474.66
1474.66
1474.76
1474.95
1475.23
1475.59
1476.03
1476.53
1477.1
1477.79
1478.61
1479.58
1480.64
1481.76
1482.92
1484.11
1485.32
1486.55
1487.78
1489.04
1490.32
1491.59
1492.83
1494.05
1495.24
1496.41
1497.57
1498.71
1499.81
1500.83
1501.79
1502.67
1503.49
1504.23
1504.9
1505.48
1505.94
1506.25
1506.44
1506.52
1506.5
1090.93
1091.01
1090.96
1090.78
1090.44
1089.93
1089.27
1088.49
1087.64
1086.74
1085.79
1084.79
1083.74
1082.6
1081.35
1080.05
1078.76
1077.5
1076.22
1074.9
1073.54
1072.15
1070.77
1069.43
1068.14
1066.88
1065.62
1064.37
1063.14
1061.95
1060.85
1059.9
1059.15
1058.59
1058.11
1057.68
1057.32
1057.05
1056.87
1056.78
1056.79
1056.89
1057.09
1057.4
1057.78
1058.24
1058.73
1059.25
1059.91
1060.78
1061.85
1063.04
1064.28
1065.55
1066.82
1068.12
1069.41
1070.7
1072.04
1073.41
1074.77
1076.09
1077.37
1078.61
1079.83
1081.08
1082.33
1083.54
1084.64
1085.65
1086.59
1087.47
1088.29
1089.05
1089.71
1090.24
1090.58
1090.76
1090.8
1090.72
674.905
675.347
675.516
675.403
675.032
674.45
673.668
672.733
671.764
670.798
669.784
668.727
667.648
666.457
665.047
663.544
662.16
660.868
659.547
658.158
656.691
655.159
653.633
652.2
650.867
649.543
648.193
646.825
645.456
644.08
642.769
641.682
640.946
640.499
640.065
639.604
639.224
638.934
638.716
638.626
638.645
638.732
638.956
639.315
639.744
640.27
640.753
641.125
641.691
642.635
643.905
645.309
646.71
648.098
649.495
650.887
652.238
653.582
655.013
656.53
658.016
659.426
660.765
662.044
663.3
664.641
666.08
667.452
668.636
669.68
670.67
671.62
672.519
673.396
674.213
674.844
675.212
675.315
675.154
674.719
272.474
273.983
274.653
274.701
274.429
273.978
273.27
272.303
271.401
270.596
269.737
268.845
268.037
267.204
266.11
264.827
263.662
262.576
261.451
260.297
259.151
258.058
257.051
255.96
254.556
253.197
252.06
251.035
250.061
249.124
248.29
247.688
247.263
246.768
245.948
245.055
244.328
243.794
243.435
243.253
243.249
243.415
243.755
244.268
244.961
245.865
246.862
247.603
248.037
248.565
249.331
250.272
251.233
252.216
253.319
254.701
256.178
257.303
258.21
259.215
260.334
261.489
262.636
263.724
264.756
265.908
267.22
268.297
269.094
269.817
270.604
271.403
272.171
273.024
273.849
274.387
274.633
274.567
273.924
272.45
34.0252
35.2763
35.7651
35.8416
35.7405
35.5466
35.3108
35.1041
34.8269
34.5078
34.1644
33.8253
33.4955
33.1705
33.0356
32.8616
32.479
32.0133
31.5416
31.1026
30.7326
30.4547
30.1933
29.7564
29.2097
28.6205
28.1868
27.8833
27.6606
27.5355
27.4888
27.3457
26.859
26.0621
25.3143
24.6809
24.1555
23.7657
23.5325
23.3917
23.3686
23.5096
23.7329
24.0403
24.5086
25.0985
25.8916
26.8357
27.5815
27.9561
28.0047
28.0951
28.2712
28.5295
28.8991
29.4216
29.9367
30.4991
30.8461
31.09
31.4126
31.8213
32.2741
32.7301
33.1665
33.5243
33.6765
33.7756
33.9858
34.2748
34.5841
34.8803
35.1538
35.4282
35.5766
35.7292
35.8255
35.7449
35.2739
34.0652
-10.1265
-10.116
-10.0764
-10.072
-10.0989
-10.1838
-10.1473
-9.71927
-9.58824
-9.60535
-9.60906
-9.58531
-9.63497
-9.80895
-9.48626
-9.00908
-8.91221
-8.89572
-8.88055
-8.86323
-8.85284
-8.86778
-8.96091
-9.19804
-8.74555
-8.6134
-8.61524
-8.6317
-8.63972
-8.62627
-8.63861
-8.92699
-9.61345
-10.3025
-10.4394
-10.4362
-10.4336
-10.4359
-10.4373
-10.438
-10.4379
-10.4364
-10.4337
-10.4305
-10.4307
-10.4323
-10.3908
-10.0076
-9.1212
-8.50269
-8.40834
-8.41574
-8.40793
-8.37876
-8.37004
-8.54095
-9.1337
-8.90996
-8.59114
-8.49995
-8.49977
-8.52543
-8.55869
-8.5806
-8.58847
-8.72847
-9.41354
-9.76183
-9.74074
-9.59591
-9.57232
-9.5921
-9.62802
-9.77331
-10.1472
-10.1627
-10.113
-10.1242
-10.1704
-10.1777
-10.6109
-10.6106
-10.5995
-10.5968
-10.5942
-10.6079
-10.6094
-10.4847
-10.42
-10.4028
-10.3899
-10.3761
-10.3887
-10.431
-10.3389
-10.1928
-10.1446
-10.1222
-10.1041
-10.089
-10.0797
-10.0834
-10.1267
-10.1982
-10.0715
-10.0529
-10.0775
-10.1057
-10.1392
-10.1698
-10.2232
-10.4186
-10.7475
-10.9183
-10.9355
-10.9251
-10.9226
-10.9252
-10.927
-10.9279
-10.9277
-10.9262
-10.9232
-10.9198
-10.9195
-10.9254
-10.9261
-10.8584
-10.5517
-10.1848
-10.0728
-10.0328
-9.99408
-9.95492
-9.91597
-9.92258
-10.0689
-10.0152
-9.92729
-9.88964
-9.8922
-9.91051
-9.94045
-9.96895
-9.99399
-10.0632
-10.2815
-10.3811
-10.3834
-10.3536
-10.3577
-10.3883
-10.4381
-10.5164
-10.6129
-10.609
-10.6134
-10.6369
-10.6487
-10.6501
-11.1042
-11.1062
-11.105
-11.108
-11.1134
-11.1309
-11.1779
-11.2548
-11.2847
-11.2802
-11.2802
-11.2832
-11.2843
-11.272
-11.2977
-11.3763
-11.3814
-11.3689
-11.36
-11.3528
-11.3487
-11.3505
-11.3584
-11.3254
-11.4128
-11.4252
-11.426
-11.4253
-11.4301
-11.4365
-11.441
-11.4428
-11.4349
-11.4299
-11.4282
-11.422
-11.4185
-11.4196
-11.4204
-11.421
-11.421
-11.4198
-11.4175
-11.4153
-11.416
-11.4185
-11.4185
-11.4193
-11.4292
-11.4314
-11.4247
-11.4188
-11.4141
-11.4128
-11.4044
-11.3585
-11.2362
-11.2582
-11.3208
-11.3128
-11.3096
-11.313
-11.3232
-11.3345
-11.3493
-11.3468
-11.2351
-11.1968
-11.1951
-11.2165
-11.2233
-11.2343
-11.2493
-11.2044
-11.1423
-11.1268
-11.13
-11.1421
-11.1575
-11.1556
-11.5977
-11.6116
-11.6234
-11.6302
-11.6437
-11.6671
-11.7189
-11.7725
-11.8091
-11.8455
-11.8799
-11.8981
-11.9081
-11.9134
-11.9134
-11.908
-11.9129
-11.915
-11.9168
-11.9185
-11.9195
-11.9195
-11.921
-11.9259
-11.9233
-11.9216
-11.9204
-11.9202
-11.9212
-11.9217
-11.9211
-11.9203
-11.9192
-11.9192
-11.9205
-11.9159
-11.9134
-11.914
-11.9142
-11.9145
-11.9144
-11.9134
-11.9115
-11.9093
-11.9094
-11.9102
-11.9097
-11.9099
-11.9097
-11.909
-11.9073
-11.9054
-11.9041
-11.9037
-11.9032
-11.9028
-11.9045
-11.8954
-11.8841
-11.8797
-11.8731
-11.8635
-11.8529
-11.8447
-11.8409
-11.8393
-11.8389
-11.8347
-11.8317
-11.8266
-11.8113
-11.784
-11.7584
-11.7304
-11.6931
-11.671
-11.6636
-11.6604
-11.6595
-11.6505
-12.1114
-12.1292
-12.1388
-12.1488
-12.1682
-12.1968
-12.2391
-12.2871
-12.326
-12.3532
-12.3713
-12.3867
-12.4006
-12.4087
-12.4097
-12.4069
-12.4067
-12.4072
-12.4078
-12.4085
-12.4092
-12.4098
-12.4105
-12.4111
-12.4115
-12.4128
-12.4137
-12.4143
-12.4149
-12.416
-12.4171
-12.4177
-12.4171
-12.4164
-12.4151
-12.4107
-12.4092
-12.409
-12.4089
-12.4086
-12.4081
-12.4075
-12.4061
-12.4049
-12.4045
-12.4059
-12.4074
-12.4079
-12.4067
-12.4045
-12.4018
-12.3991
-12.3964
-12.3936
-12.3904
-12.3882
-12.3848
-12.3804
-12.3745
-12.3692
-12.3631
-12.3561
-12.3486
-12.3419
-12.3363
-12.3337
-12.3351
-12.3327
-12.3235
-12.3113
-12.3008
-12.287
-12.2643
-12.2385
-12.2156
-12.1977
-12.1863
-12.1794
-12.1722
-12.1473
-12.6351
-12.646
-12.6499
-12.6674
-12.697
-12.7333
-12.7727
-12.811
-12.8449
-12.8635
-12.8712
-12.882
-12.8945
-12.9024
-12.9028
-12.8994
-12.8973
-12.8971
-12.8978
-12.899
-12.9002
-12.9013
-12.9023
-12.9035
-12.9043
-12.9047
-12.905
-12.9055
-12.9061
-12.9062
-12.9062
-12.906
-12.9048
-12.9079
-12.9091
-12.9077
-12.9065
-12.9049
-12.9043
-12.9036
-12.903
-12.9025
-12.9027
-12.9034
-12.9023
-12.9008
-12.8992
-12.8979
-12.8966
-12.8945
-12.8927
-12.8907
-12.8883
-12.8858
-12.8834
-12.8806
-12.8769
-12.8719
-12.8664
-12.8605
-12.8536
-12.8459
-12.8385
-12.8323
-12.8284
-12.8276
-12.8287
-12.8259
-12.8155
-12.8012
-12.7915
-12.7838
-12.767
-12.7432
-12.723
-12.7097
-12.7014
-12.694
-12.6889
-12.6718
-13.1505
-13.1579
-13.1636
-13.1907
-13.2286
-13.2668
-13.3027
-13.3385
-13.3721
-13.3909
-13.39
-13.3855
-13.3886
-13.3937
-13.3941
-13.3909
-13.3883
-13.3878
-13.3887
-13.3898
-13.3909
-13.3919
-13.3929
-13.3937
-13.3945
-13.3953
-13.3961
-13.3969
-13.3978
-13.3987
-13.3995
-13.4003
-13.3988
-13.4005
-13.4052
-13.407
-13.4052
-13.4017
-13.3997
-13.3984
-13.3977
-13.3977
-13.3998
-13.4031
-13.4021
-13.3967
-13.3929
-13.3924
-13.3906
-13.3875
-13.3848
-13.3821
-13.3792
-13.3763
-13.3732
-13.3702
-13.3669
-13.3629
-13.3581
-13.3527
-13.3463
-13.3391
-13.3315
-13.3246
-13.3197
-13.3173
-13.3145
-13.3057
-13.2936
-13.2864
-13.2878
-13.2882
-13.277
-13.2568
-13.2344
-13.2176
-13.2084
-13.2004
-13.1956
-13.1886
-13.6563
-13.6611
-13.6756
-13.712
-13.7544
-13.7923
-13.8262
-13.8619
-13.8978
-13.92
-13.9143
-13.8932
-13.8805
-13.8793
-13.8801
-13.8792
-13.8773
-13.8775
-13.8788
-13.8802
-13.8817
-13.8831
-13.8843
-13.8855
-13.8865
-13.8875
-13.8883
-13.8891
-13.8899
-13.8908
-13.8916
-13.8927
-13.8927
-13.8949
-13.903
-13.9068
-13.9036
-13.8975
-13.894
-13.8922
-13.8915
-13.8919
-13.8954
-13.9006
-13.9006
-13.8923
-13.887
-13.8858
-13.883
-13.88
-13.8774
-13.8749
-13.8722
-13.8695
-13.8665
-13.8632
-13.8595
-13.8553
-13.8505
-13.8449
-13.8386
-13.8314
-13.8236
-13.8159
-13.809
-13.8019
-13.7902
-13.7744
-13.7613
-13.7634
-13.7779
-13.787
-13.7805
-13.7614
-13.7382
-13.7185
-13.7089
-13.7044
-13.698
-13.6952
-14.1532
-14.1541
-14.1855
-14.2309
-14.2751
-14.3115
-14.3432
-14.378
-14.4148
-14.4379
-14.4302
-14.3986
-14.3723
-14.3637
-14.3638
-14.3643
-14.3654
-14.367
-14.369
-14.3711
-14.3729
-14.3746
-14.376
-14.3773
-14.3784
-14.3793
-14.3803
-14.3812
-14.3821
-14.3831
-14.3843
-14.3854
-14.3861
-14.3883
-14.3982
-14.4032
-14.399
-14.3906
-14.3863
-14.3845
-14.3837
-14.3842
-14.3883
-14.3938
-14.3937
-14.3856
-14.3802
-14.3785
-14.3757
-14.3726
-14.37
-14.3675
-14.3649
-14.3622
-14.3594
-14.3563
-14.3529
-14.3489
-14.3442
-14.3388
-14.3326
-14.3255
-14.3174
-14.3086
-14.2994
-14.2869
-14.2672
-14.2427
-14.2252
-14.2281
-14.2472
-14.263
-14.263
-14.249
-14.2293
-14.2116
-14.203
-14.2043
-14.199
-14.2012
-14.6461
-14.65
-14.7025
-14.75
-14.7929
-14.8268
-14.8538
-14.8831
-14.9158
-14.9372
-14.9298
-14.8966
-14.8656
-14.8527
-14.8516
-14.8533
-14.8554
-14.8578
-14.8603
-14.8626
-14.8647
-14.8665
-14.8681
-14.8695
-14.8706
-14.8717
-14.8726
-14.8735
-14.8744
-14.8753
-14.8764
-14.8779
-14.8787
-14.8808
-14.8882
-14.8923
-14.889
-14.8816
-14.8771
-14.8755
-14.8745
-14.8748
-14.8781
-14.8821
-14.8818
-14.8756
-14.8718
-14.8704
-14.868
-14.8652
-14.863
-14.8607
-14.8584
-14.856
-14.8533
-14.8504
-14.8471
-14.8434
-14.8391
-14.8341
-14.8283
-14.8215
-14.8136
-14.8046
-14.7936
-14.777
-14.7504
-14.7168
-14.6893
-14.6827
-14.6961
-14.7147
-14.7243
-14.7214
-14.711
-14.701
-14.6977
-14.7024
-14.6969
-14.7051
-15.155
-15.1666
-15.2319
-15.2679
-15.307
-15.3414
-15.362
-15.3815
-15.4045
-15.4191
-15.4133
-15.3863
-15.36
-15.3475
-15.345
-15.346
-15.3479
-15.3503
-15.3528
-15.3551
-15.3573
-15.3591
-15.3607
-15.3621
-15.3633
-15.3643
-15.3652
-15.3661
-15.367
-15.3678
-15.3686
-15.37
-15.3704
-15.3712
-15.3749
-15.3775
-15.3754
-15.3705
-15.3673
-15.3661
-15.3653
-15.3652
-15.3668
-15.3689
-15.3681
-15.3645
-15.3626
-15.362
-15.3604
-15.3583
-15.3564
-15.3545
-15.3524
-15.3502
-15.3479
-15.3453
-15.3424
-15.3391
-15.3353
-15.331
-15.3259
-15.3201
-15.3133
-15.3051
-15.2937
-15.2747
-15.2429
-15.2003
-15.1607
-15.14
-15.1457
-15.1652
-15.1849
-15.1944
-15.1947
-15.1933
-15.1955
-15.2013
-15.1998
-15.2109
-15.6908
-15.7014
-15.7517
-15.7855
-15.8234
-15.8581
-15.8734
-15.8825
-15.89
-15.8971
-15.8924
-15.8743
-15.8561
-15.8458
-15.8422
-15.8417
-15.8427
-15.8444
-15.8465
-15.8486
-15.8505
-15.8522
-15.8538
-15.8551
-15.8562
-15.8572
-15.8581
-15.8589
-15.8596
-15.8604
-15.861
-15.8618
-15.8618
-15.8615
-15.8623
-15.8635
-15.8627
-15.8602
-15.8585
-15.8575
-15.8569
-15.8567
-15.8573
-15.8577
-15.8568
-15.855
-15.8543
-15.8542
-15.8531
-15.8517
-15.8502
-15.8486
-15.8468
-15.8449
-15.8429
-15.8408
-15.8384
-15.8358
-15.8328
-15.8295
-15.8258
-15.8216
-15.8171
-15.8117
-15.8028
-15.7828
-15.7458
-15.6969
-15.6502
-15.6202
-15.6155
-15.6299
-15.6535
-15.6733
-15.6835
-15.6892
-15.6958
-15.7024
-15.7063
-15.7066
-16.2294
-16.2356
-16.2678
-16.3085
-16.344
-16.3745
-16.3899
-16.3936
-16.392
-16.388
-16.3804
-16.3677
-16.3545
-16.3454
-16.3406
-16.3388
-16.3387
-16.3397
-16.3411
-16.3427
-16.3444
-16.3458
-16.3472
-16.3484
-16.3494
-16.3503
-16.3511
-16.3519
-16.3525
-16.3531
-16.3535
-16.3539
-16.3538
-16.3531
-16.3528
-16.3531
-16.3529
-16.3518
-16.3509
-16.3501
-16.3495
-16.3495
-16.3496
-16.3495
-16.3488
-16.3478
-16.3475
-16.3474
-16.3466
-16.3456
-16.3444
-16.3431
-16.3416
-16.3401
-16.3386
-16.3369
-16.3352
-16.3334
-16.3315
-16.3296
-16.3276
-16.3259
-16.325
-16.3259
-16.3245
-16.3075
-16.2729
-16.2229
-16.171
-16.1325
-16.1177
-16.1255
-16.143
-16.1622
-16.1804
-16.1919
-16.2001
-16.2058
-16.2092
-16.2107
-16.7607
-16.7651
-16.7893
-16.8312
-16.8601
-16.8892
-16.9105
-16.9135
-16.9065
-16.8935
-16.8798
-16.8661
-16.8536
-16.8444
-16.8388
-16.8361
-16.8351
-16.8353
-16.8362
-16.8373
-16.8386
-16.8398
-16.8409
-16.8419
-16.8429
-16.8437
-16.8444
-16.845
-16.8456
-16.846
-16.8464
-16.8465
-16.8465
-16.8459
-16.8456
-16.8456
-16.8455
-16.8448
-16.8441
-16.8434
-16.8429
-16.843
-16.8431
-16.8428
-16.8423
-16.8418
-16.8415
-16.8413
-16.8407
-16.8399
-16.839
-16.8379
-16.8368
-16.8357
-16.8346
-16.8335
-16.8325
-16.8316
-16.831
-16.8307
-16.831
-16.8325
-16.8376
-16.85
-16.8647
-16.8611
-16.8272
-16.7769
-16.7319
-16.7009
-16.6851
-16.683
-16.6864
-16.6893
-16.6982
-16.7081
-16.7137
-16.7155
-16.7169
-16.7199
-17.2968
-17.2921
-17.3039
-17.344
-17.3755
-17.4049
-17.4295
-17.4362
-17.4272
-17.4042
-17.3819
-17.3645
-17.3512
-17.3418
-17.336
-17.3327
-17.3312
-17.3309
-17.3313
-17.3321
-17.333
-17.334
-17.3349
-17.3357
-17.3365
-17.3372
-17.3378
-17.3384
-17.3388
-17.3392
-17.3395
-17.3396
-17.3395
-17.3392
-17.339
-17.3389
-17.3388
-17.3382
-17.3375
-17.3372
-17.3367
-17.3368
-17.3368
-17.3366
-17.3363
-17.336
-17.3357
-17.3354
-17.335
-17.3344
-17.3337
-17.333
-17.3323
-17.3316
-17.3309
-17.3305
-17.3302
-17.3303
-17.3309
-17.3324
-17.3351
-17.3402
-17.3525
-17.3766
-17.3998
-17.3946
-17.3686
-17.3381
-17.314
-17.2883
-17.2724
-17.2709
-17.2727
-17.2625
-17.2495
-17.2485
-17.2433
-17.2351
-17.2323
-17.2358
-17.8193
-17.8167
-17.8187
-17.8521
-17.8901
-17.9145
-17.9337
-17.9504
-17.9427
-17.9111
-17.8805
-17.8599
-17.8463
-17.8373
-17.8316
-17.8283
-17.8267
-17.8262
-17.8264
-17.8269
-17.8276
-17.8283
-17.829
-17.8297
-17.8304
-17.8309
-17.8314
-17.8319
-17.8322
-17.8325
-17.8327
-17.8328
-17.8328
-17.8326
-17.8324
-17.8323
-17.8321
-17.8317
-17.8309
-17.831
-17.8305
-17.8307
-17.8307
-17.8306
-17.8303
-17.8301
-17.8299
-17.8297
-17.8294
-17.829
-17.8286
-17.8282
-17.8278
-17.8276
-17.8274
-17.8276
-17.828
-17.829
-17.8309
-17.8339
-17.8385
-17.8466
-17.8642
-17.8926
-17.9097
-17.8996
-17.8756
-17.8622
-17.8541
-17.8419
-17.8279
-17.8348
-17.8534
-17.8601
-17.8353
-17.8128
-17.7906
-17.7671
-17.7578
-17.7585
-18.3113
-18.324
-18.3393
-18.3572
-18.3855
-18.3997
-18.4224
-18.4469
-18.4433
-18.4081
-18.3738
-18.3519
-18.3387
-18.3305
-18.3256
-18.3228
-18.3215
-18.3211
-18.3213
-18.3217
-18.3222
-18.3228
-18.3233
-18.3239
-18.3243
-18.3248
-18.3251
-18.3255
-18.3257
-18.3259
-18.326
-18.3261
-18.3261
-18.3259
-18.3258
-18.3257
-18.3255
-18.3252
-18.3244
-18.3247
-18.3243
-18.3245
-18.3246
-18.3245
-18.3243
-18.3242
-18.3241
-18.324
-18.3239
-18.3237
-18.3236
-18.3235
-18.3235
-18.3236
-18.324
-18.3247
-18.3258
-18.3276
-18.3303
-18.3345
-18.3403
-18.3499
-18.3693
-18.3955
-18.4018
-18.3901
-18.3716
-18.366
-18.3664
-18.3701
-18.3682
-18.3838
-18.419
-18.4428
-18.4342
-18.3942
-18.3514
-18.3066
-18.2822
-18.2793
-18.792
-18.8171
-18.853
-18.8535
-18.8554
-18.8641
-18.8931
-18.9211
-18.9214
-18.8942
-18.861
-18.8399
-18.8277
-18.8216
-18.818
-18.8163
-18.8157
-18.8157
-18.816
-18.8165
-18.8169
-18.8173
-18.8177
-18.8181
-18.8184
-18.8187
-18.819
-18.8192
-18.8193
-18.8194
-18.8195
-18.8195
-18.8194
-18.8193
-18.8192
-18.8191
-18.8188
-18.8186
-18.818
-18.8183
-18.8181
-18.8183
-18.8184
-18.8184
-18.8183
-18.8183
-18.8183
-18.8183
-18.8184
-18.8184
-18.8185
-18.8188
-18.8191
-18.8196
-18.8205
-18.8217
-18.8234
-18.8258
-18.8291
-18.8339
-18.8402
-18.8498
-18.868
-18.8907
-18.8848
-18.8765
-18.8744
-18.8773
-18.8787
-18.8765
-18.8882
-18.9229
-18.973
-19.0063
-19.0129
-18.9719
-18.9087
-18.8374
-18.7943
-18.7871
-19.2854
-19.3259
-19.3533
-19.334
-19.3184
-19.327
-19.3556
-19.3785
-19.3827
-19.3655
-19.3399
-19.3231
-19.3141
-19.3102
-19.309
-19.309
-19.3095
-19.3102
-19.3108
-19.3113
-19.3117
-19.312
-19.3122
-19.3124
-19.3126
-19.3127
-19.3128
-19.3129
-19.313
-19.313
-19.313
-19.3129
-19.3128
-19.3127
-19.3126
-19.3125
-19.3122
-19.3121
-19.3118
-19.3118
-19.3118
-19.3121
-19.3122
-19.3123
-19.3123
-19.3124
-19.3125
-19.3127
-19.3129
-19.3131
-19.3135
-19.314
-19.3147
-19.3156
-19.3168
-19.3184
-19.3206
-19.3234
-19.3272
-19.3321
-19.3383
-19.3471
-19.3613
-19.3778
-19.3727
-19.3712
-19.3804
-19.3869
-19.3814
-19.3646
-19.3871
-19.4544
-19.5102
-19.5507
-19.5606
-19.5211
-19.4407
-19.3491
-19.2917
-19.2811
-19.8059
-19.8469
-19.8514
-19.8187
-19.7883
-19.7961
-19.8202
-19.8365
-19.8399
-19.829
-19.8132
-19.8023
-19.7981
-19.7976
-19.7992
-19.8014
-19.8033
-19.8047
-19.8057
-19.8063
-19.8066
-19.8068
-19.8069
-19.8069
-19.8069
-19.8068
-19.8068
-19.8067
-19.8067
-19.8066
-19.8065
-19.8064
-19.8062
-19.8061
-19.806
-19.8059
-19.8056
-19.8056
-19.8054
-19.8054
-19.8055
-19.8058
-19.806
-19.8061
-19.8062
-19.8064
-19.8066
-19.8069
-19.8073
-19.8078
-19.8084
-19.8091
-19.8101
-19.8113
-19.8129
-19.8149
-19.8175
-19.8206
-19.8246
-19.8295
-19.8353
-19.843
-19.8542
-19.857
-19.8658
-19.8754
-19.8848
-19.8898
-19.873
-19.8514
-19.8911
-19.9716
-20.0116
-20.0423
-20.0565
-20.026
-19.9379
-19.8452
-19.7886
-19.7853
-20.345
-20.3666
-20.3615
-20.3309
-20.28
-20.2759
-20.2915
-20.3038
-20.3054
-20.2966
-20.2859
-20.2791
-20.2806
-20.2846
-20.2893
-20.2942
-20.2976
-20.2997
-20.3009
-20.3015
-20.3017
-20.3017
-20.3016
-20.3014
-20.3012
-20.301
-20.3008
-20.3006
-20.3004
-20.3002
-20.3
-20.2999
-20.2997
-20.2995
-20.2994
-20.2993
-20.2991
-20.299
-20.299
-20.2989
-20.2992
-20.2995
-20.2997
-20.2999
-20.3001
-20.3004
-20.3007
-20.3012
-20.3017
-20.3023
-20.3031
-20.3041
-20.3054
-20.3069
-20.3088
-20.3111
-20.314
-20.3174
-20.3216
-20.3265
-20.3319
-20.3377
-20.3513
-20.3417
-20.3531
-20.3703
-20.3846
-20.3912
-20.3746
-20.3679
-20.4196
-20.4685
-20.4802
-20.4795
-20.4891
-20.4739
-20.4016
-20.3301
-20.2889
-20.2989
-20.8951
-20.896
-20.8854
-20.8621
-20.8143
-20.7769
-20.7707
-20.7823
-20.789
-20.7811
-20.7693
-20.7647
-20.7641
-20.7696
-20.7801
-20.7883
-20.7931
-20.7956
-20.7968
-20.7971
-20.7971
-20.7968
-20.7964
-20.796
-20.7955
-20.7951
-20.7948
-20.7944
-20.7941
-20.7938
-20.7936
-20.7933
-20.7931
-20.7929
-20.7928
-20.7926
-20.7925
-20.7924
-20.7925
-20.7924
-20.7927
-20.7931
-20.7934
-20.7936
-20.7939
-20.7943
-20.7947
-20.7953
-20.796
-20.7968
-20.7978
-20.799
-20.8005
-20.8023
-20.8044
-20.807
-20.8102
-20.8139
-20.8182
-20.8232
-20.829
-20.8328
-20.8469
-20.844
-20.8474
-20.8624
-20.8852
-20.8976
-20.8999
-20.9183
-20.9506
-20.9657
-20.9652
-20.9395
-20.9032
-20.8699
-20.8317
-20.8
-20.7859
-20.7962
-21.4489
-21.4365
-21.4237
-21.406
-21.3727
-21.3187
-21.2728
-21.2702
-21.2948
-21.3033
-21.2895
-21.2723
-21.2628
-21.2648
-21.2732
-21.2852
-21.2909
-21.2929
-21.2934
-21.2932
-21.2927
-21.292
-21.2913
-21.2906
-21.2899
-21.2893
-21.2887
-21.2883
-21.2878
-21.2874
-21.2871
-21.2868
-21.2865
-21.2863
-21.2861
-21.286
-21.2859
-21.2858
-21.2859
-21.2859
-21.2863
-21.2866
-21.287
-21.2873
-21.2877
-21.2881
-21.2887
-21.2893
-21.2901
-21.2911
-21.2923
-21.2937
-21.2953
-21.2974
-21.2998
-21.3026
-21.306
-21.31
-21.3146
-21.3197
-21.3266
-21.3295
-21.3414
-21.3467
-21.3508
-21.3654
-21.391
-21.4064
-21.4292
-21.4666
-21.4792
-21.4749
-21.4722
-21.457
-21.4065
-21.3435
-21.305
-21.2925
-21.3144
-21.3402
-21.9682
-21.9515
-21.9435
-21.9322
-21.9164
-21.8801
-21.8269
-21.7817
-21.8062
-21.8435
-21.8525
-21.8324
-21.7987
-21.7768
-21.776
-21.79
-21.793
-21.7918
-21.7909
-21.7898
-21.7886
-21.7874
-21.7862
-21.7852
-21.7843
-21.7834
-21.7827
-21.782
-21.7815
-21.781
-21.7806
-21.7802
-21.7799
-21.7796
-21.7794
-21.7793
-21.7792
-21.7791
-21.7792
-21.7793
-21.7798
-21.7801
-21.7805
-21.7809
-21.7813
-21.7818
-21.7825
-21.7832
-21.7841
-21.7852
-21.7866
-21.7881
-21.79
-21.7922
-21.7948
-21.7979
-21.8016
-21.8058
-21.8107
-21.8162
-21.823
-21.8286
-21.8374
-21.8441
-21.8507
-21.8717
-21.8955
-21.9114
-21.9404
-21.979
-21.997
-21.9952
-21.9913
-21.9875
-21.9749
-21.9281
-21.8861
-21.8794
-21.8925
-21.9068
-22.4513
-22.4342
-22.431
-22.4238
-22.417
-22.4058
-22.3802
-22.3417
-22.3436
-22.3714
-22.4004
-22.3997
-22.3619
-22.3171
-22.2957
-22.2975
-22.2997
-22.2917
-22.2889
-22.2866
-22.2845
-22.2827
-22.2811
-22.2797
-22.2785
-22.2775
-22.2766
-22.2758
-22.2751
-22.2745
-22.274
-22.2735
-22.2732
-22.2729
-22.2727
-22.2725
-22.2725
-22.2724
-22.2725
-22.2727
-22.2731
-22.2735
-22.2739
-22.2744
-22.2748
-22.2754
-22.2762
-22.277
-22.278
-22.2792
-22.2807
-22.2824
-22.2844
-22.2868
-22.2896
-22.2929
-22.2968
-22.3013
-22.3065
-22.3124
-22.3196
-22.3271
-22.3362
-22.3435
-22.3488
-22.3709
-22.3942
-22.409
-22.4338
-22.4657
-22.4876
-22.4996
-22.4985
-22.4916
-22.4771
-22.4531
-22.4294
-22.4164
-22.413
-22.4231
-22.9257
-22.9196
-22.9158
-22.9107
-22.902
-22.8977
-22.8929
-22.8922
-22.8836
-22.8924
-22.9069
-22.9106
-22.8919
-22.8458
-22.815
-22.808
-22.8076
-22.7906
-22.7871
-22.7833
-22.7803
-22.7779
-22.7759
-22.7742
-22.7727
-22.7714
-22.7704
-22.7694
-22.7686
-22.7679
-22.7673
-22.7668
-22.7664
-22.7661
-22.7658
-22.7657
-22.7656
-22.7655
-22.7657
-22.7659
-22.7664
-22.7668
-22.7673
-22.7677
-22.7683
-22.7689
-22.7697
-22.7706
-22.7717
-22.773
-22.7746
-22.7764
-22.7785
-22.7811
-22.784
-22.7875
-22.7915
-22.7963
-22.8019
-22.8083
-22.816
-22.8251
-22.8364
-22.8457
-22.8498
-22.8683
-22.8916
-22.9081
-22.9277
-22.9513
-22.9705
-22.981
-22.9827
-22.9716
-22.9486
-22.9257
-22.909
-22.8992
-22.8964
-22.9024
-23.4093
-23.4053
-23.4024
-23.3994
-23.3959
-23.3917
-23.3929
-23.4014
-23.4017
-23.3969
-23.3971
-23.3956
-23.3825
-23.3496
-23.3216
-23.3133
-23.302
-23.2889
-23.2838
-23.2791
-23.2755
-23.2727
-23.2704
-23.2684
-23.2667
-23.2653
-23.264
-23.2629
-23.262
-23.2612
-23.2606
-23.26
-23.2595
-23.2592
-23.2589
-23.2587
-23.2586
-23.2585
-23.2587
-23.259
-23.2595
-23.26
-23.2604
-23.261
-23.2616
-23.2623
-23.2631
-23.2641
-23.2652
-23.2666
-23.2682
-23.2702
-23.2724
-23.275
-23.2781
-23.2817
-23.2859
-23.2909
-23.2967
-23.3036
-23.312
-23.3224
-23.3363
-23.3505
-23.3552
-23.3687
-23.389
-23.4114
-23.4322
-23.4493
-23.4616
-23.4696
-23.4696
-23.4553
-23.4324
-23.4096
-23.3934
-23.3848
-23.3824
-23.3849
-23.8926
-23.8918
-23.8913
-23.891
-23.8917
-23.895
-23.9006
-23.9045
-23.9075
-23.9041
-23.8929
-23.8777
-23.8613
-23.8375
-23.8093
-23.8008
-23.7926
-23.7842
-23.7788
-23.774
-23.7702
-23.7672
-23.7646
-23.7624
-23.7605
-23.7589
-23.7575
-23.7563
-23.7553
-23.7544
-23.7537
-23.7531
-23.7526
-23.7522
-23.7518
-23.7516
-23.7515
-23.7514
-23.7517
-23.752
-23.7526
-23.753
-23.7535
-23.7541
-23.7547
-23.7555
-23.7564
-23.7574
-23.7586
-23.76
-23.7617
-23.7637
-23.766
-23.7687
-23.7718
-23.7755
-23.7798
-23.7849
-23.7909
-23.7981
-23.8069
-23.8182
-23.834
-23.8526
-23.8632
-23.8723
-23.8856
-23.9072
-23.9299
-23.9486
-23.9607
-23.966
-23.9607
-23.9437
-23.9208
-23.8988
-23.8832
-23.8747
-23.8707
-23.8701
-24.3773
-24.3795
-24.381
-24.384
-24.3898
-24.3998
-24.4126
-24.4219
-24.4234
-24.4162
-24.3987
-24.3721
-24.3428
-24.3172
-24.2949
-24.2875
-24.2831
-24.2775
-24.2726
-24.2682
-24.2643
-24.2611
-24.2584
-24.256
-24.254
-24.2523
-24.2508
-24.2496
-24.2485
-24.2475
-24.2467
-24.2461
-24.2455
-24.2451
-24.2447
-24.2445
-24.2443
-24.2442
-24.2445
-24.2449
-24.2455
-24.246
-24.2465
-24.2471
-24.2478
-24.2486
-24.2495
-24.2505
-24.2518
-24.2532
-24.2549
-24.2569
-24.2593
-24.262
-24.2652
-24.2689
-24.2732
-24.2783
-24.2844
-24.2916
-24.3006
-24.3121
-24.3283
-24.3497
-24.3664
-24.3759
-24.3844
-24.3976
-24.4169
-24.4363
-24.4499
-24.4538
-24.4461
-24.4287
-24.407
-24.3861
-24.371
-24.3627
-24.3586
-24.3555
-24.8634
-24.8678
-24.8702
-24.8762
-24.8871
-24.9044
-24.9253
-24.9418
-24.9438
-24.9308
-24.9066
-24.8743
-24.8358
-24.8049
-24.7851
-24.7795
-24.7754
-24.7704
-24.7659
-24.7617
-24.7579
-24.7547
-24.7518
-24.7494
-24.7473
-24.7455
-24.744
-24.7426
-24.7415
-24.7405
-24.7396
-24.7389
-24.7384
-24.7379
-24.7375
-24.7372
-24.737
-24.7369
-24.7372
-24.7377
-24.7384
-24.7389
-24.7395
-24.7401
-24.7407
-24.7415
-24.7424
-24.7435
-24.7448
-24.7462
-24.748
-24.75
-24.7523
-24.755
-24.7582
-24.7619
-24.7661
-24.7711
-24.7771
-24.7842
-24.7929
-24.8038
-24.8186
-24.8392
-24.8595
-24.8738
-24.8829
-24.8909
-24.9016
-24.9141
-24.9244
-24.9272
-24.9205
-24.906
-24.8881
-24.8705
-24.8574
-24.8497
-24.8468
-24.8424
-25.3499
-25.3549
-25.3575
-25.3654
-25.3796
-25.4024
-25.4307
-25.4545
-25.4593
-25.4422
-25.4126
-25.377
-25.3351
-25.3002
-25.2808
-25.2746
-25.269
-25.2637
-25.2591
-25.2549
-25.2511
-25.2478
-25.245
-25.2425
-25.2404
-25.2385
-25.2369
-25.2355
-25.2343
-25.2333
-25.2324
-25.2317
-25.2311
-25.2306
-25.2302
-25.2299
-25.2297
-25.2296
-25.2298
-25.2304
-25.2312
-25.2318
-25.2324
-25.233
-25.2336
-25.2344
-25.2353
-25.2363
-25.2376
-25.239
-25.2408
-25.2427
-25.2451
-25.2477
-25.2508
-25.2544
-25.2586
-25.2634
-25.269
-25.2757
-25.2838
-25.2937
-25.3062
-25.3234
-25.3434
-25.3612
-25.374
-25.3816
-25.3859
-25.3911
-25.3954
-25.3955
-25.3902
-25.3793
-25.3656
-25.3522
-25.3419
-25.3357
-25.3337
-25.33
-25.8357
-25.8394
-25.8425
-25.8505
-25.8655
-25.8898
-25.9216
-25.9504
-25.9598
-25.9415
-25.9093
-25.8735
-25.8312
-25.7953
-25.7782
-25.7699
-25.7629
-25.757
-25.752
-25.7477
-25.7439
-25.7406
-25.7378
-25.7353
-25.7331
-25.7313
-25.7296
-25.7282
-25.727
-25.726
-25.7251
-25.7243
-25.7237
-25.7232
-25.7228
-25.7225
-25.7223
-25.7222
-25.7223
-25.723
-25.724
-25.7247
-25.7254
-25.726
-25.7265
-25.7272
-25.728
-25.729
-25.7302
-25.7317
-25.7333
-25.7353
-25.7376
-25.7402
-25.7432
-25.7466
-25.7505
-25.7551
-25.7604
-25.7665
-25.7738
-25.7824
-25.7927
-25.8058
-25.8218
-25.839
-25.8537
-25.8636
-25.8692
-25.8715
-25.8712
-25.8685
-25.8625
-25.8538
-25.8435
-25.8334
-25.8257
-25.821
-25.8192
-25.8172
-26.3199
-26.3219
-26.3251
-26.3319
-26.3448
-26.3664
-26.3963
-26.4255
-26.437
-26.423
-26.3923
-26.3567
-26.3189
-26.2885
-26.2738
-26.264
-26.256
-26.2496
-26.2444
-26.2401
-26.2363
-26.2331
-26.2302
-26.2278
-26.2257
-26.2238
-26.2222
-26.2208
-26.2195
-26.2185
-26.2176
-26.2169
-26.2162
-26.2157
-26.2153
-26.215
-26.2148
-26.2148
-26.215
-26.2157
-26.2168
-26.2178
-26.2186
-26.2191
-26.2194
-26.2199
-26.2206
-26.2216
-26.2227
-26.2241
-26.2257
-26.2276
-26.2298
-26.2323
-26.2352
-26.2384
-26.2421
-26.2463
-26.2512
-26.2567
-26.2631
-26.2705
-26.279
-26.2888
-26.3003
-26.313
-26.3257
-26.3362
-26.343
-26.3465
-26.3471
-26.3443
-26.3378
-26.3302
-26.3222
-26.3147
-26.3092
-26.3059
-26.3044
-26.3034
-26.8024
-26.8037
-26.8061
-26.8111
-26.8203
-26.8361
-26.8587
-26.8823
-26.8936
-26.8848
-26.8609
-26.8302
-26.8004
-26.7789
-26.7659
-26.7558
-26.7476
-26.7413
-26.7362
-26.732
-26.7283
-26.7252
-26.7224
-26.72
-26.7179
-26.7161
-26.7145
-26.7131
-26.7119
-26.7109
-26.71
-26.7093
-26.7087
-26.7082
-26.7078
-26.7075
-26.7074
-26.7075
-26.7077
-26.7085
-26.7097
-26.7109
-26.712
-26.7124
-26.7124
-26.7126
-26.7131
-26.714
-26.7151
-26.7164
-26.718
-26.7198
-26.7219
-26.7242
-26.7269
-26.73
-26.7334
-26.7373
-26.7416
-26.7466
-26.7521
-26.7584
-26.7654
-26.7731
-26.7815
-26.7901
-26.7987
-26.8065
-26.8131
-26.817
-26.8182
-26.8166
-26.8125
-26.807
-26.8013
-26.7963
-26.7927
-26.7906
-26.7895
-26.789
-27.2843
-27.2851
-27.2868
-27.2899
-27.2956
-27.3051
-27.3189
-27.3338
-27.3416
-27.3363
-27.321
-27.3003
-27.2803
-27.2656
-27.2543
-27.2451
-27.2378
-27.2321
-27.2274
-27.2234
-27.2199
-27.2169
-27.2143
-27.212
-27.21
-27.2082
-27.2067
-27.2053
-27.2042
-27.2032
-27.2023
-27.2016
-27.201
-27.2005
-27.2002
-27.2
-27.2
-27.2003
-27.2008
-27.2015
-27.2025
-27.204
-27.2053
-27.2058
-27.2053
-27.2051
-27.2054
-27.2062
-27.2072
-27.2085
-27.21
-27.2117
-27.2137
-27.2159
-27.2184
-27.2213
-27.2244
-27.2279
-27.2319
-27.2362
-27.241
-27.2463
-27.2521
-27.2583
-27.2648
-27.2713
-27.2775
-27.2831
-27.2874
-27.2902
-27.2915
-27.2908
-27.2885
-27.2853
-27.2819
-27.279
-27.2769
-27.2756
-27.2748
-27.2745
-27.7665
-27.767
-27.768
-27.7698
-27.7729
-27.7778
-27.7848
-27.7921
-27.7958
-27.7928
-27.7837
-27.7716
-27.7594
-27.7491
-27.7404
-27.7331
-27.7272
-27.7222
-27.718
-27.7144
-27.7112
-27.7084
-27.7059
-27.7038
-27.7019
-27.7002
-27.6987
-27.6974
-27.6962
-27.6953
-27.6944
-27.6938
-27.6932
-27.6928
-27.6925
-27.6925
-27.6927
-27.6933
-27.6941
-27.6946
-27.6951
-27.6963
-27.6979
-27.6985
-27.6978
-27.6974
-27.6976
-27.6982
-27.6992
-27.7004
-27.7018
-27.7035
-27.7053
-27.7074
-27.7097
-27.7123
-27.7152
-27.7184
-27.7219
-27.7257
-27.7299
-27.7344
-27.7392
-27.7442
-27.7494
-27.7545
-27.7592
-27.7634
-27.7668
-27.769
-27.7699
-27.7697
-27.7685
-27.7667
-27.7648
-27.7631
-27.7618
-27.761
-27.7604
-27.7602
-28.2493
-28.2496
-28.2501
-28.2511
-28.2526
-28.255
-28.258
-28.2608
-28.2615
-28.259
-28.2535
-28.2465
-28.2392
-28.2323
-28.2262
-28.2208
-28.2161
-28.2119
-28.2083
-28.205
-28.2022
-28.1996
-28.1973
-28.1953
-28.1935
-28.1919
-28.1905
-28.1893
-28.1882
-28.1873
-28.1865
-28.1858
-28.1853
-28.1849
-28.1847
-28.1848
-28.1851
-28.1861
-28.1871
-28.1873
-28.187
-28.1877
-28.1892
-28.1899
-28.1895
-28.1891
-28.1893
-28.19
-28.191
-28.1921
-28.1935
-28.195
-28.1968
-28.1987
-28.2009
-28.2033
-28.2059
-28.2088
-28.2119
-28.2152
-28.2188
-28.2227
-28.2267
-28.2308
-28.2349
-28.239
-28.2427
-28.246
-28.2487
-28.2505
-28.2515
-28.2517
-28.2512
-28.2503
-28.2492
-28.2481
-28.2473
-28.2468
-28.2464
-28.2462
-28.733
-28.7331
-28.7334
-28.7338
-28.7345
-28.7355
-28.7366
-28.7374
-28.7369
-28.7348
-28.7312
-28.7266
-28.7219
-28.7172
-28.7128
-28.7087
-28.7049
-28.7015
-28.6983
-28.6955
-28.6929
-28.6906
-28.6886
-28.6867
-28.685
-28.6835
-28.6822
-28.681
-28.68
-28.6791
-28.6784
-28.6777
-28.6773
-28.6769
-28.6767
-28.6767
-28.6771
-28.6781
-28.6792
-28.679
-28.6781
-28.6781
-28.6793
-28.6803
-28.6804
-28.6804
-28.6808
-28.6816
-28.6826
-28.6837
-28.685
-28.6865
-28.6881
-28.6899
-28.6919
-28.6941
-28.6964
-28.699
-28.7018
-28.7047
-28.7078
-28.7111
-28.7145
-28.7179
-28.7213
-28.7246
-28.7276
-28.7302
-28.7324
-28.734
-28.735
-28.7354
-28.7353
-28.7349
-28.7344
-28.7338
-28.7333
-28.733
-28.7328
-28.7326
-29.2176
-29.2177
-29.2178
-29.2179
-29.2181
-29.2184
-29.2186
-29.2185
-29.2177
-29.2159
-29.2134
-29.2104
-29.207
-29.2036
-29.2002
-29.1969
-29.1938
-29.191
-29.1883
-29.1858
-29.1836
-29.1815
-29.1796
-29.1779
-29.1764
-29.175
-29.1738
-29.1727
-29.1717
-29.1709
-29.1701
-29.1695
-29.1691
-29.1687
-29.1685
-29.1684
-29.1686
-29.1692
-29.1698
-29.1694
-29.1683
-29.1681
-29.1691
-29.1702
-29.1709
-29.1714
-29.1721
-29.173
-29.174
-29.1751
-29.1763
-29.1777
-29.1793
-29.1809
-29.1828
-29.1847
-29.1869
-29.1892
-29.1916
-29.1942
-29.1969
-29.1997
-29.2026
-29.2055
-29.2083
-29.211
-29.2135
-29.2157
-29.2175
-29.2189
-29.2199
-29.2204
-29.2206
-29.2205
-29.2203
-29.22
-29.2198
-29.2197
-29.2195
-29.2194
-29.7032
-29.7032
-29.7032
-29.7031
-29.703
-29.7029
-29.7027
-29.7023
-29.7014
-29.6999
-29.698
-29.6958
-29.6933
-29.6907
-29.6881
-29.6854
-29.6829
-29.6805
-29.6782
-29.6761
-29.6741
-29.6723
-29.6706
-29.669
-29.6676
-29.6664
-29.6652
-29.6642
-29.6633
-29.6625
-29.6618
-29.6612
-29.6607
-29.6604
-29.6601
-29.6599
-29.6599
-29.66
-29.66
-29.6594
-29.6585
-29.6584
-29.6593
-29.6606
-29.6615
-29.6624
-29.6633
-29.6642
-29.6653
-29.6664
-29.6676
-29.6689
-29.6703
-29.6718
-29.6735
-29.6753
-29.6773
-29.6793
-29.6815
-29.6838
-29.6861
-29.6886
-29.691
-29.6935
-29.6958
-29.6981
-29.7002
-29.7021
-29.7036
-29.7049
-29.7058
-29.7064
-29.7068
-29.7069
-29.7069
-29.7068
-29.7068
-29.7067
-29.7066
-29.7066
-30.1896
-30.1896
-30.1895
-30.1893
-30.1891
-30.1888
-30.1884
-30.1878
-30.1869
-30.1857
-30.1842
-30.1824
-30.1805
-30.1785
-30.1764
-30.1742
-30.1721
-30.1701
-30.1682
-30.1663
-30.1646
-30.163
-30.1614
-30.16
-30.1588
-30.1576
-30.1565
-30.1556
-30.1548
-30.154
-30.1534
-30.1528
-30.1523
-30.152
-30.1516
-30.1514
-30.1512
-30.151
-30.1506
-30.15
-30.1494
-30.1495
-30.1504
-30.1515
-30.1526
-30.1536
-30.1545
-30.1555
-30.1565
-30.1575
-30.1587
-30.1599
-30.1612
-30.1627
-30.1642
-30.1659
-30.1676
-30.1694
-30.1714
-30.1734
-30.1754
-30.1775
-30.1797
-30.1818
-30.1838
-30.1857
-30.1875
-30.1891
-30.1905
-30.1916
-30.1925
-30.1932
-30.1936
-30.1938
-30.194
-30.1941
-30.1941
-30.1941
-30.1941
-30.1941
-30.6766
-30.6766
-30.6765
-30.6762
-30.6759
-30.6756
-30.6751
-30.6745
-30.6737
-30.6726
-30.6714
-30.67
-30.6684
-30.6668
-30.665
-30.6633
-30.6615
-30.6598
-30.6581
-30.6565
-30.655
-30.6536
-30.6522
-30.651
-30.6498
-30.6488
-30.6478
-30.6469
-30.6461
-30.6454
-30.6448
-30.6443
-30.6438
-30.6435
-30.6431
-30.6428
-30.6426
-30.6423
-30.6419
-30.6414
-30.6411
-30.6413
-30.642
-30.6429
-30.6439
-30.6448
-30.6457
-30.6467
-30.6476
-30.6486
-30.6497
-30.6509
-30.6521
-30.6534
-30.6548
-30.6563
-30.6579
-30.6595
-30.6613
-30.663
-30.6648
-30.6667
-30.6685
-30.6703
-30.6721
-30.6738
-30.6753
-30.6767
-30.6779
-30.679
-30.6798
-30.6805
-30.6809
-30.6813
-30.6815
-30.6817
-30.6818
-30.6819
-30.6819
-30.6819
-31.1642
-31.1642
-31.1641
-31.1638
-31.1635
-31.1631
-31.1626
-31.162
-31.1613
-31.1604
-31.1593
-31.1581
-31.1568
-31.1555
-31.154
-31.1526
-31.1511
-31.1496
-31.1482
-31.1468
-31.1455
-31.1442
-31.143
-31.1419
-31.1408
-31.1399
-31.139
-31.1382
-31.1375
-31.1368
-31.1362
-31.1357
-31.1353
-31.1349
-31.1346
-31.1343
-31.134
-31.1337
-31.1334
-31.1332
-31.1329
-31.1332
-31.1337
-31.1344
-31.1352
-31.1361
-31.1369
-31.1378
-31.1387
-31.1397
-31.1407
-31.1418
-31.1429
-31.1442
-31.1454
-31.1468
-31.1482
-31.1497
-31.1512
-31.1528
-31.1544
-31.156
-31.1576
-31.1592
-31.1607
-31.1621
-31.1635
-31.1647
-31.1658
-31.1668
-31.1676
-31.1682
-31.1687
-31.1691
-31.1694
-31.1696
-31.1698
-31.1699
-31.1699
-31.1699
-31.6523
-31.6523
-31.6521
-31.6519
-31.6516
-31.6512
-31.6507
-31.6501
-31.6494
-31.6486
-31.6477
-31.6467
-31.6456
-31.6445
-31.6433
-31.642
-31.6408
-31.6395
-31.6383
-31.6371
-31.6359
-31.6348
-31.6337
-31.6327
-31.6318
-31.6309
-31.6301
-31.6294
-31.6287
-31.6281
-31.6276
-31.6271
-31.6267
-31.6263
-31.626
-31.6257
-31.6254
-31.6252
-31.625
-31.6248
-31.6247
-31.6249
-31.6254
-31.626
-31.6266
-31.6274
-31.6282
-31.629
-31.6298
-31.6307
-31.6317
-31.6327
-31.6337
-31.6348
-31.636
-31.6372
-31.6385
-31.6398
-31.6412
-31.6426
-31.644
-31.6454
-31.6468
-31.6482
-31.6495
-31.6508
-31.652
-31.6531
-31.6541
-31.655
-31.6557
-31.6563
-31.6568
-31.6572
-31.6576
-31.6578
-31.658
-31.6582
-31.6582
-31.6582
-32.1408
-32.1408
-32.1406
-32.1404
-32.1401
-32.1397
-32.1392
-32.1387
-32.1381
-32.1374
-32.1366
-32.1357
-32.1347
-32.1337
-32.1327
-32.1317
-32.1306
-32.1295
-32.1284
-32.1274
-32.1263
-32.1254
-32.1244
-32.1235
-32.1227
-32.1219
-32.1212
-32.1205
-32.1199
-32.1194
-32.1189
-32.1184
-32.118
-32.1177
-32.1174
-32.1171
-32.1169
-32.1167
-32.1165
-32.1164
-32.1164
-32.1166
-32.117
-32.1175
-32.118
-32.1187
-32.1194
-32.1201
-32.1209
-32.1217
-32.1226
-32.1235
-32.1245
-32.1255
-32.1266
-32.1277
-32.1288
-32.13
-32.1312
-32.1324
-32.1337
-32.1349
-32.1362
-32.1374
-32.1386
-32.1397
-32.1408
-32.1418
-32.1426
-32.1434
-32.1441
-32.1447
-32.1452
-32.1457
-32.146
-32.1463
-32.1465
-32.1467
-32.1467
-32.1467
-32.6296
-32.6295
-32.6294
-32.6292
-32.6289
-32.6285
-32.6281
-32.6276
-32.627
-32.6264
-32.6257
-32.6249
-32.6241
-32.6232
-32.6223
-32.6214
-32.6205
-32.6196
-32.6186
-32.6177
-32.6168
-32.616
-32.6151
-32.6143
-32.6136
-32.6129
-32.6122
-32.6116
-32.6111
-32.6106
-32.6101
-32.6097
-32.6094
-32.609
-32.6087
-32.6085
-32.6083
-32.6081
-32.608
-32.608
-32.608
-32.6082
-32.6085
-32.6089
-32.6094
-32.61
-32.6106
-32.6113
-32.612
-32.6127
-32.6135
-32.6144
-32.6152
-32.6161
-32.6171
-32.6181
-32.6191
-32.6202
-32.6212
-32.6223
-32.6235
-32.6246
-32.6257
-32.6267
-32.6278
-32.6288
-32.6297
-32.6306
-32.6314
-32.6322
-32.6328
-32.6334
-32.6339
-32.6343
-32.6347
-32.6349
-32.6352
-32.6353
-32.6354
-32.6354
-33.1186
-33.1186
-33.1184
-33.1182
-33.118
-33.1176
-33.1172
-33.1168
-33.1162
-33.1157
-33.115
-33.1144
-33.1136
-33.1129
-33.1121
-33.1113
-33.1105
-33.1097
-33.1089
-33.1081
-33.1073
-33.1065
-33.1058
-33.1051
-33.1045
-33.1038
-33.1033
-33.1027
-33.1022
-33.1018
-33.1013
-33.101
-33.1006
-33.1003
-33.1001
-33.0999
-33.0997
-33.0996
-33.0995
-33.0995
-33.0995
-33.0997
-33.0999
-33.1003
-33.1007
-33.1012
-33.1018
-33.1024
-33.103
-33.1037
-33.1044
-33.1052
-33.106
-33.1068
-33.1076
-33.1085
-33.1094
-33.1104
-33.1113
-33.1123
-33.1133
-33.1143
-33.1153
-33.1162
-33.1171
-33.118
-33.1189
-33.1197
-33.1204
-33.1211
-33.1217
-33.1223
-33.1227
-33.1231
-33.1235
-33.1238
-33.124
-33.1242
-33.1242
-33.1243
-33.6078
-33.6078
-33.6077
-33.6075
-33.6072
-33.6069
-33.6065
-33.6061
-33.6057
-33.6051
-33.6046
-33.604
-33.6033
-33.6027
-33.602
-33.6013
-33.6006
-33.5999
-33.5992
-33.5985
-33.5978
-33.5971
-33.5965
-33.5959
-33.5953
-33.5948
-33.5942
-33.5938
-33.5933
-33.5929
-33.5925
-33.5922
-33.5919
-33.5916
-33.5914
-33.5912
-33.5911
-33.591
-33.5909
-33.5909
-33.591
-33.5911
-33.5913
-33.5916
-33.592
-33.5925
-33.5929
-33.5935
-33.594
-33.5946
-33.5953
-33.596
-33.5967
-33.5974
-33.5982
-33.599
-33.5998
-33.6006
-33.6015
-33.6023
-33.6032
-33.6041
-33.6049
-33.6058
-33.6066
-33.6074
-33.6082
-33.6089
-33.6096
-33.6102
-33.6108
-33.6113
-33.6117
-33.6121
-33.6125
-33.6127
-33.613
-33.6131
-33.6132
-33.6132
-34.0973
-34.0972
-34.0971
-34.0969
-34.0967
-34.0964
-34.096
-34.0957
-34.0952
-34.0948
-34.0943
-34.0937
-34.0932
-34.0926
-34.092
-34.0914
-34.0908
-34.0901
-34.0895
-34.0889
-34.0883
-34.0878
-34.0872
-34.0867
-34.0861
-34.0857
-34.0852
-34.0848
-34.0844
-34.084
-34.0837
-34.0834
-34.0831
-34.0829
-34.0827
-34.0825
-34.0824
-34.0823
-34.0823
-34.0823
-34.0824
-34.0825
-34.0827
-34.0829
-34.0833
-34.0836
-34.0841
-34.0845
-34.085
-34.0856
-34.0862
-34.0868
-34.0874
-34.088
-34.0887
-34.0894
-34.0902
-34.0909
-34.0917
-34.0924
-34.0932
-34.094
-34.0947
-34.0955
-34.0962
-34.0969
-34.0976
-34.0983
-34.0989
-34.0994
-34.1
-34.1005
-34.1009
-34.1012
-34.1016
-34.1018
-34.1021
-34.1022
-34.1023
-34.1023
-34.5868
-34.5868
-34.5867
-34.5865
-34.5863
-34.586
-34.5857
-34.5853
-34.5849
-34.5845
-34.5841
-34.5836
-34.5831
-34.5826
-34.582
-34.5815
-34.581
-34.5805
-34.5799
-34.5794
-34.5789
-34.5784
-34.5779
-34.5774
-34.577
-34.5766
-34.5762
-34.5758
-34.5754
-34.5751
-34.5748
-34.5746
-34.5743
-34.5741
-34.5739
-34.5738
-34.5737
-34.5736
-34.5736
-34.5736
-34.5737
-34.5738
-34.574
-34.5742
-34.5745
-34.5748
-34.5752
-34.5756
-34.576
-34.5765
-34.577
-34.5775
-34.5781
-34.5787
-34.5793
-34.5799
-34.5805
-34.5812
-34.5819
-34.5825
-34.5832
-34.5839
-34.5846
-34.5852
-34.5859
-34.5865
-34.5871
-34.5877
-34.5883
-34.5888
-34.5893
-34.5897
-34.5901
-34.5905
-34.5908
-34.591
-34.5912
-34.5914
-34.5915
-34.5915
-35.0765
-35.0764
-35.0763
-35.0762
-35.076
-35.0757
-35.0754
-35.0751
-35.0747
-35.0744
-35.074
-35.0735
-35.0731
-35.0726
-35.0722
-35.0717
-35.0713
-35.0708
-35.0703
-35.0699
-35.0695
-35.069
-35.0686
-35.0682
-35.0678
-35.0674
-35.0671
-35.0668
-35.0665
-35.0662
-35.0659
-35.0657
-35.0655
-35.0653
-35.0652
-35.0651
-35.065
-35.0649
-35.0649
-35.0649
-35.065
-35.0651
-35.0652
-35.0654
-35.0657
-35.066
-35.0663
-35.0666
-35.067
-35.0674
-35.0679
-35.0683
-35.0688
-35.0693
-35.0698
-35.0704
-35.0709
-35.0715
-35.0721
-35.0727
-35.0733
-35.0739
-35.0745
-35.075
-35.0756
-35.0762
-35.0767
-35.0773
-35.0778
-35.0782
-35.0787
-35.0791
-35.0795
-35.0798
-35.0801
-35.0803
-35.0805
-35.0807
-35.0808
-35.0808
-35.5662
-35.5662
-35.5661
-35.5659
-35.5657
-35.5655
-35.5653
-35.565
-35.5646
-35.5643
-35.5639
-35.5636
-35.5632
-35.5628
-35.5624
-35.562
-35.5616
-35.5612
-35.5608
-35.5604
-35.56
-35.5597
-35.5593
-35.559
-35.5586
-35.5583
-35.558
-35.5578
-35.5575
-35.5573
-35.557
-35.5568
-35.5567
-35.5565
-35.5564
-35.5563
-35.5562
-35.5562
-35.5562
-35.5562
-35.5562
-35.5563
-35.5565
-35.5566
-35.5568
-35.5571
-35.5573
-35.5576
-35.558
-35.5583
-35.5587
-35.5591
-35.5595
-35.5599
-35.5604
-35.5609
-35.5614
-35.5618
-35.5623
-35.5629
-35.5634
-35.5639
-35.5644
-35.5649
-35.5654
-35.5659
-35.5664
-35.5669
-35.5673
-35.5678
-35.5682
-35.5686
-35.5689
-35.5692
-35.5695
-35.5697
-35.5699
-35.57
-35.5701
-35.5702
-36.056
-36.056
-36.0559
-36.0558
-36.0556
-36.0554
-36.0552
-36.0549
-36.0546
-36.0543
-36.054
-36.0536
-36.0533
-36.053
-36.0526
-36.0523
-36.0519
-36.0516
-36.0513
-36.051
-36.0507
-36.0503
-36.05
-36.0498
-36.0495
-36.0492
-36.049
-36.0487
-36.0485
-36.0483
-36.0481
-36.048
-36.0478
-36.0477
-36.0476
-36.0475
-36.0474
-36.0474
-36.0474
-36.0474
-36.0475
-36.0475
-36.0477
-36.0478
-36.048
-36.0482
-36.0484
-36.0486
-36.0489
-36.0492
-36.0495
-36.0499
-36.0502
-36.0506
-36.051
-36.0514
-36.0518
-36.0522
-36.0526
-36.0531
-36.0535
-36.0539
-36.0544
-36.0548
-36.0553
-36.0557
-36.0562
-36.0566
-36.057
-36.0574
-36.0577
-36.0581
-36.0584
-36.0587
-36.0589
-36.0592
-36.0593
-36.0595
-36.0596
-36.0596
-36.5459
-36.5459
-36.5458
-36.5457
-36.5455
-36.5453
-36.5451
-36.5449
-36.5446
-36.5444
-36.5441
-36.5438
-36.5435
-36.5432
-36.5429
-36.5426
-36.5423
-36.5421
-36.5418
-36.5415
-36.5413
-36.541
-36.5408
-36.5405
-36.5403
-36.5401
-36.5399
-36.5397
-36.5395
-36.5394
-36.5392
-36.5391
-36.5389
-36.5388
-36.5388
-36.5387
-36.5386
-36.5386
-36.5386
-36.5386
-36.5387
-36.5387
-36.5388
-36.5389
-36.5391
-36.5392
-36.5394
-36.5396
-36.5399
-36.5401
-36.5404
-36.5406
-36.5409
-36.5412
-36.5416
-36.5419
-36.5422
-36.5426
-36.5429
-36.5433
-36.5437
-36.544
-36.5444
-36.5448
-36.5452
-36.5456
-36.5459
-36.5463
-36.5467
-36.547
-36.5474
-36.5477
-36.548
-36.5482
-36.5485
-36.5487
-36.5488
-36.549
-36.549
-36.5491
-37.0359
-37.0358
-37.0358
-37.0357
-37.0355
-37.0353
-37.0351
-37.0349
-37.0347
-37.0345
-37.0342
-37.034
-37.0337
-37.0335
-37.0332
-37.033
-37.0328
-37.0325
-37.0323
-37.0321
-37.0319
-37.0317
-37.0315
-37.0313
-37.0312
-37.031
-37.0308
-37.0307
-37.0305
-37.0304
-37.0303
-37.0302
-37.0301
-37.03
-37.0299
-37.0299
-37.0298
-37.0298
-37.0298
-37.0298
-37.0298
-37.0299
-37.03
-37.0301
-37.0302
-37.0303
-37.0305
-37.0306
-37.0308
-37.031
-37.0312
-37.0314
-37.0317
-37.0319
-37.0322
-37.0324
-37.0327
-37.033
-37.0333
-37.0336
-37.0339
-37.0342
-37.0345
-37.0348
-37.0351
-37.0354
-37.0358
-37.0361
-37.0364
-37.0367
-37.037
-37.0373
-37.0376
-37.0378
-37.038
-37.0382
-37.0384
-37.0385
-37.0386
-37.0386
-37.5259
-37.5258
-37.5258
-37.5257
-37.5255
-37.5254
-37.5252
-37.525
-37.5248
-37.5246
-37.5244
-37.5242
-37.524
-37.5238
-37.5236
-37.5234
-37.5232
-37.5231
-37.5229
-37.5227
-37.5226
-37.5224
-37.5223
-37.5221
-37.522
-37.5219
-37.5217
-37.5216
-37.5215
-37.5214
-37.5213
-37.5212
-37.5212
-37.5211
-37.5211
-37.521
-37.521
-37.521
-37.521
-37.521
-37.521
-37.5211
-37.5211
-37.5212
-37.5213
-37.5214
-37.5215
-37.5216
-37.5217
-37.5219
-37.522
-37.5222
-37.5224
-37.5226
-37.5228
-37.523
-37.5232
-37.5234
-37.5236
-37.5238
-37.5241
-37.5243
-37.5246
-37.5248
-37.5251
-37.5254
-37.5256
-37.5259
-37.5262
-37.5265
-37.5267
-37.527
-37.5272
-37.5275
-37.5277
-37.5278
-37.528
-37.5281
-37.5281
-37.5282
-38.0159
-38.0159
-38.0158
-38.0157
-38.0156
-38.0155
-38.0153
-38.0152
-38.015
-38.0148
-38.0146
-38.0144
-38.0143
-38.0141
-38.014
-38.0138
-38.0137
-38.0136
-38.0135
-38.0134
-38.0132
-38.0131
-38.013
-38.0129
-38.0128
-38.0128
-38.0127
-38.0126
-38.0125
-38.0124
-38.0124
-38.0123
-38.0123
-38.0122
-38.0122
-38.0122
-38.0121
-38.0121
-38.0121
-38.0121
-38.0122
-38.0122
-38.0122
-38.0123
-38.0123
-38.0124
-38.0125
-38.0126
-38.0127
-38.0128
-38.0129
-38.013
-38.0131
-38.0132
-38.0134
-38.0135
-38.0137
-38.0138
-38.014
-38.0141
-38.0143
-38.0145
-38.0147
-38.0149
-38.0151
-38.0153
-38.0156
-38.0158
-38.016
-38.0163
-38.0165
-38.0167
-38.0169
-38.0171
-38.0173
-38.0175
-38.0176
-38.0177
-38.0178
-38.0178
-38.506
-38.5059
-38.5059
-38.5058
-38.5057
-38.5056
-38.5055
-38.5053
-38.5052
-38.505
-38.5049
-38.5047
-38.5046
-38.5045
-38.5044
-38.5043
-38.5042
-38.5041
-38.5041
-38.504
-38.5039
-38.5039
-38.5038
-38.5038
-38.5037
-38.5036
-38.5036
-38.5035
-38.5035
-38.5035
-38.5034
-38.5034
-38.5034
-38.5033
-38.5033
-38.5033
-38.5033
-38.5033
-38.5033
-38.5033
-38.5033
-38.5033
-38.5033
-38.5034
-38.5034
-38.5034
-38.5035
-38.5035
-38.5036
-38.5037
-38.5037
-38.5038
-38.5039
-38.5039
-38.504
-38.5041
-38.5042
-38.5043
-38.5044
-38.5045
-38.5046
-38.5047
-38.5048
-38.505
-38.5051
-38.5053
-38.5055
-38.5057
-38.5059
-38.5061
-38.5063
-38.5065
-38.5067
-38.5068
-38.507
-38.5071
-38.5073
-38.5073
-38.5074
-38.5074
-38.9961
-38.996
-38.996
-38.9959
-38.9958
-38.9957
-38.9956
-38.9955
-38.9954
-38.9953
-38.9951
-38.995
-38.9949
-38.9949
-38.9948
-38.9948
-38.9947
-38.9947
-38.9947
-38.9947
-38.9946
-38.9946
-38.9946
-38.9946
-38.9946
-38.9945
-38.9945
-38.9945
-38.9945
-38.9945
-38.9945
-38.9945
-38.9945
-38.9944
-38.9944
-38.9944
-38.9944
-38.9944
-38.9944
-38.9944
-38.9944
-38.9944
-38.9944
-38.9945
-38.9945
-38.9945
-38.9945
-38.9945
-38.9945
-38.9945
-38.9946
-38.9946
-38.9946
-38.9946
-38.9947
-38.9947
-38.9947
-38.9948
-38.9948
-38.9948
-38.9949
-38.9949
-38.995
-38.9951
-38.9952
-38.9953
-38.9954
-38.9956
-38.9957
-38.9959
-38.9961
-38.9962
-38.9964
-38.9966
-38.9967
-38.9968
-38.9969
-38.997
-38.9971
-38.9971
)
;

boundaryField
{
    lowerWall
    {
        type            calculated;
        value           nonuniform List<scalar> 
80
(
8377.98
8378.06
8378.12
8378.13
8378.06
8377.91
8377.68
8377.39
8377.02
8376.6
8376.12
8375.6
8375.03
8374.42
8373.77
8373.1
8372.39
8371.67
8370.93
8370.18
8369.42
8368.67
8367.91
8367.16
8366.43
8365.72
8365.03
8364.36
8363.74
8363.15
8362.6
8362.1
8361.65
8361.25
8360.9
8360.61
8360.38
8360.2
8360.09
8360.03
8360.03
8360.09
8360.21
8360.39
8360.62
8360.91
8361.26
8361.66
8362.1
8362.6
8363.14
8363.73
8364.35
8365
8365.69
8366.39
8367.12
8367.86
8368.61
8369.36
8370.11
8370.85
8371.59
8372.3
8372.99
8373.66
8374.3
8374.9
8375.46
8375.98
8376.45
8376.87
8377.23
8377.52
8377.74
8377.88
8377.95
8377.94
8377.87
8377.79
)
;
    }
    rightWall
    {
        type            calculated;
        value           nonuniform List<scalar> 
80
(
8169.33
7752.33
7335.35
6918.44
6501.6
6084.85
5668.18
5251.59
4835.09
4418.68
4002.37
3586.15
3170.03
2754.02
2338.1
1922.27
1506.5
1090.72
674.719
272.45
34.0652
-10.1777
-10.6501
-11.1556
-11.6505
-12.1473
-12.6718
-13.1886
-13.6952
-14.2012
-14.7051
-15.2109
-15.7066
-16.2107
-16.7199
-17.2358
-17.7585
-18.2793
-18.7871
-19.2811
-19.7853
-20.2989
-20.7962
-21.3402
-21.9068
-22.4231
-22.9024
-23.3849
-23.8701
-24.3555
-24.8424
-25.33
-25.8172
-26.3034
-26.789
-27.2745
-27.7602
-28.2462
-28.7326
-29.2194
-29.7066
-30.1941
-30.6819
-31.1699
-31.6582
-32.1467
-32.6354
-33.1243
-33.6132
-34.1023
-34.5915
-35.0808
-35.5702
-36.0596
-36.5491
-37.0386
-37.5282
-38.0178
-38.5074
-38.9971
)
;
    }
    atmosphere
    {
        type            calculated;
        value           nonuniform List<scalar> 
80
(
-39.2411
-39.2411
-39.241
-39.241
-39.2409
-39.2408
-39.2407
-39.2406
-39.2405
-39.2404
-39.2403
-39.2402
-39.2401
-39.2401
-39.24
-39.24
-39.24
-39.24
-39.24
-39.24
-39.24
-39.24
-39.24
-39.24
-39.24
-39.24
-39.24
-39.24
-39.24
-39.24
-39.24
-39.24
-39.24
-39.24
-39.24
-39.24
-39.24
-39.24
-39.24
-39.24
-39.24
-39.24
-39.24
-39.24
-39.24
-39.24
-39.24
-39.24
-39.24
-39.24
-39.24
-39.24
-39.24
-39.24
-39.24
-39.24
-39.24
-39.24
-39.24
-39.24
-39.24
-39.24
-39.2401
-39.2401
-39.2402
-39.2403
-39.2404
-39.2405
-39.2407
-39.2408
-39.241
-39.2411
-39.2413
-39.2414
-39.2415
-39.2416
-39.2417
-39.2418
-39.2419
-39.2419
)
;
    }
    leftWall
    {
        type            calculated;
        value           nonuniform List<scalar> 
80
(
8169.52
7752.52
7335.53
6918.61
6501.76
6085.01
5668.34
5251.76
4835.27
4418.86
4002.55
3586.33
3170.22
2754.21
2338.3
1922.47
1506.71
1090.93
674.905
272.474
34.0252
-10.1265
-10.6109
-11.1042
-11.5977
-12.1114
-12.6351
-13.1505
-13.6563
-14.1532
-14.6461
-15.155
-15.6908
-16.2294
-16.7607
-17.2968
-17.8193
-18.3113
-18.792
-19.2854
-19.8059
-20.345
-20.8951
-21.4489
-21.9682
-22.4513
-22.9257
-23.4093
-23.8926
-24.3773
-24.8634
-25.3499
-25.8357
-26.3199
-26.8024
-27.2843
-27.7665
-28.2493
-28.733
-29.2176
-29.7032
-30.1896
-30.6766
-31.1642
-31.6523
-32.1408
-32.6296
-33.1186
-33.6078
-34.0973
-34.5868
-35.0765
-35.5662
-36.056
-36.5459
-37.0359
-37.5259
-38.0159
-38.506
-38.9961
)
;
    }
    frontAndBack
    {
        type            empty;
    }
}


// ************************************************************************* //
