/*--------------------------------*- C++ -*----------------------------------*\
| =========                 |                                                 |
| \\      /  F ield         | OpenFOAM: The Open Source CFD Toolbox           |
|  \\    /   O peration     | Version:  2412                                  |
|   \\  /    A nd           | Website:  www.openfoam.com                      |
|    \\/     M anipulation  |                                                 |
\*---------------------------------------------------------------------------*/
FoamFile
{
    version     2.0;
    format      ascii;
    arch        "LSB;label=32;scalar=64";
    class       volScalarField;
    location    "7.85";
    object      p;
}
// * * * * * * * * * * * * * * * * * * * * * * * * * * * * * * * * * * * * * //

dimensions      [1 -1 -2 0 0 0 0];

internalField   nonuniform List<scalar> 
6400
(
130856
130855
130855
130854
130852
130849
130844
130836
130824
130808
130787
130760
130726
130686
130638
130584
130523
130456
130383
130305
130224
130138
130051
129963
129875
129787
129702
129620
129542
129468
129399
129336
129279
129229
129186
129149
129120
129097
129082
129074
129073
129079
129092
129113
129140
129174
129214
129261
129315
129374
129439
129509
129583
129660
129741
129824
129908
129991
130074
130154
130232
130305
130374
130437
130493
130543
130586
130622
130652
130675
130693
130705
130713
130718
130720
130721
130720
130720
130719
130719
124219
124218
124217
124217
124216
124213
124209
124202
124191
124175
124154
124127
124094
124053
124006
123951
123890
123822
123749
123670
123587
123501
123413
123324
123234
123146
123060
122978
122899
122824
122755
122692
122635
122585
122541
122505
122475
122453
122438
122430
122429
122435
122448
122468
122496
122530
122570
122617
122671
122731
122796
122866
122940
123019
123100
123184
123268
123353
123437
123518
123596
123671
123740
123803
123860
123910
123954
123990
124019
124042
124059
124071
124078
124082
124084
124084
124083
124082
124081
124081
117581
117581
117580
117581
117581
117579
117576
117571
117561
117547
117527
117501
117468
117427
117380
117325
117262
117193
117118
117038
116953
116865
116775
116684
116593
116503
116416
116331
116251
116176
116106
116042
115984
115934
115890
115853
115824
115801
115786
115778
115778
115784
115797
115817
115845
115879
115920
115967
116021
116082
116147
116218
116294
116374
116457
116542
116629
116715
116801
116885
116965
117041
117111
117176
117234
117285
117328
117364
117393
117415
117431
117441
117447
117449
117449
117448
117446
117444
117442
117442
110942
110942
110943
110945
110947
110948
110947
110944
110936
110924
110906
110882
110849
110809
110761
110705
110641
110571
110493
110410
110323
110232
110138
110044
109950
109858
109768
109681
109599
109522
109450
109385
109327
109276
109232
109195
109165
109143
109128
109120
109119
109126
109139
109159
109187
109221
109263
109311
109366
109427
109494
109567
109644
109726
109812
109900
109989
110079
110168
110254
110337
110416
110489
110555
110615
110666
110710
110745
110773
110794
110808
110816
110819
110819
110816
110812
110808
110805
110802
110801
104302
104303
104305
104309
104313
104317
104320
104320
104317
104308
104292
104270
104238
104199
104150
104093
104028
103954
103874
103787
103695
103600
103503
103404
103306
103210
103116
103026
102941
102862
102789
102722
102663
102611
102566
102529
102499
102477
102462
102454
102454
102460
102474
102494
102522
102557
102599
102648
102703
102766
102835
102910
102990
103075
103164
103256
103349
103443
103536
103627
103714
103797
103873
103942
104003
104056
104100
104135
104161
104179
104190
104195
104195
104191
104185
104178
104171
104165
104161
104159
97660.2
97661.8
97665.8
97672.1
97680.3
97688.6
97696.1
97701.2
97702.2
97698
97685.9
97665.5
97636.2
97597.2
97548.4
97489.7
97421.6
97344.7
97259.9
97168.4
97071.6
96970.8
96867.6
96763.6
96660.1
96558.6
96460.3
96366.3
96277.9
96195.6
96120
96051.8
95991.1
95938.1
95892.9
95855.5
95825.8
95803.6
95788.8
95781.3
95780.9
95787.6
95801.3
95822.2
95850.2
95885.3
95927.8
95977.5
96034.5
96098.7
96169.7
96247.3
96330.9
96419.8
96513.1
96609.8
96708.6
96808.1
96906.9
97003.4
97096
97183.2
97263.8
97336.3
97400
97454.1
97498.2
97532.3
97556.6
97571.8
97578.9
97579.2
97574.1
97565.3
97554.3
97542.5
97531.6
97522.6
97516.7
97513.9
91015
91017.8
91024
91033.7
91047.3
91060.8
91074.3
91086.3
91093.9
91095.2
91087.5
91070.5
91043.4
91005.3
90956
90895.5
90824.1
90742.9
90652.7
90555.1
90451.5
90343.7
90233.3
90122.2
90012
89904.1
89800.2
89701.4
89608.4
89522.5
89444
89373.6
89311.4
89257.5
89211.8
89174.3
89144.7
89122.7
89108.3
89101.1
89101
89107.9
89121.8
89142.8
89171
89206.5
89249.4
89300.1
89358.4
89424.4
89498
89578.9
89666.5
89760.1
89858.9
89961.8
90067.2
90173.8
90279.9
90383.5
90483
90576.6
90662.6
90739.6
90806.4
90862.3
90906.7
90939.5
90961.2
90972.4
90974.4
90968.7
90957.2
90941.8
90924.4
90906.9
90890.8
90877.8
90869.1
90864.9
84365.2
84369.6
84379
84394.5
84414.5
84434.9
84456
84475.5
84491.1
84499.4
84497.6
84485.3
84461.3
84424.5
84374.6
84311.8
84236.4
84149.7
84052.8
83947.4
83835.4
83718.8
83599.6
83479.8
83361.3
83245.8
83134.8
83029.9
82931.9
82841.7
82760
82687.1
82623.3
82568.4
82522.4
82484.9
82455.6
82434.2
82420.3
82413.5
82413.8
82421
82435
82456
82484.2
82519.9
82563.3
82614.8
82674.4
82742.5
82819
82903.6
82995.9
83095.2
83200.6
83310.9
83424.6
83540
83655
83767.7
83875.9
83977.4
84070.3
84152.9
84223.7
84281.8
84326.5
84357.9
84376.1
84382.1
84377.4
84364
84344
84320.3
84294.7
84269.6
84247.1
84228.7
84216.6
84210.6
77709.3
77715.6
77728.2
77751.4
77778.3
77808.3
77839.3
77869.2
77895.5
77912.3
77918.3
77911.9
77891.6
77856.6
77806.1
77740.3
77660
77566.4
77461.1
77346.2
77223.8
77096.4
76966.3
76835.9
76707.4
76582.7
76463.5
76351.3
76247.3
76152.3
76066.9
75991.5
75926
75870.3
75824.2
75787.1
75758.5
75737.9
75724.7
75718.7
75719.4
75726.8
75740.9
75761.8
75789.8
75825.4
75869
75921
75982
76052.1
76131.7
76220.4
76318.1
76424.1
76537.4
76656.6
76780.3
76906.3
77032.4
77156.2
77275.1
77386.6
77488.2
77577.7
77653.6
77714.4
77759.6
77789.1
77803
77802.4
77789.1
77766
77735.7
77700.6
77664.4
77629.7
77599
77574.3
77557.4
77549
71045.1
71054.7
71075.1
71102.9
71139
71180.7
71224.7
71266.9
71308.3
71335.5
71351.1
71352.1
71336.8
71303.7
71252.5
71183
71096.5
70994.4
70878.8
70752.1
70617
70476.4
70333.2
70190.1
70049.5
69913.9
69785
69664.5
69553.5
69453
69363.6
69285.5
69218.6
69162.4
69116.6
69080.4
69053
69033.7
69021.7
69016.6
69018
69025.6
69039.5
69060
69087.5
69122.5
69165.9
69218.1
69280.1
69352.2
69434.9
69528.3
69632
69745.6
69868
69997.9
70133.5
70272.4
70412.1
70549.6
70681.7
70805.5
70917.9
71016.2
71098.3
71162.7
71208.3
71235.3
71244.1
71235.5
71210.7
71174.9
71130.8
71081.9
71032.2
70985.5
70944.6
70911.9
70889.2
70877.8
64369.4
64382.3
64408.2
64445.6
64493.6
64550.5
64610.8
64672.2
64726.6
64769.4
64797.7
64808.4
64799.1
64768.6
64716.3
64642.5
64548.3
64435.7
64307.3
64166.1
64015.5
63858.9
63699.8
63541.4
63386.6
63238.1
63097.9
62967.7
62848.9
62742.4
62648.7
62568
62499.9
62443.8
62399
62364.3
62338.9
62321.5
62311.4
62307.6
62309.8
62317.6
62331.2
62350.8
62377.1
62411
62453.4
62505.3
62567.7
62641.5
62727.3
62825.5
62935.9
63058
63191.1
63333.5
63483.2
63637.7
63793.8
63948.1
64096.6
64235.6
64361.4
64470.7
64560.7
64629.3
64675.6
64699.4
64701.8
64682
64645
64591.8
64530.3
64463.5
64396.7
64334.7
64281.3
64238.9
64209.5
64194.4
57678.8
57695.6
57728.6
57777.2
57839.6
57917.5
57998.4
58080.2
58155.1
58216.9
58261
58283.5
58281.9
58254.6
58201
58121.5
58017.8
57892.3
57748.1
57589.1
57419.6
57243.6
57065.4
56888.9
56717.3
56553.8
56400.4
56259.3
56131.8
56018.7
55920.5
55837.3
55768.6
55713.3
55670.4
55638.5
55616
55601.6
55593.9
55592.1
55595.3
55603.3
55616.1
55634.3
55658.7
55690.4
55730.8
55781.4
55843.5
55918.5
56007.1
56110.2
56227.7
56359.5
56504.6
56661.5
56828
57001.2
57177.3
57352.1
57520.8
57678.8
57821.3
57944.3
58044
58118
58164.9
58184.3
58177.5
58144.9
58091
58019.3
57935
57845
57756.5
57675.3
57606.3
57552.2
57514.9
57495.2
50968.8
50990.3
51032.4
51095.5
51178.2
51277.5
51385.1
51493.8
51594.7
51680.1
51743.7
51781
51788.9
51765.4
51710.2
51623.8
51508.3
51366.5
51202.9
51022.2
50829.5
50630.1
50429.1
50231
50039.9
49858.9
49690.6
49537.1
49399.7
49279.6
49177
49091.8
49023.2
48969.9
48930.3
48902.4
48884.3
48874.1
48870
48870.7
48875.2
48883.3
48894.9
48910.8
48932.1
48960.4
48997.5
49045.4
49106.1
49181.2
49272.2
49380
49505.2
49647.5
49806.1
49979.8
50166
50361.5
50561.8
50761.7
50955.5
51136.9
51300
51440.9
51552.5
51633.2
51680.9
51694.9
51675.4
51628.1
51553.4
51456.9
51345.3
51227
51110.8
51005.5
50916.6
50847.7
50800.1
50775.4
44232.5
44260.1
44313.8
44396
44505.1
44632.6
44772.3
44914.1
45047.1
45161.4
45249.2
45304.9
45324.4
45305.7
45248.3
45153.3
45023.2
44861.2
44673.4
44466.1
44245.3
44017.7
43789.4
43566
43352
43151
42965.7
42798.2
42650.1
42522.4
42415.5
42329
42261.8
42212.1
42177.6
42155.8
42143.9
42139.6
42140.4
42144.6
42150.9
42158.9
42168.7
42181.2
42197.9
42220.9
42252.6
42296
42353.5
42427.7
42520.2
42632.4
42765.3
42918.8
43092.5
43285.3
43494.5
43716.5
43946.2
44177
44401.6
44612.6
44802.2
44963.4
45090.7
45180.2
45229.3
45237.2
45205
45136.7
45035.5
44908
44762.6
44609.4
44459.7
44323.9
44209.5
44120.7
44059.9
44028.9
37459.8
37496.8
37572
37680.3
37816.8
37979.8
38158.8
38341.2
38513.5
38663.7
38781.5
38859.7
38893.6
38880.7
38820.5
38714.5
38566.1
38380.4
38161.6
37921.8
37666.9
37405.1
37144.3
36891.1
36650.9
36427.3
36222.9
36039.7
35879.9
35744.1
35633
35546.2
35482.1
35438.2
35411.3
35398.1
35395.2
35399
35406.5
35415.5
35424.1
35431.9
35438.9
35446.5
35456.6
35471.8
35495.7
35531.8
35583.9
35655.3
35748.2
35864
36004.8
36170
36360
36574.1
36810.1
37063.8
37329
37597.6
37860.4
38108.9
38330.3
38518
38664.7
38765.1
38816.2
38816.8
38768.1
38674.3
38540.4
38374.8
38188
37992.2
37801.2
37627.3
37479.7
37364.5
37286.2
37246.7
30635.1
30684.1
30782.2
30924.2
31103.6
31313.1
31541.5
31774.1
31995
32189.3
32344.4
32450.6
32502.1
32496.2
32432.5
32313
32141.8
31925.4
31671.8
31391.3
31094.6
30791.2
30491.6
30203.9
29933.9
29685.1
29459.6
29258.2
29085.9
28941
28826
28740.5
28681.7
28646.3
28630.3
28629.3
28638.5
28653.5
28670.3
28685.6
28697.3
28704.5
28707.7
28708.4
28709.2
28713.5
28725.8
28751.2
28794.9
28861.3
28953.4
29072.9
29220.4
29396.9
29603.9
29841.6
30108.4
30399.7
30708.3
31023.5
31335.1
31627.5
31889.6
32110.5
32281.4
32395.6
32449
32440.2
32370.8
32245.1
32071.1
31859
31621.5
31373.6
31131.2
30909.5
30719.7
30569.8
30467.3
30415.9
23739
23805.1
23935.8
24122.8
24356
24624.8
24915.5
25210.9
25492
25741.9
25943
26083.4
26156.5
26159.4
26092
25956.3
25757.5
25503.5
25205.7
24876.5
24528.3
24173.7
23828.1
23501
23197.8
22921.8
22674.4
22454.9
22265.2
22108.8
21990.3
21908.1
21857.6
21834.3
21833.4
21848.9
21874.8
21905
21934.2
21958.3
21973.8
21980.1
21977.8
21969.1
21957.2
21946.4
21942.3
21952
21983
22042
22131.9
22256.2
22408.8
22595
22818.7
23081.6
23383
23718.8
24080.8
24454.5
24824.3
25173.6
25486.6
25749.3
25950.1
26081
26137
26116.6
26021.3
25856.5
25632.4
25362.4
25062.9
24750.3
24443.5
24160.3
23915.3
23720.5
23585.8
23519
16746.3
16836.1
17011.9
17257.9
17559.7
17904
18273.9
18648.7
19003.3
19324.2
19582.9
19765.8
19866
19880.3
19808.8
19653.2
19419.4
19117.6
18763.9
18373.7
17962.8
17548.9
17146.8
16775.6
16436.6
16132.5
15864.1
15626.3
15413
15239.6
15119
15044.5
15006.2
14999.4
15018.7
15056.7
15105.3
15156.2
15202
15237.9
15258.2
15262.7
15252.8
15231.3
15202.3
15171.1
15144.3
15131.2
15143.4
15192.1
15277.1
15410.3
15564.7
15757.2
15995.7
16284.1
16623.7
17012.7
17439.3
17883.7
18328.2
18750.1
19128.1
19444
19682.6
19834.2
19893
19857.8
19729.9
19515.4
19227.1
18886.9
18511.7
18118.2
17729.6
17366.9
17049.7
16795.3
16619
16534.2
9621.34
9746.53
9991.36
10318.5
10707.4
11143
11610.6
12085.4
12522.3
12945.2
13273.6
13503.8
13631.9
13657
13579.4
13399.5
13124.1
12763.9
12345.2
11883.9
11396.8
10909.1
10442.9
10017.6
9637.28
9303.54
9020.42
8783.83
8538.45
8328.25
8209.8
8149.42
8126.14
8139.77
8185.46
8253.21
8331.94
8410.17
8477.05
8530.32
8555.89
8557.91
8538.04
8500.19
8449.61
8392.76
8335.23
8288.71
8273.14
8315.68
8425.42
8539.04
8676.68
8865.6
9114.03
9427.08
9810.13
10268.9
10776
11312.2
11851.1
12362.1
12818.7
13199.3
13484
13661.5
13724.6
13673.9
13509.8
13235.1
12856.3
12437
11970.6
11474.7
10984.1
10521.2
10109.4
9774.14
9540.77
9439
3118.1
3262.71
3501.1
3797.44
4154.1
4577.32
5067.4
5604.89
6162.79
6655.78
7056.34
7343.47
7509.92
7555.12
7481.14
7280.28
6961.89
6525.1
6029.85
5515.56
4992.44
4498
4061.92
3689.1
3367.54
3085.99
2842.75
2639.69
2486.67
2372.26
2306.56
2289.49
2297.17
2333.92
2395.71
2472.08
2554.09
2632.23
2697.03
2742.41
2762.79
2758.14
2730.69
2683.85
2622.02
2554.18
2482.52
2413.78
2371.14
2369.31
2400.89
2464.44
2567.58
2714.58
2908.74
3158.95
3480.71
3879.57
4357.54
4904.17
5490.43
6074.52
6622.53
7081.19
7414.83
7616.03
7675.1
7600.82
7392.04
7050.75
6582.05
6071.87
5511.12
4964.75
4457.32
4002.49
3615.46
3312.07
3097.61
2995.1
239.005
277.901
347.547
430.756
539.837
690.714
897.467
1170.73
1530.09
1894.51
2194.1
2411.58
2535.56
2570.73
2520.44
2368.81
2140.15
1849.82
1545.62
1235.92
942.761
702.795
521.952
387.296
282.947
201.497
139.575
93.947
60.857
37.5603
22.9698
18.2654
25.9607
40.5755
60.6921
83.7323
107.686
130.177
148.407
160.414
164.35
159.822
147.371
128.56
104.95
82.5404
62.4313
44.3709
34.3278
34.4135
41.9315
55.0089
76.2341
108.888
155.517
221.452
315.615
450.034
637.728
892.936
1215.87
1569.46
1908.36
2240.51
2491.5
2648.61
2690.47
2632.5
2470.03
2207.56
1872.3
1484.61
1138.11
867.731
654.856
488.927
367.238
282.247
219.722
187.056
-1.89059
-3.79743
-4.52365
-5.71187
-6.67342
-6.98238
-7.04489
-5.0306
23.8964
55.9403
90.776
122.503
137.921
137.592
116.756
69.3766
14.3587
-7.99586
-8.86697
-8.6741
-8.31797
-8.12604
-8.03405
-7.93847
-7.90025
-7.91665
-7.84505
-7.63549
-7.41208
-7.38183
-7.66351
-8.14328
-8.37942
-8.37842
-8.4333
-8.51219
-8.57939
-8.63459
-8.65506
-8.59873
-8.43675
-8.23414
-8.18001
-8.20967
-8.05724
-7.75165
-7.362
-6.92071
-6.60539
-6.51141
-6.5941
-6.77826
-7.02945
-7.30194
-7.529
-7.68757
-7.84998
-8.05902
-8.28768
-8.48041
-8.86714
-9.19251
-7.71547
46.8171
111.258
164.575
183.805
177.336
147.794
99.4335
49.9375
9.64814
-7.46468
-8.20194
-7.95657
-7.65594
-7.31665
-7.05684
-6.76165
-5.41587
-6.88422
-7.21575
-7.43693
-7.88264
-8.15972
-8.25499
-8.2493
-8.37828
-9.05973
-9.63211
-10.1679
-10.0846
-9.76566
-9.56711
-9.41412
-9.13892
-8.80969
-8.71074
-8.81328
-8.70411
-8.59227
-8.51694
-8.47853
-8.43457
-8.37972
-8.38597
-8.40336
-8.34193
-8.28163
-8.40631
-8.74296
-9.04796
-9.11081
-9.05705
-9.04299
-9.0675
-9.12221
-9.17408
-9.20277
-9.19265
-9.11529
-8.97875
-8.90277
-8.84826
-8.69793
-8.43267
-8.0752
-7.68722
-7.38677
-7.25894
-7.30585
-7.45754
-7.67157
-7.90277
-8.11301
-8.28816
-8.44631
-8.59587
-8.72636
-8.80762
-8.93638
-9.10461
-8.9587
-9.18947
-9.43245
-9.56443
-9.56439
-9.58397
-9.50593
-9.4992
-9.4563
-9.14751
-8.8786
-8.84461
-8.78131
-8.71037
-8.63618
-8.58035
-8.53707
-8.43701
-8.22108
-8.28633
-8.37017
-8.58882
-8.72717
-8.85532
-8.98493
-9.1887
-9.55494
-9.92834
-10.0896
-10.0289
-9.87321
-9.71716
-9.57361
-9.44468
-9.32792
-9.28489
-9.32505
-9.36699
-9.29382
-9.12801
-9.02597
-9.03401
-8.98507
-8.96187
-8.93533
-8.89615
-8.92728
-9.14766
-9.46284
-9.6723
-9.70862
-9.66544
-9.65869
-9.69761
-9.74933
-9.79609
-9.8209
-9.81587
-9.77059
-9.68995
-9.58735
-9.4522
-9.29237
-9.05563
-8.70784
-8.33997
-8.03617
-7.86804
-7.88785
-8.04099
-8.26386
-8.50038
-8.72401
-8.9248
-9.0753
-9.19001
-9.30892
-9.45292
-9.56852
-9.65654
-9.67858
-9.67452
-9.68061
-9.70742
-9.70791
-9.73707
-9.75726
-9.82054
-9.86388
-9.77947
-9.5728
-9.42513
-9.32343
-9.26522
-9.25247
-9.25483
-9.25837
-9.23695
-9.0708
-9.13926
-9.20981
-9.30883
-9.38735
-9.47728
-9.58916
-9.71839
-9.95711
-10.2304
-10.4311
-10.4791
-10.411
-10.2922
-10.1867
-10.0874
-9.98115
-9.89006
-9.8527
-9.90605
-9.90819
-9.76812
-9.59601
-9.58783
-9.54145
-9.50288
-9.47227
-9.45362
-9.53898
-9.74068
-9.97257
-10.1342
-10.2112
-10.2413
-10.2722
-10.3275
-10.3775
-10.3971
-10.3876
-10.3458
-10.2915
-10.2507
-10.1831
-10.0729
-9.9412
-9.7849
-9.5639
-9.25738
-8.92182
-8.66527
-8.62389
-8.75162
-8.95313
-9.1702
-9.38585
-9.5813
-9.72403
-9.83649
-9.92277
-9.99723
-10.1049
-10.2209
-10.3002
-10.2803
-10.2715
-10.3049
-10.3351
-10.395
-10.3599
-10.3832
-10.4067
-10.3041
-10.1347
-9.99621
-9.89232
-9.84662
-9.86252
-9.87796
-9.8749
-9.82551
-9.92376
-10.0647
-10.0586
-9.99468
-10.0133
-10.088
-10.217
-10.3777
-10.5584
-10.7286
-10.8731
-10.9331
-10.8992
-10.8205
-10.7243
-10.6384
-10.5724
-10.4839
-10.455
-10.498
-10.5727
-10.4553
-10.2302
-10.1433
-10.1014
-10.0641
-10.0377
-10.0267
-10.1051
-10.2584
-10.4457
-10.5981
-10.7204
-10.8102
-10.8972
-10.9981
-11.0707
-11.0605
-10.9845
-10.9057
-10.8455
-10.785
-10.7031
-10.6298
-10.5931
-10.5598
-10.46
-10.2654
-9.96429
-9.65328
-9.55608
-9.65117
-9.81245
-9.97591
-10.127
-10.2664
-10.3921
-10.5051
-10.5984
-10.6482
-10.7075
-10.7942
-10.8152
-10.7791
-10.7622
-10.7752
-10.8158
-10.8827
-10.8928
-10.9162
-10.9406
-10.8356
-10.688
-10.5575
-10.4878
-10.4748
-10.5085
-10.5363
-10.5098
-10.4307
-10.7403
-10.9588
-10.9512
-10.8297
-10.7482
-10.7688
-10.8741
-11.0308
-11.1849
-11.2927
-11.369
-11.41
-11.4141
-11.3913
-11.3576
-11.3368
-11.267
-11.1287
-11.0533
-11.0471
-11.0666
-10.9951
-10.7925
-10.6911
-10.6618
-10.6226
-10.6186
-10.6247
-10.6729
-10.7855
-10.948
-11.1141
-11.2816
-11.4232
-11.5825
-11.7343
-11.8163
-11.7826
-11.6702
-11.5547
-11.4463
-11.3353
-11.229
-11.1694
-11.1782
-11.2266
-11.2389
-11.1529
-10.9472
-10.6478
-10.5425
-10.6254
-10.7333
-10.8338
-10.9233
-11.0032
-11.0946
-11.1767
-11.2405
-11.2943
-11.3272
-11.3353
-11.3046
-11.2745
-11.2799
-11.3036
-11.3252
-11.3638
-11.3707
-11.3525
-11.3633
-11.3254
-11.2481
-11.161
-11.1197
-11.104
-11.125
-11.1464
-11.0888
-11.0075
-11.377
-11.4647
-11.431
-11.3659
-11.4093
-11.5006
-11.6247
-11.7701
-11.8721
-11.9212
-11.9562
-11.9683
-11.9556
-11.9542
-11.9914
-12.0508
-12.0008
-11.7706
-11.6231
-11.5702
-11.5326
-11.4632
-11.3377
-11.2597
-11.2443
-11.2067
-11.2188
-11.2456
-11.2629
-11.3342
-11.4756
-11.652
-11.8549
-12.0568
-12.256
-12.4293
-12.5301
-12.5117
-12.4066
-12.2489
-12.0699
-11.896
-11.7569
-11.6843
-11.6834
-11.7374
-11.7982
-11.7881
-11.695
-11.5022
-11.4096
-11.4535
-11.5119
-11.5775
-11.6588
-11.7418
-11.8118
-11.8743
-11.9178
-11.949
-11.9523
-11.9163
-11.8664
-11.832
-11.8301
-11.8474
-11.8581
-11.8725
-11.8504
-11.7838
-11.7935
-11.8246
-11.8336
-11.7902
-11.7535
-11.7122
-11.682
-11.6499
-11.5837
-11.5303
-11.8991
-11.7949
-11.6397
-11.7297
-12.0197
-12.3136
-12.514
-12.6548
-12.7144
-12.7093
-12.6787
-12.6326
-12.581
-12.568
-12.6191
-12.7013
-12.6686
-12.4266
-12.1953
-12.0923
-12.0465
-11.9899
-11.905
-11.848
-11.8371
-11.807
-11.8302
-11.8958
-11.8879
-11.9055
-12.0257
-12.2108
-12.4425
-12.7023
-12.9352
-13.1419
-13.2936
-13.3407
-13.2593
-13.0815
-12.8308
-12.5627
-12.3623
-12.2669
-12.2447
-12.2674
-12.3043
-12.325
-12.296
-12.2155
-12.1202
-12.1253
-12.1636
-12.2177
-12.3018
-12.4078
-12.5009
-12.5644
-12.6111
-12.624
-12.5986
-12.5374
-12.4752
-12.4329
-12.4143
-12.4125
-12.4068
-12.4069
-12.3754
-12.276
-12.2702
-12.3576
-12.4212
-12.3798
-12.3402
-12.3033
-12.2122
-12.1036
-12.0441
-12.0201
-12.5015
-12.3537
-12.2444
-12.4389
-12.8557
-13.2235
-13.4273
-13.5711
-13.6485
-13.6084
-13.4797
-13.3749
-13.2923
-13.2396
-13.2407
-13.2624
-13.2127
-13.0168
-12.7909
-12.6645
-12.6119
-12.5601
-12.5036
-12.447
-12.4299
-12.4074
-12.4258
-12.5181
-12.5328
-12.4883
-12.6007
-12.8208
-13.1183
-13.4472
-13.7479
-14.0098
-14.2236
-14.3352
-14.3051
-14.1302
-13.8068
-13.4201
-13.1183
-12.9728
-12.9297
-12.9151
-12.9023
-12.8987
-12.8826
-12.8419
-12.7503
-12.7493
-12.7887
-12.8412
-12.9208
-13.0277
-13.1455
-13.2355
-13.2884
-13.298
-13.2539
-13.1755
-13.1018
-13.047
-13.0138
-12.988
-12.9611
-12.946
-12.9196
-12.8277
-12.7875
-12.896
-12.9898
-12.9554
-12.888
-12.8721
-12.7701
-12.5983
-12.5248
-12.5157
-13.3071
-13.1902
-13.2013
-13.476
-13.9124
-14.2019
-14.3459
-14.4636
-14.509
-14.464
-14.2969
-14.1322
-14.0196
-13.9291
-13.852
-13.7862
-13.6907
-13.5441
-13.4017
-13.2944
-13.2152
-13.1556
-13.0904
-13.0329
-13.0053
-12.9944
-12.9895
-13.0637
-13.1284
-13.0779
-13.1925
-13.4878
-13.869
-14.282
-14.6568
-14.9881
-15.2773
-15.4499
-15.4403
-15.2281
-14.8427
-14.3706
-13.9706
-13.7526
-13.666
-13.6139
-13.5618
-13.5212
-13.4935
-13.4335
-13.3634
-13.3661
-13.4116
-13.4659
-13.544
-13.65
-13.7666
-13.8812
-13.9502
-13.9627
-13.9096
-13.8233
-13.74
-13.6756
-13.6263
-13.5753
-13.5257
-13.4865
-13.4563
-13.4019
-13.3512
-13.4228
-13.5136
-13.5247
-13.4396
-13.4491
-13.3795
-13.1772
-13.0273
-13.0505
-14.261
-14.2311
-14.2268
-14.5926
-14.9857
-15.1447
-15.2046
-15.3022
-15.3177
-15.2056
-15.0223
-14.8508
-14.7305
-14.5991
-14.4615
-14.3252
-14.1865
-14.0961
-14.0273
-13.9213
-13.8145
-13.7317
-13.6484
-13.5881
-13.5566
-13.5637
-13.5752
-13.6251
-13.7043
-13.6998
-13.7965
-14.1687
-14.5801
-15.076
-15.4977
-15.8653
-16.1832
-16.3646
-16.3522
-16.14
-15.7547
-15.2562
-14.7821
-14.4993
-14.3626
-14.2822
-14.2141
-14.1584
-14.1115
-14.0419
-13.9908
-13.9922
-14.034
-14.089
-14.1669
-14.2718
-14.386
-14.5002
-14.596
-14.6241
-14.5688
-14.4696
-14.3722
-14.303
-14.2346
-14.1656
-14.102
-14.0442
-14.0015
-13.9632
-13.9345
-13.9452
-14.0126
-14.0626
-14.0036
-14.012
-13.9995
-13.7973
-13.567
-13.6073
-15.1125
-15.251
-15.1906
-15.5197
-15.7686
-15.8519
-15.9474
-16.085
-16.1262
-16.023
-15.8249
-15.6159
-15.4436
-15.2633
-15.0873
-14.9036
-14.7485
-14.708
-14.6508
-14.5066
-14.3772
-14.2734
-14.1985
-14.1543
-14.143
-14.1651
-14.2172
-14.2742
-14.3356
-14.3628
-14.4779
-14.8421
-15.2571
-15.7524
-16.1806
-16.5337
-16.82
-16.9979
-17.0101
-16.8238
-16.469
-15.9889
-15.5111
-15.1825
-15.0063
-14.9001
-14.8191
-14.7541
-14.7026
-14.649
-14.6204
-14.623
-14.6533
-14.7095
-14.7883
-14.8868
-14.9933
-15.0999
-15.2104
-15.2642
-15.2157
-15.0937
-14.9733
-14.8914
-14.8193
-14.7448
-14.6738
-14.6108
-14.5555
-14.5142
-14.4958
-14.4928
-14.5358
-14.5861
-14.5575
-14.5416
-14.5627
-14.3829
-14.1464
-14.1607
-15.7127
-15.9611
-15.9665
-16.1468
-16.2897
-16.3631
-16.5077
-16.7099
-16.85
-16.8503
-16.703
-16.4579
-16.1707
-15.9251
-15.7184
-15.5157
-15.3951
-15.3441
-15.222
-15.0537
-14.9234
-14.8301
-14.7781
-14.7584
-14.7601
-14.7823
-14.8406
-14.9113
-14.9764
-15.0322
-15.1572
-15.4639
-15.8625
-16.288
-16.6962
-17.0295
-17.2828
-17.4456
-17.473
-17.3153
-16.9905
-16.5526
-16.131
-15.8096
-15.6028
-15.4723
-15.3755
-15.3013
-15.2486
-15.2238
-15.2261
-15.2336
-15.2653
-15.3251
-15.4042
-15.4932
-15.5821
-15.6717
-15.7691
-15.8383
-15.8077
-15.676
-15.5399
-15.4434
-15.3719
-15.3039
-15.2358
-15.1687
-15.1063
-15.0563
-15.0348
-15.0433
-15.0703
-15.098
-15.0761
-15.0421
-15.0415
-14.934
-14.7249
-14.6886
-16.1354
-16.3503
-16.4852
-16.604
-16.7103
-16.8047
-16.9507
-17.141
-17.3037
-17.3747
-17.3153
-17.1033
-16.8021
-16.5524
-16.3402
-16.1483
-16.0368
-15.9334
-15.7721
-15.6204
-15.5014
-15.4203
-15.3695
-15.3457
-15.3362
-15.3445
-15.3857
-15.439
-15.5093
-15.5981
-15.7123
-15.9577
-16.3299
-16.6933
-17.0578
-17.3754
-17.6093
-17.7583
-17.7959
-17.6568
-17.3586
-16.9809
-16.6274
-16.3484
-16.1422
-15.9994
-15.8995
-15.8207
-15.7637
-15.7691
-15.7893
-15.8084
-15.8584
-15.9287
-16.0097
-16.0888
-16.1558
-16.2167
-16.2832
-16.3355
-16.3185
-16.2063
-16.0804
-15.9844
-15.9089
-15.8418
-15.7779
-15.7118
-15.6453
-15.5856
-15.5492
-15.5493
-15.5726
-15.5821
-15.5606
-15.5128
-15.4799
-15.404
-15.2619
-15.2055
-16.5158
-16.6571
-16.893
-17.0439
-17.1255
-17.222
-17.3482
-17.4884
-17.6068
-17.6772
-17.6654
-17.5253
-17.3164
-17.1188
-16.9265
-16.7548
-16.6277
-16.5012
-16.3613
-16.2392
-16.1407
-16.0573
-15.9887
-15.9372
-15.8973
-15.8688
-15.8632
-15.8774
-15.9246
-16.0094
-16.1034
-16.3166
-16.6649
-16.9889
-17.3224
-17.6247
-17.8517
-18.0032
-18.0377
-17.9067
-17.6478
-17.3311
-17.0436
-16.815
-16.6313
-16.4825
-16.3884
-16.3148
-16.276
-16.2979
-16.3139
-16.3555
-16.4294
-16.5159
-16.6012
-16.6705
-16.7207
-16.754
-16.783
-16.8031
-16.7846
-16.7039
-16.6072
-16.524
-16.4488
-16.3756
-16.3031
-16.2317
-16.1604
-16.0907
-16.0373
-16.0249
-16.0566
-16.0694
-16.0421
-15.974
-15.9134
-15.8486
-15.7594
-15.717
-16.9336
-17.055
-17.3622
-17.5131
-17.5551
-17.6296
-17.7268
-17.8307
-17.919
-17.9715
-17.9658
-17.8883
-17.7654
-17.623
-17.4686
-17.3259
-17.2123
-17.1078
-17.006
-16.9186
-16.8357
-16.747
-16.6617
-16.5773
-16.487
-16.3889
-16.3094
-16.2649
-16.2671
-16.318
-16.3869
-16.5844
-16.9029
-17.2284
-17.5599
-17.8568
-18.0886
-18.2354
-18.2528
-18.1346
-17.9147
-17.6617
-17.4389
-17.2518
-17.089
-16.938
-16.8463
-16.7873
-16.7761
-16.7993
-16.8178
-16.8851
-16.9857
-17.0873
-17.1745
-17.2381
-17.2806
-17.2992
-17.3001
-17.2929
-17.2647
-17.206
-17.1366
-17.0682
-16.996
-16.9172
-16.8312
-16.7407
-16.6514
-16.568
-16.5011
-16.4948
-16.5356
-16.5619
-16.532
-16.4522
-16.3731
-16.3116
-16.2689
-16.249
-17.3842
-17.5115
-17.8629
-17.951
-17.9804
-18.0352
-18.1083
-18.1862
-18.2556
-18.302
-18.3115
-18.276
-18.2048
-18.1072
-17.9966
-17.8964
-17.8228
-17.7521
-17.6831
-17.6172
-17.5342
-17.4509
-17.3688
-17.2638
-17.1196
-16.9476
-16.7848
-16.6711
-16.6193
-16.6278
-16.6833
-16.8573
-17.1511
-17.4872
-17.8166
-18.1149
-18.3426
-18.4648
-18.4736
-18.3734
-18.2002
-18.0139
-17.8295
-17.6615
-17.5157
-17.383
-17.296
-17.2545
-17.2632
-17.2718
-17.3083
-17.4044
-17.5323
-17.6481
-17.7351
-17.7973
-17.8401
-17.8577
-17.8475
-17.8236
-17.7887
-17.7386
-17.6822
-17.623
-17.5548
-17.4733
-17.3746
-17.2591
-17.1447
-17.0589
-17.0141
-17.0077
-17.0369
-17.0676
-17.0411
-16.9638
-16.8708
-16.818
-16.8167
-16.816
-17.8414
-17.9691
-18.3195
-18.3576
-18.3895
-18.4371
-18.4978
-18.5629
-18.6263
-18.6759
-18.7035
-18.6986
-18.6626
-18.603
-18.5359
-18.4897
-18.454
-18.4141
-18.3707
-18.3168
-18.256
-18.2103
-18.1655
-18.0576
-17.8642
-17.6069
-17.3622
-17.1901
-17.088
-17.0514
-17.1011
-17.2563
-17.513
-17.8245
-18.1375
-18.4179
-18.6134
-18.7177
-18.7329
-18.6613
-18.5397
-18.3889
-18.2207
-18.0547
-17.9152
-17.8109
-17.7435
-17.7187
-17.7419
-17.7378
-17.8048
-17.9279
-18.0731
-18.2036
-18.2945
-18.3679
-18.4166
-18.4326
-18.4225
-18.393
-18.3567
-18.3119
-18.26
-18.2052
-18.1417
-18.0607
-17.9558
-17.8086
-17.6907
-17.6275
-17.6167
-17.6272
-17.6287
-17.6455
-17.6119
-17.5237
-17.4075
-17.3729
-17.3989
-17.4117
-18.2868
-18.4562
-18.7148
-18.7437
-18.7861
-18.835
-18.8933
-18.9565
-19.0179
-19.076
-19.1201
-19.1416
-19.1372
-19.1153
-19.104
-19.1052
-19.101
-19.0892
-19.0703
-19.0344
-19.0179
-19.0286
-19.0226
-18.9236
-18.686
-18.3832
-18.1131
-17.924
-17.7912
-17.7141
-17.7199
-17.817
-18.0033
-18.2567
-18.5388
-18.7835
-18.959
-19.0523
-19.0726
-19.0276
-18.9258
-18.7856
-18.6223
-18.4581
-18.3206
-18.2289
-18.1816
-18.1807
-18.207
-18.2087
-18.3111
-18.4578
-18.6153
-18.76
-18.8656
-18.9564
-19.0122
-19.0256
-19.0099
-18.9817
-18.9456
-18.9086
-18.8646
-18.8182
-18.7666
-18.6967
-18.5967
-18.4608
-18.3468
-18.2687
-18.2656
-18.2955
-18.3204
-18.3039
-18.2553
-18.1492
-18.0124
-17.9689
-18.0064
-18.0262
-18.7286
-18.9221
-19.0756
-19.125
-19.1782
-19.2321
-19.2893
-19.3499
-19.4145
-19.4817
-19.5412
-19.589
-19.6202
-19.6507
-19.6968
-19.7348
-19.7571
-19.7669
-19.7569
-19.744
-19.76
-19.7906
-19.7786
-19.68
-19.482
-19.2193
-18.9745
-18.7858
-18.6335
-18.5246
-18.4991
-18.5488
-18.6796
-18.869
-19.0666
-19.2406
-19.3688
-19.4319
-19.446
-19.4155
-19.3319
-19.2049
-19.0524
-18.8946
-18.7598
-18.6721
-18.6397
-18.6709
-18.6739
-18.7216
-18.8348
-18.9936
-19.1649
-19.3163
-19.4483
-19.5466
-19.6045
-19.6193
-19.5988
-19.5687
-19.5345
-19.5016
-19.4714
-19.4421
-19.4143
-19.3763
-19.3038
-19.2874
-19.1472
-19.0534
-19.0269
-19.0988
-19.1305
-19.0647
-18.974
-18.8423
-18.6933
-18.6041
-18.6154
-18.6492
-19.1891
-19.3307
-19.4551
-19.5174
-19.5747
-19.6307
-19.6862
-19.7459
-19.8133
-19.8862
-19.9627
-20.0397
-20.1166
-20.2129
-20.3034
-20.3714
-20.415
-20.4291
-20.4148
-20.4096
-20.4233
-20.4314
-20.3891
-20.2897
-20.137
-19.9516
-19.7859
-19.6168
-19.4368
-19.2983
-19.2733
-19.3246
-19.4377
-19.5804
-19.7006
-19.7795
-19.8326
-19.8685
-19.8903
-19.8702
-19.8031
-19.6868
-19.5431
-19.3898
-19.2578
-19.1791
-19.1531
-19.2079
-19.2073
-19.2772
-19.3894
-19.5441
-19.7158
-19.8714
-20.0165
-20.1207
-20.1785
-20.1944
-20.1777
-20.1417
-20.1099
-20.0825
-20.0647
-20.0558
-20.0594
-20.0865
-20.1186
-20.2353
-20.1489
-20.0538
-19.9772
-20.0383
-20.0504
-19.9481
-19.7683
-19.5904
-19.4085
-19.279
-19.2545
-19.2835
-19.6887
-19.7689
-19.8671
-19.9252
-19.9798
-20.0331
-20.0882
-20.149
-20.219
-20.3005
-20.3982
-20.5111
-20.6433
-20.7946
-20.9216
-21.0139
-21.0674
-21.0729
-21.0502
-21.0226
-21.0021
-20.9723
-20.9161
-20.8189
-20.693
-20.5566
-20.4512
-20.3399
-20.1688
-20.0276
-19.9955
-20.0521
-20.1535
-20.2497
-20.3117
-20.3407
-20.3511
-20.3856
-20.427
-20.4395
-20.3913
-20.2754
-20.1152
-19.9528
-19.831
-19.7738
-19.751
-19.7878
-19.8117
-19.8819
-19.9827
-20.1183
-20.2727
-20.4226
-20.5574
-20.6601
-20.7213
-20.7435
-20.7389
-20.7023
-20.6746
-20.6531
-20.6438
-20.651
-20.6859
-20.792
-20.9912
-21.1931
-21.2553
-21.1305
-21.0116
-21.0199
-21.0334
-20.8828
-20.6207
-20.3765
-20.14
-19.9821
-19.9366
-19.9317
-20.276
-20.2912
-20.3229
-20.349
-20.3912
-20.4419
-20.4999
-20.5653
-20.6426
-20.7401
-20.8644
-21.0181
-21.2008
-21.3882
-21.5478
-21.6609
-21.7209
-21.723
-21.6823
-21.6206
-21.5657
-21.5175
-21.4482
-21.3556
-21.2484
-21.1362
-21.0597
-21.0031
-20.854
-20.7153
-20.691
-20.7564
-20.8407
-20.8874
-20.8962
-20.9127
-20.9501
-21.0148
-21.0845
-21.1333
-21.1028
-20.9758
-20.7724
-20.5861
-20.4782
-20.4278
-20.4219
-20.4393
-20.474
-20.5306
-20.6133
-20.7203
-20.8453
-20.9728
-21.0837
-21.1734
-21.2319
-21.2594
-21.2668
-21.259
-21.2347
-21.2145
-21.2094
-21.2285
-21.2891
-21.4404
-21.7296
-21.994
-22.1101
-22.0357
-21.8453
-21.7984
-21.8091
-21.7014
-21.4506
-21.1445
-20.8597
-20.6758
-20.6135
-20.5798
-20.896
-20.8653
-20.8157
-20.7968
-20.8067
-20.8661
-20.929
-21.0035
-21.0943
-21.2109
-21.3622
-21.5535
-21.7743
-21.9893
-22.1777
-22.3204
-22.4064
-22.4096
-22.3332
-22.2313
-22.1455
-22.0782
-21.9991
-21.9056
-21.8103
-21.716
-21.6737
-21.6638
-21.5512
-21.4113
-21.429
-21.4912
-21.5523
-21.5776
-21.5716
-21.578
-21.6437
-21.7476
-21.8429
-21.8878
-21.8328
-21.6811
-21.4542
-21.2681
-21.1595
-21.0919
-21.1053
-21.1114
-21.1581
-21.2068
-21.2693
-21.3461
-21.4374
-21.5319
-21.6132
-21.6834
-21.7323
-21.76
-21.7778
-21.789
-21.7843
-21.7716
-21.7689
-21.7927
-21.8587
-22.0095
-22.2755
-22.543
-22.6937
-22.6314
-22.4245
-22.3435
-22.373
-22.3344
-22.1416
-21.8239
-21.515
-21.3169
-21.2383
-21.1868
-21.4216
-21.4098
-21.3312
-21.2933
-21.2606
-21.3268
-21.3873
-21.471
-21.5752
-21.7084
-21.879
-22.0943
-22.3406
-22.583
-22.8043
-22.9997
-23.1309
-23.1434
-23.0371
-22.8908
-22.7523
-22.6488
-22.5565
-22.4578
-22.3706
-22.2846
-22.2555
-22.2631
-22.202
-22.1367
-22.2023
-22.2398
-22.2566
-22.2702
-22.2723
-22.2666
-22.3393
-22.4681
-22.5649
-22.5638
-22.4747
-22.3098
-22.1054
-21.938
-21.8315
-21.7667
-21.768
-21.7767
-21.8283
-21.8804
-21.9298
-21.9821
-22.0432
-22.1072
-22.162
-22.2074
-22.2422
-22.2694
-22.2924
-22.3113
-22.3244
-22.3279
-22.3317
-22.3537
-22.408
-22.5272
-22.712
-22.9057
-23.0554
-23.0211
-22.8749
-22.7871
-22.8153
-22.8229
-22.6802
-22.3971
-22.0814
-21.8708
-21.7852
-21.7334
-21.929
-21.9141
-21.8747
-21.828
-21.7795
-21.8226
-21.8766
-21.9661
-22.0798
-22.2242
-22.4053
-22.6301
-22.8897
-23.1592
-23.431
-23.6836
-23.8573
-23.8844
-23.7698
-23.584
-23.386
-23.2229
-23.1071
-23.0073
-22.9235
-22.8381
-22.8009
-22.7855
-22.7702
-22.7779
-22.86
-22.8639
-22.8587
-22.8652
-22.8843
-22.9049
-22.9848
-23.1096
-23.1432
-23.0872
-22.9774
-22.8564
-22.7001
-22.5658
-22.4887
-22.4499
-22.4165
-22.4244
-22.4694
-22.5228
-22.5716
-22.6101
-22.6497
-22.6923
-22.7289
-22.7549
-22.7736
-22.7933
-22.8189
-22.8439
-22.8628
-22.8777
-22.8933
-22.9115
-22.9543
-23.0394
-23.1385
-23.2488
-23.3692
-23.3715
-23.2783
-23.2122
-23.2368
-23.2643
-23.156
-22.9041
-22.5794
-22.3596
-22.2794
-22.2341
-22.4357
-22.4239
-22.3955
-22.3682
-22.3231
-22.3361
-22.3891
-22.4819
-22.6005
-22.7486
-22.9349
-23.1648
-23.4325
-23.7274
-24.042
-24.3248
-24.5157
-24.5491
-24.4264
-24.2178
-23.9909
-23.7857
-23.6458
-23.5516
-23.4754
-23.3853
-23.3274
-23.3076
-23.2913
-23.3375
-23.3906
-23.3828
-23.3821
-23.3942
-23.4194
-23.476
-23.5426
-23.6157
-23.5941
-23.5228
-23.444
-23.3595
-23.2487
-23.1567
-23.1204
-23.1029
-23.0567
-23.0587
-23.0874
-23.1305
-23.1759
-23.2115
-23.2413
-23.2716
-23.2988
-23.3151
-23.3231
-23.3344
-23.3565
-23.3841
-23.4038
-23.4195
-23.4376
-23.4589
-23.4986
-23.5622
-23.6094
-23.6593
-23.7311
-23.7349
-23.6859
-23.6567
-23.6909
-23.7405
-23.6431
-23.3814
-23.0456
-22.8324
-22.7567
-22.7025
-22.9685
-22.9411
-22.8903
-22.879
-22.8413
-22.8424
-22.9145
-23.0118
-23.1324
-23.2744
-23.4585
-23.6913
-23.9644
-24.2758
-24.5988
-24.8779
-25.0538
-25.0869
-24.9743
-24.7651
-24.535
-24.3222
-24.1727
-24.0886
-24.0262
-23.9337
-23.857
-23.843
-23.8187
-23.8588
-23.8721
-23.8746
-23.8822
-23.8986
-23.9247
-23.9867
-24.0221
-24.0247
-23.9951
-23.9432
-23.9015
-23.8528
-23.7852
-23.7386
-23.7312
-23.7159
-23.687
-23.6852
-23.6942
-23.7191
-23.7498
-23.7791
-23.8032
-23.8275
-23.8524
-23.8694
-23.876
-23.8831
-23.9004
-23.925
-23.9455
-23.9542
-23.9628
-23.9875
-24.0291
-24.0743
-24.0937
-24.1095
-24.1391
-24.1452
-24.1299
-24.1346
-24.1889
-24.2597
-24.138
-23.846
-23.5014
-23.2919
-23.222
-23.1372
-23.5271
-23.4714
-23.3979
-23.3889
-23.3829
-23.3482
-23.4553
-23.5535
-23.6735
-23.798
-23.9727
-24.2018
-24.4766
-24.7817
-25.0801
-25.3281
-25.4764
-25.5016
-25.4112
-25.225
-25.0114
-24.8182
-24.6825
-24.6103
-24.5612
-24.4764
-24.3992
-24.3913
-24.3763
-24.3797
-24.3609
-24.3616
-24.3729
-24.3874
-24.4176
-24.4574
-24.4806
-24.4366
-24.4119
-24.3843
-24.3543
-24.3368
-24.3199
-24.3147
-24.323
-24.3205
-24.3166
-24.3092
-24.2969
-24.2983
-24.3112
-24.3279
-24.3449
-24.3666
-24.391
-24.4102
-24.4207
-24.4263
-24.4382
-24.4574
-24.4755
-24.4794
-24.4745
-24.4844
-24.5227
-24.5621
-24.5802
-24.6021
-24.6209
-24.622
-24.6199
-24.6438
-24.701
-24.7868
-24.6068
-24.294
-23.9541
-23.7421
-23.6553
-23.5489
-24.1059
-24.0491
-23.9539
-23.9347
-23.9516
-23.9009
-24.0226
-24.1164
-24.2271
-24.3302
-24.4835
-24.7009
-24.9585
-25.2298
-25.4835
-25.6856
-25.8032
-25.8237
-25.7551
-25.612
-25.4348
-25.2752
-25.173
-25.1171
-25.0744
-25.0021
-24.9402
-24.9411
-24.9566
-24.9367
-24.8856
-24.8589
-24.8569
-24.8652
-24.8974
-24.9305
-24.9575
-24.9148
-24.8814
-24.8477
-24.8123
-24.8193
-24.8484
-24.8708
-24.8857
-24.9156
-24.9366
-24.9254
-24.8922
-24.8684
-24.863
-24.8697
-24.8829
-24.9031
-24.9271
-24.9447
-24.9537
-24.9578
-24.9629
-24.9738
-24.9835
-24.985
-24.9766
-24.9714
-25.0028
-25.0578
-25.1203
-25.1712
-25.1749
-25.1505
-25.1513
-25.1794
-25.23
-25.2532
-25.0406
-24.7358
-24.4189
-24.2073
-24.0789
-23.9897
-24.693
-24.6846
-24.6212
-24.5924
-24.5988
-24.5651
-24.6446
-24.7213
-24.812
-24.8942
-25.0119
-25.1917
-25.3958
-25.6136
-25.8121
-25.9691
-26.0642
-26.0896
-26.0473
-25.9583
-25.8297
-25.7122
-25.6474
-25.6111
-25.5711
-25.5138
-25.4702
-25.4706
-25.5031
-25.4944
-25.436
-25.3786
-25.3432
-25.3361
-25.3721
-25.4043
-25.4359
-25.4416
-25.4095
-25.3624
-25.2984
-25.3139
-25.3745
-25.409
-25.432
-25.4871
-25.5269
-25.5185
-25.4703
-25.4244
-25.403
-25.4019
-25.415
-25.4371
-25.4626
-25.4784
-25.481
-25.4782
-25.4779
-25.4805
-25.4829
-25.4826
-25.4783
-25.4789
-25.5346
-25.6358
-25.743
-25.7832
-25.7388
-25.706
-25.7223
-25.7225
-25.7513
-25.7137
-25.4839
-25.2015
-24.9282
-24.7403
-24.6145
-24.5468
-25.34
-25.3802
-25.413
-25.4024
-25.3796
-25.335
-25.3351
-25.3659
-25.423
-25.4766
-25.5523
-25.6605
-25.7945
-25.9494
-26.0954
-26.2183
-26.303
-26.3424
-26.3383
-26.293
-26.2145
-26.1442
-26.1068
-26.0882
-26.0546
-26.0184
-25.992
-25.9833
-26.0022
-26.0094
-25.9752
-25.9131
-25.853
-25.8252
-25.8553
-25.8825
-25.9196
-25.9515
-25.9496
-25.9
-25.8296
-25.8195
-25.9191
-25.9836
-26.016
-26.0466
-26.0877
-26.0855
-26.0276
-25.964
-25.9297
-25.922
-25.9374
-25.9647
-25.9942
-26.009
-26.0043
-25.9921
-25.9859
-25.9902
-26.0021
-26.0178
-26.0451
-26.0867
-26.1993
-26.3444
-26.453
-26.4383
-26.3445
-26.3354
-26.3424
-26.298
-26.2947
-26.1873
-25.9549
-25.7068
-25.4936
-25.3581
-25.2769
-25.2181
-26.0577
-26.1655
-26.3096
-26.3412
-26.2631
-26.1387
-26.051
-26.0193
-26.0208
-26.049
-26.0834
-26.1175
-26.1909
-26.2885
-26.3934
-26.4875
-26.5674
-26.6306
-26.6734
-26.6521
-26.6116
-26.5786
-26.5597
-26.5514
-26.5277
-26.5086
-26.4906
-26.4748
-26.477
-26.4835
-26.4654
-26.4218
-26.3702
-26.3401
-26.3432
-26.3668
-26.4032
-26.4417
-26.4674
-26.4507
-26.3961
-26.343
-26.497
-26.6347
-26.6908
-26.6842
-26.6836
-26.6483
-26.5656
-26.4865
-26.4426
-26.4291
-26.4457
-26.4791
-26.5124
-26.5267
-26.5148
-26.4938
-26.4846
-26.499
-26.5381
-26.6001
-26.6921
-26.8415
-27.0222
-27.1884
-27.2196
-27.1309
-27.0349
-27.0242
-26.9696
-26.9103
-26.8597
-26.6722
-26.4372
-26.2289
-26.0792
-25.995
-25.9164
-25.8709
-26.7908
-26.9751
-27.1782
-27.2307
-27.091
-26.9045
-26.7621
-26.6584
-26.6021
-26.615
-26.6168
-26.6095
-26.6408
-26.6953
-26.7551
-26.8186
-26.9024
-26.9976
-27.0605
-27.0611
-27.0333
-27.0153
-27.016
-27.0109
-26.9977
-26.9807
-26.9629
-26.9425
-26.9315
-26.9293
-26.9137
-26.891
-26.87
-26.857
-26.8265
-26.8569
-26.8877
-26.9316
-26.967
-26.99
-26.9844
-26.9263
-27.097
-27.3132
-27.4135
-27.399
-27.3176
-27.1946
-27.0782
-26.9888
-26.9398
-26.923
-26.9336
-26.9732
-27.0053
-27.0175
-26.9987
-26.9698
-26.9595
-26.9844
-27.0519
-27.1627
-27.3228
-27.5668
-27.8468
-28.0422
-28.0519
-27.8725
-27.7614
-27.6899
-27.5856
-27.5033
-27.3779
-27.1322
-26.8981
-26.7249
-26.6388
-26.6136
-26.5389
-26.4612
-27.4782
-27.7087
-27.873
-27.9048
-27.7351
-27.5771
-27.4275
-27.2732
-27.1934
-27.1863
-27.1684
-27.1518
-27.1623
-27.176
-27.1894
-27.2407
-27.3336
-27.4316
-27.4917
-27.496
-27.4722
-27.4691
-27.479
-27.4771
-27.4645
-27.4451
-27.4257
-27.4026
-27.3839
-27.3731
-27.3605
-27.3518
-27.3521
-27.3651
-27.3305
-27.3584
-27.3766
-27.4171
-27.4595
-27.5046
-27.5511
-27.5441
-27.6739
-27.8761
-28.0039
-27.9893
-27.8474
-27.6763
-27.5449
-27.4622
-27.4185
-27.4018
-27.4073
-27.435
-27.4634
-27.4706
-27.4455
-27.4094
-27.3961
-27.4249
-27.5048
-27.6384
-27.8351
-28.1149
-28.4595
-28.7295
-28.7741
-28.605
-28.4224
-28.2633
-28.1296
-27.9988
-27.7988
-27.5385
-27.3151
-27.1626
-27.124
-27.1664
-27.1303
-26.9891
-28.091
-28.2969
-28.3895
-28.3782
-28.2309
-28.1406
-28.0051
-27.8479
-27.7869
-27.7588
-27.7323
-27.7149
-27.7091
-27.6954
-27.6944
-27.7451
-27.824
-27.8966
-27.9329
-27.932
-27.9313
-27.9443
-27.9534
-27.947
-27.9288
-27.9103
-27.8905
-27.8675
-27.8458
-27.8291
-27.8172
-27.8191
-27.8289
-27.866
-27.863
-27.8634
-27.8673
-27.8969
-27.9344
-27.9867
-28.0528
-28.0951
-28.1138
-28.2043
-28.3218
-28.317
-28.2043
-28.0681
-27.9693
-27.9114
-27.8794
-27.8646
-27.8626
-27.8749
-27.89
-27.8873
-27.8559
-27.8143
-27.7962
-27.8205
-27.8949
-28.0216
-28.2099
-28.4714
-28.7784
-29.0399
-29.1218
-29.0149
-28.8319
-28.6624
-28.5185
-28.3546
-28.1409
-27.9064
-27.6949
-27.5363
-27.5003
-27.5616
-27.5914
-27.4817
-28.5989
-28.7367
-28.7738
-28.7295
-28.621
-28.5778
-28.4794
-28.3847
-28.3599
-28.3196
-28.2892
-28.2696
-28.2487
-28.232
-28.2368
-28.2708
-28.3197
-28.356
-28.3715
-28.3905
-28.4103
-28.4308
-28.4326
-28.4165
-28.398
-28.3796
-28.3598
-28.3383
-28.3166
-28.2976
-28.2857
-28.2932
-28.3113
-28.3547
-28.3808
-28.3613
-28.3546
-28.3698
-28.392
-28.4291
-28.4818
-28.5136
-28.4309
-28.4234
-28.4993
-28.5277
-28.4904
-28.4306
-28.3818
-28.3499
-28.329
-28.3155
-28.3068
-28.3028
-28.2993
-28.283
-28.2465
-28.201
-28.1781
-28.1935
-28.251
-28.352
-28.4987
-28.6863
-28.8931
-29.0665
-29.1464
-29.1078
-29.0051
-28.8949
-28.7805
-28.6388
-28.4707
-28.2882
-28.0773
-27.8758
-27.7987
-27.8529
-27.9718
-27.9793
-29.0189
-29.077
-29.088
-29.0423
-28.961
-28.9317
-28.8878
-28.8779
-28.889
-28.8502
-28.8225
-28.7913
-28.7689
-28.7585
-28.7636
-28.7687
-28.7939
-28.811
-28.8402
-28.8745
-28.9092
-28.9202
-28.9076
-28.8889
-28.8707
-28.8521
-28.8328
-28.8128
-28.7926
-28.7738
-28.7624
-28.7696
-28.7908
-28.8339
-28.8762
-28.8438
-28.8339
-28.8373
-28.8438
-28.8561
-28.8682
-28.854
-28.7618
-28.7275
-28.7616
-28.8083
-28.8271
-28.8204
-28.8046
-28.7889
-28.7747
-28.7613
-28.7476
-28.7313
-28.7115
-28.6824
-28.6411
-28.5946
-28.5673
-28.5717
-28.6097
-28.6813
-28.7833
-28.8858
-28.9769
-29.0658
-29.1291
-29.1476
-29.127
-29.0859
-29.0244
-28.9486
-28.8688
-28.745
-28.5353
-28.2808
-28.1568
-28.2454
-28.4424
-28.4683
-29.382
-29.4035
-29.4096
-29.3758
-29.3236
-29.2926
-29.2985
-29.3188
-29.3581
-29.322
-29.3006
-29.2744
-29.2557
-29.2588
-29.2463
-29.2371
-29.2519
-29.2923
-29.3357
-29.3822
-29.4041
-29.3972
-29.3805
-29.3626
-29.3451
-29.3273
-29.3089
-29.2903
-29.2719
-29.2545
-29.2432
-29.2457
-29.2648
-29.3058
-29.3381
-29.3097
-29.3036
-29.3004
-29.2974
-29.2935
-29.2801
-29.2438
-29.1803
-29.1559
-29.1727
-29.21
-29.2357
-29.2444
-29.2417
-29.2336
-29.2226
-29.2088
-29.1918
-29.1693
-29.1404
-29.1039
-29.0602
-29.0139
-28.982
-28.9746
-28.9941
-29.0378
-29.1041
-29.1591
-29.1764
-29.1918
-29.2337
-29.2852
-29.3249
-29.3391
-29.3367
-29.3508
-29.3746
-29.3261
-29.1517
-28.9377
-28.8654
-28.9207
-28.9742
-28.9612
-29.7461
-29.7546
-29.7702
-29.7691
-29.75
-29.7292
-29.745
-29.7346
-29.7446
-29.7156
-29.7139
-29.7174
-29.7359
-29.7351
-29.7093
-29.7207
-29.7333
-29.7839
-29.8436
-29.8799
-29.8809
-29.8687
-29.8533
-29.8373
-29.8211
-29.8045
-29.7875
-29.7705
-29.7538
-29.738
-29.7264
-29.7235
-29.7345
-29.762
-29.7756
-29.7661
-29.7665
-29.7624
-29.7552
-29.7448
-29.7262
-29.6946
-29.6561
-29.6379
-29.6454
-29.6651
-29.6824
-29.6913
-29.692
-29.6866
-29.6765
-29.6622
-29.6432
-29.6187
-29.5875
-29.5497
-29.5066
-29.4613
-29.426
-29.408
-29.4102
-29.4305
-29.4682
-29.5054
-29.4973
-29.4774
-29.4931
-29.5532
-29.6171
-29.6684
-29.7355
-29.8454
-29.9795
-30.0522
-30.0252
-29.9689
-29.9292
-29.8395
-29.6855
-29.5602
-30.1374
-30.1474
-30.1801
-30.2166
-30.2203
-30.23
-30.2154
-30.1462
-30.0996
-30.0557
-30.0878
-30.1669
-30.2378
-30.2292
-30.1987
-30.206
-30.2544
-30.2973
-30.345
-30.3584
-30.3526
-30.3407
-30.3273
-30.3132
-30.2985
-30.2833
-30.2678
-30.2525
-30.2376
-30.2236
-30.2122
-30.2058
-30.2076
-30.2177
-30.2234
-30.2261
-30.23
-30.2273
-30.2193
-30.208
-30.1909
-30.1678
-30.1442
-30.1304
-30.1311
-30.1396
-30.1488
-30.154
-30.1537
-30.1481
-30.1378
-30.1228
-30.103
-30.0781
-30.0475
-30.0114
-29.971
-29.9293
-29.8925
-29.867
-29.8552
-29.8572
-29.8738
-29.8998
-29.9015
-29.8805
-29.8779
-29.9223
-29.991
-30.0732
-30.193
-30.3781
-30.6244
-30.8539
-31.0057
-31.0361
-30.9486
-30.77
-30.5357
-30.2798
-30.5583
-30.5762
-30.6184
-30.6735
-30.6965
-30.7336
-30.6943
-30.5854
-30.4965
-30.4047
-30.5173
-30.6952
-30.7814
-30.7551
-30.756
-30.7334
-30.7729
-30.8114
-30.833
-30.8344
-30.8258
-30.8149
-30.8029
-30.7901
-30.7768
-30.7631
-30.7492
-30.7355
-30.7224
-30.7102
-30.6998
-30.6925
-30.6891
-30.6897
-30.6919
-30.6965
-30.7001
-30.6978
-30.6906
-30.6804
-30.6664
-30.6497
-30.6338
-30.6234
-30.6207
-30.6227
-30.6257
-30.6267
-30.6241
-30.6172
-30.6061
-30.5907
-30.5707
-30.5462
-30.517
-30.4834
-30.4466
-30.4085
-30.3727
-30.3433
-30.3222
-30.31
-30.31
-30.3244
-30.3428
-30.3367
-30.3381
-30.3677
-30.4367
-30.5364
-30.679
-30.9208
-31.2673
-31.6324
-31.8796
-31.9153
-31.7775
-31.5443
-31.3035
-31.0195
-30.9979
-31.0221
-31.0619
-31.1093
-31.134
-31.1991
-31.1675
-31.0833
-31.0068
-30.9151
-31.1145
-31.3033
-31.3409
-31.3032
-31.3235
-31.3197
-31.3087
-31.3164
-31.3181
-31.3115
-31.3015
-31.2908
-31.2796
-31.2678
-31.2558
-31.2435
-31.2312
-31.2192
-31.2077
-31.197
-31.1878
-31.1807
-31.1761
-31.1741
-31.1742
-31.1762
-31.1774
-31.1745
-31.168
-31.1592
-31.1481
-31.1358
-31.1242
-31.1157
-31.1113
-31.1094
-31.1082
-31.1058
-31.1008
-31.0926
-31.0807
-31.065
-31.0454
-31.0217
-30.9942
-30.9631
-30.9295
-30.8948
-30.8608
-30.8302
-30.8039
-30.7822
-30.7696
-30.7705
-30.7853
-30.793
-30.8032
-30.8371
-30.9009
-30.9994
-31.1601
-31.4385
-31.8529
-32.2948
-32.5764
-32.5996
-32.4174
-32.1317
-31.876
-31.6345
-31.45
-31.4741
-31.5049
-31.533
-31.5597
-31.6252
-31.6371
-31.6381
-31.5924
-31.6202
-31.7803
-31.8675
-31.8603
-31.8434
-31.866
-31.8913
-31.8465
-31.8139
-31.8007
-31.7892
-31.7781
-31.7674
-31.7568
-31.746
-31.7352
-31.7243
-31.7135
-31.703
-31.693
-31.6838
-31.6757
-31.6691
-31.6644
-31.6616
-31.6604
-31.66
-31.6591
-31.6556
-31.6499
-31.6424
-31.6334
-31.6239
-31.6148
-31.6073
-31.6021
-31.5978
-31.5939
-31.5891
-31.5823
-31.5729
-31.5605
-31.5448
-31.5257
-31.5033
-31.4776
-31.449
-31.4182
-31.3862
-31.3543
-31.3239
-31.2954
-31.2685
-31.2471
-31.2376
-31.2417
-31.2557
-31.2613
-31.2814
-31.3331
-31.426
-31.5953
-31.8885
-32.3124
-32.7363
-33.0414
-33.0603
-32.85
-32.5339
-32.2608
-32.0779
-31.9149
-31.9367
-31.9571
-31.9756
-32.0083
-32.0401
-32.1188
-32.2599
-32.2384
-32.2774
-32.3184
-32.3405
-32.3259
-32.3439
-32.3913
-32.4161
-32.3558
-32.3026
-32.2799
-32.266
-32.2544
-32.2439
-32.2341
-32.2244
-32.2148
-32.2053
-32.196
-32.187
-32.1784
-32.1705
-32.1635
-32.1577
-32.1531
-32.1498
-32.1476
-32.1459
-32.1436
-32.14
-32.1348
-32.1283
-32.1209
-32.113
-32.1054
-32.0985
-32.0926
-32.0872
-32.0816
-32.0752
-32.0671
-32.057
-32.0443
-32.0289
-32.0107
-31.9896
-31.9657
-31.9395
-31.9113
-31.8818
-31.8519
-31.8224
-31.7935
-31.7648
-31.7388
-31.7214
-31.7159
-31.7222
-31.7296
-31.7324
-31.7587
-31.8351
-31.9906
-32.2614
-32.6458
-32.9952
-33.2437
-33.265
-33.0726
-32.7761
-32.5299
-32.3842
-32.3929
-32.4174
-32.4245
-32.4498
-32.4681
-32.4546
-32.5866
-32.8386
-32.9114
-32.8436
-32.7715
-32.7821
-32.7678
-32.8043
-32.8831
-32.9
-32.8374
-32.7801
-32.7545
-32.7406
-32.7295
-32.7199
-32.7112
-32.7028
-32.6946
-32.6866
-32.6787
-32.6711
-32.6639
-32.6572
-32.6512
-32.6461
-32.6418
-32.6385
-32.6357
-32.6332
-32.6303
-32.6265
-32.6217
-32.616
-32.6096
-32.6029
-32.5961
-32.5896
-32.5834
-32.5772
-32.5707
-32.5634
-32.5546
-32.5441
-32.5315
-32.5166
-32.4993
-32.4796
-32.4576
-32.4336
-32.4078
-32.3808
-32.3529
-32.3249
-32.2969
-32.2688
-32.2422
-32.2207
-32.2078
-32.2042
-32.2113
-32.219
-32.2313
-32.2815
-32.4024
-32.6135
-32.8858
-33.1319
-33.3073
-33.3236
-33.1772
-32.9516
-32.7648
-32.6596
-32.8822
-32.9116
-32.9066
-32.9509
-32.9388
-32.9006
-33.0216
-33.2629
-33.4404
-33.3514
-33.2439
-33.2258
-33.2174
-33.2528
-33.3323
-33.3533
-33.3021
-33.249
-33.2247
-33.2128
-33.2034
-33.1952
-33.188
-33.1812
-33.1745
-33.168
-33.1616
-33.1554
-33.1495
-33.1439
-33.1389
-33.1344
-33.1305
-33.1272
-33.1242
-33.1214
-33.1182
-33.1145
-33.11
-33.1049
-33.0992
-33.0932
-33.087
-33.0808
-33.0745
-33.068
-33.061
-33.0532
-33.0443
-33.0337
-33.0214
-33.0072
-32.9909
-32.9726
-32.9524
-32.9304
-32.907
-32.8823
-32.8567
-32.8307
-32.8044
-32.7778
-32.7523
-32.73
-32.7133
-32.7033
-32.7035
-32.7156
-32.737
-32.7747
-32.8559
-32.9857
-33.1393
-33.2886
-33.3965
-33.4091
-33.3215
-33.1801
-33.0544
-32.9884
-33.3858
-33.4111
-33.4103
-33.4501
-33.4358
-33.4054
-33.4643
-33.6637
-33.861
-33.8257
-33.7274
-33.6888
-33.68
-33.7079
-33.7688
-33.7934
-33.7563
-33.7121
-33.692
-33.6832
-33.6762
-33.6701
-33.6648
-33.6597
-33.6547
-33.6497
-33.6448
-33.6399
-33.6352
-33.6307
-33.6265
-33.6227
-33.6192
-33.6161
-33.6131
-33.6101
-33.6069
-33.6033
-33.5992
-33.5945
-33.5894
-33.5839
-33.5782
-33.5722
-33.566
-33.5594
-33.5522
-33.5445
-33.5356
-33.5253
-33.5134
-33.5
-33.4849
-33.468
-33.4495
-33.4295
-33.4082
-33.3858
-33.3626
-33.3388
-33.3147
-33.2904
-33.2667
-33.2449
-33.2273
-33.2141
-33.2082
-33.2137
-33.234
-33.2705
-33.326
-33.4015
-33.4862
-33.5683
-33.6262
-33.6373
-33.5938
-33.5063
-33.434
-33.3913
-33.9064
-33.9142
-33.9243
-33.9343
-33.9614
-33.9605
-33.99
-34.1611
-34.3013
-34.2874
-34.2041
-34.1605
-34.1515
-34.1719
-34.2132
-34.2337
-34.2066
-34.1724
-34.1579
-34.1528
-34.1488
-34.1452
-34.142
-34.1388
-34.1354
-34.1319
-34.1284
-34.1247
-34.1211
-34.1176
-34.1142
-34.111
-34.108
-34.1051
-34.1022
-34.0994
-34.0963
-34.0928
-34.089
-34.0847
-34.0801
-34.075
-34.0697
-34.064
-34.058
-34.0516
-34.0446
-34.0369
-34.0282
-34.0184
-34.0072
-33.9947
-33.9807
-33.9653
-33.9485
-33.9304
-33.9112
-33.891
-33.8701
-33.8486
-33.8268
-33.805
-33.7837
-33.764
-33.7457
-33.7311
-33.7214
-33.7199
-33.7312
-33.7577
-33.8002
-33.8586
-33.9214
-33.9726
-34.0068
-34.0131
-33.9757
-33.9158
-33.8737
-33.8429
-34.4294
-34.4095
-34.4338
-34.4197
-34.4634
-34.4848
-34.5209
-34.6351
-34.7211
-34.7153
-34.6631
-34.632
-34.6267
-34.6399
-34.6654
-34.6775
-34.656
-34.6321
-34.6243
-34.6231
-34.6221
-34.6211
-34.62
-34.6186
-34.6168
-34.6148
-34.6125
-34.61
-34.6074
-34.6047
-34.602
-34.5993
-34.5968
-34.5942
-34.5916
-34.5889
-34.586
-34.5828
-34.5793
-34.5754
-34.5711
-34.5665
-34.5615
-34.5562
-34.5506
-34.5444
-34.5377
-34.5303
-34.522
-34.5128
-34.5024
-34.4909
-34.4782
-34.4642
-34.4491
-34.4328
-34.4156
-34.3976
-34.3789
-34.3596
-34.3401
-34.3206
-34.3016
-34.2832
-34.266
-34.251
-34.2393
-34.2323
-34.2349
-34.2511
-34.2826
-34.3293
-34.3817
-34.42
-34.4369
-34.4308
-34.4056
-34.37
-34.3363
-34.3123
-34.9556
-34.935
-34.9395
-34.9278
-34.9402
-34.9493
-34.9762
-35.044
-35.1072
-35.1258
-35.1126
-35.1004
-35.0989
-35.1053
-35.1198
-35.1231
-35.107
-35.0943
-35.0931
-35.0955
-35.0973
-35.0986
-35.0993
-35.0995
-35.0992
-35.0984
-35.0972
-35.0957
-35.0939
-35.092
-35.09
-35.0879
-35.0857
-35.0835
-35.0812
-35.0788
-35.0761
-35.0732
-35.07
-35.0664
-35.0625
-35.0583
-35.0538
-35.0488
-35.0436
-35.0378
-35.0315
-35.0246
-35.0169
-35.0083
-34.9989
-34.9884
-34.977
-34.9645
-34.9509
-34.9365
-34.9212
-34.9053
-34.8888
-34.8718
-34.8545
-34.8373
-34.8204
-34.8039
-34.7879
-34.7732
-34.7604
-34.7477
-34.7435
-34.7491
-34.7677
-34.8001
-34.8389
-34.8682
-34.8759
-34.8653
-34.8499
-34.832
-34.8032
-34.7778
-35.486
-35.48
-35.4705
-35.4623
-35.4494
-35.4488
-35.461
-35.4969
-35.541
-35.5659
-35.57
-35.5675
-35.5651
-35.567
-35.5754
-35.5737
-35.5651
-35.5627
-35.5667
-35.5715
-35.5753
-35.5782
-35.5804
-35.5819
-35.5827
-35.5829
-35.5826
-35.5819
-35.5809
-35.5796
-35.5782
-35.5766
-35.5749
-35.573
-35.571
-35.5689
-35.5665
-35.5639
-35.561
-35.5578
-35.5543
-35.5505
-35.5463
-35.5419
-35.537
-35.5317
-35.5259
-35.5196
-35.5126
-35.5048
-35.4963
-35.487
-35.4768
-35.4657
-35.4538
-35.4412
-35.4278
-35.4139
-35.3995
-35.3848
-35.3698
-35.3548
-35.34
-35.3255
-35.3113
-35.2974
-35.2837
-35.2684
-35.259
-35.2556
-35.2613
-35.2793
-35.3053
-35.3256
-35.3281
-35.3148
-35.2983
-35.2898
-35.2664
-35.2399
-35.9991
-35.9995
-36.0032
-36.0071
-35.9947
-35.9949
-35.9991
-36.0162
-36.0406
-36.0558
-36.0586
-36.0537
-36.0471
-36.0445
-36.043
-36.0382
-36.0369
-36.0405
-36.0462
-36.0518
-36.0565
-36.0604
-36.0634
-36.0658
-36.0673
-36.0683
-36.0687
-36.0687
-36.0684
-36.0677
-36.0667
-36.0656
-36.0643
-36.0628
-36.0611
-36.0592
-36.0572
-36.0548
-36.0523
-36.0494
-36.0463
-36.0429
-36.0393
-36.0352
-36.0309
-36.0262
-36.021
-36.0153
-36.009
-36.0021
-35.9946
-35.9864
-35.9774
-35.9678
-35.9576
-35.9466
-35.9351
-35.9231
-35.9108
-35.8983
-35.8856
-35.8729
-35.8603
-35.848
-35.8359
-35.824
-35.8117
-35.7942
-35.7835
-35.7767
-35.777
-35.7864
-35.8003
-35.8086
-35.8041
-35.7842
-35.7599
-35.7446
-35.7312
-35.7052
-36.5038
-36.5055
-36.5119
-36.5244
-36.5259
-36.5327
-36.5407
-36.5532
-36.5677
-36.5751
-36.5719
-36.5623
-36.5534
-36.5428
-36.5294
-36.5223
-36.5223
-36.526
-36.531
-36.5361
-36.5408
-36.5449
-36.5484
-36.5511
-36.5532
-36.5547
-36.5557
-36.5562
-36.5563
-36.5561
-36.5556
-36.5549
-36.5539
-36.5528
-36.5514
-36.5498
-36.5481
-36.5461
-36.5438
-36.5414
-36.5387
-36.5357
-36.5325
-36.529
-36.5252
-36.521
-36.5165
-36.5115
-36.506
-36.5001
-36.4936
-36.4865
-36.4789
-36.4707
-36.462
-36.4528
-36.4431
-36.433
-36.4227
-36.4122
-36.4017
-36.3912
-36.3809
-36.3709
-36.3612
-36.3516
-36.3422
-36.3322
-36.327
-36.3215
-36.3213
-36.3227
-36.326
-36.3245
-36.3084
-36.2794
-36.2448
-36.2153
-36.1974
-36.1767
-37.0064
-37.0091
-37.0118
-37.0206
-37.0271
-37.0384
-37.0506
-37.0633
-37.0721
-37.0737
-37.0692
-37.0623
-37.0537
-37.0392
-37.0238
-37.0159
-37.0143
-37.0161
-37.0196
-37.0236
-37.0278
-37.0316
-37.035
-37.0379
-37.0402
-37.042
-37.0433
-37.0442
-37.0448
-37.0449
-37.0448
-37.0444
-37.0438
-37.0429
-37.0419
-37.0406
-37.0392
-37.0375
-37.0356
-37.0336
-37.0313
-37.0288
-37.026
-37.023
-37.0198
-37.0163
-37.0124
-37.0082
-37.0036
-36.9986
-36.9932
-36.9873
-36.9809
-36.9741
-36.9669
-36.9594
-36.9515
-36.9433
-36.9349
-36.9264
-36.918
-36.9097
-36.9017
-36.894
-36.8869
-36.8805
-36.878
-36.8797
-36.8781
-36.8699
-36.8682
-36.8664
-36.8616
-36.848
-36.8202
-36.7901
-36.7573
-36.7141
-36.6747
-36.6529
-37.5055
-37.5081
-37.5089
-37.5154
-37.5201
-37.5289
-37.5376
-37.5466
-37.5522
-37.5527
-37.5498
-37.546
-37.539
-37.5281
-37.5172
-37.5106
-37.5082
-37.5085
-37.5106
-37.5135
-37.5167
-37.52
-37.5231
-37.5259
-37.5282
-37.5302
-37.5318
-37.5329
-37.5337
-37.5342
-37.5344
-37.5343
-37.5339
-37.5334
-37.5326
-37.5316
-37.5305
-37.5291
-37.5276
-37.526
-37.5241
-37.522
-37.5198
-37.5174
-37.5147
-37.5119
-37.5087
-37.5053
-37.5016
-37.4976
-37.4932
-37.4885
-37.4834
-37.478
-37.4723
-37.4664
-37.4602
-37.4539
-37.4473
-37.4408
-37.4343
-37.428
-37.4221
-37.4167
-37.4118
-37.4086
-37.4089
-37.4158
-37.4134
-37.4042
-37.4003
-37.3993
-37.3934
-37.3714
-37.3313
-37.3066
-37.2985
-37.2604
-37.1949
-37.157
-38.0018
-38.0032
-38.0045
-38.0086
-38.0123
-38.0178
-38.0234
-38.0289
-38.032
-38.0324
-38.0309
-38.028
-38.023
-38.016
-38.0093
-38.0047
-38.0024
-38.0021
-38.0031
-38.0049
-38.0073
-38.0099
-38.0125
-38.015
-38.0173
-38.0192
-38.0208
-38.0222
-38.0231
-38.0238
-38.0242
-38.0244
-38.0243
-38.024
-38.0235
-38.0228
-38.022
-38.021
-38.0198
-38.0185
-38.017
-38.0155
-38.0137
-38.0118
-38.0098
-38.0076
-38.0052
-38.0026
-37.9998
-37.9967
-37.9935
-37.9899
-37.9862
-37.9821
-37.9779
-37.9735
-37.969
-37.9644
-37.9596
-37.9549
-37.9503
-37.9459
-37.9418
-37.9382
-37.935
-37.9333
-37.9329
-37.9359
-37.9346
-37.9312
-37.9296
-37.9299
-37.927
-37.9101
-37.8751
-37.8347
-37.8766
-37.8684
-37.7759
-37.7185
-38.4971
-38.498
-38.499
-38.5013
-38.5036
-38.5066
-38.5095
-38.5123
-38.514
-38.5142
-38.5135
-38.5117
-38.5088
-38.505
-38.5013
-38.4985
-38.4969
-38.4964
-38.4967
-38.4977
-38.4992
-38.501
-38.503
-38.5051
-38.5071
-38.509
-38.5106
-38.5119
-38.513
-38.5138
-38.5144
-38.5147
-38.5149
-38.5148
-38.5146
-38.5142
-38.5136
-38.5129
-38.5121
-38.5112
-38.5101
-38.509
-38.5078
-38.5065
-38.5051
-38.5035
-38.5019
-38.5001
-38.4982
-38.4962
-38.494
-38.4916
-38.4891
-38.4865
-38.4837
-38.4808
-38.4778
-38.4749
-38.4719
-38.4689
-38.4661
-38.4633
-38.4608
-38.4586
-38.4564
-38.4555
-38.4538
-38.4541
-38.4545
-38.4565
-38.4595
-38.464
-38.4697
-38.4709
-38.4875
-38.5192
-38.6159
-38.6149
-38.4451
-38.3609
-38.9922
-38.9927
-38.9932
-38.994
-38.9947
-38.9956
-38.9965
-38.9973
-38.9978
-38.998
-38.9977
-38.9971
-38.996
-38.9947
-38.9933
-38.9923
-38.9916
-38.9913
-38.9915
-38.9919
-38.9925
-38.9933
-38.9946
-38.9962
-38.9978
-38.9994
-39.0008
-39.0021
-39.0033
-39.0042
-39.0049
-39.0054
-39.0057
-39.0059
-39.0059
-39.0057
-39.0054
-39.0051
-39.0046
-39.0041
-39.0035
-39.0028
-39.0021
-39.0014
-39.0007
-38.9999
-38.999
-38.9982
-38.9972
-38.9962
-38.9951
-38.994
-38.9928
-38.9916
-38.9903
-38.989
-38.9876
-38.9863
-38.985
-38.9837
-38.9825
-38.9814
-38.9804
-38.9796
-38.9788
-38.9788
-38.978
-38.9785
-38.9817
-38.9877
-38.9949
-39.005
-39.0214
-39.0521
-39.1466
-39.3529
-39.5341
-39.4585
-39.1213
-39.0115
)
;

boundaryField
{
    lowerWall
    {
        type            calculated;
        value           nonuniform List<scalar> 
80
(
134176
134175
134174
134173
134171
134168
134163
134155
134144
134128
134106
134079
134045
134005
133958
133903
133843
133775
133703
133625
133543
133458
133370
133282
133194
133107
133021
132939
132861
132787
132718
132655
132599
132548
132505
132468
132439
132416
132401
132393
132392
132398
132412
132432
132459
132493
132534
132581
132634
132693
132758
132828
132902
132980
133060
133143
133227
133310
133393
133474
133551
133625
133693
133756
133812
133862
133905
133941
133971
133994
134012
134024
134032
134037
134039
134040
134040
134039
134038
134038
)
;
    }
    rightWall
    {
        type            calculated;
        value           nonuniform List<scalar> 
80
(
130719
124081
117442
110801
104159
97513.9
90864.9
84210.6
77549
70877.8
64194.4
57495.2
50775.4
44028.9
37246.7
30415.9
23519
16534.2
9439
2995.1
187.056
-5.41587
-8.43701
-9.23695
-9.82551
-10.4307
-11.0075
-11.5303
-12.0201
-12.5157
-13.0505
-13.6073
-14.1607
-14.6886
-15.2055
-15.717
-16.249
-16.816
-17.4117
-18.0262
-18.6492
-19.2835
-19.9317
-20.5798
-21.1868
-21.7334
-22.2341
-22.7025
-23.1372
-23.5489
-23.9897
-24.5468
-25.2181
-25.8709
-26.4612
-26.9891
-27.4817
-27.9793
-28.4683
-28.9612
-29.5602
-30.2798
-31.0195
-31.6345
-32.0779
-32.3842
-32.6596
-32.9884
-33.3913
-33.8429
-34.3123
-34.7778
-35.2399
-35.7052
-36.1767
-36.6529
-37.157
-37.7185
-38.3609
-39.0115
)
;
    }
    atmosphere
    {
        type            calculated;
        value           nonuniform List<scalar> 
80
(
-39.24
-39.24
-39.24
-39.24
-39.24
-39.24
-39.24
-39.24
-39.24
-39.24
-39.24
-39.24
-39.24
-39.24
-39.24
-39.24
-39.24
-39.24
-39.24
-39.24
-39.24
-39.2402
-39.241
-39.2421
-39.2435
-39.2449
-39.2462
-39.2475
-39.2486
-39.2495
-39.2503
-39.2509
-39.2513
-39.2515
-39.2517
-39.2516
-39.2515
-39.2513
-39.251
-39.2507
-39.2503
-39.2499
-39.2495
-39.2491
-39.2488
-39.2484
-39.248
-39.2476
-39.2472
-39.2467
-39.2463
-39.2458
-39.2453
-39.2448
-39.2443
-39.2438
-39.2432
-39.2428
-39.2423
-39.2419
-39.2416
-39.2413
-39.2411
-39.2411
-39.2411
-39.2416
-39.2412
-39.2427
-39.2493
-39.2579
-39.2672
-39.2805
-39.3001
-39.3448
-39.4618
-39.5782
-39.9162
-40.0056
-39.4788
-39.373
)
;
    }
    leftWall
    {
        type            calculated;
        value           nonuniform List<scalar> 
80
(
130856
124219
117581
110942
104302
97660.2
91015
84365.2
77709.3
71045.1
64369.4
57678.8
50968.8
44232.5
37459.8
30635.1
23739
16746.3
9621.34
3118.1
239.005
-1.89059
-6.88422
-8.22108
-9.0708
-9.92376
-10.7403
-11.377
-11.8991
-12.5015
-13.3071
-14.261
-15.1125
-15.7127
-16.1354
-16.5158
-16.9336
-17.3842
-17.8414
-18.2868
-18.7286
-19.1891
-19.6887
-20.276
-20.896
-21.4216
-21.929
-22.4357
-22.9685
-23.5271
-24.1059
-24.693
-25.34
-26.0577
-26.7908
-27.4782
-28.091
-28.5989
-29.0189
-29.382
-29.7461
-30.1374
-30.5583
-30.9979
-31.45
-31.9149
-32.3929
-32.8822
-33.3858
-33.9064
-34.4294
-34.9556
-35.486
-35.9991
-36.5038
-37.0064
-37.5055
-38.0018
-38.4971
-38.9922
)
;
    }
    frontAndBack
    {
        type            empty;
    }
}


// ************************************************************************* //
