/*--------------------------------*- C++ -*----------------------------------*\
| =========                 |                                                 |
| \\      /  F ield         | OpenFOAM: The Open Source CFD Toolbox           |
|  \\    /   O peration     | Version:  2412                                  |
|   \\  /    A nd           | Website:  www.openfoam.com                      |
|    \\/     M anipulation  |                                                 |
\*---------------------------------------------------------------------------*/
FoamFile
{
    version     2.0;
    format      ascii;
    arch        "LSB;label=32;scalar=64";
    class       volScalarField;
    location    "5.05";
    object      p;
}
// * * * * * * * * * * * * * * * * * * * * * * * * * * * * * * * * * * * * * //

dimensions      [1 -1 -2 0 0 0 0];

internalField   nonuniform List<scalar> 
6400
(
8156.12
8156.01
8155.86
8155.75
8155.68
8155.69
8155.78
8155.94
8156.17
8156.46
8156.8
8157.2
8157.65
8158.14
8158.66
8159.22
8159.82
8160.44
8161.09
8161.76
8162.45
8163.15
8163.86
8164.57
8165.28
8165.98
8166.66
8167.33
8167.97
8168.58
8169.16
8169.7
8170.2
8170.64
8171.04
8171.37
8171.65
8171.86
8172
8172.08
8172.08
8172.02
8171.88
8171.68
8171.42
8171.09
8170.71
8170.27
8169.79
8169.26
8168.69
8168.1
8167.47
8166.83
8166.16
8165.49
8164.81
8164.13
8163.45
8162.78
8162.13
8161.49
8160.87
8160.27
8159.7
8159.17
8158.66
8158.19
8157.76
8157.38
8157.04
8156.75
8156.53
8156.36
8156.27
8156.25
8156.3
8156.4
8156.54
8156.65
7739.31
7739.2
7739.07
7738.97
7738.93
7738.95
7739.03
7739.19
7739.41
7739.69
7740.02
7740.41
7740.84
7741.31
7741.82
7742.37
7742.95
7743.57
7744.2
7744.86
7745.53
7746.22
7746.92
7747.61
7748.3
7748.99
7749.66
7750.31
7750.94
7751.54
7752.11
7752.64
7753.12
7753.56
7753.94
7754.27
7754.54
7754.74
7754.88
7754.95
7754.96
7754.89
7754.76
7754.57
7754.31
7753.99
7753.62
7753.19
7752.72
7752.2
7751.65
7751.07
7750.46
7749.83
7749.18
7748.52
7747.85
7747.18
7746.52
7745.86
7745.22
7744.59
7743.99
7743.4
7742.85
7742.32
7741.83
7741.38
7740.96
7740.59
7740.26
7739.99
7739.77
7739.62
7739.52
7739.49
7739.52
7739.61
7739.73
7739.84
7322.52
7322.38
7322.26
7322.17
7322.14
7322.17
7322.26
7322.41
7322.62
7322.89
7323.22
7323.59
7324.01
7324.48
7324.98
7325.52
7326.08
7326.68
7327.31
7327.95
7328.61
7329.29
7329.97
7330.65
7331.33
7332
7332.66
7333.3
7333.92
7334.51
7335.07
7335.59
7336.06
7336.49
7336.87
7337.19
7337.45
7337.65
7337.79
7337.86
7337.86
7337.8
7337.67
7337.48
7337.23
7336.92
7336.55
7336.13
7335.67
7335.16
7334.62
7334.05
7333.45
7332.83
7332.19
7331.54
7330.89
7330.23
7329.58
7328.94
7328.31
7327.69
7327.1
7326.53
7325.98
7325.47
7324.99
7324.54
7324.14
7323.78
7323.47
7323.21
7323
7322.84
7322.75
7322.72
7322.74
7322.81
7322.94
7323.07
6905.7
6905.53
6905.39
6905.31
6905.28
6905.31
6905.4
6905.55
6905.77
6906.03
6906.35
6906.72
6907.14
6907.6
6908.09
6908.63
6909.19
6909.78
6910.39
6911.03
6911.68
6912.35
6913.02
6913.7
6914.37
6915.04
6915.69
6916.33
6916.94
6917.52
6918.08
6918.59
6919.06
6919.49
6919.86
6920.18
6920.44
6920.63
6920.77
6920.84
6920.84
6920.78
6920.66
6920.47
6920.21
6919.91
6919.54
6919.13
6918.67
6918.17
6917.63
6917.06
6916.47
6915.85
6915.22
6914.58
6913.93
6913.28
6912.64
6912
6911.37
6910.77
6910.18
6909.61
6909.08
6908.57
6908.1
6907.66
6907.27
6906.92
6906.61
6906.35
6906.15
6906
6905.91
6905.88
6905.9
6905.98
6906.11
6906.27
6488.81
6488.62
6488.46
6488.38
6488.35
6488.38
6488.48
6488.63
6488.85
6489.11
6489.43
6489.8
6490.22
6490.67
6491.17
6491.7
6492.26
6492.85
6493.46
6494.09
6494.74
6495.4
6496.07
6496.75
6497.42
6498.09
6498.74
6499.38
6499.99
6500.58
6501.13
6501.64
6502.11
6502.54
6502.91
6503.23
6503.49
6503.69
6503.83
6503.9
6503.9
6503.84
6503.71
6503.52
6503.27
6502.96
6502.59
6502.18
6501.72
6501.22
6500.68
6500.11
6499.51
6498.9
6498.27
6497.62
6496.98
6496.33
6495.69
6495.05
6494.43
6493.82
6493.24
6492.67
6492.14
6491.64
6491.17
6490.74
6490.35
6490
6489.69
6489.44
6489.24
6489.09
6489
6488.97
6489
6489.08
6489.23
6489.4
6071.85
6071.65
6071.47
6071.38
6071.36
6071.39
6071.49
6071.65
6071.86
6072.13
6072.46
6072.83
6073.24
6073.7
6074.2
6074.73
6075.3
6075.89
6076.5
6077.13
6077.79
6078.45
6079.13
6079.8
6080.48
6081.15
6081.81
6082.45
6083.07
6083.66
6084.22
6084.74
6085.22
6085.65
6086.03
6086.35
6086.62
6086.82
6086.96
6087.03
6087.03
6086.97
6086.84
6086.65
6086.39
6086.08
6085.71
6085.29
6084.82
6084.31
6083.77
6083.19
6082.59
6081.97
6081.33
6080.69
6080.03
6079.38
6078.73
6078.09
6077.47
6076.86
6076.27
6075.71
6075.17
6074.67
6074.2
6073.77
6073.38
6073.03
6072.72
6072.47
6072.27
6072.12
6072.03
6072
6072.03
6072.12
6072.28
6072.46
5654.81
5654.6
5654.41
5654.32
5654.29
5654.33
5654.43
5654.6
5654.82
5655.1
5655.43
5655.8
5656.22
5656.69
5657.19
5657.73
5658.3
5658.89
5659.51
5660.16
5660.82
5661.49
5662.17
5662.86
5663.55
5664.23
5664.9
5665.55
5666.18
5666.78
5667.36
5667.89
5668.38
5668.82
5669.21
5669.54
5669.81
5670.02
5670.16
5670.23
5670.24
5670.17
5670.04
5669.84
5669.58
5669.26
5668.88
5668.45
5667.97
5667.45
5666.9
5666.31
5665.7
5665.06
5664.42
5663.76
5663.1
5662.43
5661.78
5661.13
5660.5
5659.88
5659.29
5658.72
5658.18
5657.67
5657.19
5656.76
5656.36
5656
5655.7
5655.44
5655.23
5655.08
5654.99
5654.96
5654.98
5655.08
5655.25
5655.44
5237.69
5237.47
5237.28
5237.18
5237.16
5237.2
5237.31
5237.49
5237.72
5238
5238.34
5238.73
5239.16
5239.63
5240.14
5240.69
5241.27
5241.87
5242.51
5243.16
5243.83
5244.52
5245.22
5245.92
5246.62
5247.32
5248
5248.67
5249.32
5249.94
5250.53
5251.08
5251.58
5252.04
5252.44
5252.79
5253.07
5253.28
5253.43
5253.51
5253.51
5253.44
5253.31
5253.1
5252.83
5252.5
5252.1
5251.66
5251.17
5250.63
5250.06
5249.45
5248.83
5248.18
5247.51
5246.84
5246.16
5245.49
5244.81
5244.15
5243.51
5242.88
5242.28
5241.7
5241.15
5240.63
5240.15
5239.7
5239.3
5238.93
5238.62
5238.35
5238.14
5237.98
5237.88
5237.85
5237.87
5237.96
5238.14
5238.35
4820.49
4820.26
4820.07
4819.98
4819.96
4820.01
4820.13
4820.31
4820.56
4820.86
4821.21
4821.61
4822.06
4822.54
4823.07
4823.62
4824.22
4824.84
4825.48
4826.15
4826.84
4827.54
4828.26
4828.98
4829.7
4830.42
4831.13
4831.82
4832.49
4833.13
4833.74
4834.31
4834.84
4835.31
4835.74
4836.09
4836.39
4836.61
4836.77
4836.85
4836.85
4836.78
4836.64
4836.42
4836.14
4835.79
4835.38
4834.91
4834.4
4833.84
4833.25
4832.62
4831.97
4831.3
4830.61
4829.92
4829.22
4828.53
4827.84
4827.16
4826.5
4825.86
4825.24
4824.65
4824.09
4823.56
4823.06
4822.6
4822.19
4821.81
4821.49
4821.21
4820.98
4820.82
4820.71
4820.67
4820.69
4820.78
4820.97
4821.18
4403.21
4402.98
4402.79
4402.7
4402.68
4402.75
4402.88
4403.08
4403.34
4403.66
4404.03
4404.45
4404.91
4405.42
4405.96
4406.53
4407.14
4407.78
4408.44
4409.13
4409.84
4410.56
4411.3
4412.05
4412.79
4413.54
4414.27
4414.99
4415.69
4416.36
4416.99
4417.59
4418.14
4418.64
4419.08
4419.46
4419.77
4420.01
4420.17
4420.26
4420.26
4420.19
4420.03
4419.8
4419.5
4419.13
4418.7
4418.21
4417.67
4417.08
4416.46
4415.81
4415.13
4414.43
4413.72
4413
4412.28
4411.56
4410.85
4410.15
4409.47
4408.81
4408.17
4407.57
4406.99
4406.45
4405.94
4405.47
4405.03
4404.65
4404.3
4404.01
4403.77
4403.59
4403.48
4403.42
4403.44
4403.54
4403.72
4403.94
3985.85
3985.62
3985.43
3985.34
3985.34
3985.41
3985.57
3985.78
3986.07
3986.41
3986.8
3987.24
3987.72
3988.25
3988.81
3989.4
3990.03
3990.69
3991.38
3992.09
3992.82
3993.57
3994.34
3995.11
3995.89
3996.67
3997.43
3998.18
3998.91
3999.62
4000.28
4000.91
4001.49
4002.02
4002.49
4002.9
4003.23
4003.48
4003.66
4003.75
4003.75
4003.67
4003.51
4003.26
4002.94
4002.54
4002.08
4001.56
4000.98
4000.37
3999.71
3999.02
3998.31
3997.58
3996.84
3996.08
3995.33
3994.58
3993.84
3993.12
3992.42
3991.74
3991.08
3990.45
3989.86
3989.3
3988.77
3988.29
3987.84
3987.43
3987.07
3986.76
3986.5
3986.3
3986.17
3986.11
3986.12
3986.21
3986.4
3986.62
3568.42
3568.18
3567.98
3567.9
3567.91
3568.01
3568.18
3568.42
3568.73
3569.1
3569.51
3569.98
3570.49
3571.03
3571.62
3572.23
3572.88
3573.57
3574.28
3575.02
3575.78
3576.56
3577.36
3578.17
3578.99
3579.8
3580.61
3581.4
3582.16
3582.9
3583.61
3584.28
3584.9
3585.47
3585.97
3586.41
3586.76
3587.04
3587.23
3587.32
3587.33
3587.24
3587.06
3586.8
3586.45
3586.02
3585.53
3584.96
3584.35
3583.69
3583
3582.27
3581.52
3580.75
3579.97
3579.18
3578.39
3577.6
3576.83
3576.08
3575.35
3574.64
3573.96
3573.31
3572.7
3572.12
3571.57
3571.07
3570.6
3570.17
3569.78
3569.45
3569.17
3568.94
3568.79
3568.71
3568.71
3568.8
3568.99
3569.21
3150.9
3150.65
3150.45
3150.37
3150.4
3150.52
3150.72
3151
3151.34
3151.74
3152.18
3152.68
3153.21
3153.78
3154.39
3155.03
3155.71
3156.42
3157.16
3157.93
3158.72
3159.54
3160.38
3161.23
3162.09
3162.94
3163.79
3164.63
3165.44
3166.23
3166.98
3167.69
3168.36
3168.97
3169.52
3169.99
3170.38
3170.68
3170.88
3170.99
3170.99
3170.9
3170.7
3170.42
3170.04
3169.57
3169.03
3168.42
3167.76
3167.05
3166.31
3165.54
3164.74
3163.93
3163.1
3162.27
3161.44
3160.61
3159.8
3159.01
3158.25
3157.51
3156.81
3156.13
3155.5
3154.9
3154.33
3153.81
3153.31
3152.86
3152.45
3152.08
3151.77
3151.52
3151.34
3151.23
3151.22
3151.3
3151.49
3151.73
2733.29
2733.02
2732.82
2732.75
2732.8
2732.95
2733.19
2733.5
2733.89
2734.32
2734.81
2735.34
2735.9
2736.5
2737.13
2737.8
2738.5
2739.23
2740.01
2740.81
2741.65
2742.5
2743.38
2744.28
2745.19
2746.1
2747
2747.89
2748.75
2749.59
2750.39
2751.15
2751.87
2752.54
2753.13
2753.65
2754.08
2754.41
2754.63
2754.75
2754.75
2754.65
2754.43
2754.12
2753.7
2753.19
2752.6
2751.93
2751.21
2750.45
2749.65
2748.83
2747.98
2747.12
2746.24
2745.36
2744.48
2743.61
2742.76
2741.93
2741.13
2740.35
2739.62
2738.92
2738.26
2737.64
2737.06
2736.51
2735.99
2735.51
2735.06
2734.66
2734.31
2734.02
2733.8
2733.67
2733.64
2733.71
2733.91
2734.17
2315.6
2315.3
2315.08
2315.01
2315.09
2315.29
2315.58
2315.95
2316.38
2316.86
2317.39
2317.96
2318.56
2319.19
2319.84
2320.53
2321.25
2322.02
2322.83
2323.67
2324.54
2325.44
2326.37
2327.32
2328.29
2329.25
2330.22
2331.16
2332.09
2332.97
2333.83
2334.65
2335.43
2336.16
2336.83
2337.4
2337.87
2338.24
2338.48
2338.61
2338.62
2338.5
2338.27
2337.92
2337.46
2336.89
2336.23
2335.49
2334.7
2333.87
2333.02
2332.14
2331.24
2330.32
2329.38
2328.44
2327.51
2326.58
2325.68
2324.81
2323.97
2323.16
2322.39
2321.66
2320.98
2320.35
2319.75
2319.18
2318.64
2318.12
2317.63
2317.18
2316.79
2316.45
2316.19
2316.02
2315.95
2316.02
2316.24
2316.54
1897.83
1897.47
1897.21
1897.16
1897.29
1897.55
1897.91
1898.34
1898.83
1899.37
1899.95
1900.56
1901.19
1901.85
1902.53
1903.23
1903.97
1904.77
1905.61
1906.5
1907.41
1908.36
1909.34
1910.35
1911.38
1912.41
1913.44
1914.46
1915.44
1916.39
1917.3
1918.18
1919.03
1919.85
1920.59
1921.23
1921.76
1922.16
1922.44
1922.58
1922.58
1922.46
1922.2
1921.81
1921.3
1920.67
1919.93
1919.1
1918.22
1917.32
1916.4
1915.47
1914.5
1913.52
1912.52
1911.52
1910.52
1909.54
1908.58
1907.66
1906.78
1905.94
1905.13
1904.37
1903.67
1903.02
1902.42
1901.84
1901.27
1900.71
1900.18
1899.67
1899.22
1898.82
1898.5
1898.27
1898.16
1898.22
1898.48
1898.85
1480.04
1479.53
1479.21
1479.18
1479.38
1479.74
1480.2
1480.71
1481.27
1481.88
1482.51
1483.17
1483.84
1484.52
1485.21
1485.91
1486.66
1487.49
1488.38
1489.3
1490.26
1491.25
1492.28
1493.35
1494.45
1495.57
1496.67
1497.76
1498.81
1499.81
1500.77
1501.71
1502.65
1503.57
1504.41
1505.13
1505.72
1506.18
1506.48
1506.64
1506.64
1506.5
1506.21
1505.78
1505.21
1504.51
1503.67
1502.72
1501.73
1500.75
1499.78
1498.79
1497.77
1496.71
1495.64
1494.57
1493.5
1492.45
1491.44
1490.48
1489.56
1488.67
1487.83
1487.04
1486.31
1485.67
1485.09
1484.51
1483.9
1483.3
1482.71
1482.15
1481.62
1481.15
1480.75
1480.43
1480.25
1480.31
1480.64
1481.14
1062.42
1061.52
1061
1060.99
1061.32
1061.85
1062.43
1063.03
1063.68
1064.37
1065.07
1065.78
1066.5
1067.21
1067.89
1068.57
1069.31
1070.16
1071.1
1072.08
1073.08
1074.1
1075.18
1076.33
1077.51
1078.7
1079.9
1081.06
1082.18
1083.22
1084.2
1085.19
1086.24
1087.32
1088.3
1089.12
1089.8
1090.3
1090.64
1090.81
1090.82
1090.65
1090.33
1089.86
1089.23
1088.44
1087.47
1086.34
1085.18
1084.11
1083.12
1082.1
1081.03
1079.9
1078.75
1077.6
1076.46
1075.34
1074.26
1073.25
1072.3
1071.38
1070.48
1069.64
1068.89
1068.29
1067.78
1067.22
1066.57
1065.9
1065.23
1064.59
1063.97
1063.42
1062.91
1062.45
1062.16
1062.19
1062.71
1063.58
645.306
642.996
642.058
642.198
642.838
643.671
644.461
645.147
645.875
646.681
647.476
648.245
649.03
649.806
650.474
651.049
651.737
652.667
653.716
654.782
655.83
656.884
658.02
659.263
660.57
661.896
663.216
664.5
665.72
666.793
667.732
668.72
669.949
671.319
672.519
673.453
674.22
674.8
675.152
675.353
675.374
675.153
674.795
674.304
673.595
672.746
671.604
670.117
668.692
667.525
666.578
665.572
664.418
663.182
661.927
660.679
659.429
658.17
656.997
655.954
654.975
653.995
653.009
652.051
651.233
650.735
650.402
649.897
649.152
648.362
647.598
646.835
646.115
645.477
644.805
644.069
643.477
643.352
644.25
646.464
247.403
244.75
244.307
244.966
245.984
247.09
247.99
248.576
249.176
249.865
250.516
251.131
251.81
252.584
253.344
253.969
254.532
255.276
256.138
257.065
258.07
259.209
260.542
261.8
262.675
263.6
264.802
266.149
267.538
268.852
270.091
271.409
272.777
273.771
274.308
274.588
274.802
274.977
275.084
275.132
275.122
275.039
274.893
274.682
274.412
274.145
273.786
273.033
271.786
270.333
269.064
267.783
266.401
265.025
263.78
262.845
262.067
260.957
259.596
258.383
257.39
256.516
255.701
254.916
254.231
253.866
253.591
252.991
252.128
251.363
250.718
250.061
249.418
248.872
248.137
247.119
246.123
245.478
245.883
248.407
23.4357
23.0157
23.3133
23.7928
24.3212
24.8277
25.3416
25.9313
26.3129
26.5749
26.8009
27.033
27.2636
27.5188
27.9313
28.5225
28.9388
29.2095
29.476
29.8317
30.3121
30.9223
31.5799
32.0487
32.5024
32.8955
33.4116
34.0612
34.7794
35.5159
36.3254
37.0656
37.3671
37.1615
36.9269
36.7183
36.5139
36.3679
36.3041
36.2387
36.2049
36.2628
36.3058
36.3326
36.4474
36.5959
36.8658
37.2345
37.3762
36.7996
35.9956
35.2342
34.4858
33.791
33.209
32.7664
32.3018
31.9166
31.4019
30.7943
30.2829
29.9081
29.6357
29.4223
29.1859
28.776
28.0676
27.5836
27.3336
27.1487
26.9387
26.7136
26.3969
25.9023
25.3067
24.7925
24.2607
23.7786
23.4792
23.8776
-10.1692
-10.1714
-10.1672
-10.1898
-10.2036
-10.2469
-10.1371
-9.58027
-9.37867
-9.33101
-9.29517
-9.24282
-9.24625
-9.3414
-9.35248
-9.00145
-8.68886
-8.61881
-8.61369
-8.60959
-8.60778
-8.63797
-8.76946
-9.12243
-8.52016
-8.2848
-8.27799
-8.32295
-8.40681
-8.56405
-8.6774
-8.95214
-9.68877
-10.3051
-10.4187
-10.4166
-10.4211
-10.4226
-10.4216
-10.4195
-10.4199
-10.4232
-10.4227
-10.4214
-10.4179
-10.4143
-10.4063
-10.1294
-9.13904
-8.59047
-8.40208
-8.21796
-8.0979
-8.03012
-8.00494
-8.20418
-8.89854
-8.76906
-8.35071
-8.21836
-8.20316
-8.21183
-8.21951
-8.22289
-8.27873
-8.68359
-9.52151
-9.66935
-9.44159
-9.31703
-9.33529
-9.35981
-9.45658
-9.87817
-10.2321
-10.2033
-10.2025
-10.2006
-10.2133
-10.2019
-10.669
-10.6677
-10.663
-10.666
-10.6675
-10.6848
-10.6959
-10.5538
-10.4851
-10.4498
-10.4073
-10.3604
-10.3252
-10.312
-10.2737
-10.1422
-10.0365
-9.97252
-9.94385
-9.92444
-9.91337
-9.92052
-9.98114
-10.0984
-9.90716
-9.8466
-9.87204
-9.91213
-9.97121
-10.0735
-10.1626
-10.3702
-10.7352
-10.8912
-10.9032
-10.8971
-10.9035
-10.9072
-10.9095
-10.9102
-10.9109
-10.9111
-10.9089
-10.9048
-10.8992
-10.8952
-10.9043
-10.873
-10.5426
-10.176
-10.0238
-9.8969
-9.81075
-9.75697
-9.70906
-9.72091
-9.89986
-9.87899
-9.77113
-9.71994
-9.72547
-9.75052
-9.78641
-9.83158
-9.89987
-10.0821
-10.3092
-10.3645
-10.3488
-10.3614
-10.4073
-10.4528
-10.5151
-10.6583
-10.6957
-10.6826
-10.6871
-10.6912
-10.702
-10.7002
-11.1601
-11.1583
-11.1637
-11.1776
-11.1889
-11.2078
-11.2527
-11.3085
-11.3172
-11.2921
-11.2695
-11.248
-11.2282
-11.2094
-11.2001
-11.2258
-11.3066
-11.2865
-11.2747
-11.2671
-11.2636
-11.2698
-11.2846
-11.2527
-11.3447
-11.3765
-11.3942
-11.4051
-11.4124
-11.4158
-11.4205
-11.4223
-11.4171
-11.4091
-11.4019
-11.3981
-11.4007
-11.4022
-11.4026
-11.4025
-11.4031
-11.4038
-11.4025
-11.4013
-11.399
-11.3965
-11.4004
-11.406
-11.4129
-11.4154
-11.4104
-11.4048
-11.3967
-11.3886
-11.371
-11.3205
-11.1657
-11.1797
-11.2628
-11.2513
-11.2519
-11.261
-11.2744
-11.2955
-11.3172
-11.2495
-11.1654
-11.1626
-11.1945
-11.2293
-11.255
-11.2781
-11.2962
-11.2617
-11.2071
-11.1863
-11.1859
-11.1884
-11.1962
-11.1938
-11.6573
-11.6662
-11.6975
-11.7325
-11.7546
-11.7691
-11.7954
-11.8129
-11.8186
-11.8248
-11.8284
-11.8292
-11.8302
-11.833
-11.836
-11.8384
-11.8374
-11.8451
-11.8547
-11.86
-11.863
-11.866
-11.8728
-11.8815
-11.8804
-11.8826
-11.8883
-11.8922
-11.8938
-11.8949
-11.8959
-11.8963
-11.8962
-11.8979
-11.8965
-11.8962
-11.8966
-11.8968
-11.8966
-11.8964
-11.8965
-11.8967
-11.8958
-11.8961
-11.8962
-11.8931
-11.8912
-11.8909
-11.8913
-11.8895
-11.8866
-11.884
-11.881
-11.8771
-11.8728
-11.8695
-11.8727
-11.8637
-11.8489
-11.8442
-11.8416
-11.8379
-11.8294
-11.816
-11.8111
-11.8126
-11.8111
-11.8125
-11.8144
-11.8179
-11.8195
-11.8076
-11.8007
-11.7883
-11.7495
-11.7312
-11.7199
-11.7052
-11.6929
-11.6868
-12.1721
-12.2006
-12.2456
-12.2909
-12.3224
-12.3345
-12.3316
-12.3191
-12.316
-12.3188
-12.3189
-12.3185
-12.3197
-12.3216
-12.3244
-12.3281
-12.3318
-12.3385
-12.3442
-12.3486
-12.3526
-12.3569
-12.3612
-12.3654
-12.3706
-12.3753
-12.3788
-12.3819
-12.3849
-12.3878
-12.3911
-12.394
-12.3956
-12.3944
-12.3946
-12.3963
-12.3952
-12.3926
-12.3911
-12.39
-12.3896
-12.3897
-12.3903
-12.3936
-12.3957
-12.3922
-12.3884
-12.3922
-12.3922
-12.3867
-12.3808
-12.3757
-12.3713
-12.3666
-12.3614
-12.3566
-12.352
-12.3469
-12.3409
-12.3355
-12.3306
-12.3259
-12.3207
-12.3146
-12.3077
-12.3055
-12.303
-12.3008
-12.3028
-12.3091
-12.3111
-12.308
-12.3096
-12.3166
-12.3089
-12.297
-12.2705
-12.2388
-12.2055
-12.1891
-12.7055
-12.7497
-12.7822
-12.8265
-12.858
-12.8729
-12.8569
-12.8208
-12.8013
-12.799
-12.8013
-12.8041
-12.8077
-12.8115
-12.8153
-12.8195
-12.8239
-12.8288
-12.834
-12.839
-12.8436
-12.8483
-12.8528
-12.8572
-12.8612
-12.8652
-12.8689
-12.8719
-12.8746
-12.8772
-12.8806
-12.8818
-12.8842
-12.8881
-12.8945
-12.8983
-12.8952
-12.8885
-12.8849
-12.8831
-12.8822
-12.8822
-12.8841
-12.8905
-12.8957
-12.892
-12.8845
-12.8826
-12.8795
-12.8756
-12.8696
-12.8652
-12.8615
-12.8573
-12.8527
-12.8481
-12.8432
-12.8377
-12.8319
-12.8263
-12.8209
-12.8153
-12.8094
-12.8037
-12.7992
-12.7954
-12.7921
-12.789
-12.7878
-12.7885
-12.7898
-12.7944
-12.8118
-12.8392
-12.85
-12.8363
-12.8057
-12.7701
-12.7318
-12.7021
-13.2458
-13.2726
-13.2953
-13.333
-13.3628
-13.3796
-13.3592
-13.3131
-13.2817
-13.2766
-13.2829
-13.2894
-13.2947
-13.2995
-13.3042
-13.3091
-13.3143
-13.3197
-13.3251
-13.33
-13.3345
-13.3389
-13.3432
-13.3473
-13.3512
-13.355
-13.3585
-13.3617
-13.3647
-13.3676
-13.3715
-13.374
-13.374
-13.3799
-13.3907
-13.3958
-13.3911
-13.3813
-13.3764
-13.3746
-13.3733
-13.3731
-13.3756
-13.383
-13.3895
-13.3865
-13.3758
-13.371
-13.3687
-13.3648
-13.3592
-13.3549
-13.3509
-13.3466
-13.3421
-13.3375
-13.3328
-13.3277
-13.3223
-13.3169
-13.3116
-13.3061
-13.3002
-13.2942
-13.2887
-13.2839
-13.2794
-13.2754
-13.2714
-13.2667
-13.2648
-13.2767
-13.3079
-13.3472
-13.3651
-13.3516
-13.3222
-13.2868
-13.2577
-13.2201
-13.7634
-13.7683
-13.7866
-13.8119
-13.8376
-13.8549
-13.8323
-13.792
-13.7638
-13.76
-13.7674
-13.7753
-13.782
-13.7881
-13.7939
-13.7995
-13.8051
-13.8106
-13.8159
-13.8209
-13.8257
-13.8301
-13.8343
-13.8384
-13.8422
-13.8459
-13.8492
-13.8523
-13.8551
-13.8579
-13.8609
-13.8639
-13.864
-13.8693
-13.88
-13.8847
-13.8802
-13.871
-13.8658
-13.8646
-13.8634
-13.8629
-13.8648
-13.8707
-13.8758
-13.8729
-13.8635
-13.8584
-13.8563
-13.8528
-13.8488
-13.8451
-13.8414
-13.8374
-13.8331
-13.8285
-13.8237
-13.8185
-13.8132
-13.8077
-13.8021
-13.7963
-13.7904
-13.7845
-13.7786
-13.7728
-13.7674
-13.762
-13.7563
-13.7495
-13.7459
-13.7598
-13.7958
-13.8363
-13.8553
-13.8407
-13.8148
-13.7835
-13.7775
-13.7393
-14.2545
-14.251
-14.2627
-14.2766
-14.2919
-14.3003
-14.2889
-14.2633
-14.2474
-14.2474
-14.2546
-14.2628
-14.2705
-14.2776
-14.284
-14.2902
-14.2962
-14.302
-14.3074
-14.3125
-14.3173
-14.3217
-14.3258
-14.3298
-14.3335
-14.3369
-14.3402
-14.3431
-14.3457
-14.3482
-14.3511
-14.3529
-14.353
-14.356
-14.3629
-14.3664
-14.364
-14.3583
-14.3549
-14.354
-14.3531
-14.3525
-14.3533
-14.3562
-14.3582
-14.3553
-14.3489
-14.3455
-14.3441
-14.3421
-14.3388
-14.3356
-14.332
-14.3281
-14.3239
-14.3194
-14.3145
-14.3095
-14.3042
-14.2986
-14.2929
-14.2869
-14.2806
-14.2742
-14.2677
-14.2613
-14.2551
-14.249
-14.2426
-14.2362
-14.2326
-14.2421
-14.272
-14.3042
-14.3177
-14.3068
-14.2876
-14.267
-14.2709
-14.252
-14.7218
-14.7194
-14.7312
-14.7395
-14.7464
-14.7495
-14.7458
-14.7363
-14.7326
-14.7362
-14.7438
-14.7524
-14.7607
-14.7682
-14.7751
-14.7817
-14.788
-14.7939
-14.7994
-14.8045
-14.8092
-14.8136
-14.8177
-14.8215
-14.825
-14.8283
-14.8313
-14.8341
-14.8365
-14.8387
-14.8407
-14.8421
-14.8421
-14.843
-14.8462
-14.8488
-14.8485
-14.8462
-14.8447
-14.8439
-14.8434
-14.8429
-14.843
-14.8435
-14.843
-14.8402
-14.8363
-14.8343
-14.8335
-14.8318
-14.8293
-14.8264
-14.8231
-14.8193
-14.8152
-14.8108
-14.8061
-14.8009
-14.7955
-14.7898
-14.7838
-14.7775
-14.771
-14.7643
-14.7574
-14.7505
-14.7437
-14.7371
-14.7305
-14.7245
-14.7214
-14.7257
-14.7423
-14.7619
-14.7702
-14.765
-14.7565
-14.7497
-14.7511
-14.7488
-15.1857
-15.1884
-15.1991
-15.2078
-15.2122
-15.2146
-15.2159
-15.2161
-15.2193
-15.2256
-15.2341
-15.2432
-15.252
-15.2599
-15.2672
-15.274
-15.2804
-15.2863
-15.2918
-15.2969
-15.3015
-15.3058
-15.3098
-15.3135
-15.317
-15.3202
-15.323
-15.3256
-15.328
-15.3299
-15.3315
-15.3325
-15.3327
-15.3328
-15.3342
-15.336
-15.3368
-15.3364
-15.3356
-15.3349
-15.3345
-15.3341
-15.3339
-15.3335
-15.3322
-15.3298
-15.3272
-15.3257
-15.3247
-15.323
-15.3207
-15.3179
-15.3147
-15.3111
-15.3071
-15.3026
-15.2978
-15.2926
-15.2871
-15.2812
-15.275
-15.2684
-15.2615
-15.2544
-15.247
-15.2397
-15.2325
-15.2256
-15.2191
-15.2136
-15.2105
-15.2117
-15.2186
-15.2283
-15.2336
-15.2331
-15.233
-15.2363
-15.234
-15.2414
-15.6488
-15.6571
-15.6693
-15.6817
-15.6881
-15.692
-15.6955
-15.6998
-15.7062
-15.7148
-15.7248
-15.7348
-15.7442
-15.7527
-15.7602
-15.7672
-15.7735
-15.7794
-15.7848
-15.7897
-15.7943
-15.7985
-15.8023
-15.8059
-15.8092
-15.8123
-15.815
-15.8175
-15.8197
-15.8215
-15.823
-15.824
-15.8245
-15.8247
-15.8257
-15.8269
-15.8277
-15.8277
-15.8273
-15.8267
-15.8263
-15.826
-15.8257
-15.825
-15.8236
-15.8217
-15.8197
-15.8182
-15.8168
-15.8149
-15.8126
-15.8099
-15.8067
-15.8032
-15.7992
-15.7948
-15.79
-15.7847
-15.7791
-15.773
-15.7665
-15.7596
-15.7523
-15.7447
-15.7368
-15.7289
-15.7213
-15.714
-15.7074
-15.7021
-15.6989
-15.6986
-15.702
-15.7072
-15.7109
-15.7127
-15.7137
-15.7163
-15.709
-15.7152
-16.1082
-16.1159
-16.1367
-16.1557
-16.1653
-16.1705
-16.1759
-16.1829
-16.1924
-16.2038
-16.2159
-16.2274
-16.2376
-16.2465
-16.2542
-16.2611
-16.2674
-16.273
-16.2782
-16.283
-16.2874
-16.2915
-16.2952
-16.2986
-16.3018
-16.3047
-16.3073
-16.3097
-16.3117
-16.3135
-16.3149
-16.316
-16.3168
-16.3173
-16.3181
-16.319
-16.3197
-16.3198
-16.3194
-16.3189
-16.3186
-16.3183
-16.3179
-16.3172
-16.3159
-16.3142
-16.3125
-16.3109
-16.3093
-16.3073
-16.305
-16.3023
-16.2992
-16.2957
-16.2917
-16.2873
-16.2825
-16.2772
-16.2715
-16.2652
-16.2584
-16.2512
-16.2434
-16.2352
-16.2267
-16.2182
-16.2098
-16.2021
-16.1948
-16.1893
-16.1857
-16.1845
-16.1859
-16.1888
-16.1914
-16.1931
-16.193
-16.1895
-16.1762
-16.1765
-16.5567
-16.5631
-16.5938
-16.6233
-16.6373
-16.6453
-16.6538
-16.6641
-16.6774
-16.6928
-16.7081
-16.7214
-16.7324
-16.7415
-16.7491
-16.7559
-16.7619
-16.7673
-16.7722
-16.7767
-16.7809
-16.7848
-16.7884
-16.7917
-16.7947
-16.7974
-16.7999
-16.8022
-16.8041
-16.8058
-16.8072
-16.8083
-16.8092
-16.8099
-16.8107
-16.8114
-16.812
-16.8121
-16.8115
-16.8114
-16.8111
-16.8108
-16.8104
-16.8097
-16.8085
-16.807
-16.8054
-16.8038
-16.8021
-16.8001
-16.7977
-16.7951
-16.792
-16.7886
-16.7847
-16.7804
-16.7756
-16.7703
-16.7644
-16.7579
-16.7509
-16.7432
-16.7349
-16.726
-16.7168
-16.7073
-16.698
-16.6893
-16.6816
-16.6754
-16.6711
-16.6689
-16.6688
-16.6701
-16.6719
-16.6732
-16.6714
-16.6626
-16.6477
-16.6458
-16.992
-16.9976
-17.0354
-17.0806
-17.1036
-17.1164
-17.1287
-17.1434
-17.1617
-17.1824
-17.2024
-17.2175
-17.2292
-17.2379
-17.2452
-17.2515
-17.2572
-17.262
-17.2666
-17.2709
-17.2748
-17.2785
-17.2818
-17.285
-17.2878
-17.2904
-17.2928
-17.2949
-17.2968
-17.2984
-17.2998
-17.3009
-17.3018
-17.3026
-17.3033
-17.304
-17.3045
-17.3045
-17.3038
-17.3041
-17.3038
-17.3035
-17.3031
-17.3024
-17.3012
-17.2999
-17.2985
-17.2969
-17.2951
-17.2931
-17.2909
-17.2882
-17.2853
-17.2819
-17.2781
-17.2739
-17.2691
-17.2638
-17.2579
-17.2513
-17.244
-17.2358
-17.2269
-17.2173
-17.207
-17.1964
-17.186
-17.1762
-17.1678
-17.161
-17.1559
-17.1528
-17.1518
-17.1517
-17.1521
-17.1522
-17.1476
-17.1331
-17.1154
-17.109
-17.4259
-17.4295
-17.4691
-17.5259
-17.563
-17.5866
-17.6039
-17.62
-17.6441
-17.6736
-17.6992
-17.7169
-17.729
-17.7358
-17.7424
-17.7479
-17.7529
-17.7573
-17.7615
-17.7654
-17.7691
-17.7725
-17.7756
-17.7786
-17.7812
-17.7837
-17.7859
-17.7879
-17.7897
-17.7912
-17.7926
-17.7937
-17.7946
-17.7954
-17.7961
-17.7967
-17.797
-17.7971
-17.7964
-17.7969
-17.7966
-17.7963
-17.7959
-17.7952
-17.7942
-17.793
-17.7917
-17.7901
-17.7884
-17.7865
-17.7843
-17.7818
-17.7789
-17.7757
-17.772
-17.7679
-17.7632
-17.758
-17.7521
-17.7454
-17.7378
-17.7293
-17.7197
-17.7091
-17.6977
-17.6857
-17.6737
-17.6623
-17.6528
-17.6455
-17.64
-17.6369
-17.6358
-17.6344
-17.6326
-17.6302
-17.6207
-17.5984
-17.5738
-17.5658
-17.8877
-17.8878
-17.9275
-17.9863
-18.023
-18.055
-18.0833
-18.1045
-18.1364
-18.174
-18.2033
-18.2217
-18.2323
-18.236
-18.2409
-18.2452
-18.2492
-18.2531
-18.2568
-18.2603
-18.2636
-18.2668
-18.2697
-18.2724
-18.2749
-18.2772
-18.2793
-18.2811
-18.2828
-18.2843
-18.2855
-18.2866
-18.2875
-18.2883
-18.289
-18.2895
-18.2897
-18.2899
-18.2895
-18.2896
-18.2895
-18.2893
-18.2889
-18.2882
-18.2873
-18.2863
-18.285
-18.2836
-18.282
-18.2801
-18.278
-18.2756
-18.2729
-18.2698
-18.2664
-18.2624
-18.2579
-18.2528
-18.247
-18.2403
-18.2326
-18.2238
-18.2136
-18.202
-18.189
-18.1752
-18.1613
-18.147
-18.1379
-18.1321
-18.1275
-18.1247
-18.1234
-18.1186
-18.1118
-18.1042
-18.0873
-18.0583
-18.0322
-18.0243
-18.3932
-18.3773
-18.4132
-18.4804
-18.5335
-18.5659
-18.5965
-18.6195
-18.6489
-18.6825
-18.7129
-18.7321
-18.7398
-18.7387
-18.7405
-18.7431
-18.746
-18.7492
-18.7523
-18.7554
-18.7584
-18.7613
-18.764
-18.7665
-18.7688
-18.7709
-18.7728
-18.7745
-18.7761
-18.7775
-18.7787
-18.7797
-18.7806
-18.7813
-18.7819
-18.7824
-18.7826
-18.7828
-18.7826
-18.7826
-18.7825
-18.7823
-18.782
-18.7814
-18.7806
-18.7797
-18.7785
-18.7772
-18.7757
-18.774
-18.772
-18.7698
-18.7673
-18.7644
-18.7612
-18.7575
-18.7533
-18.7484
-18.7428
-18.7363
-18.7286
-18.7196
-18.7089
-18.6963
-18.6816
-18.6653
-18.6492
-18.6367
-18.6321
-18.6366
-18.6413
-18.6431
-18.6384
-18.6281
-18.6102
-18.5887
-18.5582
-18.5198
-18.4958
-18.4921
-18.921
-18.8893
-18.9216
-19.0036
-19.0719
-19.1273
-19.1678
-19.1982
-19.2089
-19.2138
-19.2291
-19.2448
-19.2477
-19.2431
-19.2404
-19.2411
-19.243
-19.2454
-19.248
-19.2508
-19.2534
-19.256
-19.2584
-19.2607
-19.2628
-19.2648
-19.2665
-19.2681
-19.2696
-19.2709
-19.272
-19.273
-19.2738
-19.2745
-19.2751
-19.2755
-19.2758
-19.2759
-19.2759
-19.2757
-19.2757
-19.2756
-19.2753
-19.2748
-19.2741
-19.2732
-19.2722
-19.271
-19.2696
-19.2681
-19.2663
-19.2643
-19.262
-19.2594
-19.2565
-19.2531
-19.2492
-19.2448
-19.2396
-19.2334
-19.226
-19.2171
-19.2062
-19.1928
-19.1762
-19.155
-19.1426
-19.1415
-19.155
-19.1814
-19.2128
-19.2296
-19.2213
-19.1898
-19.1404
-19.0807
-19.0361
-19.0088
-18.9862
-18.9856
-19.4764
-19.4577
-19.4941
-19.5786
-19.6576
-19.7316
-19.7803
-19.8176
-19.8176
-19.7932
-19.7691
-19.7577
-19.7522
-19.7459
-19.7391
-19.7386
-19.7397
-19.7416
-19.7438
-19.7462
-19.7486
-19.7509
-19.7531
-19.7551
-19.7571
-19.7588
-19.7604
-19.7619
-19.7632
-19.7644
-19.7655
-19.7664
-19.7671
-19.7678
-19.7683
-19.7687
-19.769
-19.7691
-19.7692
-19.769
-19.7691
-19.769
-19.7687
-19.7683
-19.7677
-19.7669
-19.766
-19.765
-19.7638
-19.7624
-19.7608
-19.7591
-19.7571
-19.7548
-19.7522
-19.7492
-19.7459
-19.7419
-19.7373
-19.7318
-19.7251
-19.7168
-19.7064
-19.6929
-19.6725
-19.651
-19.6516
-19.6789
-19.7205
-19.7791
-19.8377
-19.8616
-19.8406
-19.7824
-19.6895
-19.5905
-19.5463
-19.5062
-19.4804
-19.5021
-20.0746
-20.0778
-20.1248
-20.1904
-20.2707
-20.3593
-20.4327
-20.4736
-20.4656
-20.4164
-20.3518
-20.2868
-20.2531
-20.2419
-20.2367
-20.2351
-20.2362
-20.2376
-20.2396
-20.2417
-20.2438
-20.2459
-20.2479
-20.2497
-20.2515
-20.253
-20.2545
-20.2558
-20.257
-20.2581
-20.259
-20.2599
-20.2606
-20.2612
-20.2617
-20.2621
-20.2624
-20.2625
-20.2626
-20.2625
-20.2626
-20.2625
-20.2623
-20.2619
-20.2614
-20.2608
-20.26
-20.2591
-20.2581
-20.2569
-20.2556
-20.2541
-20.2524
-20.2505
-20.2483
-20.2458
-20.243
-20.2398
-20.2359
-20.2314
-20.2258
-20.2188
-20.2105
-20.1979
-20.1685
-20.161
-20.1913
-20.2477
-20.3097
-20.3885
-20.4568
-20.4821
-20.4545
-20.3783
-20.2733
-20.1677
-20.1073
-20.0354
-20.0129
-20.0501
-20.6999
-20.7032
-20.7415
-20.7997
-20.863
-20.9591
-21.0571
-21.1129
-21.1151
-21.0631
-20.9664
-20.852
-20.7626
-20.7325
-20.733
-20.7309
-20.7323
-20.7336
-20.7354
-20.7373
-20.7392
-20.741
-20.7428
-20.7445
-20.746
-20.7474
-20.7487
-20.7499
-20.7509
-20.7519
-20.7528
-20.7535
-20.7541
-20.7547
-20.7552
-20.7555
-20.7558
-20.756
-20.7561
-20.7561
-20.7562
-20.7562
-20.756
-20.7557
-20.7553
-20.7548
-20.7541
-20.7534
-20.7525
-20.7516
-20.7505
-20.7493
-20.7479
-20.7464
-20.7447
-20.7428
-20.7407
-20.7382
-20.7354
-20.7321
-20.7282
-20.7232
-20.7182
-20.7109
-20.6839
-20.6911
-20.748
-20.8134
-20.8921
-20.98
-21.0463
-21.0695
-21.0383
-20.9549
-20.8615
-20.7813
-20.6982
-20.6301
-20.6132
-20.639
-21.3111
-21.3042
-21.3236
-21.3759
-21.4277
-21.5207
-21.6299
-21.6884
-21.6933
-21.6539
-21.5682
-21.4378
-21.2916
-21.2274
-21.2273
-21.2272
-21.2281
-21.2297
-21.2313
-21.233
-21.2347
-21.2363
-21.2379
-21.2393
-21.2406
-21.2419
-21.243
-21.244
-21.245
-21.2458
-21.2466
-21.2472
-21.2478
-21.2483
-21.2487
-21.2491
-21.2493
-21.2495
-21.2496
-21.2497
-21.2499
-21.2499
-21.2498
-21.2495
-21.2492
-21.2488
-21.2483
-21.2477
-21.2471
-21.2463
-21.2455
-21.2446
-21.2436
-21.2425
-21.2413
-21.24
-21.2386
-21.2371
-21.2354
-21.2336
-21.2317
-21.2299
-21.2291
-21.2264
-21.2249
-21.2412
-21.2912
-21.36
-21.4527
-21.546
-21.6097
-21.6232
-21.5888
-21.499
-21.4165
-21.3586
-21.279
-21.2296
-21.2236
-21.2368
-21.9032
-21.8803
-21.8737
-21.9139
-21.9703
-22.0529
-22.155
-22.2162
-22.2186
-22.176
-22.1087
-21.9943
-21.832
-21.7389
-21.7225
-21.725
-21.7244
-21.726
-21.7273
-21.7288
-21.7303
-21.7317
-21.733
-21.7342
-21.7354
-21.7364
-21.7374
-21.7383
-21.7391
-21.7398
-21.7405
-21.741
-21.7415
-21.742
-21.7423
-21.7426
-21.7429
-21.743
-21.7432
-21.7433
-21.7436
-21.7436
-21.7436
-21.7435
-21.7432
-21.743
-21.7426
-21.7422
-21.7417
-21.7412
-21.7407
-21.7401
-21.7394
-21.7388
-21.7381
-21.7374
-21.7367
-21.7361
-21.7356
-21.7354
-21.7355
-21.7369
-21.7406
-21.7439
-21.759
-21.7856
-21.8251
-21.8909
-21.9846
-22.0749
-22.1327
-22.1339
-22.0933
-22.006
-21.919
-21.8681
-21.8231
-21.8018
-21.8195
-21.8449
-22.4535
-22.4318
-22.4095
-22.4246
-22.4618
-22.5351
-22.638
-22.7027
-22.7038
-22.6594
-22.5975
-22.5072
-22.3633
-22.2576
-22.221
-22.2231
-22.2209
-22.2225
-22.2235
-22.2247
-22.226
-22.2272
-22.2283
-22.2293
-22.2302
-22.2311
-22.2319
-22.2326
-22.2333
-22.2339
-22.2344
-22.2349
-22.2353
-22.2357
-22.236
-22.2362
-22.2365
-22.2366
-22.2368
-22.237
-22.2373
-22.2374
-22.2375
-22.2374
-22.2373
-22.2371
-22.2369
-22.2367
-22.2364
-22.2361
-22.2358
-22.2355
-22.2353
-22.235
-22.2348
-22.2348
-22.2348
-22.2351
-22.2357
-22.2368
-22.2385
-22.242
-22.2483
-22.2534
-22.2723
-22.3096
-22.3531
-22.4062
-22.4897
-22.5671
-22.5975
-22.589
-22.5484
-22.4688
-22.3892
-22.358
-22.3548
-22.3617
-22.3933
-22.407
-22.9419
-22.9409
-22.9389
-22.9364
-22.9384
-22.9885
-23.0803
-23.1436
-23.1446
-23.1094
-23.063
-22.9945
-22.8704
-22.7627
-22.7192
-22.7197
-22.7174
-22.719
-22.7197
-22.7208
-22.7218
-22.7228
-22.7236
-22.7245
-22.7252
-22.7259
-22.7265
-22.727
-22.7275
-22.728
-22.7284
-22.7288
-22.7292
-22.7294
-22.7297
-22.7299
-22.7301
-22.7302
-22.7305
-22.7307
-22.7311
-22.7312
-22.7314
-22.7314
-22.7314
-22.7314
-22.7313
-22.7312
-22.7311
-22.731
-22.731
-22.731
-22.7311
-22.7312
-22.7315
-22.732
-22.7327
-22.7338
-22.7353
-22.7375
-22.7404
-22.745
-22.7516
-22.7566
-22.7738
-22.8119
-22.8555
-22.9037
-22.9741
-23.0445
-23.0526
-23.0241
-22.9899
-22.94
-22.8949
-22.8928
-22.903
-22.9013
-22.9018
-22.8982
-23.4207
-23.4245
-23.4326
-23.4474
-23.4504
-23.4647
-23.5213
-23.5634
-23.5638
-23.5408
-23.5192
-23.4643
-23.3516
-23.2544
-23.2133
-23.2146
-23.2141
-23.2153
-23.2161
-23.217
-23.2178
-23.2185
-23.2191
-23.2197
-23.2202
-23.2207
-23.2211
-23.2215
-23.2219
-23.2222
-23.2225
-23.2228
-23.223
-23.2233
-23.2234
-23.2236
-23.2237
-23.2239
-23.2241
-23.2245
-23.2249
-23.2251
-23.2253
-23.2254
-23.2255
-23.2256
-23.2257
-23.2257
-23.2258
-23.2259
-23.2261
-23.2264
-23.2268
-23.2273
-23.2281
-23.229
-23.2303
-23.2321
-23.2343
-23.2373
-23.2412
-23.2464
-23.2536
-23.2609
-23.2747
-23.3018
-23.3312
-23.3759
-23.4417
-23.5113
-23.5348
-23.5172
-23.4951
-23.4648
-23.4435
-23.425
-23.4019
-23.3875
-23.3806
-23.376
-23.903
-23.9019
-23.9053
-23.9162
-23.9363
-23.9567
-23.9856
-24.0101
-24.0059
-23.9868
-23.9752
-23.9228
-23.8247
-23.7431
-23.7077
-23.709
-23.7108
-23.712
-23.7127
-23.7134
-23.7139
-23.7143
-23.7147
-23.715
-23.7152
-23.7155
-23.7157
-23.716
-23.7162
-23.7164
-23.7166
-23.7168
-23.717
-23.7171
-23.7172
-23.7173
-23.7174
-23.7175
-23.7177
-23.7182
-23.7187
-23.719
-23.7193
-23.7195
-23.7197
-23.7199
-23.72
-23.7202
-23.7204
-23.7208
-23.7212
-23.7217
-23.7224
-23.7233
-23.7243
-23.7258
-23.7276
-23.7298
-23.7327
-23.7364
-23.7409
-23.7467
-23.755
-23.7648
-23.7764
-23.7931
-23.8098
-23.8331
-23.8893
-23.9673
-24.0241
-24.0296
-24.0056
-23.968
-23.9317
-23.899
-23.8744
-23.8604
-23.8548
-23.857
-24.3884
-24.386
-24.3857
-24.3923
-24.4092
-24.4377
-24.464
-24.4845
-24.4861
-24.4641
-24.4273
-24.3762
-24.3009
-24.2356
-24.2059
-24.2063
-24.2085
-24.2094
-24.2098
-24.21
-24.2102
-24.2102
-24.2103
-24.2103
-24.2103
-24.2104
-24.2104
-24.2105
-24.2105
-24.2106
-24.2107
-24.2108
-24.2109
-24.211
-24.2111
-24.2111
-24.2112
-24.2113
-24.2115
-24.212
-24.2126
-24.2131
-24.2134
-24.2137
-24.2139
-24.2141
-24.2144
-24.2147
-24.215
-24.2155
-24.2161
-24.2169
-24.2178
-24.219
-24.2203
-24.2221
-24.2243
-24.227
-24.2304
-24.2345
-24.2395
-24.2458
-24.254
-24.2639
-24.2756
-24.2872
-24.2978
-24.299
-24.332
-24.402
-24.4681
-24.4896
-24.4762
-24.4494
-24.4155
-24.3834
-24.3599
-24.3473
-24.3429
-24.3441
-24.8783
-24.8794
-24.883
-24.893
-24.9128
-24.9377
-24.9636
-24.9779
-24.9752
-24.9497
-24.896
-24.8398
-24.7826
-24.732
-24.7085
-24.7071
-24.7078
-24.7077
-24.7073
-24.7069
-24.7066
-24.7063
-24.7059
-24.7057
-24.7054
-24.7052
-24.7051
-24.705
-24.7049
-24.7048
-24.7048
-24.7048
-24.7048
-24.7049
-24.7049
-24.705
-24.705
-24.7051
-24.7053
-24.7059
-24.7067
-24.7073
-24.7077
-24.7079
-24.7081
-24.7084
-24.7086
-24.709
-24.7095
-24.7101
-24.7109
-24.7118
-24.713
-24.7144
-24.7161
-24.7181
-24.7206
-24.7236
-24.7273
-24.7317
-24.737
-24.7434
-24.7513
-24.7604
-24.7723
-24.7825
-24.7903
-24.7873
-24.7949
-24.8435
-24.9055
-24.9467
-24.9592
-24.9498
-24.925
-24.8924
-24.8633
-24.8465
-24.839
-24.8363
-25.3715
-25.3764
-25.3832
-25.3996
-25.4279
-25.4607
-25.4853
-25.4906
-25.4681
-25.4289
-25.3776
-25.3187
-25.2701
-25.2315
-25.2144
-25.2104
-25.2082
-25.2065
-25.2051
-25.204
-25.2031
-25.2023
-25.2016
-25.201
-25.2005
-25.2001
-25.1997
-25.1994
-25.1992
-25.199
-25.1989
-25.1988
-25.1988
-25.1988
-25.1988
-25.1989
-25.1989
-25.199
-25.1992
-25.1999
-25.2009
-25.2017
-25.2022
-25.2023
-25.2024
-25.2026
-25.2029
-25.2033
-25.2038
-25.2046
-25.2055
-25.2066
-25.2079
-25.2095
-25.2114
-25.2137
-25.2164
-25.2197
-25.2235
-25.2281
-25.2335
-25.2399
-25.2474
-25.2563
-25.2662
-25.2776
-25.2867
-25.2917
-25.2909
-25.3202
-25.3814
-25.4341
-25.4563
-25.4542
-25.4345
-25.4011
-25.3668
-25.3462
-25.3374
-25.3316
-25.8649
-25.8714
-25.8799
-25.9017
-25.9373
-25.9765
-26.0043
-26.0044
-25.9663
-25.9062
-25.8504
-25.8012
-25.7623
-25.7349
-25.721
-25.7136
-25.7088
-25.7055
-25.703
-25.7011
-25.6995
-25.6982
-25.6972
-25.6962
-25.6955
-25.6948
-25.6943
-25.6938
-25.6934
-25.6932
-25.6929
-25.6928
-25.6927
-25.6927
-25.6927
-25.6928
-25.6929
-25.6931
-25.6934
-25.6941
-25.6952
-25.6964
-25.697
-25.6969
-25.6967
-25.6967
-25.697
-25.6974
-25.6981
-25.6989
-25.6999
-25.7011
-25.7026
-25.7044
-25.7064
-25.7089
-25.7118
-25.7152
-25.7191
-25.7237
-25.7291
-25.7353
-25.7425
-25.7508
-25.7603
-25.7704
-25.7813
-25.7927
-25.8054
-25.8238
-25.8723
-25.9205
-25.9435
-25.9433
-25.9279
-25.898
-25.863
-25.8413
-25.833
-25.8267
-26.3557
-26.3613
-26.3695
-26.3916
-26.4274
-26.4666
-26.4935
-26.4929
-26.4523
-26.3856
-26.3257
-26.286
-26.2583
-26.2373
-26.2237
-26.2147
-26.2084
-26.2039
-26.2005
-26.1979
-26.1958
-26.194
-26.1926
-26.1913
-26.1903
-26.1895
-26.1887
-26.1881
-26.1876
-26.1872
-26.1869
-26.1867
-26.1866
-26.1865
-26.1865
-26.1867
-26.1869
-26.1874
-26.1879
-26.1885
-26.1895
-26.191
-26.1919
-26.1915
-26.1909
-26.1907
-26.1909
-26.1914
-26.1921
-26.193
-26.1941
-26.1955
-26.1971
-26.1989
-26.2011
-26.2037
-26.2066
-26.2101
-26.214
-26.2186
-26.2239
-26.2299
-26.2368
-26.2445
-26.2534
-26.2631
-26.273
-26.2869
-26.3031
-26.3223
-26.3524
-26.3883
-26.4093
-26.4122
-26.402
-26.3789
-26.3496
-26.3309
-26.3239
-26.3193
-26.8427
-26.8461
-26.8535
-26.871
-26.8998
-26.9315
-26.9523
-26.9505
-26.9165
-26.8606
-26.8109
-26.7768
-26.7533
-26.7357
-26.723
-26.7136
-26.7067
-26.7015
-26.6975
-26.6943
-26.6917
-26.6896
-26.6878
-26.6863
-26.685
-26.684
-26.6831
-26.6823
-26.6817
-26.6812
-26.6808
-26.6805
-26.6803
-26.6803
-26.6803
-26.6805
-26.6809
-26.6818
-26.6827
-26.683
-26.6836
-26.685
-26.686
-26.6857
-26.6847
-26.6844
-26.6846
-26.6852
-26.6859
-26.6869
-26.6881
-26.6895
-26.6912
-26.6932
-26.6954
-26.698
-26.701
-26.7045
-26.7084
-26.7129
-26.718
-26.7237
-26.7302
-26.7375
-26.7457
-26.755
-26.7655
-26.7758
-26.7858
-26.8057
-26.8251
-26.8462
-26.8625
-26.871
-26.8661
-26.8501
-26.83
-26.8169
-26.8114
-26.8088
-27.3265
-27.3286
-27.3338
-27.345
-27.3634
-27.3835
-27.3951
-27.3896
-27.3665
-27.3294
-27.2938
-27.2666
-27.2466
-27.2311
-27.2199
-27.2107
-27.2036
-27.1981
-27.1937
-27.1901
-27.1872
-27.1848
-27.1827
-27.181
-27.1795
-27.1783
-27.1773
-27.1764
-27.1757
-27.1751
-27.1746
-27.1742
-27.174
-27.1739
-27.1739
-27.1742
-27.1746
-27.176
-27.177
-27.1771
-27.1768
-27.1778
-27.1789
-27.1788
-27.178
-27.1777
-27.1781
-27.1787
-27.1796
-27.1806
-27.1819
-27.1834
-27.1851
-27.1871
-27.1894
-27.1921
-27.195
-27.1984
-27.2023
-27.2066
-27.2115
-27.2169
-27.223
-27.2298
-27.2373
-27.2456
-27.2547
-27.2645
-27.2766
-27.2883
-27.3008
-27.3149
-27.3283
-27.3342
-27.3308
-27.3205
-27.309
-27.3013
-27.2975
-27.2959
-27.8087
-27.8101
-27.8134
-27.8194
-27.8287
-27.8385
-27.843
-27.8368
-27.8207
-27.7975
-27.7741
-27.7542
-27.7381
-27.7249
-27.7145
-27.706
-27.6991
-27.6938
-27.6892
-27.6854
-27.6822
-27.6796
-27.6773
-27.6754
-27.6738
-27.6725
-27.6713
-27.6703
-27.6695
-27.6688
-27.6683
-27.6678
-27.6675
-27.6674
-27.6674
-27.6675
-27.668
-27.6692
-27.6704
-27.67
-27.669
-27.6696
-27.6707
-27.6709
-27.6706
-27.6707
-27.6713
-27.672
-27.673
-27.6741
-27.6755
-27.677
-27.6788
-27.6808
-27.6831
-27.6857
-27.6886
-27.6919
-27.6957
-27.6998
-27.7044
-27.7095
-27.7152
-27.7214
-27.7282
-27.7356
-27.7435
-27.7521
-27.7618
-27.7719
-27.7829
-27.7928
-27.799
-27.8019
-27.8001
-27.7951
-27.7896
-27.7854
-27.7829
-27.7818
-28.2906
-28.2915
-28.2934
-28.2963
-28.3001
-28.3032
-28.303
-28.2971
-28.2858
-28.2708
-28.2552
-28.2407
-28.228
-28.2171
-28.208
-28.2002
-28.1938
-28.1884
-28.1839
-28.18
-28.1768
-28.174
-28.1716
-28.1696
-28.1679
-28.1664
-28.1652
-28.1641
-28.1632
-28.1624
-28.1618
-28.1613
-28.1609
-28.1607
-28.1606
-28.1606
-28.1609
-28.1616
-28.1624
-28.1618
-28.1604
-28.1609
-28.162
-28.1627
-28.163
-28.1635
-28.1643
-28.1652
-28.1663
-28.1675
-28.1688
-28.1704
-28.1722
-28.1742
-28.1765
-28.1791
-28.1819
-28.1851
-28.1886
-28.1926
-28.1969
-28.2017
-28.2069
-28.2125
-28.2187
-28.2252
-28.2322
-28.2394
-28.247
-28.2544
-28.2618
-28.2689
-28.2736
-28.2761
-28.2762
-28.2744
-28.2719
-28.2697
-28.2681
-28.2673
-28.7727
-28.7733
-28.7742
-28.7754
-28.7764
-28.7764
-28.7741
-28.7686
-28.7599
-28.7495
-28.7384
-28.7275
-28.7174
-28.7084
-28.7004
-28.6935
-28.6875
-28.6823
-28.6779
-28.6741
-28.6708
-28.668
-28.6656
-28.6635
-28.6617
-28.6602
-28.6588
-28.6577
-28.6567
-28.6559
-28.6552
-28.6547
-28.6542
-28.6539
-28.6537
-28.6536
-28.6536
-28.6537
-28.6537
-28.653
-28.6523
-28.6527
-28.6538
-28.6547
-28.6555
-28.6563
-28.6573
-28.6583
-28.6594
-28.6606
-28.662
-28.6636
-28.6654
-28.6674
-28.6696
-28.6721
-28.6748
-28.6779
-28.6813
-28.685
-28.689
-28.6934
-28.6982
-28.7033
-28.7088
-28.7146
-28.7206
-28.7268
-28.7331
-28.7394
-28.745
-28.75
-28.7538
-28.7561
-28.7569
-28.7565
-28.7554
-28.7543
-28.7534
-28.7528
-29.2554
-29.2557
-29.256
-29.2562
-29.2558
-29.2545
-29.2516
-29.2469
-29.2404
-29.2322
-29.2235
-29.2149
-29.2067
-29.199
-29.1921
-29.1859
-29.1804
-29.1756
-29.1713
-29.1677
-29.1645
-29.1617
-29.1592
-29.1571
-29.1553
-29.1537
-29.1523
-29.1511
-29.1501
-29.1492
-29.1485
-29.1479
-29.1474
-29.147
-29.1467
-29.1465
-29.1463
-29.1461
-29.1458
-29.1452
-29.1449
-29.1453
-29.1463
-29.1473
-29.1483
-29.1492
-29.1501
-29.1512
-29.1523
-29.1536
-29.155
-29.1566
-29.1584
-29.1603
-29.1625
-29.1649
-29.1675
-29.1704
-29.1736
-29.177
-29.1808
-29.1848
-29.1892
-29.1938
-29.1987
-29.2038
-29.2091
-29.2144
-29.2196
-29.2247
-29.2293
-29.2333
-29.2364
-29.2385
-29.2397
-29.24
-29.2398
-29.2394
-29.2389
-29.2385
-29.7388
-29.7389
-29.7388
-29.7384
-29.7373
-29.7355
-29.7325
-29.7283
-29.723
-29.7166
-29.7097
-29.7027
-29.6958
-29.6893
-29.6832
-29.6777
-29.6727
-29.6683
-29.6643
-29.6608
-29.6577
-29.6549
-29.6525
-29.6504
-29.6486
-29.647
-29.6456
-29.6444
-29.6433
-29.6424
-29.6416
-29.641
-29.6405
-29.64
-29.6397
-29.6394
-29.6391
-29.6389
-29.6386
-29.6383
-29.6382
-29.6386
-29.6394
-29.6402
-29.6411
-29.642
-29.643
-29.644
-29.6452
-29.6465
-29.6479
-29.6494
-29.6511
-29.653
-29.6551
-29.6574
-29.6599
-29.6626
-29.6656
-29.6688
-29.6723
-29.676
-29.68
-29.6841
-29.6885
-29.693
-29.6975
-29.7021
-29.7066
-29.7108
-29.7147
-29.718
-29.7207
-29.7227
-29.7239
-29.7246
-29.7249
-29.7249
-29.7247
-29.7245
-30.2228
-30.2228
-30.2225
-30.2217
-30.2204
-30.2184
-30.2156
-30.2119
-30.2073
-30.2021
-30.1965
-30.1907
-30.1849
-30.1793
-30.174
-30.1691
-30.1646
-30.1605
-30.1568
-30.1535
-30.1505
-30.1479
-30.1456
-30.1435
-30.1417
-30.1401
-30.1387
-30.1374
-30.1364
-30.1355
-30.1347
-30.134
-30.1334
-30.133
-30.1326
-30.1323
-30.132
-30.1318
-30.1316
-30.1315
-30.1314
-30.1318
-30.1324
-30.1331
-30.1339
-30.1348
-30.1358
-30.1368
-30.1379
-30.1392
-30.1406
-30.1421
-30.1437
-30.1455
-30.1475
-30.1497
-30.1521
-30.1546
-30.1574
-30.1604
-30.1636
-30.167
-30.1706
-30.1743
-30.1782
-30.1821
-30.1861
-30.1901
-30.1939
-30.1975
-30.2008
-30.2037
-30.2061
-30.2079
-30.2092
-30.2101
-30.2106
-30.2108
-30.2108
-30.2107
-30.7075
-30.7073
-30.7069
-30.706
-30.7046
-30.7026
-30.7
-30.6967
-30.6929
-30.6885
-30.6838
-30.6789
-30.674
-30.6692
-30.6645
-30.6602
-30.6561
-30.6524
-30.649
-30.6459
-30.6431
-30.6406
-30.6383
-30.6363
-30.6346
-30.633
-30.6316
-30.6304
-30.6293
-30.6284
-30.6276
-30.6269
-30.6263
-30.6258
-30.6254
-30.6251
-30.6249
-30.6247
-30.6245
-30.6245
-30.6245
-30.6249
-30.6254
-30.626
-30.6267
-30.6276
-30.6285
-30.6295
-30.6306
-30.6318
-30.6331
-30.6346
-30.6362
-30.6379
-30.6398
-30.6418
-30.6441
-30.6465
-30.649
-30.6518
-30.6547
-30.6578
-30.661
-30.6644
-30.6678
-30.6713
-30.6748
-30.6783
-30.6816
-30.6847
-30.6876
-30.6901
-30.6922
-30.6939
-30.6952
-30.6962
-30.6968
-30.6972
-30.6973
-30.6973
-31.1927
-31.1925
-31.192
-31.1911
-31.1897
-31.1878
-31.1855
-31.1826
-31.1792
-31.1755
-31.1715
-31.1673
-31.1631
-31.1589
-31.1549
-31.151
-31.1474
-31.144
-31.1408
-31.138
-31.1354
-31.133
-31.1309
-31.1289
-31.1272
-31.1257
-31.1243
-31.1231
-31.1221
-31.1212
-31.1204
-31.1197
-31.1191
-31.1186
-31.1182
-31.1179
-31.1177
-31.1175
-31.1174
-31.1174
-31.1175
-31.1178
-31.1182
-31.1188
-31.1195
-31.1202
-31.1211
-31.1221
-31.1231
-31.1243
-31.1256
-31.1269
-31.1285
-31.1301
-31.1319
-31.1338
-31.1359
-31.1381
-31.1405
-31.143
-31.1457
-31.1485
-31.1514
-31.1544
-31.1575
-31.1606
-31.1636
-31.1667
-31.1696
-31.1723
-31.1748
-31.177
-31.179
-31.1805
-31.1818
-31.1828
-31.1835
-31.1839
-31.1841
-31.1841
-31.6784
-31.6783
-31.6777
-31.6768
-31.6755
-31.6738
-31.6716
-31.6691
-31.6662
-31.663
-31.6595
-31.6559
-31.6523
-31.6486
-31.6451
-31.6416
-31.6384
-31.6353
-31.6325
-31.6298
-31.6274
-31.6252
-31.6232
-31.6213
-31.6197
-31.6182
-31.6169
-31.6158
-31.6147
-31.6138
-31.6131
-31.6124
-31.6118
-31.6113
-31.6109
-31.6106
-31.6104
-31.6102
-31.6102
-31.6102
-31.6103
-31.6106
-31.611
-31.6115
-31.6121
-31.6128
-31.6137
-31.6146
-31.6156
-31.6167
-31.6179
-31.6192
-31.6206
-31.6222
-31.6238
-31.6256
-31.6276
-31.6296
-31.6318
-31.6341
-31.6366
-31.6391
-31.6417
-31.6444
-31.6471
-31.6499
-31.6526
-31.6553
-31.6578
-31.6602
-31.6624
-31.6644
-31.6662
-31.6676
-31.6688
-31.6697
-31.6704
-31.6709
-31.6711
-31.6712
-32.1646
-32.1644
-32.1639
-32.1631
-32.1618
-32.1603
-32.1584
-32.1561
-32.1536
-32.1508
-32.1478
-32.1447
-32.1415
-32.1383
-32.1352
-32.1321
-32.1292
-32.1265
-32.1239
-32.1215
-32.1192
-32.1172
-32.1153
-32.1136
-32.112
-32.1106
-32.1094
-32.1083
-32.1073
-32.1064
-32.1056
-32.105
-32.1044
-32.104
-32.1036
-32.1033
-32.1031
-32.1029
-32.1029
-32.1029
-32.103
-32.1033
-32.1036
-32.1041
-32.1047
-32.1054
-32.1061
-32.107
-32.1079
-32.1089
-32.1101
-32.1113
-32.1127
-32.1141
-32.1157
-32.1173
-32.1191
-32.121
-32.123
-32.1251
-32.1273
-32.1296
-32.132
-32.1344
-32.1368
-32.1393
-32.1417
-32.144
-32.1463
-32.1484
-32.1504
-32.1522
-32.1537
-32.155
-32.1562
-32.157
-32.1577
-32.1582
-32.1584
-32.1585
-32.6512
-32.651
-32.6506
-32.6497
-32.6486
-32.6472
-32.6455
-32.6435
-32.6413
-32.6389
-32.6363
-32.6336
-32.6308
-32.628
-32.6252
-32.6225
-32.6199
-32.6175
-32.6151
-32.6129
-32.6109
-32.609
-32.6072
-32.6056
-32.6042
-32.6029
-32.6017
-32.6006
-32.5997
-32.5989
-32.5981
-32.5975
-32.597
-32.5965
-32.5961
-32.5959
-32.5956
-32.5955
-32.5955
-32.5955
-32.5956
-32.5959
-32.5962
-32.5966
-32.5972
-32.5978
-32.5985
-32.5993
-32.6002
-32.6011
-32.6022
-32.6033
-32.6046
-32.6059
-32.6074
-32.6089
-32.6106
-32.6123
-32.6141
-32.616
-32.618
-32.6201
-32.6222
-32.6244
-32.6266
-32.6287
-32.6309
-32.633
-32.6349
-32.6368
-32.6386
-32.6401
-32.6416
-32.6428
-32.6438
-32.6446
-32.6453
-32.6457
-32.646
-32.6461
-33.1382
-33.138
-33.1375
-33.1368
-33.1358
-33.1345
-33.133
-33.1313
-33.1293
-33.1272
-33.1249
-33.1226
-33.1201
-33.1177
-33.1153
-33.1129
-33.1106
-33.1083
-33.1062
-33.1042
-33.1024
-33.1006
-33.099
-33.0975
-33.0962
-33.095
-33.0939
-33.0929
-33.092
-33.0912
-33.0905
-33.0899
-33.0894
-33.089
-33.0886
-33.0884
-33.0882
-33.088
-33.088
-33.088
-33.0882
-33.0884
-33.0887
-33.0891
-33.0896
-33.0901
-33.0908
-33.0915
-33.0923
-33.0932
-33.0942
-33.0953
-33.0964
-33.0977
-33.099
-33.1004
-33.1019
-33.1035
-33.1052
-33.1069
-33.1087
-33.1105
-33.1124
-33.1144
-33.1163
-33.1182
-33.1201
-33.122
-33.1237
-33.1254
-33.127
-33.1284
-33.1296
-33.1307
-33.1317
-33.1324
-33.133
-33.1335
-33.1337
-33.1338
-33.6254
-33.6252
-33.6248
-33.6241
-33.6232
-33.6221
-33.6208
-33.6193
-33.6176
-33.6157
-33.6137
-33.6117
-33.6095
-33.6074
-33.6053
-33.6031
-33.6011
-33.5991
-33.5972
-33.5954
-33.5937
-33.5922
-33.5907
-33.5893
-33.5881
-33.587
-33.5859
-33.585
-33.5842
-33.5834
-33.5828
-33.5822
-33.5818
-33.5814
-33.581
-33.5808
-33.5806
-33.5805
-33.5805
-33.5805
-33.5806
-33.5808
-33.5811
-33.5815
-33.5819
-33.5824
-33.583
-33.5837
-33.5844
-33.5852
-33.5861
-33.5871
-33.5882
-33.5893
-33.5905
-33.5918
-33.5932
-33.5946
-33.5961
-33.5977
-33.5993
-33.601
-33.6027
-33.6044
-33.6061
-33.6078
-33.6095
-33.6111
-33.6127
-33.6141
-33.6155
-33.6168
-33.6179
-33.6189
-33.6197
-33.6204
-33.621
-33.6214
-33.6216
-33.6217
-34.1129
-34.1127
-34.1124
-34.1118
-34.111
-34.11
-34.1088
-34.1075
-34.106
-34.1044
-34.1026
-34.1008
-34.099
-34.0971
-34.0952
-34.0934
-34.0916
-34.0898
-34.0881
-34.0865
-34.085
-34.0836
-34.0822
-34.081
-34.0799
-34.0788
-34.0779
-34.0771
-34.0763
-34.0756
-34.075
-34.0745
-34.074
-34.0737
-34.0734
-34.0731
-34.073
-34.0729
-34.0728
-34.0729
-34.073
-34.0732
-34.0734
-34.0738
-34.0742
-34.0746
-34.0752
-34.0758
-34.0764
-34.0772
-34.078
-34.0789
-34.0799
-34.0809
-34.082
-34.0831
-34.0844
-34.0857
-34.087
-34.0884
-34.0899
-34.0913
-34.0928
-34.0944
-34.0959
-34.0974
-34.0989
-34.1003
-34.1017
-34.103
-34.1042
-34.1053
-34.1063
-34.1072
-34.108
-34.1086
-34.1091
-34.1095
-34.1097
-34.1098
-34.6006
-34.6005
-34.6001
-34.5996
-34.5989
-34.598
-34.597
-34.5958
-34.5945
-34.5931
-34.5916
-34.5901
-34.5885
-34.5868
-34.5852
-34.5836
-34.582
-34.5804
-34.5789
-34.5775
-34.5762
-34.5749
-34.5737
-34.5726
-34.5716
-34.5706
-34.5698
-34.569
-34.5683
-34.5677
-34.5671
-34.5667
-34.5663
-34.5659
-34.5656
-34.5654
-34.5653
-34.5652
-34.5652
-34.5652
-34.5653
-34.5655
-34.5657
-34.566
-34.5663
-34.5668
-34.5672
-34.5678
-34.5684
-34.5691
-34.5698
-34.5706
-34.5715
-34.5724
-34.5734
-34.5744
-34.5755
-34.5767
-34.5779
-34.5791
-34.5804
-34.5817
-34.583
-34.5844
-34.5857
-34.587
-34.5883
-34.5896
-34.5908
-34.592
-34.593
-34.594
-34.5949
-34.5957
-34.5964
-34.597
-34.5974
-34.5978
-34.598
-34.5981
-35.0885
-35.0884
-35.0881
-35.0876
-35.087
-35.0863
-35.0854
-35.0844
-35.0832
-35.082
-35.0807
-35.0794
-35.078
-35.0766
-35.0752
-35.0738
-35.0724
-35.071
-35.0697
-35.0685
-35.0673
-35.0661
-35.0651
-35.0641
-35.0632
-35.0624
-35.0616
-35.0609
-35.0603
-35.0597
-35.0592
-35.0588
-35.0584
-35.0581
-35.0578
-35.0577
-35.0575
-35.0574
-35.0574
-35.0574
-35.0575
-35.0577
-35.0579
-35.0581
-35.0585
-35.0588
-35.0593
-35.0598
-35.0603
-35.0609
-35.0616
-35.0623
-35.063
-35.0639
-35.0647
-35.0657
-35.0666
-35.0676
-35.0687
-35.0698
-35.0709
-35.0721
-35.0732
-35.0744
-35.0756
-35.0767
-35.0779
-35.079
-35.08
-35.081
-35.082
-35.0828
-35.0836
-35.0843
-35.0849
-35.0855
-35.0859
-35.0862
-35.0864
-35.0864
-35.5766
-35.5765
-35.5762
-35.5758
-35.5753
-35.5746
-35.5739
-35.573
-35.572
-35.571
-35.5699
-35.5687
-35.5676
-35.5663
-35.5651
-35.5639
-35.5627
-35.5616
-35.5604
-35.5593
-35.5583
-35.5573
-35.5564
-35.5555
-35.5547
-35.554
-35.5533
-35.5527
-35.5521
-35.5517
-35.5512
-35.5508
-35.5505
-35.5502
-35.55
-35.5498
-35.5497
-35.5496
-35.5496
-35.5496
-35.5497
-35.5498
-35.55
-35.5503
-35.5505
-35.5509
-35.5512
-35.5517
-35.5522
-35.5527
-35.5533
-35.5539
-35.5546
-35.5553
-35.556
-35.5568
-35.5577
-35.5586
-35.5595
-35.5604
-35.5614
-35.5624
-35.5634
-35.5644
-35.5654
-35.5664
-35.5674
-35.5684
-35.5693
-35.5702
-35.571
-35.5718
-35.5724
-35.5731
-35.5736
-35.574
-35.5744
-35.5747
-35.5748
-35.5749
-36.0648
-36.0647
-36.0645
-36.0641
-36.0637
-36.0631
-36.0625
-36.0618
-36.0609
-36.0601
-36.0591
-36.0582
-36.0572
-36.0561
-36.0551
-36.0541
-36.0531
-36.0521
-36.0511
-36.0502
-36.0493
-36.0484
-36.0477
-36.0469
-36.0462
-36.0456
-36.045
-36.0445
-36.044
-36.0435
-36.0432
-36.0428
-36.0425
-36.0423
-36.0421
-36.0419
-36.0418
-36.0418
-36.0418
-36.0418
-36.0419
-36.042
-36.0421
-36.0423
-36.0426
-36.0428
-36.0432
-36.0435
-36.044
-36.0444
-36.0449
-36.0454
-36.046
-36.0466
-36.0473
-36.048
-36.0487
-36.0495
-36.0503
-36.0511
-36.0519
-36.0528
-36.0536
-36.0545
-36.0553
-36.0562
-36.057
-36.0579
-36.0586
-36.0594
-36.0601
-36.0607
-36.0613
-36.0619
-36.0623
-36.0627
-36.063
-36.0633
-36.0634
-36.0635
-36.5531
-36.5531
-36.5529
-36.5526
-36.5522
-36.5517
-36.5512
-36.5506
-36.5499
-36.5492
-36.5484
-36.5476
-36.5468
-36.5459
-36.5451
-36.5442
-36.5434
-36.5425
-36.5417
-36.541
-36.5402
-36.5395
-36.5389
-36.5382
-36.5377
-36.5371
-36.5366
-36.5362
-36.5358
-36.5354
-36.5351
-36.5348
-36.5345
-36.5343
-36.5342
-36.534
-36.5339
-36.5339
-36.5339
-36.5339
-36.5339
-36.534
-36.5342
-36.5343
-36.5345
-36.5348
-36.5351
-36.5354
-36.5357
-36.5361
-36.5365
-36.537
-36.5375
-36.538
-36.5385
-36.5391
-36.5397
-36.5404
-36.541
-36.5417
-36.5424
-36.5431
-36.5438
-36.5445
-36.5453
-36.546
-36.5467
-36.5474
-36.548
-36.5487
-36.5493
-36.5498
-36.5503
-36.5508
-36.5511
-36.5515
-36.5517
-36.552
-36.5521
-36.5521
-37.0416
-37.0415
-37.0413
-37.0411
-37.0408
-37.0404
-37.04
-37.0395
-37.039
-37.0384
-37.0377
-37.0371
-37.0364
-37.0357
-37.035
-37.0344
-37.0337
-37.033
-37.0324
-37.0317
-37.0311
-37.0306
-37.03
-37.0295
-37.029
-37.0286
-37.0282
-37.0278
-37.0275
-37.0272
-37.0269
-37.0267
-37.0265
-37.0263
-37.0262
-37.0261
-37.026
-37.026
-37.0259
-37.026
-37.026
-37.0261
-37.0262
-37.0263
-37.0265
-37.0267
-37.0269
-37.0272
-37.0275
-37.0278
-37.0281
-37.0285
-37.0289
-37.0293
-37.0297
-37.0302
-37.0307
-37.0312
-37.0318
-37.0323
-37.0329
-37.0334
-37.034
-37.0346
-37.0352
-37.0358
-37.0364
-37.0369
-37.0375
-37.038
-37.0385
-37.0389
-37.0393
-37.0397
-37.04
-37.0403
-37.0405
-37.0407
-37.0408
-37.0409
-37.5301
-37.53
-37.5299
-37.5297
-37.5295
-37.5292
-37.5288
-37.5285
-37.528
-37.5276
-37.5271
-37.5266
-37.5261
-37.5256
-37.525
-37.5245
-37.524
-37.5235
-37.523
-37.5225
-37.522
-37.5216
-37.5212
-37.5208
-37.5204
-37.5201
-37.5197
-37.5195
-37.5192
-37.519
-37.5188
-37.5186
-37.5184
-37.5183
-37.5182
-37.5181
-37.518
-37.518
-37.518
-37.518
-37.518
-37.5181
-37.5182
-37.5183
-37.5184
-37.5186
-37.5187
-37.5189
-37.5192
-37.5194
-37.5197
-37.5199
-37.5203
-37.5206
-37.5209
-37.5213
-37.5217
-37.5221
-37.5225
-37.5229
-37.5233
-37.5238
-37.5242
-37.5247
-37.5252
-37.5256
-37.5261
-37.5265
-37.5269
-37.5273
-37.5277
-37.5281
-37.5284
-37.5287
-37.529
-37.5292
-37.5294
-37.5295
-37.5296
-37.5297
-38.0187
-38.0186
-38.0185
-38.0184
-38.0182
-38.018
-38.0177
-38.0175
-38.0172
-38.0168
-38.0165
-38.0161
-38.0158
-38.0154
-38.015
-38.0146
-38.0143
-38.0139
-38.0136
-38.0132
-38.0129
-38.0126
-38.0123
-38.012
-38.0117
-38.0115
-38.0113
-38.0111
-38.0109
-38.0107
-38.0106
-38.0104
-38.0103
-38.0102
-38.0101
-38.0101
-38.01
-38.01
-38.01
-38.01
-38.01
-38.0101
-38.0101
-38.0102
-38.0103
-38.0104
-38.0105
-38.0107
-38.0108
-38.011
-38.0112
-38.0114
-38.0116
-38.0119
-38.0121
-38.0124
-38.0126
-38.0129
-38.0132
-38.0135
-38.0138
-38.0141
-38.0145
-38.0148
-38.0151
-38.0154
-38.0158
-38.0161
-38.0164
-38.0167
-38.017
-38.0173
-38.0175
-38.0178
-38.018
-38.0181
-38.0183
-38.0184
-38.0185
-38.0185
-38.5073
-38.5072
-38.5072
-38.5071
-38.507
-38.5068
-38.5067
-38.5065
-38.5063
-38.5061
-38.5059
-38.5057
-38.5055
-38.5052
-38.505
-38.5048
-38.5046
-38.5043
-38.5041
-38.5039
-38.5037
-38.5035
-38.5034
-38.5032
-38.503
-38.5029
-38.5028
-38.5026
-38.5025
-38.5024
-38.5023
-38.5023
-38.5022
-38.5021
-38.5021
-38.5021
-38.502
-38.502
-38.502
-38.502
-38.502
-38.5021
-38.5021
-38.5021
-38.5022
-38.5023
-38.5023
-38.5024
-38.5025
-38.5026
-38.5027
-38.5028
-38.503
-38.5031
-38.5033
-38.5034
-38.5036
-38.5038
-38.5039
-38.5041
-38.5043
-38.5045
-38.5047
-38.5049
-38.5051
-38.5053
-38.5055
-38.5057
-38.5059
-38.5061
-38.5063
-38.5065
-38.5067
-38.5068
-38.507
-38.5071
-38.5072
-38.5073
-38.5073
-38.5074
-38.9959
-38.9959
-38.9959
-38.9958
-38.9958
-38.9957
-38.9956
-38.9956
-38.9955
-38.9954
-38.9953
-38.9952
-38.9952
-38.9951
-38.995
-38.9949
-38.9949
-38.9948
-38.9947
-38.9946
-38.9946
-38.9945
-38.9945
-38.9944
-38.9944
-38.9943
-38.9943
-38.9942
-38.9942
-38.9941
-38.9941
-38.9941
-38.9941
-38.994
-38.994
-38.994
-38.994
-38.994
-38.994
-38.994
-38.994
-38.994
-38.994
-38.994
-38.9941
-38.9941
-38.9941
-38.9941
-38.9942
-38.9942
-38.9942
-38.9943
-38.9943
-38.9944
-38.9944
-38.9945
-38.9945
-38.9946
-38.9946
-38.9947
-38.9948
-38.9948
-38.9949
-38.995
-38.9951
-38.9952
-38.9952
-38.9953
-38.9954
-38.9955
-38.9956
-38.9957
-38.9958
-38.9959
-38.996
-38.9961
-38.9961
-38.9962
-38.9962
-38.9963
)
;

boundaryField
{
    lowerWall
    {
        type            calculated;
        value           nonuniform List<scalar> 
80
(
8364.59
8364.47
8364.33
8364.21
8364.15
8364.16
8364.24
8364.4
8364.63
8364.92
8365.27
8365.67
8366.11
8366.6
8367.12
8367.69
8368.28
8368.91
8369.56
8370.23
8370.92
8371.62
8372.32
8373.03
8373.74
8374.44
8375.12
8375.79
8376.43
8377.04
8377.62
8378.16
8378.66
8379.11
8379.5
8379.84
8380.11
8380.32
8380.46
8380.54
8380.54
8380.48
8380.34
8380.14
8379.88
8379.55
8379.17
8378.73
8378.25
8377.72
8377.16
8376.56
8375.93
8375.29
8374.63
8373.95
8373.27
8372.59
8371.91
8371.24
8370.59
8369.95
8369.33
8368.73
8368.17
8367.63
8367.12
8366.65
8366.23
8365.84
8365.5
8365.22
8364.99
8364.83
8364.73
8364.71
8364.76
8364.87
8365
8365.11
)
;
    }
    rightWall
    {
        type            calculated;
        value           nonuniform List<scalar> 
80
(
8156.65
7739.84
7323.07
6906.27
6489.4
6072.46
5655.44
5238.35
4821.18
4403.94
3986.62
3569.21
3151.73
2734.17
2316.54
1898.85
1481.14
1063.58
646.464
248.407
23.8776
-10.2019
-10.7002
-11.1938
-11.6868
-12.1891
-12.7021
-13.2201
-13.7393
-14.252
-14.7488
-15.2414
-15.7152
-16.1765
-16.6458
-17.109
-17.5658
-18.0243
-18.4921
-18.9856
-19.5021
-20.0501
-20.639
-21.2368
-21.8449
-22.407
-22.8982
-23.376
-23.857
-24.3441
-24.8363
-25.3316
-25.8267
-26.3193
-26.8088
-27.2959
-27.7818
-28.2673
-28.7528
-29.2385
-29.7245
-30.2107
-30.6973
-31.1841
-31.6712
-32.1585
-32.6461
-33.1338
-33.6217
-34.1098
-34.5981
-35.0864
-35.5749
-36.0635
-36.5521
-37.0409
-37.5297
-38.0185
-38.5074
-38.9963
)
;
    }
    atmosphere
    {
        type            calculated;
        value           nonuniform List<scalar> 
80
(
-39.2403
-39.2402
-39.2402
-39.2402
-39.2402
-39.2401
-39.2401
-39.2401
-39.2401
-39.24
-39.24
-39.24
-39.24
-39.24
-39.24
-39.24
-39.24
-39.24
-39.24
-39.24
-39.24
-39.24
-39.24
-39.24
-39.24
-39.24
-39.24
-39.24
-39.24
-39.24
-39.24
-39.24
-39.24
-39.24
-39.24
-39.24
-39.24
-39.24
-39.24
-39.24
-39.24
-39.24
-39.24
-39.24
-39.24
-39.24
-39.24
-39.24
-39.24
-39.24
-39.24
-39.24
-39.24
-39.24
-39.24
-39.24
-39.24
-39.24
-39.24
-39.24
-39.24
-39.24
-39.24
-39.24
-39.24
-39.2401
-39.2401
-39.2401
-39.2402
-39.2402
-39.2403
-39.2403
-39.2404
-39.2404
-39.2405
-39.2405
-39.2406
-39.2406
-39.2406
-39.2407
)
;
    }
    leftWall
    {
        type            calculated;
        value           nonuniform List<scalar> 
80
(
8156.12
7739.31
7322.52
6905.7
6488.81
6071.85
5654.81
5237.69
4820.49
4403.21
3985.85
3568.42
3150.9
2733.29
2315.6
1897.83
1480.04
1062.42
645.306
247.403
23.4357
-10.1692
-10.669
-11.1601
-11.6573
-12.1721
-12.7055
-13.2458
-13.7634
-14.2545
-14.7218
-15.1857
-15.6488
-16.1082
-16.5567
-16.992
-17.4259
-17.8877
-18.3932
-18.921
-19.4764
-20.0746
-20.6999
-21.3111
-21.9032
-22.4535
-22.9419
-23.4207
-23.903
-24.3884
-24.8783
-25.3715
-25.8649
-26.3557
-26.8427
-27.3265
-27.8087
-28.2906
-28.7727
-29.2554
-29.7388
-30.2228
-30.7075
-31.1927
-31.6784
-32.1646
-32.6512
-33.1382
-33.6254
-34.1129
-34.6006
-35.0885
-35.5766
-36.0648
-36.5531
-37.0416
-37.5301
-38.0187
-38.5073
-38.9959
)
;
    }
    frontAndBack
    {
        type            empty;
    }
}


// ************************************************************************* //
