/*--------------------------------*- C++ -*----------------------------------*\
| =========                 |                                                 |
| \\      /  F ield         | OpenFOAM: The Open Source CFD Toolbox           |
|  \\    /   O peration     | Version:  2412                                  |
|   \\  /    A nd           | Website:  www.openfoam.com                      |
|    \\/     M anipulation  |                                                 |
\*---------------------------------------------------------------------------*/
FoamFile
{
    version     2.0;
    format      ascii;
    arch        "LSB;label=32;scalar=64";
    class       volScalarField;
    location    "25";
    object      p_rgh;
}
// * * * * * * * * * * * * * * * * * * * * * * * * * * * * * * * * * * * * * //

dimensions      [1 -1 -2 0 0 0 0];

internalField   nonuniform List<scalar> 
6400
(
24722.2
24722.3
24725
24730.5
24738.2
24747.5
24758.4
24770.5
24783.8
24797.6
24811.2
24824.2
24836.2
24847.2
24856.7
24864.3
24869.6
24872
24871.4
24867.6
24860.5
24850.1
24836.5
24819.5
24799
24775
24748
24718.6
24687.5
24655.1
24621.8
24587.9
24554
24520.5
24487.8
24456.3
24426.2
24397.7
24371
24346.4
24324
24304
24286.9
24273.3
24263.7
24258.3
24257.1
24259.8
24266.1
24275.5
24287.9
24302.9
24320.2
24339.4
24360.2
24382.1
24404.5
24426.8
24448.2
24468.4
24487.1
24504.2
24519.8
24533.8
24546.2
24556.7
24565.1
24571.7
24577
24581.5
24585.7
24589.3
24591.9
24593.5
24594.4
24595.4
24596.6
24597.8
24598.3
24598
24725.3
24724.2
24726.3
24731.3
24738.8
24747.8
24758.6
24770.6
24783.6
24797.2
24810.8
24823.8
24835.9
24846.8
24856.2
24863.6
24868.6
24870.9
24870.2
24866.4
24859
24848.3
24834.1
24816.6
24795.9
24772.1
24745.4
24716.3
24685.2
24652.7
24619.2
24585.2
24551.2
24517.7
24484.9
24453.3
24423
24394.6
24368.1
24343.8
24321.9
24302.4
24285.9
24272.8
24263.6
24258.5
24257.4
24260.3
24266.8
24276.6
24289.4
24304.9
24322.5
24342
24363
24385
24407.5
24430
24451.7
24472
24490.7
24507.7
24523.2
24537.1
24549.3
24559.5
24567.6
24573.6
24578.2
24582.1
24585.8
24589.3
24592
24593.7
24594.8
24595.7
24596.6
24597.6
24598.1
24598.4
24723.5
24721.9
24724
24728.9
24736
24744.7
24755.2
24767
24779.6
24792.7
24805.7
24818.4
24830.3
24841.1
24850.5
24857.9
24862.8
24864.9
24864.1
24860.3
24853.3
24842.9
24829.1
24811.9
24791.7
24768.5
24742.6
24714.3
24684
24652
24618.9
24585.2
24551.6
24518.4
24485.9
24454.5
24424.5
24396.2
24370.1
24346.3
24324.9
24306
24289.9
24277.2
24268.1
24262.9
24261.5
24263.9
24269.7
24278.9
24291.1
24305.9
24322.8
24341.5
24361.5
24382.7
24404.6
24426.5
24447.7
24467.8
24486.2
24503
24518.5
24532.9
24545.7
24556.7
24565.3
24571.7
24576.6
24580.8
24584.8
24588.7
24591.9
24594.3
24595.8
24596.9
24598
24598.9
24599.2
24599.4
24719
24717.1
24719.5
24724.3
24731
24739.2
24749
24760.3
24772.5
24785.1
24797.6
24809.8
24821.5
24832.2
24841.6
24849.1
24854.1
24856.2
24855.4
24851.7
24845.1
24835.2
24822
24805.5
24785.9
24763.5
24738.5
24711.2
24681.7
24650.5
24618.2
24585.3
24552.4
24519.9
24487.9
24456.9
24427.1
24399.2
24373.5
24350.2
24329.3
24311
24295.4
24282.9
24273.8
24268.3
24266.2
24267.6
24272.4
24280.6
24291.9
24305.7
24321.6
24339.1
24357.9
24378
24398.9
24420
24440.7
24460.3
24478.4
24495.3
24510.9
24525.7
24539.2
24551
24560.6
24567.9
24573.5
24578.4
24582.8
24587
24590.7
24593.7
24596
24597.8
24599.2
24600.2
24600.7
24600.7
24712.6
24710.6
24713.5
24718.3
24724.8
24732.6
24741.8
24752.3
24763.9
24775.8
24787.7
24799.4
24810.5
24820.9
24830.1
24837.5
24842.6
24844.9
24844.3
24840.8
24834.5
24825.1
24812.6
24797
24778.4
24756.9
24732.9
24706.5
24678
24647.8
24616.5
24584.8
24553.1
24521.6
24490.5
24460.1
24430.9
24403.4
24378.1
24355.3
24335
24317.2
24302.1
24289.9
24280.7
24274.7
24271.7
24272
24275.7
24282.7
24292.8
24305.3
24319.7
24335.8
24353.2
24371.9
24391.6
24411.7
24431.7
24450.7
24468.6
24485.2
24501
24516
24530.1
24542.7
24553.3
24561.8
24568.5
24574.2
24579.2
24583.7
24587.9
24591.7
24594.9
24597.6
24599.5
24600.8
24601.7
24601.7
24704.8
24703.1
24706.5
24711.3
24717.6
24725.1
24733.7
24743.5
24754.2
24765.3
24776.4
24787.3
24797.7
24807.4
24816.1
24823.2
24828.4
24830.9
24830.6
24827.3
24821.1
24812
24800.1
24785.4
24767.8
24747.5
24724.6
24699.4
24672.1
24643.3
24613.6
24583.5
24553.5
24523.6
24493.8
24464.6
24436.3
24409.6
24385
24362.7
24342.9
24325.6
24310.8
24298.8
24289.6
24283
24279.3
24278.5
24280.9
24286.5
24294.9
24305.7
24318.4
24332.6
24348.4
24365.6
24383.9
24402.8
24421.7
24439.9
24457.1
24473.4
24488.9
24503.9
24518.3
24531.6
24543.4
24553.3
24561.3
24568
24573.7
24579
24583.9
24588.5
24592.6
24596
24598.5
24600.3
24601.8
24601.9
24696.3
24695.2
24699
24703.9
24709.9
24717
24725.1
24734.1
24743.9
24754
24764.1
24774
24783.5
24792.4
24800.4
24807
24811.9
24814.5
24814.4
24811.4
24805.3
24796.5
24785
24771
24754.4
24735.4
24713.9
24690
24664.3
24637.3
24609.5
24581.5
24553.6
24525.6
24497.7
24470.1
24443.3
24417.9
24394.3
24372.8
24353.5
24336.6
24322.2
24310.4
24301.1
24294.1
24289.6
24287.7
24288.7
24292.6
24299.2
24308
24318.7
24331
24345
24360.4
24377
24394.5
24412
24429.1
24445.3
24460.8
24475.9
24490.6
24505
24518.9
24531.6
24542.8
24552.3
24560.2
24567
24573.2
24579
24584.4
24589.2
24593.2
24596.2
24598.6
24600.6
24600.6
24687.3
24687.1
24691.3
24696.3
24701.9
24708.3
24715.5
24723.6
24732.3
24741.4
24750.3
24759.1
24767.6
24775.6
24782.7
24788.6
24793
24795.4
24795.3
24792.5
24786.7
24778.3
24767.3
24754
24738.6
24720.9
24700.9
24678.8
24655
24630
24604.4
24578.6
24552.8
24527
24501.3
24475.8
24451.1
24427.5
24405.4
24384.9
24366.4
24350
24336
24324.4
24315
24307.8
24302.6
24299.6
24299.2
24301.4
24306.1
24313
24321.7
24332.1
24344.1
24357.7
24372.5
24388.2
24404.2
24419.9
24435
24449.6
24463.9
24478.2
24492.4
24506.3
24519.6
24531.8
24542.5
24551.8
24559.8
24567
24573.6
24579.6
24584.9
24589.4
24592.9
24595.7
24597.8
24597.6
24679
24679.2
24683.4
24688
24692.9
24698.2
24704.2
24710.9
24718.2
24726.1
24733.9
24741.5
24749.1
24756.2
24762.5
24767.5
24771.2
24773.2
24773.1
24770.5
24765.2
24757.3
24747.1
24734.8
24720.5
24704.3
24686
24665.7
24643.9
24621
24597.6
24574
24550.4
24526.9
24503.5
24480.5
24458.2
24436.8
24416.5
24397.4
24379.9
24364.4
24351
24339.7
24330.4
24322.8
24317
24313.1
24311.4
24312
24315
24320.1
24327.1
24335.7
24346
24357.7
24370.8
24384.8
24399.2
24413.6
24427.6
24441.3
24454.8
24468.4
24482.1
24495.8
24509.1
24521.7
24533.3
24543.6
24552.7
24560.8
24568
24574.4
24580.1
24584.8
24588.6
24591.5
24593.5
24592.9
24671.5
24671.9
24675.2
24678.9
24682.6
24686.6
24691
24696.1
24701.7
24707.9
24714.4
24720.9
24727.5
24733.8
24739.3
24743.6
24746.7
24748.3
24748.2
24745.9
24741.3
24734.2
24725
24713.8
24700.8
24686
24669.5
24651.1
24631.3
24610.4
24589
24567.5
24546
24524.8
24504
24483.6
24463.9
24444.8
24426.5
24409.2
24393
24378.5
24365.9
24355.1
24345.9
24338.1
24331.6
24326.8
24324.1
24323.5
24325.2
24328.9
24334.4
24341.5
24350.1
24360.1
24371.6
24384.1
24397.3
24410.6
24423.7
24436.6
24449.3
24462.1
24475.1
24488.2
24501.2
24513.8
24525.5
24536.3
24546
24554.6
24562.3
24569
24574.7
24579.6
24583.4
24586.2
24587.7
24586.8
24664.5
24664.8
24666.4
24668.5
24670.9
24673.4
24676.3
24679.7
24683.5
24687.8
24692.6
24697.9
24703.5
24708.9
24713.7
24717.4
24720.1
24721.5
24721.5
24719.7
24715.8
24709.6
24701.4
24691.3
24679.8
24666.6
24651.8
24635.3
24617.4
24598.5
24579.2
24559.8
24540.6
24521.7
24503.4
24485.7
24468.5
24451.9
24435.7
24420.2
24405.7
24392.5
24380.8
24370.5
24361.4
24353.4
24346.5
24341.1
24337.6
24336.1
24336.8
24339.4
24343.7
24349.4
24356.5
24364.9
24374.8
24386
24398.1
24410.6
24423.1
24435.3
24447.3
24459.1
24471.1
24483.3
24495.6
24507.8
24519.3
24530
24539.8
24548.5
24556.3
24563
24568.7
24573.4
24577.1
24579.6
24580.6
24579.6
24656.9
24656.9
24656.7
24657.1
24658.2
24659.5
24661.2
24663.1
24665.3
24667.8
24670.9
24674.6
24678.9
24683.2
24687.1
24690.2
24692.4
24693.7
24693.8
24692.4
24689.1
24683.7
24676.6
24667.8
24657.8
24646.4
24633.5
24619
24603.3
24586.6
24569.6
24552.5
24535.7
24519.3
24503.4
24488.1
24473.4
24459
24445
24431.4
24418.6
24406.7
24395.9
24386.2
24377.3
24369.3
24362.2
24356.5
24352.5
24350.5
24350.5
24352.2
24355.3
24359.7
24365.2
24372
24380.3
24390
24401
24412.7
24424.6
24436.2
24447.4
24458.2
24469
24480.1
24491.5
24502.9
24513.9
24524.1
24533.5
24542
24549.6
24556.1
24561.7
24566.1
24569.6
24571.8
24572.5
24571.7
24647.8
24647.6
24646
24645
24645.2
24645.7
24646.8
24647.5
24648.4
24649.5
24651.1
24653.4
24656.1
24659
24661.6
24663.6
24665.2
24666.2
24666.3
24665
24662.2
24657.6
24651.4
24644.1
24635.7
24626.1
24615.3
24603.2
24589.9
24575.9
24561.5
24547.1
24532.7
24518.7
24505.1
24492.1
24479.5
24467.3
24455.3
24443.7
24432.5
24422
24412.2
24403.2
24394.7
24386.9
24380
24374.3
24370.1
24367.7
24367
24367.7
24369.7
24372.6
24376.5
24381.5
24388
24396
24405.5
24416.1
24427.2
24438.1
24448.5
24458.4
24468.1
24477.9
24488.1
24498.4
24508.6
24518.2
24526.9
24534.8
24541.9
24548.1
24553.4
24557.7
24561
24563
24563.7
24563
24636.5
24636
24633.7
24632.1
24631.7
24631.8
24632.2
24632.2
24632
24632
24632.6
24633.8
24635.2
24636.6
24637.7
24638.6
24639.2
24639.7
24639.6
24638.5
24636
24632.2
24627.2
24621.3
24614.5
24606.8
24598.1
24588.3
24577.7
24566.5
24555
24543.2
24531.3
24519.5
24508.1
24497.1
24486.6
24476.4
24466.4
24456.7
24447.2
24438.1
24429.4
24421.3
24413.6
24406.5
24400.1
24394.6
24390.4
24387.5
24386
24385.8
24386.5
24388.1
24390.4
24393.7
24398.3
24404.4
24412.1
24421.2
24431.1
24441.1
24450.7
24459.7
24468.4
24477
24485.9
24495
24504
24512.7
24520.6
24527.7
24534.1
24539.9
24544.8
24548.8
24552.1
24554.2
24554.9
24554.3
24622.8
24622
24619.5
24617.8
24617.1
24616.8
24616.3
24615.6
24614.7
24614
24613.8
24614.2
24614.8
24615.1
24615.1
24614.8
24614.7
24614.7
24614.4
24613.5
24611.6
24608.7
24604.8
24600.2
24594.8
24588.6
24581.7
24574
24565.8
24557.3
24548.4
24539.1
24529.6
24519.9
24510.4
24501.4
24492.8
24484.6
24476.6
24468.7
24460.9
24453.4
24446.1
24439.2
24432.6
24426.4
24420.8
24415.8
24411.6
24408.4
24406.2
24405.1
24404.8
24405.4
24406.7
24408.7
24411.7
24416.1
24421.9
24429.2
24437.5
24446.3
24454.9
24463
24470.7
24478.2
24485.8
24493.6
24501.4
24508.9
24515.8
24522
24527.6
24532.7
24537.1
24540.9
24543.9
24546
24546.8
24546.4
24607.2
24606
24603.5
24601.8
24600.6
24599.9
24598.8
24597.3
24595.7
24594.6
24594.2
24594.3
24594.5
24594.2
24593.6
24592.8
24592.2
24591.9
24591.7
24591
24589.7
24587.7
24584.8
24581.2
24576.8
24571.7
24566
24560
24553.7
24547.4
24540.7
24533.7
24526.2
24518.6
24511.2
24504.1
24497.5
24491.2
24485.1
24478.9
24472.9
24466.9
24461.2
24455.7
24450.4
24445.4
24440.6
24436.1
24432.1
24428.7
24426.1
24424.5
24423.8
24424.1
24424.9
24426.3
24428.4
24431.3
24435.4
24440.7
24447.3
24454.5
24461.9
24468.9
24475.6
24482
24488.3
24494.7
24501.2
24507.4
24513.2
24518.4
24523.1
24527.4
24531.3
24534.5
24537.1
24539.1
24539.9
24539.6
24590
24588.8
24586.2
24584.5
24583.2
24581.7
24580
24578
24576.2
24575
24574.6
24574.7
24574.9
24574.6
24574
24573.2
24572.6
24572.3
24572.2
24571.9
24571.1
24569.7
24567.6
24564.6
24560.9
24556.6
24551.8
24547
24542.2
24537.5
24532.7
24527.5
24522.1
24516.4
24511
24505.9
24501.2
24496.7
24492.3
24487.7
24483.2
24478.7
24474.4
24470.3
24466.3
24462.4
24458.5
24454.7
24450.9
24447.6
24445.1
24443.5
24443.1
24443.5
24444.5
24445.7
24447.2
24449.1
24451.7
24455.3
24460
24465.4
24471.3
24477
24482.6
24487.8
24492.8
24497.8
24502.8
24507.8
24512.4
24516.6
24520.3
24523.8
24526.9
24529.6
24531.7
24533.2
24534.2
24534.1
24570.6
24570.3
24568.8
24566.7
24565.2
24563.5
24561.5
24559.4
24557.6
24556.5
24556.2
24556.4
24556.7
24556.8
24556.5
24556
24555.7
24555.6
24555.6
24555.6
24555.2
24554.3
24552.7
24550.4
24547.5
24543.9
24540.2
24536.5
24533
24529.6
24526.3
24522.7
24519
24515.2
24511.7
24508.4
24505.4
24502.4
24499.4
24496.2
24493
24489.8
24486.7
24483.8
24480.9
24478.1
24475.1
24472
24468.9
24466.1
24464
24462.8
24462.7
24463.4
24464.5
24465.7
24466.8
24468
24469.6
24471.8
24474.7
24478.4
24482.4
24486.6
24490.7
24494.6
24498.3
24501.9
24505.6
24509.1
24512.5
24515.6
24518.3
24520.9
24523.2
24525.3
24527.1
24528.3
24529.2
24529.4
24546.4
24549
24548.5
24547.3
24545.9
24544.3
24542.5
24540.8
24539.5
24538.6
24538.3
24538.5
24538.9
24539.1
24539.1
24539.1
24539
24539.1
24539.2
24539.2
24539.1
24538.6
24537.8
24536.5
24534.7
24532.5
24530.1
24527.9
24525.7
24523.8
24521.8
24519.8
24517.6
24515.6
24513.7
24512
24510.5
24508.9
24507.1
24505.2
24503.2
24501.2
24499.4
24497.6
24495.9
24494.1
24492.2
24490.3
24488.3
24486.5
24485.1
24484.4
24484.4
24485
24485.9
24486.9
24487.6
24488.3
24489
24490.1
24491.6
24493.5
24495.7
24498.1
24500.4
24502.7
24504.9
24507.1
24509.2
24511.1
24512.9
24514.6
24516.2
24517.8
24519.4
24520.9
24522.2
24523.4
24524.2
24524.6
24512.7
24514.8
24515
24515
24515.4
24515.8
24516
24515.8
24515.6
24515.5
24515.6
24515.7
24515.8
24515.6
24515.2
24514.6
24514
24513.5
24512.8
24512.2
24511.5
24510.8
24510
24509.1
24508
24506.9
24505.8
24504.7
24503.7
24502.9
24502
24501.1
24500.3
24499.5
24498.8
24498.2
24497.7
24497.1
24496.4
24495.7
24494.8
24494
24493.2
24492.5
24491.7
24490.9
24490
24489
24488.1
24487.3
24486.6
24486.1
24485.8
24485.7
24485.7
24485.7
24485.6
24485.1
24484.6
24484.2
24483.8
24483.6
24483.5
24483.4
24483.4
24483.5
24483.7
24483.9
24484.2
24484.4
24484.7
24485.2
24485.8
24486.7
24488.1
24490
24492.6
24496.4
24501.4
24508.2
11.0225
16.4
20.3112
23.2392
25.1613
26.5001
27.549
28.4509
28.995
29.2598
29.2698
29.093
28.8571
28.8434
28.9192
28.9814
28.9942
28.944
28.8
28.5713
28.2817
27.9327
27.5358
27.1002
26.607
26.0519
25.4291
24.7439
24.0077
23.2328
22.4274
21.5942
20.7322
19.8402
18.9263
17.9837
17.0089
16.0062
14.9768
13.9275
12.8706
11.8196
10.7709
9.73819
8.7409
7.84072
7.09092
6.35595
5.64272
4.94926
4.27864
3.63855
3.02862
2.44784
1.90099
1.41618
1.03988
1.0946
1.16484
1.24476
1.30854
1.35898
1.39779
1.43557
1.47138
1.50059
1.52876
1.62302
1.7801
2.03365
2.43976
2.89651
3.39377
3.87892
4.33371
4.73004
4.87638
4.61136
3.94369
2.6689
-0.00336969
-0.00334641
-0.00331499
-0.00326365
-0.00317003
-0.0030471
-0.00291254
-0.00276141
-0.00258062
-0.00238296
-0.00217906
-0.0019646
-0.0017353
-0.00148544
-0.00121222
-0.000913229
-0.00059242
-0.000251822
0.000112248
0.000494421
0.00088543
0.00127922
0.00167788
0.00208302
0.00249495
0.00291591
0.00333918
0.00377025
0.00421907
0.00468496
0.00516225
0.00564685
0.00613578
0.00662895
0.00713246
0.00764641
0.00815872
0.00867879
0.00921429
0.00973941
0.0102517
0.010769
0.0112812
0.0117849
0.0122791
0.0127648
0.0132504
0.0137293
0.0142083
0.0146933
0.015163
0.0156116
0.0160624
0.0165203
0.0169636
0.0173758
0.0177747
0.0181885
0.0185731
0.0189337
0.0192586
0.0195736
0.0198839
0.0201783
0.0204645
0.0206911
0.0208994
0.021101
0.02132
0.0214972
0.0216557
0.0218488
0.0220459
0.0221935
0.0222651
0.0223236
0.0224269
0.0224397
0.0223169
0.0222711
-0.00337285
-0.00335906
-0.00332354
-0.00326686
-0.00317646
-0.0030552
-0.0029153
-0.0027617
-0.00258161
-0.00238296
-0.00217665
-0.00195991
-0.00172933
-0.00147941
-0.00120762
-0.000910877
-0.000590818
-0.000251184
0.000110151
0.000490047
0.000880768
0.00127677
0.00167914
0.00208955
0.00250707
0.00293409
0.00336395
0.00379834
0.00424463
0.00470432
0.0051748
0.00565387
0.00614011
0.0066324
0.00713474
0.00764956
0.00816521
0.00868335
0.00921562
0.00974276
0.0102561
0.0107723
0.0112835
0.0117874
0.0122832
0.012767
0.0132519
0.0137328
0.0142097
0.0146906
0.0151639
0.0156163
0.0160625
0.0165105
0.0169531
0.0173745
0.017771
0.0181775
0.0185666
0.018938
0.0192762
0.0195976
0.0199104
0.0201918
0.0204756
0.0207149
0.0209314
0.0211281
0.0213395
0.0215238
0.0216868
0.0218676
0.0220482
0.0221961
0.0222831
0.022338
0.0224337
0.0225018
0.0224516
0.0223825
-0.00340354
-0.00338568
-0.00333056
-0.00326496
-0.00317921
-0.00305989
-0.00291504
-0.00276109
-0.00258882
-0.00239399
-0.00218726
-0.00196879
-0.0017376
-0.0014884
-0.00121867
-0.000923595
-0.000601625
-0.000259727
0.000102334
0.000482663
0.000875728
0.00127595
0.00167915
0.0020875
0.00249935
0.00292111
0.00335342
0.00379153
0.00423738
0.00469404
0.00516196
0.00564065
0.00613018
0.00662615
0.00712844
0.00764609
0.00817077
0.00868629
0.00921244
0.0097463
0.0102642
0.0107776
0.0112854
0.0117876
0.0122881
0.0127728
0.0132554
0.0137373
0.0142109
0.014688
0.0151703
0.0156319
0.0160737
0.0165096
0.0169522
0.0173914
0.0177906
0.0181872
0.0185667
0.0189422
0.019293
0.01961
0.0199167
0.0201736
0.0204558
0.020709
0.0209434
0.0211359
0.0213406
0.0215426
0.0217103
0.0218657
0.0220319
0.0221955
0.0223246
0.0223708
0.0224412
0.022563
0.0226076
0.0225149
-0.00338643
-0.00338259
-0.00332968
-0.00325595
-0.00317183
-0.00306057
-0.00291727
-0.00276131
-0.00259419
-0.00240737
-0.00220368
-0.00198313
-0.00174624
-0.0014903
-0.00121552
-0.000920272
-0.000599723
-0.000258504
9.96464e-05
0.000472596
0.000858046
0.00125267
0.00165233
0.0020586
0.00246889
0.00288781
0.00331892
0.00375955
0.00420939
0.00466985
0.00514138
0.00562268
0.00611606
0.00662088
0.00712795
0.00764407
0.00817481
0.00869655
0.00921403
0.00974132
0.010262
0.0107801
0.0112901
0.0117877
0.0122885
0.01278
0.0132655
0.0137507
0.0142255
0.0146959
0.0151746
0.015643
0.0160907
0.0165228
0.0169499
0.017388
0.0177858
0.0181712
0.0185431
0.0189125
0.0192645
0.0195782
0.0198881
0.0201419
0.0204091
0.0206637
0.0209064
0.0211111
0.021317
0.0215329
0.0217317
0.0218979
0.0220414
0.0221624
0.0222816
0.0223441
0.0223873
0.0224688
0.0225452
0.0225469
-0.00335459
-0.00335339
-0.00331372
-0.00324036
-0.00315558
-0.00305646
-0.0029243
-0.00276962
-0.00260253
-0.00241871
-0.00221675
-0.00199477
-0.00175374
-0.00149271
-0.00121251
-0.000915587
-0.000597991
-0.000262286
8.90112e-05
0.000453582
0.000829774
0.00121748
0.0016131
0.0020174
0.00242829
0.00284732
0.00327767
0.00371856
0.00417014
0.00463382
0.00511177
0.00560077
0.00609816
0.00660943
0.00712531
0.00763954
0.00816644
0.00869437
0.0092132
0.0097347
0.0102505
0.0107696
0.0112889
0.0117876
0.0122824
0.0127745
0.0132636
0.0137547
0.0142348
0.0147019
0.0151736
0.0156419
0.0160919
0.0165259
0.0169455
0.0173783
0.0177817
0.0181646
0.0185257
0.0188773
0.0192215
0.0195284
0.0198313
0.020091
0.0203561
0.0206247
0.02088
0.0210966
0.0213018
0.0215096
0.0217087
0.021878
0.0220267
0.0221453
0.0222471
0.0223245
0.0223758
0.022422
0.0224532
0.0224938
-0.00332921
-0.00331791
-0.00328765
-0.00322072
-0.00313555
-0.00304188
-0.00292375
-0.00277809
-0.00261298
-0.00242848
-0.00222394
-0.00199814
-0.00175286
-0.00148939
-0.00120746
-0.000910384
-0.000596381
-0.000267121
7.57343e-05
0.000430803
0.000796447
0.00117516
0.00156613
0.00196793
0.00237826
0.00279724
0.00322826
0.00367172
0.00412739
0.00459409
0.00507534
0.00557234
0.0060751
0.00658716
0.00710911
0.00762672
0.00814614
0.00866999
0.00919048
0.00971572
0.0102293
0.0107387
0.0112603
0.0117692
0.012264
0.0127517
0.0132382
0.0137362
0.0142262
0.0146937
0.015158
0.0156278
0.0160821
0.016513
0.016921
0.0173363
0.0177412
0.0181278
0.0184908
0.0188335
0.0191669
0.0194807
0.0197825
0.0200468
0.0202955
0.0205604
0.0208226
0.0210539
0.0212642
0.0214625
0.0216528
0.0218147
0.021946
0.0220746
0.0221899
0.0222746
0.0223423
0.0223957
0.0223997
0.0224082
-0.00329936
-0.00328041
-0.00325532
-0.00319949
-0.00311658
-0.00302463
-0.00291405
-0.00277756
-0.00261709
-0.00243285
-0.00222604
-0.00199721
-0.0017484
-0.00148281
-0.00120186
-0.000907863
-0.000599292
-0.000276357
5.97556e-05
0.000408477
0.000766914
0.00113636
0.00152027
0.00191844
0.00232824
0.0027469
0.00317728
0.00362235
0.00408386
0.00455738
0.00504024
0.00553911
0.00604528
0.00655525
0.00707555
0.00759562
0.00811424
0.00863196
0.00914485
0.00966984
0.0101919
0.0106936
0.0112033
0.0117167
0.0122225
0.0127139
0.0131948
0.0136908
0.014192
0.0146671
0.0151192
0.0155777
0.0160409
0.01648
0.0168836
0.0172792
0.0176762
0.0180639
0.0184317
0.0187737
0.0190877
0.0194003
0.0197122
0.0200055
0.0202546
0.0205002
0.0207475
0.0209799
0.0212
0.0213996
0.0215884
0.0217537
0.0218634
0.0219758
0.0221082
0.0222078
0.022269
0.0223295
0.0223552
0.0223358
-0.00326763
-0.00324077
-0.0032148
-0.00317101
-0.00309755
-0.00300686
-0.00289978
-0.00276885
-0.00261255
-0.00242988
-0.0022229
-0.00199422
-0.00174473
-0.00147869
-0.00119806
-0.000906443
-0.000603253
-0.000287418
4.10294e-05
0.000384081
0.000739818
0.00110468
0.00148212
0.00187749
0.00228754
0.00270875
0.00314068
0.0035843
0.00404546
0.00452213
0.00500473
0.00550017
0.00600547
0.00651197
0.0070257
0.00754191
0.00805946
0.00857693
0.00908142
0.00959509
0.0101227
0.0106312
0.0111306
0.0116365
0.0121492
0.0126565
0.0131356
0.0136189
0.0141206
0.0146088
0.0150602
0.0154974
0.0159533
0.0163997
0.0168181
0.0172061
0.0175912
0.0179766
0.01835
0.0187049
0.0190053
0.0193076
0.0196068
0.0199153
0.0201832
0.0204353
0.0206646
0.0208784
0.0210952
0.0212982
0.0214868
0.0216744
0.0218028
0.0218871
0.0220066
0.022119
0.0221725
0.0222166
0.0222552
0.0222463
-0.00323848
-0.00320905
-0.00317642
-0.00313762
-0.00307369
-0.00298801
-0.0028824
-0.00275329
-0.00259933
-0.00241973
-0.00221482
-0.00198895
-0.00174395
-0.00148135
-0.00120248
-0.000911054
-0.000608842
-0.000295136
2.823e-05
0.000364107
0.000716886
0.0010811
0.00145561
0.00184449
0.00224987
0.00267071
0.00310583
0.00355056
0.00400709
0.00447972
0.0049603
0.00545016
0.00595127
0.00645552
0.00696357
0.00747055
0.00798012
0.00850059
0.00900739
0.00950565
0.0100271
0.0105482
0.0110517
0.0115444
0.0120475
0.0125664
0.0130578
0.0135278
0.0140128
0.0145096
0.0149818
0.0154095
0.0158434
0.0162792
0.0167116
0.0171092
0.017486
0.0178581
0.0182248
0.0186
0.0189086
0.0192095
0.0194931
0.0197948
0.0200674
0.0203366
0.0205765
0.0207881
0.020999
0.0211982
0.0213655
0.021543
0.0216989
0.0217918
0.0218823
0.0219921
0.0220583
0.0220794
0.0221094
0.0221214
-0.00320773
-0.00318729
-0.0031481
-0.00310799
-0.00304923
-0.0029667
-0.0028625
-0.00273406
-0.00258158
-0.00240618
-0.0022065
-0.00198462
-0.001744
-0.00148681
-0.00121251
-0.000923465
-0.00062245
-0.000307991
1.66648e-05
0.000348906
0.000696539
0.00105912
0.0014333
0.0018204
0.00222236
0.00263881
0.0030719
0.00351654
0.00396939
0.00443543
0.00491023
0.00539303
0.00588599
0.00638425
0.00688993
0.00739372
0.00789023
0.00840303
0.00892119
0.00942079
0.00992872
0.0104508
0.0109686
0.0114655
0.0119498
0.0124616
0.0129665
0.0134363
0.0138972
0.0143741
0.014863
0.0153105
0.0157444
0.0161602
0.016585
0.0169909
0.017373
0.0177394
0.0180881
0.0184669
0.0187879
0.0190968
0.0193804
0.0196719
0.0199292
0.020197
0.0204551
0.0206783
0.0208878
0.0210912
0.0212468
0.021386
0.0215378
0.0216563
0.0217361
0.0218302
0.0219062
0.0219333
0.0219394
0.0219554
-0.00317936
-0.00317093
-0.00313278
-0.00308708
-0.00302767
-0.00294469
-0.00284062
-0.0027137
-0.00256355
-0.0023927
-0.00220046
-0.00198572
-0.00174988
-0.00149727
-0.00122622
-0.000938694
-0.000639967
-0.000327837
-1.50072e-06
0.000332097
0.000677204
0.00103639
0.00140907
0.00179491
0.00219521
0.00260765
0.00303455
0.00347506
0.00392506
0.00438624
0.00485588
0.0053339
0.0058208
0.00631005
0.00680885
0.00731641
0.00781278
0.00831212
0.00883009
0.00934066
0.00984546
0.0103572
0.010875
0.0113839
0.0118624
0.0123567
0.0128639
0.0133432
0.0137983
0.014248
0.0147239
0.0151768
0.0156222
0.0160354
0.0164503
0.0168566
0.0172469
0.0176214
0.0179601
0.0183366
0.0186675
0.0189795
0.019264
0.0195507
0.0197944
0.0200428
0.0203038
0.020543
0.0207564
0.0209504
0.0211019
0.0212165
0.0213455
0.0214752
0.0215744
0.0216583
0.02173
0.021772
0.0217668
0.0217657
-0.00315907
-0.00315911
-0.00312634
-0.00307516
-0.00301059
-0.00292388
-0.00281751
-0.00269207
-0.00254579
-0.0023795
-0.00219368
-0.00198737
-0.00175948
-0.00151269
-0.00124714
-0.000961548
-0.000662977
-0.000353467
-2.8789e-05
0.00030616
0.000652626
0.00101249
0.0013836
0.00176647
0.00216443
0.00257457
0.00299596
0.00342875
0.00387276
0.0043292
0.00479402
0.00526825
0.00575453
0.00624202
0.00673085
0.00723633
0.00774419
0.00824514
0.00875737
0.00926928
0.0097745
0.0102798
0.0107884
0.0113011
0.0117799
0.0122557
0.0127546
0.0132379
0.0136977
0.0141392
0.0146044
0.0150558
0.0155018
0.0159115
0.0163194
0.0167248
0.0171215
0.017504
0.0178371
0.0182053
0.0185423
0.0188512
0.0191306
0.0194127
0.0196619
0.0198955
0.0201372
0.0203701
0.0205844
0.0207767
0.0209308
0.0210426
0.0211515
0.0212726
0.0213845
0.0214768
0.0215424
0.0215983
0.0216166
0.0216035
-0.00315427
-0.00315425
-0.0031247
-0.00306987
-0.0029994
-0.00290829
-0.00279857
-0.00267312
-0.00253073
-0.00237004
-0.0021898
-0.00199019
-0.00176815
-0.00152655
-0.0012685
-0.000989958
-0.000693928
-0.000385616
-6.27194e-05
0.000271731
0.000617577
0.000978802
0.00135232
0.00173421
0.00212766
0.00253418
0.0029531
0.0033816
0.00382115
0.00427512
0.0047382
0.00520843
0.00569319
0.00618697
0.00667603
0.0071701
0.00767593
0.00818315
0.0086976
0.00920973
0.00971016
0.0102085
0.0107099
0.0112259
0.0117117
0.0121713
0.0126557
0.0131413
0.0136034
0.0140372
0.0144862
0.0149385
0.0153946
0.0158083
0.0162044
0.0166045
0.0170083
0.0173954
0.0177207
0.0180685
0.018406
0.0187153
0.018987
0.0192498
0.0194996
0.0197396
0.0199838
0.0201968
0.020388
0.0205678
0.020728
0.0208624
0.0209884
0.0210997
0.0211991
0.0212847
0.0213429
0.0213979
0.0214421
0.0214514
-0.00316346
-0.00315637
-0.00312696
-0.00306912
-0.00299372
-0.00289957
-0.00278752
-0.00266076
-0.00251912
-0.00236237
-0.00218744
-0.00199461
-0.00177909
-0.00154102
-0.00128667
-0.00101449
-0.000724132
-0.000418655
-9.60382e-05
0.000238982
0.000583229
0.00094085
0.00131324
0.00169516
0.00208471
0.00248483
0.00290041
0.00332829
0.00376674
0.0042214
0.00468918
0.00516284
0.00564346
0.00613888
0.0066397
0.00713415
0.00762557
0.00811799
0.00862703
0.00914504
0.00964629
0.0101348
0.0106214
0.0111371
0.0116429
0.0120981
0.0125574
0.0130405
0.0135189
0.013963
0.0143889
0.0148221
0.015281
0.0157125
0.0161048
0.0164834
0.0168889
0.017285
0.0176098
0.0179285
0.0182472
0.0185523
0.0188411
0.0190944
0.0193284
0.0195547
0.0198039
0.0200342
0.0202137
0.0203611
0.0205067
0.0206542
0.0208071
0.0209455
0.0210458
0.0211162
0.0211694
0.0212001
0.0212424
0.0212671
-0.00317874
-0.00316623
-0.00313204
-0.003072
-0.00299301
-0.00289633
-0.00278331
-0.00265628
-0.0025137
-0.00235688
-0.0021828
-0.00199308
-0.00178452
-0.00155267
-0.00130154
-0.00103273
-0.000747038
-0.000447136
-0.00012944
0.000205404
0.000550406
0.000904198
0.00127085
0.00165056
0.00203953
0.00243636
0.00284898
0.00327708
0.00371799
0.0041746
0.00464661
0.00512982
0.00561164
0.00609443
0.00658944
0.00709248
0.00758806
0.00806484
0.00854886
0.00906096
0.00957375
0.0100659
0.010536
0.0110324
0.0115576
0.0120378
0.0124794
0.0129345
0.0134067
0.013883
0.0143132
0.0147232
0.0151592
0.0155988
0.0160103
0.0163621
0.016743
0.0171372
0.0174872
0.0177976
0.0180893
0.018366
0.0186573
0.0189153
0.0191553
0.0193705
0.019594
0.0198304
0.020044
0.0202001
0.0203236
0.0204466
0.0205957
0.0207462
0.020863
0.020931
0.0209875
0.0210103
0.0210261
0.0210352
-0.00319349
-0.00318065
-0.00314139
-0.00307933
-0.00299785
-0.00289957
-0.00278528
-0.00265856
-0.00251623
-0.00235942
-0.0021844
-0.00199139
-0.00178239
-0.00155414
-0.0013071
-0.00104166
-0.00075852
-0.000462412
-0.000153005
0.00017356
0.000514648
0.000864626
0.00122364
0.00159725
0.00198503
0.00238346
0.00279812
0.00322955
0.00367626
0.00413739
0.00460752
0.00509225
0.00558249
0.00605745
0.0065266
0.00701373
0.00751848
0.00800711
0.00847509
0.00896236
0.00947512
0.00998583
0.01046
0.0109249
0.0114329
0.0119409
0.0124022
0.0128474
0.0132817
0.0137627
0.0142141
0.0146213
0.0150317
0.0154486
0.0158822
0.0162363
0.0165867
0.0169438
0.017299
0.0176306
0.0179381
0.018199
0.018479
0.0187278
0.0189563
0.0191845
0.0193933
0.0195957
0.0198128
0.0200106
0.0201621
0.0202808
0.0204049
0.0205249
0.0206369
0.0207095
0.0207727
0.0208149
0.0208242
0.020802
-0.00320351
-0.00319339
-0.00315174
-0.00308836
-0.00300594
-0.0029077
-0.00279243
-0.00266479
-0.00252164
-0.00236366
-0.00218906
-0.00199383
-0.00178061
-0.00155038
-0.00130421
-0.00104286
-0.000764706
-0.000471936
-0.000169464
0.00014601
0.000478002
0.000822858
0.00117673
0.0015438
0.00192823
0.00232759
0.00274638
0.0031821
0.00363311
0.00410059
0.0045679
0.00503588
0.00552172
0.00600546
0.00646569
0.0069221
0.00741013
0.00791283
0.00839299
0.00886042
0.00935121
0.00986719
0.0103641
0.0108236
0.0112998
0.0117964
0.01227
0.0127347
0.013144
0.0135994
0.014057
0.014473
0.0148845
0.0152688
0.0156987
0.0160702
0.0164297
0.0167536
0.0170848
0.0174073
0.0177187
0.0179753
0.0182582
0.0185343
0.0187491
0.018965
0.0191925
0.0193862
0.0195694
0.019771
0.0199508
0.0200875
0.0201989
0.020288
0.0203689
0.0204288
0.0204777
0.0205237
0.0205547
0.0205471
-0.00320999
-0.00320222
-0.0031612
-0.00309837
-0.00301594
-0.00291949
-0.00280562
-0.00267854
-0.00253494
-0.00237234
-0.00219348
-0.00199564
-0.00177943
-0.00154702
-0.00129933
-0.0010393
-0.000768155
-0.00048337
-0.000187115
0.000118975
0.000438972
0.000775601
0.00112622
0.00149205
0.00187609
0.00227497
0.00269454
0.00313054
0.00357542
0.0040391
0.00451
0.00496367
0.00542508
0.00590786
0.00638136
0.00683264
0.00729236
0.00778469
0.00828148
0.00875241
0.00921793
0.00971221
0.0102173
0.0106918
0.0111578
0.01164
0.0120997
0.0125798
0.0129871
0.0134114
0.0138614
0.0142738
0.0146976
0.0150706
0.0154854
0.0158483
0.0162206
0.0165395
0.0168633
0.0171883
0.0175075
0.0177522
0.0179883
0.0182757
0.018533
0.0187329
0.0189485
0.0191517
0.0193115
0.019486
0.0196686
0.019828
0.0199452
0.0200328
0.0200973
0.0201429
0.0201747
0.0201963
0.0202193
0.0202292
-0.00321334
-0.00320493
-0.00316572
-0.00310709
-0.00302709
-0.00293332
-0.00282229
-0.00269612
-0.00255447
-0.00239014
-0.00220547
-0.00200199
-0.00178101
-0.00154712
-0.00130012
-0.00104127
-0.000774667
-0.000498152
-0.000210436
8.83846e-05
0.000400224
0.000728958
0.00107476
0.00143976
0.00182617
0.00222581
0.00264231
0.00307556
0.00350875
0.00394922
0.00441377
0.00486978
0.00531537
0.00578121
0.00626189
0.0067309
0.00718107
0.00764724
0.00814043
0.00862455
0.00908471
0.00955562
0.0100467
0.010523
0.0109864
0.0114629
0.0119081
0.0123874
0.0128079
0.0132088
0.0136495
0.0140532
0.0144771
0.0148462
0.0152578
0.0156144
0.0159928
0.0163092
0.0166116
0.0169164
0.0172427
0.0175369
0.0177395
0.0179852
0.0182632
0.0184981
0.0187032
0.0189056
0.0190575
0.0191908
0.019338
0.0194999
0.0196334
0.0197331
0.0197997
0.0198385
0.0198694
0.0198856
0.0198945
0.0198994
-0.00321453
-0.00320488
-0.00316541
-0.00311133
-0.00303638
-0.00294731
-0.00284144
-0.00271517
-0.00257307
-0.00240908
-0.00222321
-0.00201806
-0.0017939
-0.00155777
-0.00131278
-0.00105712
-0.000793225
-0.000521273
-0.00023995
5.32038e-05
0.000361315
0.000687351
0.0010301
0.00139097
0.0017743
0.00217031
0.0025751
0.00299823
0.00342904
0.0038523
0.00429886
0.00475753
0.00520431
0.00565414
0.00612018
0.00659824
0.00706287
0.00751294
0.00798378
0.00846921
0.00893435
0.00939813
0.00988331
0.0103534
0.0108045
0.0112686
0.0117044
0.0121723
0.0126194
0.0130104
0.0134254
0.013817
0.0142364
0.0145924
0.014999
0.0153545
0.0157319
0.0160596
0.0163729
0.0166638
0.0169446
0.0172525
0.0175052
0.0177083
0.0179566
0.0182069
0.0184132
0.0186147
0.0187838
0.0189114
0.0190126
0.0191446
0.019276
0.0193806
0.0194521
0.0194902
0.0195256
0.0195529
0.0195723
0.0195814
-0.00321139
-0.00320277
-0.00316367
-0.00311239
-0.00304202
-0.00295717
-0.00285735
-0.00273372
-0.00258975
-0.0024248
-0.00223859
-0.00203623
-0.00181534
-0.00158
-0.00133715
-0.00108665
-0.000828214
-0.000558556
-0.000277565
1.436e-05
0.000321414
0.000647776
0.000991182
0.00134832
0.00172245
0.00211024
0.00249921
0.00289804
0.0033215
0.00374397
0.00418215
0.0046407
0.00509435
0.00554034
0.00598816
0.00645034
0.00692546
0.00738207
0.00783658
0.00831489
0.00878227
0.00923732
0.0097182
0.0101871
0.0106387
0.011084
0.0115092
0.0119423
0.0123985
0.0128174
0.0132211
0.0135961
0.0140097
0.0143521
0.014739
0.0150967
0.0154714
0.0157836
0.0160865
0.0164145
0.0166816
0.0169497
0.0172269
0.0174486
0.0176576
0.0178911
0.0180936
0.01828
0.0184607
0.0186259
0.0187384
0.0188468
0.0189573
0.0190502
0.0191127
0.0191476
0.0191867
0.0192177
0.0192439
0.0192615
-0.00319822
-0.00319369
-0.00315867
-0.00311075
-0.00304524
-0.00296136
-0.00286448
-0.00274543
-0.00260315
-0.00243986
-0.00225474
-0.00205548
-0.00184191
-0.00161317
-0.0013735
-0.00112632
-0.000873433
-0.000607407
-0.00032557
-3.05205e-05
0.000278034
0.00060405
0.000946577
0.00130002
0.00165983
0.00203379
0.00241809
0.00280178
0.0032101
0.00362873
0.00406026
0.00451358
0.00496889
0.00542208
0.00586639
0.00630835
0.006778
0.00725129
0.0077078
0.0081826
0.00865306
0.00909419
0.00955754
0.0100106
0.0104688
0.0109051
0.0113378
0.0117364
0.0121451
0.0125647
0.0129698
0.013355
0.0137726
0.0141329
0.0144813
0.0148246
0.0152144
0.0155421
0.0157905
0.0161002
0.0164118
0.0166772
0.0169466
0.0171987
0.0173998
0.0175984
0.0177853
0.0179461
0.0180965
0.0182758
0.0184315
0.0185528
0.0186558
0.0187423
0.0188037
0.0188357
0.0188761
0.0189084
0.0189304
0.0189431
-0.0031802
-0.00317503
-0.00314315
-0.00309679
-0.00303698
-0.00295638
-0.00286017
-0.00274459
-0.00260636
-0.00244899
-0.00227053
-0.00207598
-0.00186974
-0.00165233
-0.00142153
-0.00117677
-0.000924252
-0.000660697
-0.000379874
-8.31081e-05
0.00022757
0.000551391
0.000886855
0.00123495
0.00158122
0.00193414
0.00231096
0.00269954
0.00310919
0.003527
0.00394547
0.00438226
0.00482712
0.00528441
0.00574568
0.00618698
0.00664137
0.00711951
0.00758055
0.0080507
0.00852734
0.00896641
0.00942644
0.00985296
0.0102998
0.0107148
0.0111442
0.0115656
0.0119411
0.0123333
0.0127105
0.0130943
0.0134936
0.0139039
0.0142543
0.0145437
0.0149139
0.015288
0.0155492
0.0157862
0.0160797
0.0163628
0.0166249
0.0168957
0.0171294
0.0173188
0.0174919
0.0176468
0.0177642
0.0179067
0.0180699
0.018216
0.0183295
0.0184193
0.0184956
0.0185381
0.0185757
0.0186062
0.0186235
0.0186269
-0.0031589
-0.00315111
-0.00312185
-0.00307544
-0.0030174
-0.00294025
-0.0028451
-0.00273231
-0.00259781
-0.00244699
-0.00227764
-0.00209251
-0.00189413
-0.00168779
-0.00147118
-0.00123587
-0.000984259
-0.000718837
-0.00043694
-0.000140369
0.000169742
0.000489386
0.00081003
0.00114728
0.00149372
0.00183586
0.00219512
0.00257575
0.00298571
0.00341117
0.0038286
0.00425209
0.00467982
0.00512715
0.00560567
0.00607013
0.00652334
0.00699921
0.00746081
0.00792302
0.00840026
0.00883063
0.0093005
0.00972268
0.0101594
0.0105569
0.0109496
0.0113719
0.0117557
0.0121629
0.0125067
0.0128697
0.0132115
0.0136235
0.0140147
0.0143039
0.0145921
0.0149539
0.0152786
0.0155155
0.0157654
0.0160401
0.0162926
0.016546
0.0168025
0.0170175
0.0171947
0.0173618
0.0174903
0.0176035
0.0177303
0.0178717
0.0180006
0.0180969
0.0181754
0.0182233
0.018256
0.0182769
0.0182906
0.0182931
-0.00312711
-0.00311574
-0.00309038
-0.00304684
-0.002991
-0.00291678
-0.00282293
-0.0027132
-0.00258268
-0.00243519
-0.00227405
-0.00210054
-0.00191262
-0.00171457
-0.00150815
-0.00128521
-0.00104188
-0.00077904
-0.000496815
-0.000202347
0.000103008
0.000419491
0.000724637
0.00103926
0.00138068
0.00173694
0.00209893
0.00246519
0.00284949
0.0032657
0.00369032
0.00412231
0.00454771
0.00497688
0.00544925
0.00593285
0.00639448
0.00687025
0.00733361
0.00779879
0.00829407
0.00870758
0.00915637
0.00958102
0.0100143
0.0104288
0.0108028
0.0111975
0.0115514
0.011958
0.0123061
0.0126667
0.0129675
0.0133226
0.0136967
0.014031
0.0142917
0.0146022
0.0149369
0.0152208
0.0154585
0.0157094
0.015958
0.0161837
0.0164239
0.0166513
0.0168437
0.0170134
0.0171722
0.0173107
0.017427
0.017553
0.0176864
0.0177946
0.0178681
0.0179062
0.0179271
0.0179331
0.0179346
0.0179378
-0.00309025
-0.00307531
-0.00305078
-0.00301028
-0.00295715
-0.00288607
-0.00279255
-0.0026832
-0.00255718
-0.00241439
-0.00225795
-0.00209463
-0.00192041
-0.00173297
-0.00153416
-0.00131784
-0.00108167
-0.000826942
-0.000551117
-0.000264815
2.67865e-05
0.000339557
0.000648834
0.000947726
0.00126621
0.00161669
0.0019887
0.00236407
0.00273013
0.00311766
0.00353207
0.00397605
0.00442111
0.00484491
0.00529735
0.00578323
0.00625909
0.00674876
0.00721209
0.00766145
0.00818399
0.0086233
0.00904891
0.00946571
0.00987621
0.0102883
0.0106644
0.0110549
0.0113719
0.0117552
0.0121124
0.0124675
0.0127606
0.0130869
0.0133949
0.0137155
0.0139814
0.0142399
0.0145489
0.0148653
0.0151347
0.0153746
0.0156274
0.0158543
0.0160641
0.0162762
0.0164816
0.0166502
0.0168066
0.0169652
0.0171066
0.017236
0.0173618
0.0174691
0.0175378
0.0175678
0.0175814
0.0175855
0.0175825
0.0175837
-0.0030524
-0.00304058
-0.00301662
-0.00297534
-0.00292016
-0.00285001
-0.00275693
-0.00264391
-0.00251696
-0.00237901
-0.00222908
-0.00207338
-0.00191087
-0.00173565
-0.00154492
-0.00133288
-0.00110025
-0.000853514
-0.000587809
-0.00031175
-4.32426e-05
0.000245894
0.000562078
0.000878124
0.00118825
0.00151144
0.00186362
0.00224318
0.00262397
0.00299644
0.00337908
0.00380892
0.00426973
0.0047035
0.00513837
0.00561263
0.00609244
0.00661015
0.00710351
0.00751462
0.00801915
0.00851941
0.00895754
0.00937716
0.00977558
0.010181
0.0105396
0.0109181
0.0112074
0.0115442
0.0118869
0.0122284
0.0125029
0.0128338
0.0131302
0.0134219
0.0136929
0.0139232
0.0141687
0.0144572
0.0147532
0.0150097
0.0152713
0.0155376
0.0157667
0.015956
0.0161588
0.0163355
0.0164728
0.0166124
0.0167675
0.0169166
0.0170359
0.0171237
0.0171793
0.0172015
0.0172121
0.0172236
0.017236
0.0172415
-0.00301251
-0.00300632
-0.0029868
-0.00294648
-0.00288557
-0.00280998
-0.00271676
-0.00260271
-0.00247268
-0.00233555
-0.00219144
-0.0020411
-0.00188362
-0.0017146
-0.00153294
-0.00133132
-0.00110679
-0.00087042
-0.00061787
-0.000346691
-8.64897e-05
0.000173633
0.000463914
0.000785377
0.0011111
0.00143041
0.00175354
0.00211096
0.00250389
0.0028966
0.0032611
0.00364654
0.00409114
0.00453722
0.00497435
0.00543732
0.00589365
0.0064171
0.00698011
0.00742369
0.00785477
0.00835724
0.00883142
0.00926369
0.00965235
0.0100431
0.0104002
0.0107822
0.0110866
0.011355
0.0116694
0.0120021
0.0122458
0.0125342
0.0128274
0.0130964
0.0133689
0.0136196
0.0138424
0.0140653
0.0143368
0.0146012
0.0148558
0.0151306
0.0153991
0.0156113
0.0158032
0.0159902
0.0161443
0.0162755
0.0164182
0.0165724
0.0166992
0.016777
0.016819
0.0168345
0.0168417
0.0168512
0.0168723
0.0168833
-0.00297849
-0.00297273
-0.00295129
-0.00291273
-0.00285003
-0.00276639
-0.0026682
-0.00255536
-0.00242737
-0.00229128
-0.00215136
-0.00200579
-0.00185103
-0.00168135
-0.00150058
-0.00130797
-0.00109693
-0.00087917
-0.000655333
-0.000401759
-0.000130258
0.000130948
0.00039616
0.000688169
0.00100624
0.0013385
0.00166254
0.00198901
0.00236018
0.00276896
0.00314617
0.00349589
0.00389265
0.00432237
0.00476427
0.00524054
0.00567834
0.006161
0.00678437
0.00736822
0.00782358
0.00828194
0.00874201
0.00918388
0.00956378
0.0099091
0.0102235
0.0105866
0.0109308
0.0111853
0.0114385
0.011755
0.0120261
0.0122821
0.0125567
0.0127996
0.0130316
0.0132876
0.0135481
0.0137622
0.0139887
0.0142459
0.0144869
0.0147188
0.0149842
0.0152316
0.015428
0.0156015
0.0157658
0.0159119
0.0160437
0.0161789
0.0163006
0.0163846
0.0164332
0.0164574
0.0164761
0.0164877
0.016503
0.016503
-0.00295219
-0.00294708
-0.00291567
-0.00287228
-0.00280992
-0.00272388
-0.00261981
-0.00250488
-0.00238065
-0.00224777
-0.00210975
-0.0019658
-0.00181457
-0.00164844
-0.00146895
-0.00128243
-0.00108156
-0.000873554
-0.000673704
-0.000460678
-0.000207434
6.63139e-05
0.000337204
0.000609054
0.000898786
0.00122767
0.00157592
0.00190104
0.00222631
0.00260428
0.00299029
0.00333725
0.00369498
0.00407643
0.0044792
0.00497153
0.00546524
0.00595388
0.00652892
0.0072217
0.00782248
0.0083061
0.00872165
0.00911071
0.00947856
0.00980551
0.0100801
0.0103567
0.0106874
0.0109802
0.0112099
0.0114612
0.0117289
0.0119818
0.0122451
0.0124875
0.0126859
0.0128915
0.0131487
0.0134004
0.0136257
0.0138793
0.0141416
0.0143573
0.0145834
0.0148237
0.0150381
0.0152071
0.0153613
0.0155151
0.0156542
0.0157755
0.0158805
0.0159626
0.0160165
0.0160446
0.0160713
0.0160888
0.0160986
0.0160929
-0.00291543
-0.00291674
-0.0028817
-0.00283105
-0.00276574
-0.00268149
-0.0025777
-0.00246072
-0.00233803
-0.00220922
-0.00207355
-0.00192781
-0.00177484
-0.0016133
-0.00144145
-0.00126836
-0.00108752
-0.000888154
-0.000682795
-0.000483353
-0.00026336
-1.42181e-05
0.000254189
0.000527058
0.000803674
0.0011121
0.00146554
0.00181352
0.00211903
0.00244157
0.00280041
0.00313475
0.00347084
0.00380935
0.00413252
0.00458015
0.00514484
0.0058007
0.00642113
0.00709116
0.00781704
0.00836363
0.00878803
0.00910294
0.00940407
0.00969644
0.00998227
0.0101774
0.0104105
0.0106897
0.010958
0.0111947
0.011444
0.0117045
0.0119421
0.0121781
0.0123863
0.0125503
0.0127483
0.0129921
0.0132217
0.0134535
0.0137167
0.0139609
0.0141774
0.0143885
0.0145989
0.0147742
0.0149195
0.0150618
0.0152074
0.0153404
0.0154492
0.0155332
0.0155907
0.0156199
0.0156429
0.015656
0.0156596
0.0156578
-0.00286633
-0.00286854
-0.00283805
-0.00278825
-0.00272083
-0.00263693
-0.00253732
-0.00242309
-0.00230079
-0.00217272
-0.00203959
-0.00189567
-0.00174043
-0.00157941
-0.00141182
-0.00124735
-0.00108983
-0.000920432
-0.000722555
-0.000515167
-0.000301488
-7.58136e-05
0.000176433
0.000454157
0.000736635
0.00102278
0.00134759
0.00169603
0.00200829
0.00230122
0.00261628
0.00291308
0.00321413
0.00353837
0.00379944
0.00411465
0.00462781
0.00556898
0.00666211
0.00730184
0.00825789
0.00851378
0.00890412
0.00915281
0.00936683
0.00957438
0.0098586
0.0100677
0.0102245
0.0104043
0.0106432
0.0108937
0.0111306
0.0113993
0.0116389
0.0118569
0.0120745
0.0122529
0.0124109
0.0126125
0.0128369
0.0130519
0.013277
0.0135244
0.0137653
0.0139741
0.0141667
0.014337
0.0144807
0.014609
0.0147457
0.0148884
0.015011
0.0151006
0.0151584
0.0151853
0.0152057
0.0152167
0.0152234
0.0152307
-0.00281492
-0.00281141
-0.00278252
-0.00273766
-0.00267317
-0.00258933
-0.00249255
-0.00238532
-0.00226901
-0.0021413
-0.00200575
-0.00186369
-0.00171153
-0.00155565
-0.00139612
-0.00123346
-0.00107469
-0.000919496
-0.000743916
-0.000550005
-0.000343295
-0.00013106
0.000105437
0.000383805
0.000682183
0.00096558
0.00125212
0.00157002
0.00187583
0.0021542
0.00243895
0.00269287
0.00294366
0.00327534
0.00355329
0.00376204
0.00408478
0.0100923
0.0135414
0.0152541
0.0164435
0.0089577
0.00911814
0.0092322
0.00936009
0.00947038
0.00966058
0.00988333
0.010063
0.0102014
0.0103721
0.0106176
0.0108485
0.0110886
0.0113196
0.0115188
0.0117241
0.0119214
0.0120984
0.0122725
0.0124692
0.0126784
0.0128741
0.0130889
0.0133312
0.0135546
0.013742
0.0138992
0.0140414
0.0141708
0.0143017
0.0144421
0.0145677
0.0146609
0.0147226
0.0147497
0.0147682
0.0147814
0.0147972
0.0148158
-0.00275711
-0.00275104
-0.0027214
-0.00267788
-0.00261812
-0.00253752
-0.00244081
-0.00233536
-0.00222753
-0.00210888
-0.0019744
-0.00183132
-0.0016809
-0.00152947
-0.00138343
-0.00123713
-0.00108089
-0.000919996
-0.000748173
-0.000565396
-0.000365863
-0.000158059
6.39381e-05
0.000326383
0.000626426
0.000918044
0.00118508
0.00146735
0.00175264
0.00200915
0.00226666
0.00249512
0.00268174
0.00294569
0.00321032
0.00347402
0.00380846
0.098429
0.0927819
0.269522
0.272294
0.0310029
0.0323496
0.00925838
0.0093371
0.00938339
0.00946641
0.00964671
0.0098261
0.00997798
0.0101013
0.0103245
0.0105759
0.0108121
0.0110324
0.0112135
0.0113763
0.0115535
0.0117427
0.0119292
0.0121053
0.0123058
0.0125038
0.0126999
0.0129179
0.0131344
0.0133202
0.0134677
0.0136054
0.0137447
0.0138831
0.0140198
0.0141344
0.0142179
0.0142805
0.0143187
0.0143494
0.014374
0.0143929
0.0144041
-0.0026841
-0.00267882
-0.00265134
-0.00260672
-0.00255006
-0.00247898
-0.00239014
-0.00228426
-0.00217556
-0.00206465
-0.00193935
-0.00180197
-0.00165815
-0.00150949
-0.00136266
-0.00122316
-0.00107865
-0.00092755
-0.000766104
-0.000594501
-0.000396556
-0.000175004
4.68462e-05
0.000284862
0.000564032
0.000850547
0.0011073
0.00136503
0.00163266
0.00187028
0.002119
0.00237858
0.00256266
0.00272123
0.00286983
0.00295073
0.00360736
0.400356
0.276155
8.24709
8.19766
0.193498
0.280279
0.0091428
0.00918187
0.00926446
0.00931375
0.00943802
0.00957702
0.00973577
0.00986308
0.0100379
0.010265
0.0104984
0.0107222
0.0109171
0.0110693
0.0112097
0.0113747
0.0115639
0.011731
0.0119116
0.0121149
0.0123228
0.0125289
0.0127244
0.0128976
0.0130366
0.0131652
0.0133047
0.0134485
0.0135864
0.0136981
0.0137766
0.0138351
0.013878
0.0139198
0.0139553
0.0139718
0.0139649
-0.00260196
-0.00259415
-0.00257083
-0.00252672
-0.00246753
-0.00240144
-0.00232888
-0.00223877
-0.00213225
-0.00202122
-0.00190189
-0.0017715
-0.00164018
-0.00150829
-0.00136629
-0.00121898
-0.00106789
-0.000917434
-0.000767114
-0.000614926
-0.00043425
-0.000202915
3.80709e-05
0.000264208
0.00050659
0.000771574
0.00102052
0.0012547
0.00148856
0.00170119
0.00192246
0.00220325
0.00245685
0.00263725
0.00278589
0.00288076
0.0048898
0.550196
16673.8
15734.8
15736.8
16677.6
0.591172
0.00884493
0.00884718
0.00896698
0.00905097
0.00916697
0.00927668
0.00941492
0.00956357
0.00973464
0.00993993
0.0101578
0.0103663
0.0105608
0.0107308
0.0108763
0.0110182
0.011189
0.0113478
0.0115064
0.0116915
0.0119018
0.0121099
0.0122952
0.0124588
0.0125964
0.0127204
0.012849
0.0129799
0.0131066
0.0132161
0.0133028
0.0133729
0.0134258
0.0134679
0.01349
0.0134864
0.0134642
-0.00251634
-0.00250312
-0.00248383
-0.00244844
-0.00239112
-0.00232015
-0.0022509
-0.00217871
-0.00208815
-0.00198318
-0.00187074
-0.00174573
-0.00161651
-0.00149514
-0.00137102
-0.00123579
-0.00108659
-0.000931129
-0.000771956
-0.000616059
-0.000457455
-0.000249924
-1.43687e-08
0.000238389
0.000458976
0.000695745
0.00094166
0.0011716
0.00138964
0.00158531
0.00176533
0.001994
0.00225193
0.00246831
0.00265585
0.00266672
0.00252013
34.0156
51894.6
51820.8
51811.2
51927.6
38.1657
0.00850325
0.00846254
0.00858867
0.00869371
0.00882286
0.00894094
0.00906752
0.00921964
0.00939455
0.00958637
0.00978509
0.00997286
0.0101426
0.0103112
0.0104761
0.0106282
0.0107861
0.0109423
0.0111008
0.0112708
0.0114637
0.0116616
0.0118379
0.0119932
0.0121308
0.0122568
0.0123792
0.0124966
0.0126079
0.0127068
0.012793
0.0128699
0.0129317
0.0129716
0.0129754
0.0129494
0.0129194
-0.00243238
-0.00241457
-0.00239263
-0.00236467
-0.00232369
-0.00226111
-0.00218808
-0.00211696
-0.00203745
-0.00194183
-0.00184108
-0.00173194
-0.00160672
-0.00147609
-0.00134606
-0.00121925
-0.00108836
-0.000951294
-0.000794639
-0.000615858
-0.000449561
-0.000277901
-5.8917e-05
0.000178914
0.000391471
0.00059323
0.000809379
0.00103353
0.00126302
0.00148272
0.00166666
0.00184675
0.00205608
0.00229586
0.00246214
0.00258454
0.00272761
136.627
52419
53046.5
53078.4
52487.5
149.229
0.00800462
0.00799654
0.00810434
0.0082701
0.0084234
0.00853999
0.00866204
0.0088187
0.00901164
0.00921612
0.00940745
0.00958269
0.00973163
0.00987617
0.0100393
0.0101991
0.0103488
0.0104956
0.0106592
0.0108336
0.0110172
0.0112017
0.0113664
0.0115086
0.0116351
0.0117548
0.0118714
0.0119818
0.012087
0.012182
0.0122675
0.0123402
0.0123903
0.0124127
0.0124009
0.0123742
0.0123543
-0.00235533
-0.00234536
-0.00231694
-0.00227942
-0.00224136
-0.00219442
-0.0021302
-0.00205983
-0.00198422
-0.00189446
-0.00179873
-0.00170602
-0.00160262
-0.00147745
-0.00133446
-0.00119507
-0.00106531
-0.000944359
-0.000812717
-0.00063527
-0.000442245
-0.000270516
-8.61408e-05
0.000132133
0.000350012
0.000544008
0.000725526
0.000906022
0.00111628
0.00134285
0.00155569
0.00177287
0.00193453
0.00209292
0.00221608
0.00227338
0.00229288
123.829
20978.5
21751.5
21751.5
20962.7
123.177
0.00696016
0.00733341
0.00748463
0.00769297
0.00790369
0.00807855
0.008229
0.0083814
0.00856755
0.00877862
0.00896761
0.00913768
0.0092976
0.00944645
0.00960121
0.00975576
0.00990169
0.0100401
0.0101997
0.0103768
0.0105589
0.0107363
0.010893
0.0110238
0.0111351
0.0112408
0.0113471
0.0114496
0.011548
0.0116367
0.0117197
0.0117881
0.0118225
0.0118286
0.0118119
0.0117982
0.0117976
-0.00227771
-0.00228262
-0.00226172
-0.00221895
-0.00216776
-0.0021185
-0.00206194
-0.00199561
-0.00192393
-0.00184272
-0.00174728
-0.00164953
-0.00155421
-0.00144878
-0.00131759
-0.00117914
-0.00104591
-0.000920919
-0.000806839
-0.000662831
-0.000472464
-0.000283941
-0.000111718
7.73831e-05
0.000290548
0.000498601
0.000683202
0.000837081
0.00100662
0.00120142
0.0013831
0.00161494
0.00182647
0.00195514
0.00208412
0.0021814
0.00286516
0.00236473
0.00246325
0.00271517
0.00316006
0.00366906
0.00464861
0.00649099
0.00663251
0.0068663
0.0070985
0.007331
0.00755558
0.00777043
0.00796057
0.00813756
0.00833412
0.00851311
0.00867101
0.00883578
0.00900353
0.0091588
0.00930189
0.00944418
0.00958417
0.00974083
0.0099136
0.0100882
0.0102536
0.0103986
0.0105207
0.0106249
0.0107232
0.0108209
0.0109144
0.0110064
0.0110864
0.0111567
0.0112111
0.0112296
0.0112322
0.0112299
0.0112377
0.0112466
-0.00220428
-0.00220666
-0.00218697
-0.00214993
-0.00209708
-0.00204275
-0.00198986
-0.00192806
-0.00185889
-0.0017898
-0.00170964
-0.00160655
-0.00149321
-0.00138534
-0.00127152
-0.00115096
-0.00102722
-0.000893637
-0.000769848
-0.00064888
-0.000486512
-0.000294804
-0.000118274
4.89742e-05
0.000233857
0.00042701
0.000619709
0.000774933
0.000904664
0.00110119
0.00127707
0.00144395
0.00166478
0.00179294
0.00195781
0.00202902
0.00223008
0.00238986
0.00250115
0.00272991
0.00312987
0.00363706
0.00426458
0.0050054
0.00572013
0.0062119
0.00653659
0.0067906
0.00701928
0.00726151
0.00750479
0.00770405
0.00789105
0.00807015
0.00822726
0.00838361
0.00855485
0.00871133
0.00884546
0.00898115
0.00912369
0.00928249
0.00945319
0.0096182
0.00976534
0.00988986
0.00999862
0.0100983
0.0101965
0.0102905
0.0103731
0.0104554
0.0105299
0.0105883
0.0106318
0.0106471
0.0106574
0.010669
0.0106854
0.0106917
-0.00214385
-0.00213739
-0.0021042
-0.00206177
-0.00201008
-0.00195393
-0.00190302
-0.00184899
-0.00178236
-0.00171414
-0.00165179
-0.00156787
-0.001451
-0.00132922
-0.00122319
-0.00112426
-0.00102174
-0.000895858
-0.000757724
-0.000632776
-0.000495186
-0.00031662
-0.000129571
4.47195e-05
0.000228608
0.000404166
0.000584656
0.00075306
0.000836865
0.000976378
0.00117409
0.00131166
0.0015116
0.00164307
0.00183883
0.00194649
0.00210637
0.00237136
0.00256657
0.00271907
0.00298806
0.00342473
0.00401912
0.00459068
0.00512934
0.00562233
0.00600667
0.00631175
0.00655141
0.00677794
0.00703056
0.00724524
0.00742332
0.00760619
0.00779043
0.00795457
0.00811187
0.00825751
0.00838564
0.00851574
0.008657
0.00881431
0.00897998
0.00913438
0.00926551
0.00937448
0.00947452
0.00956946
0.00966381
0.00975383
0.00982973
0.00990204
0.00996958
0.0100161
0.0100513
0.0100748
0.010101
0.0101199
0.0101286
0.0101297
-0.00206136
-0.00205752
-0.00202247
-0.00197907
-0.0019314
-0.00187614
-0.00182126
-0.00177282
-0.00171769
-0.00164652
-0.00157827
-0.00150586
-0.0014059
-0.00127906
-0.0011654
-0.00107472
-0.000990878
-0.000884806
-0.000744996
-0.000606162
-0.000479139
-0.00032952
-0.000165795
-1.06844e-05
0.000167056
0.000332151
0.000476179
0.000681465
0.000829375
0.000920961
0.00109124
0.00122041
0.00137928
0.00153135
0.00172628
0.00187706
0.00200299
0.00225422
0.00254111
0.00277303
0.00302331
0.00335314
0.00383142
0.00432215
0.00473949
0.0051367
0.00549736
0.00583812
0.00612978
0.00636193
0.0065949
0.00680693
0.00698006
0.00715218
0.00734546
0.00752026
0.00766868
0.00780048
0.00792258
0.00805087
0.00819083
0.00834234
0.00849484
0.00863108
0.00874515
0.0088441
0.00894404
0.00903964
0.00912682
0.00920657
0.00927638
0.00934208
0.00940655
0.00945327
0.00949001
0.00951905
0.00954754
0.00955983
0.00955723
0.00955984
-0.00195836
-0.00194942
-0.00191416
-0.00187219
-0.00183466
-0.00179494
-0.00174325
-0.00169585
-0.00165658
-0.00160108
-0.00152761
-0.00144642
-0.00136538
-0.00125578
-0.00113496
-0.00103361
-0.00095543
-0.000876393
-0.000756281
-0.000605476
-0.000463141
-0.000314995
-0.000152639
-1.44044e-05
0.00014901
0.000326221
0.000434067
0.00056103
0.000758207
0.000865347
0.000994484
0.00114515
0.00131715
0.00147148
0.00167995
0.00189427
0.00201328
0.00216413
0.00241005
0.00268459
0.00299011
0.00327602
0.00364212
0.00406837
0.00442094
0.00477075
0.00507908
0.00539071
0.00570268
0.00595185
0.00616716
0.00637343
0.00656364
0.00673884
0.00692073
0.00708781
0.00722736
0.00734796
0.00746458
0.00759259
0.00773145
0.00787416
0.00801013
0.00812922
0.00823216
0.00832446
0.00842035
0.00851251
0.00859339
0.00866584
0.00873271
0.00879286
0.00885003
0.00890056
0.00894639
0.00897899
0.00899817
0.00899827
0.00899317
0.00899876
-0.00185722
-0.00185125
-0.0018187
-0.00176894
-0.00172412
-0.00169188
-0.00165521
-0.00161391
-0.00158106
-0.00154308
-0.0014809
-0.00138399
-0.00129567
-0.00121102
-0.00110575
-0.000991976
-0.000897224
-0.000826595
-0.000745003
-0.000624429
-0.000495991
-0.000357637
-0.000179606
-2.93506e-05
9.63755e-05
0.000291292
0.000446753
0.000531302
0.000689169
0.000827531
0.000935856
0.00105736
0.00124595
0.001409
0.00158877
0.00185133
0.00205114
0.00217697
0.0023609
0.00259053
0.00289226
0.00316688
0.00344125
0.00378957
0.00411342
0.00445281
0.00475392
0.00503023
0.00531097
0.00554693
0.00574388
0.00593409
0.00613034
0.00631421
0.00648684
0.00664193
0.00677415
0.00688797
0.00699983
0.00712605
0.00726096
0.00739029
0.00750666
0.00761131
0.00771232
0.0078063
0.00789602
0.00797596
0.00804543
0.00811044
0.00817676
0.00824084
0.00829669
0.00834796
0.00839079
0.00841627
0.00842706
0.00842603
0.00842802
0.00843604
-0.00173162
-0.00172653
-0.00171196
-0.00167821
-0.0016314
-0.00159317
-0.00156588
-0.00154036
-0.00151326
-0.00147738
-0.00143173
-0.00133445
-0.00121975
-0.00113201
-0.00105414
-0.00095833
-0.00085356
-0.000764767
-0.000691901
-0.000600377
-0.000499923
-0.000401021
-0.000228865
-2.63659e-05
9.96528e-05
0.000226996
0.000417047
0.000529178
0.000653114
0.000809483
0.000941399
0.00103944
0.00121813
0.00139847
0.0015271
0.00175469
0.00200964
0.00220349
0.00237917
0.00255602
0.00280692
0.0030593
0.00328647
0.00356553
0.00382896
0.00413776
0.00444448
0.00470341
0.00494956
0.00516265
0.0053508
0.00552952
0.00570964
0.00588207
0.00604094
0.00618493
0.00631579
0.00643359
0.00654646
0.0066671
0.00679231
0.00690895
0.00701166
0.00710624
0.0072037
0.00729604
0.00737794
0.00744794
0.00751108
0.00756973
0.00763017
0.00769325
0.00774964
0.00780198
0.007837
0.00785144
0.00786207
0.00787295
0.00788293
0.00788399
-0.00160763
-0.00158149
-0.00156313
-0.00154534
-0.00151781
-0.0014871
-0.00146087
-0.00144779
-0.00143626
-0.00139888
-0.00135519
-0.00127761
-0.0011574
-0.001045
-0.000968941
-0.000907789
-0.000826339
-0.00072981
-0.000637435
-0.000542151
-0.00044117
-0.000375065
-0.000278195
-7.50158e-05
0.000121289
0.000228168
0.000362474
0.000495058
0.000592116
0.000733356
0.000900032
0.00101092
0.00118306
0.00138848
0.00151118
0.00166848
0.00189154
0.00211965
0.00231391
0.00246593
0.0026747
0.00289822
0.00311061
0.00337619
0.00361262
0.00386772
0.00413819
0.0043719
0.00459115
0.00478589
0.00496099
0.00512769
0.00529095
0.00544722
0.00558934
0.00571732
0.00584211
0.00596651
0.00608741
0.00620362
0.00631403
0.00641781
0.00651536
0.00660829
0.00670084
0.00678343
0.00685099
0.00690766
0.00696537
0.00702428
0.00708168
0.00714054
0.00718968
0.0072328
0.00726236
0.00727673
0.00729739
0.00731955
0.00733433
0.00732994
-0.00149032
-0.00146609
-0.00143634
-0.00141223
-0.00139304
-0.00138057
-0.00135951
-0.00134088
-0.00133359
-0.00130033
-0.00124547
-0.00117823
-0.00107683
-0.000955707
-0.000856821
-0.000804786
-0.000772348
-0.000710328
-0.000624555
-0.000523909
-0.000398777
-0.000295555
-0.000240975
-0.000133865
6.20985e-05
0.000226687
0.00035763
0.000497863
0.000590233
0.000688795
0.000834978
0.000951155
0.00110079
0.00132248
0.00149845
0.00165151
0.00182573
0.00203448
0.00222905
0.00236009
0.00253985
0.00273578
0.00291941
0.00316919
0.00340299
0.00362309
0.00385083
0.00404827
0.00423964
0.00441549
0.00456822
0.00471584
0.00485864
0.00500062
0.00513588
0.0052571
0.00537485
0.00549623
0.00561848
0.00573283
0.00583461
0.00592997
0.00602408
0.00611405
0.00619814
0.00627051
0.00633057
0.00637932
0.00642668
0.00647806
0.00652867
0.0065831
0.00662709
0.00666025
0.00668899
0.00671313
0.00674357
0.00676301
0.00677172
0.00676414
-0.00134113
-0.00133124
-0.00131633
-0.00129488
-0.00126725
-0.0012602
-0.00125731
-0.00124208
-0.00122632
-0.00119696
-0.00114088
-0.0010735
-0.00099821
-0.00090179
-0.000790481
-0.000705478
-0.000669337
-0.000639376
-0.000581803
-0.000512041
-0.000403073
-0.000260635
-0.000153094
-8.44933e-05
1.94012e-05
0.000167257
0.00029948
0.000451782
0.000578052
0.000693214
0.000847043
0.000969226
0.00107898
0.00126381
0.00144666
0.00160045
0.00173779
0.00190998
0.00209973
0.00223527
0.00240781
0.00259885
0.00275605
0.00296144
0.00317036
0.0033606
0.00356179
0.00373581
0.00389787
0.00405335
0.00418428
0.00430628
0.00442511
0.00454698
0.00467265
0.00479498
0.00491588
0.00503386
0.00514728
0.00525416
0.00535206
0.00544594
0.00553732
0.00561887
0.00568763
0.00574398
0.00579701
0.00584692
0.00589075
0.00593315
0.00597049
0.00600953
0.00604482
0.00607567
0.00611348
0.0061507
0.00618184
0.00619647
0.0062022
0.00619723
-0.00120321
-0.00119602
-0.00119312
-0.00118911
-0.00115574
-0.00112725
-0.00112143
-0.00112218
-0.00111066
-0.00108181
-0.00102438
-0.000947427
-0.000876693
-0.000816714
-0.000743896
-0.000655771
-0.000587809
-0.000547662
-0.000495836
-0.000443482
-0.000388677
-0.00029419
-0.000169655
-5.39278e-05
3.62386e-05
0.0001474
0.000260883
0.000400319
0.000514014
0.000624664
0.000793516
0.000946612
0.00105977
0.00121309
0.0013875
0.00154208
0.00165412
0.00177472
0.00194184
0.0020752
0.00223281
0.00242431
0.00258149
0.00275089
0.00292824
0.00308335
0.00325455
0.00340878
0.00353954
0.00367024
0.00378885
0.00389915
0.00400347
0.00410596
0.00421402
0.00432649
0.00444529
0.0045618
0.00466935
0.0047696
0.00486307
0.00495237
0.00503567
0.00510607
0.00516524
0.00521235
0.00525585
0.00530118
0.00534118
0.00537767
0.00540752
0.00543407
0.00546168
0.00549311
0.00553756
0.00557942
0.00560068
0.00561154
0.00561824
0.0056216
-0.00109255
-0.00108627
-0.00107514
-0.00107952
-0.00106088
-0.00102175
-0.000986354
-0.0009826
-0.000984622
-0.000973885
-0.000935749
-0.000866816
-0.000779785
-0.00071333
-0.000673935
-0.000612722
-0.000541595
-0.000490869
-0.000442747
-0.000379842
-0.000321341
-0.000258979
-0.000186269
-7.89477e-05
3.12153e-05
0.000136532
0.000250293
0.000396426
0.000510794
0.000594168
0.000735193
0.000885816
0.00100716
0.00112459
0.00126306
0.00141845
0.00153749
0.0016348
0.00178061
0.0019104
0.00203448
0.00220427
0.0023552
0.00250613
0.00267055
0.00280314
0.00293896
0.00306934
0.00317437
0.00327885
0.00338187
0.00348333
0.00357827
0.00367136
0.00376895
0.00386835
0.00397291
0.00407933
0.00418147
0.00427952
0.00437002
0.00445069
0.0045206
0.00457677
0.00462631
0.00467062
0.00470959
0.00474762
0.00478008
0.0048071
0.00482919
0.00485006
0.00487842
0.0049127
0.0049519
0.004988
0.00500777
0.00502263
0.00503375
0.00504022
-0.000986781
-0.000992417
-0.000960874
-0.000947158
-0.000936553
-0.000915116
-0.000877065
-0.000854226
-0.000847473
-0.000840531
-0.00082263
-0.000788044
-0.000715079
-0.000631507
-0.000587047
-0.000553554
-0.000484553
-0.000415798
-0.00037424
-0.00033104
-0.00027673
-0.000199736
-0.000146998
-8.33841e-05
8.07017e-06
9.60274e-05
0.000200173
0.000350333
0.000489724
0.000577368
0.000690641
0.000807776
0.000930882
0.00104988
0.0011493
0.0012742
0.00139017
0.00147521
0.00159864
0.00172909
0.00183969
0.00198799
0.00212262
0.00224494
0.00238832
0.00250494
0.00260995
0.00272118
0.0028179
0.00290911
0.00299566
0.00308159
0.00316374
0.00324521
0.00333359
0.00342373
0.00351624
0.00361108
0.00370471
0.00379499
0.00387537
0.00394236
0.00399873
0.00404456
0.00408911
0.00413322
0.00416901
0.00419889
0.00422518
0.00424621
0.00426354
0.00428294
0.00431248
0.00434787
0.00437387
0.0043967
0.00441993
0.00443965
0.00445421
0.00446501
-0.000872084
-0.000896973
-0.000863955
-0.000821782
-0.000783995
-0.000762842
-0.000744525
-0.000727888
-0.000724693
-0.000720339
-0.00070623
-0.000689888
-0.000648983
-0.000566324
-0.000503208
-0.00049439
-0.000463766
-0.00038892
-0.000321562
-0.000278847
-0.000250586
-0.000187789
-0.000114953
-5.20654e-05
3.03389e-05
9.05832e-05
0.000155839
0.000277007
0.000422217
0.000531633
0.000649876
0.000740799
0.000821494
0.000941683
0.00104124
0.00113582
0.0012295
0.00130764
0.00141168
0.00152863
0.00162664
0.00176116
0.00189101
0.00198609
0.00209227
0.00218584
0.0022638
0.00235374
0.00244496
0.00253207
0.00261069
0.00268655
0.0027573
0.00282596
0.00290062
0.00297888
0.00306066
0.00314495
0.00322756
0.00330412
0.00336866
0.00342016
0.00346556
0.00350763
0.00354633
0.00358525
0.00361777
0.0036429
0.00366594
0.00368447
0.00370271
0.00372577
0.00375094
0.00377566
0.00379373
0.0038147
0.0038437
0.00386366
0.00387799
0.0038872
-0.000740741
-0.000769672
-0.000761184
-0.000722662
-0.000667258
-0.000626511
-0.000602343
-0.00058409
-0.000583944
-0.000591767
-0.00058351
-0.000571519
-0.000562907
-0.000507806
-0.000422363
-0.000392339
-0.000407011
-0.000373914
-0.000298652
-0.00022096
-0.000168211
-0.000140069
-9.78515e-05
-6.4424e-05
2.06492e-05
9.2704e-05
0.000137487
0.000221098
0.000344333
0.000456728
0.000586984
0.000704033
0.000753691
0.000831402
0.000931527
0.00102668
0.00110128
0.00116397
0.00124839
0.00135211
0.001429
0.00153049
0.00164604
0.0017282
0.00180611
0.00188505
0.00195041
0.00201995
0.00209499
0.00217049
0.00223865
0.00230588
0.00236969
0.00242985
0.00249178
0.00255737
0.0026273
0.00269696
0.00276268
0.0028233
0.00287329
0.00291368
0.00295351
0.00299198
0.00302577
0.00305684
0.00308329
0.00310332
0.00312289
0.0031426
0.00316289
0.00318957
0.00321172
0.00322607
0.00324043
0.00325915
0.003291
0.00331075
0.00332292
0.00332455
-0.000613534
-0.000614853
-0.000616068
-0.00059354
-0.000548893
-0.000510594
-0.000491749
-0.000480177
-0.000479485
-0.000494009
-0.000490663
-0.000465187
-0.000456182
-0.000442069
-0.000369183
-0.00029114
-0.000281383
-0.000291543
-0.000273913
-0.000227702
-0.000146952
-8.36422e-05
-4.12587e-05
-3.62612e-05
1.79238e-05
0.000100472
0.000146068
0.000196612
0.000282297
0.0003702
0.000472128
0.000613671
0.000699448
0.000735116
0.000802857
0.000887365
0.000962042
0.00101575
0.00107699
0.00116603
0.00123164
0.00128786
0.00137078
0.00143769
0.00149513
0.00156175
0.00162426
0.00168184
0.00173823
0.00179677
0.00185056
0.00190652
0.00196289
0.00201779
0.00207435
0.00213001
0.0021868
0.00223998
0.00228483
0.00232491
0.00236265
0.00239634
0.0024266
0.00245798
0.00248508
0.00250881
0.00253395
0.00255441
0.00257466
0.00259961
0.00262124
0.00264037
0.00265652
0.00266707
0.00268658
0.00270221
0.00272476
0.00274063
0.00275138
0.00275584
-0.000507611
-0.000489719
-0.000477084
-0.000451481
-0.000409123
-0.000370453
-0.000355184
-0.00035622
-0.000362199
-0.000384396
-0.000402693
-0.00038533
-0.00036365
-0.000375766
-0.000370585
-0.000299562
-0.000227579
-0.000188247
-0.000163682
-0.000159846
-0.00013105
-7.68051e-05
-3.10201e-05
-2.10861e-05
-1.7785e-06
7.9359e-05
0.000151552
0.00020625
0.000267164
0.000329127
0.000370792
0.000466165
0.000575509
0.000627522
0.000673136
0.00073396
0.000794066
0.000838849
0.000872615
0.000938074
0.00100251
0.00103738
0.00108956
0.00114271
0.00118554
0.00123192
0.00127967
0.00132353
0.00136459
0.00140942
0.001451
0.00149547
0.00154281
0.00158722
0.00163335
0.00167666
0.0017171
0.00175366
0.00178216
0.0018077
0.00183779
0.00186891
0.00189643
0.00191805
0.00193425
0.00194808
0.00196577
0.00198713
0.00200969
0.00203633
0.00205938
0.00207326
0.00208428
0.00208978
0.00210771
0.00212211
0.00213407
0.00213962
0.00214478
0.00214612
-0.000388624
-0.000373547
-0.000358099
-0.00033593
-0.000302785
-0.000267771
-0.000250777
-0.000254789
-0.00026168
-0.000275442
-0.000301376
-0.000305763
-0.000274324
-0.00025533
-0.000268693
-0.00025493
-0.00021507
-0.00017574
-0.000125193
-9.81522e-05
-8.95807e-05
-5.42665e-05
-1.07445e-05
1.37681e-05
1.09443e-06
2.79872e-05
8.6737e-05
0.000147221
0.000205784
0.000263471
0.000293665
0.00034002
0.00042219
0.000473844
0.000506948
0.000549305
0.000595464
0.000631291
0.000643517
0.000672859
0.000722001
0.000752911
0.000787591
0.000828688
0.000861286
0.000887224
0.000913471
0.000939504
0.000964086
0.000994841
0.00102545
0.0010581
0.00109361
0.00112827
0.00116219
0.00119074
0.00121389
0.00123536
0.00125527
0.00127522
0.00129809
0.00131963
0.00134046
0.00135453
0.00136293
0.00136971
0.0013809
0.0014004
0.00142333
0.00144755
0.0014655
0.00147333
0.00148616
0.00149304
0.0015052
0.00151327
0.00151817
0.00151554
0.00151281
0.00151051
-0.000239484
-0.000230933
-0.000217764
-0.000202376
-0.00018591
-0.000167504
-0.000153664
-0.000152091
-0.000152577
-0.000152678
-0.000170106
-0.000197061
-0.000194945
-0.000165084
-0.000147403
-0.000137209
-0.000118737
-0.000109528
-8.65422e-05
-5.37886e-05
-4.8679e-05
-3.51812e-05
-8.31953e-06
2.509e-05
2.71614e-05
2.81853e-05
4.59273e-05
8.31647e-05
0.000128653
0.000171366
0.000191427
0.00020388
0.000254929
0.00030079
0.000322677
0.000342252
0.000369109
0.000398462
0.000410994
0.00041744
0.000443463
0.000467401
0.000490104
0.000517603
0.000542878
0.000560183
0.000572433
0.000584056
0.000595568
0.000613166
0.00063355
0.000655906
0.000681171
0.000704688
0.000725701
0.000740835
0.000749831
0.000759499
0.000772982
0.000786606
0.000798914
0.000811681
0.000823737
0.000831045
0.00083627
0.000843107
0.000852774
0.000867906
0.000884201
0.000901309
0.000913802
0.000916059
0.000925243
0.000932169
0.000937732
0.000937058
0.000941957
0.000938325
0.000927404
0.000934555
-7.87344e-05
-7.57205e-05
-6.99205e-05
-6.18301e-05
-5.61974e-05
-5.32715e-05
-5.27777e-05
-5.63128e-05
-6.05403e-05
-6.05467e-05
-6.12704e-05
-6.82251e-05
-7.18191e-05
-6.12909e-05
-4.80432e-05
-4.35378e-05
-3.63418e-05
-3.51716e-05
-3.407e-05
-1.62166e-05
-9.51845e-06
-5.50365e-06
-5.61019e-07
1.1857e-05
2.04701e-05
2.31866e-05
2.45271e-05
2.96256e-05
4.49798e-05
6.76416e-05
8.19367e-05
8.05873e-05
9.24228e-05
0.000111609
0.000120872
0.000125474
0.000130448
0.000140674
0.000149667
0.000152397
0.00016062
0.000170295
0.000178441
0.000186901
0.000195385
0.000201918
0.000207223
0.00021308
0.000217282
0.000223402
0.000231247
0.000239681
0.000249203
0.000257707
0.000265105
0.000270071
0.000271736
0.000273022
0.000274069
0.000277929
0.00028218
0.000286629
0.000291538
0.000295999
0.000299065
0.000301358
0.000304227
0.000309887
0.000316548
0.000323207
0.000327687
0.000327198
0.000329993
0.000331572
0.00033247
0.00033161
0.000334157
0.000332115
0.000323299
0.000331212
)
;

boundaryField
{
    lowerWall
    {
        type            fixedFluxPressure;
        gradient        uniform 0;
        value           nonuniform List<scalar> 
80
(
24722.2
24722.3
24725
24730.5
24738.2
24747.5
24758.4
24770.5
24783.8
24797.6
24811.2
24824.2
24836.2
24847.2
24856.7
24864.3
24869.6
24872
24871.4
24867.6
24860.5
24850.1
24836.5
24819.5
24799
24775
24748
24718.6
24687.5
24655.1
24621.8
24587.9
24554
24520.5
24487.8
24456.3
24426.2
24397.7
24371
24346.4
24324
24304
24286.9
24273.3
24263.7
24258.3
24257.1
24259.8
24266.1
24275.5
24287.9
24302.9
24320.2
24339.4
24360.2
24382.1
24404.5
24426.8
24448.2
24468.4
24487.1
24504.2
24519.8
24533.8
24546.2
24556.7
24565.1
24571.7
24577
24581.5
24585.7
24589.3
24591.9
24593.5
24594.4
24595.4
24596.6
24597.8
24598.3
24598
)
;
    }
    rightWall
    {
        type            zeroGradient;
    }
    atmosphere
    {
        type            totalPressure;
        rho             rho;
        psi             none;
        gamma           1;
        p0              uniform 0;
        value           nonuniform List<scalar> 
80
(
-5.57109e-06
-4.82301e-06
-4.91012e-06
-4.7972e-06
-4.40279e-06
-3.89243e-06
-3.79623e-06
-4.11657e-06
-4.6212e-06
-4.95829e-06
-4.98298e-06
-4.69425e-06
-4.67537e-06
-4.49994e-06
-3.80265e-06
-3.49386e-06
-3.707e-06
-2.95313e-06
-2.92131e-06
-2.72389e-06
-2.35106e-06
-2.17476e-06
-1.79436e-06
-1.5552e-06
-1.04717e-06
-6.55155e-07
-5.32921e-07
-4.10982e-07
-2.23964e-07
-9.57929e-08
0
0
0
0
0
0
0
0
0
0
0
0
0
0
0
0
0
0
0
0
0
0
0
0
0
0
0
0
0
0
0
0
0
0
0
0
0
0
0
0
0
0
0
0
0
0
0
0
0
0
)
;
    }
    leftWall
    {
        type            zeroGradient;
    }
    frontAndBack
    {
        type            empty;
    }
}


// ************************************************************************* //
