/*--------------------------------*- C++ -*----------------------------------*\
| =========                 |                                                 |
| \\      /  F ield         | OpenFOAM: The Open Source CFD Toolbox           |
|  \\    /   O peration     | Version:  2412                                  |
|   \\  /    A nd           | Website:  www.openfoam.com                      |
|    \\/     M anipulation  |                                                 |
\*---------------------------------------------------------------------------*/
FoamFile
{
    version     2.0;
    format      ascii;
    arch        "LSB;label=32;scalar=64";
    class       volScalarField;
    location    "10";
    object      p_rgh;
}
// * * * * * * * * * * * * * * * * * * * * * * * * * * * * * * * * * * * * * //

dimensions      [1 -1 -2 0 0 0 0];

internalField   nonuniform List<scalar> 
6400
(
12413.4
12413.3
12413.3
12413.3
12413.3
12413.4
12413.4
12413.5
12413.6
12413.8
12413.9
12414.2
12414.4
12414.7
12414.9
12415.2
12415.5
12415.8
12416.1
12416.4
12416.6
12416.7
12416.8
12416.7
12416.5
12416.2
12415.6
12414.9
12414
12412.9
12411.7
12410.3
12408.8
12407.3
12405.8
12404.4
12403.2
12402.3
12401.6
12401.3
12401.4
12401.8
12402.5
12403.6
12404.8
12406.2
12407.7
12409.3
12410.7
12412.1
12413.3
12414.4
12415.3
12415.9
12416.4
12416.8
12416.9
12417
12416.9
12416.8
12416.6
12416.3
12416
12415.7
12415.4
12415.1
12414.8
12414.6
12414.4
12414.2
12414
12413.8
12413.7
12413.6
12413.5
12413.5
12413.5
12413.5
12413.5
12413.5
12413.4
12413.3
12413.3
12413.3
12413.3
12413.4
12413.5
12413.5
12413.7
12413.8
12414
12414.2
12414.4
12414.6
12414.9
12415.1
12415.4
12415.7
12415.9
12416.1
12416.3
12416.4
12416.4
12416.3
12416.1
12415.7
12415.2
12414.5
12413.6
12412.6
12411.5
12410.2
12408.9
12407.6
12406.2
12405
12404
12403.1
12402.6
12402.3
12402.4
12402.7
12403.4
12404.3
12405.4
12406.6
12408
12409.3
12410.7
12411.9
12413
12414
12414.8
12415.5
12416
12416.3
12416.5
12416.6
12416.6
12416.5
12416.3
12416.1
12415.9
12415.6
12415.3
12415.1
12414.8
12414.6
12414.4
12414.2
12414
12413.9
12413.7
12413.6
12413.6
12413.5
12413.5
12413.5
12413.5
12413.5
12413.4
12413.4
12413.3
12413.4
12413.4
12413.4
12413.5
12413.6
12413.7
12413.8
12414
12414.2
12414.4
12414.6
12414.8
12415.1
12415.3
12415.5
12415.7
12415.9
12416
12416.1
12416
12415.9
12415.7
12415.3
12414.8
12414.1
12413.4
12412.4
12411.4
12410.2
12409
12407.8
12406.6
12405.6
12404.6
12403.9
12403.4
12403.2
12403.2
12403.5
12404.1
12404.9
12405.9
12407
12408.2
12409.4
12410.6
12411.7
12412.8
12413.7
12414.5
12415.1
12415.6
12415.9
12416.2
12416.3
12416.3
12416.2
12416.1
12415.9
12415.7
12415.5
12415.2
12415
12414.8
12414.5
12414.3
12414.2
12414
12413.9
12413.8
12413.7
12413.6
12413.6
12413.5
12413.5
12413.5
12413.6
12413.4
12413.4
12413.4
12413.4
12413.4
12413.4
12413.5
12413.6
12413.7
12413.8
12414
12414.1
12414.3
12414.5
12414.7
12415
12415.2
12415.4
12415.6
12415.7
12415.8
12415.9
12415.8
12415.7
12415.4
12415.1
12414.6
12414
12413.2
12412.3
12411.3
12410.3
12409.1
12408
12406.9
12405.9
12405
12404.3
12403.9
12403.7
12403.7
12404
12404.5
12405.3
12406.2
12407.2
12408.4
12409.5
12410.6
12411.7
12412.7
12413.5
12414.3
12414.9
12415.3
12415.7
12415.9
12416
12416.1
12416
12415.9
12415.8
12415.6
12415.4
12415.1
12414.9
12414.7
12414.5
12414.3
12414.1
12414
12413.9
12413.7
12413.7
12413.6
12413.6
12413.5
12413.5
12413.5
12413.6
12413.4
12413.4
12413.3
12413.3
12413.4
12413.4
12413.5
12413.5
12413.6
12413.8
12413.9
12414.1
12414.3
12414.5
12414.7
12414.9
12415.1
12415.3
12415.5
12415.6
12415.7
12415.7
12415.7
12415.6
12415.3
12415
12414.5
12413.9
12413.2
12412.4
12411.4
12410.4
12409.3
12408.2
12407.1
12406.1
12405.3
12404.6
12404.1
12403.9
12403.9
12404.2
12404.8
12405.5
12406.4
12407.4
12408.5
12409.6
12410.7
12411.8
12412.7
12413.5
12414.2
12414.8
12415.3
12415.6
12415.8
12415.9
12415.9
12415.9
12415.8
12415.7
12415.5
12415.3
12415.1
12414.9
12414.6
12414.4
12414.3
12414.1
12413.9
12413.8
12413.7
12413.6
12413.6
12413.5
12413.5
12413.5
12413.5
12413.6
12413.4
12413.3
12413.3
12413.3
12413.3
12413.4
12413.4
12413.5
12413.6
12413.7
12413.8
12414
12414.2
12414.4
12414.6
12414.8
12415
12415.2
12415.4
12415.5
12415.6
12415.7
12415.7
12415.5
12415.3
12415
12414.6
12414
12413.3
12412.5
12411.5
12410.5
12409.4
12408.3
12407.2
12406.2
12405.3
12404.6
12404.1
12403.9
12403.9
12404.2
12404.8
12405.5
12406.5
12407.5
12408.7
12409.8
12410.9
12411.9
12412.8
12413.6
12414.3
12414.8
12415.3
12415.6
12415.8
12415.9
12415.9
12415.8
12415.7
12415.6
12415.4
12415.2
12415
12414.8
12414.6
12414.4
12414.2
12414
12413.9
12413.8
12413.7
12413.6
12413.5
12413.5
12413.5
12413.5
12413.5
12413.5
12413.3
12413.3
12413.2
12413.2
12413.3
12413.3
12413.3
12413.4
12413.5
12413.6
12413.8
12413.9
12414.1
12414.3
12414.5
12414.7
12414.9
12415.2
12415.3
12415.5
12415.6
12415.7
12415.7
12415.6
12415.4
12415.2
12414.8
12414.2
12413.5
12412.7
12411.8
12410.7
12409.6
12408.4
12407.2
12406.1
12405.2
12404.4
12403.9
12403.6
12403.7
12404
12404.6
12405.5
12406.5
12407.6
12408.8
12410
12411.1
12412.1
12413.1
12413.9
12414.5
12415
12415.4
12415.7
12415.8
12415.9
12415.9
12415.8
12415.7
12415.5
12415.3
12415.1
12414.9
12414.7
12414.5
12414.3
12414.1
12413.9
12413.8
12413.7
12413.6
12413.5
12413.5
12413.4
12413.4
12413.4
12413.4
12413.5
12413.2
12413.2
12413.2
12413.2
12413.2
12413.2
12413.3
12413.3
12413.4
12413.5
12413.7
12413.8
12414
12414.2
12414.4
12414.7
12414.9
12415.1
12415.3
12415.5
12415.7
12415.8
12415.8
12415.8
12415.7
12415.4
12415.1
12414.6
12413.9
12413.1
12412.1
12411
12409.8
12408.5
12407.2
12405.9
12404.8
12404
12403.4
12403.1
12403.1
12403.5
12404.2
12405.2
12406.3
12407.6
12408.9
12410.2
12411.4
12412.5
12413.5
12414.2
12414.9
12415.3
12415.7
12415.9
12416
12416
12416
12415.9
12415.7
12415.5
12415.3
12415.1
12414.8
12414.6
12414.4
12414.2
12414
12413.8
12413.7
12413.6
12413.5
12413.4
12413.4
12413.3
12413.3
12413.3
12413.3
12413.4
12413.2
12413.1
12413.1
12413.1
12413.1
12413.1
12413.2
12413.2
12413.3
12413.4
12413.6
12413.7
12413.9
12414.1
12414.3
12414.6
12414.8
12415.1
12415.4
12415.6
12415.8
12415.9
12416
12416.1
12416
12415.8
12415.5
12415.1
12414.4
12413.6
12412.6
12411.4
12410
12408.5
12407
12405.6
12404.3
12403.2
12402.5
12402.2
12402.2
12402.7
12403.5
12404.7
12406
12407.5
12409
12410.4
12411.8
12413
12414
12414.8
12415.4
12415.8
12416.1
12416.2
12416.3
12416.2
12416.1
12416
12415.8
12415.5
12415.3
12415
12414.8
12414.5
12414.3
12414.1
12413.9
12413.7
12413.6
12413.5
12413.4
12413.3
12413.3
12413.3
12413.3
12413.2
12413.3
12413.3
12413.1
12413
12413
12413
12413
12413
12413
12413.1
12413.2
12413.3
12413.4
12413.6
12413.8
12414
12414.3
12414.5
12414.8
12415.1
12415.4
12415.7
12416
12416.2
12416.4
12416.5
12416.5
12416.4
12416.1
12415.7
12415.1
12414.3
12413.2
12411.9
12410.4
12408.6
12406.8
12405.1
12403.5
12402.2
12401.2
12400.8
12400.9
12401.5
12402.5
12403.9
12405.5
12407.3
12409.1
12410.8
12412.3
12413.6
12414.6
12415.4
12416
12416.4
12416.6
12416.7
12416.6
12416.5
12416.3
12416.1
12415.8
12415.6
12415.3
12415
12414.7
12414.4
12414.2
12414
12413.8
12413.6
12413.5
12413.4
12413.3
12413.2
12413.2
12413.2
12413.2
12413.2
12413.2
12413.2
12413
12412.9
12412.9
12412.9
12412.9
12412.9
12412.9
12412.9
12413
12413.1
12413.2
12413.4
12413.6
12413.9
12414.2
12414.5
12414.8
12415.1
12415.5
12415.8
12416.2
12416.5
12416.7
12416.9
12417.1
12417.1
12416.9
12416.6
12416.1
12415.3
12414.1
12412.7
12410.9
12408.8
12406.6
12404.4
12402.3
12400.6
12399.5
12398.9
12399
12399.8
12401.1
12402.9
12404.9
12407.1
12409.2
12411.2
12412.9
12414.4
12415.5
12416.3
12416.8
12417.1
12417.2
12417.2
12417
12416.8
12416.6
12416.3
12415.9
12415.6
12415.3
12414.9
12414.6
12414.3
12414.1
12413.8
12413.6
12413.4
12413.3
12413.2
12413.2
12413.1
12413.1
12413.1
12413.1
12413.1
12413.1
12413.1
12412.9
12412.9
12412.8
12412.8
12412.8
12412.7
12412.7
12412.7
12412.8
12412.8
12413
12413.2
12413.4
12413.7
12414
12414.3
12414.7
12415.1
12415.5
12415.9
12416.3
12416.7
12417.1
12417.5
12417.7
12417.9
12417.9
12417.7
12417.3
12416.5
12415.4
12413.7
12411.7
12409.2
12406.4
12403.6
12401
12398.8
12397.3
12396.5
12396.7
12397.6
12399.4
12401.6
12404.3
12407.1
12409.7
12412.1
12414
12415.5
12416.7
12417.4
12417.8
12418
12418
12417.8
12417.5
12417.2
12416.8
12416.4
12416
12415.6
12415.2
12414.8
12414.5
12414.1
12413.8
12413.6
12413.4
12413.2
12413.1
12413
12412.9
12412.9
12412.9
12413
12413
12413
12413.1
12413.1
12412.9
12412.8
12412.8
12412.7
12412.6
12412.5
12412.4
12412.4
12412.4
12412.5
12412.6
12412.8
12413
12413.3
12413.6
12414
12414.4
12414.9
12415.4
12415.9
12416.4
12417
12417.5
12418
12418.4
12418.8
12419
12419
12418.8
12418.1
12417
12415.2
12412.8
12409.8
12406.3
12402.8
12399.4
12396.6
12394.6
12393.7
12393.8
12395.1
12397.3
12400.3
12403.8
12407.4
12410.7
12413.5
12415.7
12417.3
12418.3
12418.9
12419.1
12419.1
12418.8
12418.5
12418
12417.5
12417
12416.5
12416
12415.5
12415
12414.6
12414.2
12413.8
12413.5
12413.2
12413
12412.8
12412.7
12412.6
12412.6
12412.6
12412.7
12412.8
12412.9
12412.9
12413
12413
12412.9
12412.8
12412.7
12412.6
12412.4
12412.3
12412.1
12412
12412
12412
12412.1
12412.3
12412.5
12412.8
12413.2
12413.6
12414
12414.6
12415.1
12415.7
12416.4
12417
12417.7
12418.4
12419.1
12419.7
12420.2
12420.5
12420.6
12420.2
12419.1
12417.3
12414.6
12410.9
12406.5
12402
12397.6
12394.1
12391.5
12390.2
12390.3
12391.9
12394.9
12398.9
12403.5
12408.2
12412.5
12415.8
12418.3
12419.8
12420.6
12420.9
12420.8
12420.4
12419.9
12419.2
12418.5
12417.8
12417.2
12416.5
12415.9
12415.3
12414.7
12414.2
12413.7
12413.3
12413
12412.7
12412.4
12412.3
12412.2
12412.1
12412.1
12412.2
12412.3
12412.5
12412.6
12412.8
12412.9
12412.9
12413
12412.9
12412.8
12412.6
12412.3
12412
12411.8
12411.6
12411.5
12411.5
12411.5
12411.7
12411.9
12412.2
12412.6
12413.1
12413.6
12414.2
12414.8
12415.5
12416.3
12417.1
12418
12418.9
12419.8
12420.7
12421.6
12422.3
12422.8
12422.8
12422
12420.3
12417.1
12412.6
12407.1
12401.1
12395.4
12390.8
12387.5
12385.7
12385.7
12387.7
12391.5
12396.8
12403
12409.4
12414.9
12419.1
12421.8
12423.1
12423.5
12423.4
12422.8
12422
12421.1
12420.1
12419.1
12418.2
12417.3
12416.5
12415.7
12415
12414.4
12413.8
12413.2
12412.8
12412.4
12412.1
12411.8
12411.6
12411.5
12411.5
12411.6
12411.7
12411.9
12412.2
12412.5
12412.7
12412.9
12413
12413.3
12413.2
12412.9
12412.6
12412.2
12411.9
12411.6
12411.4
12411.3
12411.2
12411.3
12411.5
12411.8
12412.1
12412.5
12413.1
12413.6
12414.3
12415
12415.8
12416.7
12417.7
12418.7
12419.8
12421
12422.2
12423.5
12424.7
12425.7
12426.2
12426
12424.4
12420.9
12415.2
12407.8
12399.6
12391.9
12385.7
12381.4
12379
12378.8
12381.1
12385.9
12393
12401.5
12410.2
12417.6
12422.9
12425.8
12426.9
12426.8
12426.1
12425
12423.7
12422.4
12421.2
12419.9
12418.8
12417.8
12416.9
12416
12415.2
12414.5
12413.8
12413.2
12412.7
12412.3
12411.9
12411.6
12411.4
12411.3
12411.3
12411.4
12411.6
12411.9
12412.2
12412.5
12412.9
12413.1
12413.3
12413.8
12413.7
12413.1
12412.6
12412.2
12411.9
12411.6
12411.4
12411.3
12411.3
12411.4
12411.6
12411.9
12412.4
12412.9
12413.5
12414.1
12414.9
12415.7
12416.6
12417.5
12418.6
12419.8
12421.1
12422.5
12424.1
12425.8
12427.6
12429.3
12430.7
12431.3
12430.4
12426.5
12418.8
12408.2
12396.1
12385.1
12376.4
12371
12368
12367.7
12370.8
12377.3
12386.9
12398.5
12410.7
12420.7
12427.4
12430.5
12431
12430.1
12428.7
12427.1
12425.4
12423.7
12422.2
12420.8
12419.6
12418.5
12417.5
12416.6
12415.8
12415
12414.3
12413.7
12413.1
12412.6
12412.2
12411.9
12411.6
12411.5
12411.5
12411.6
12411.9
12412.2
12412.6
12413
12413.5
12413.8
12414
12414.7
12414.6
12413.6
12412.7
12412.1
12411.7
12411.3
12411.1
12411
12411.1
12411.3
12411.5
12411.9
12412.4
12413
12413.7
12414.4
12415.2
12416.1
12417.1
12418.2
12419.4
12420.7
12422.2
12423.9
12425.9
12428.3
12430.9
12433.7
12436.7
12439.5
12440.6
12436.4
12425.1
12408.7
12389.7
12373.6
12362.2
12355.3
12351.7
12351.7
12356
12364.6
12377.5
12394.3
12412.9
12427.8
12436.9
12439.5
12437.9
12435.1
12432.3
12429.7
12427.3
12425.1
12423.2
12421.6
12420.2
12419
12418
12417
12416.1
12415.3
12414.5
12413.8
12413.2
12412.7
12412.2
12411.8
12411.6
12411.5
12411.5
12411.6
12411.9
12412.3
12412.8
12413.4
12414
12414.8
12415.1
12416.3
12415.5
12414
12412.8
12411.8
12410.9
12410.3
12409.9
12409.7
12409.7
12409.8
12410.1
12410.5
12411.1
12411.7
12412.4
12413.2
12414.1
12415.1
12416.2
12417.4
12418.7
12420.2
12421.8
12423.9
12426.5
12429.7
12433.5
12437.9
12443.4
12450.3
12456.8
12454.4
12440
12416
12388.8
12367.2
12352.8
12345.7
12341
12340.8
12346.2
12356.2
12372.4
12395
12423
12444.1
12454.9
12454.8
12447.9
12441.5
12436.7
12432.6
12429.1
12426.1
12423.5
12421.4
12419.8
12418.5
12417.4
12416.3
12415.3
12414.3
12413.4
12412.6
12411.9
12411.3
12410.8
12410.4
12410.1
12410
12410
12410.2
12410.6
12411.2
12412
12413
12414.2
12415.6
12416.5
12351.1
12204.6
12097.8
12013.3
11949.6
11902.9
11869.2
11845.7
11830.1
11820.6
11815.8
11814.6
11816.2
11819.7
11824.4
11829.8
11835.3
11840.5
11845.2
11849.2
11852.5
11855.3
11857.8
11860.8
11865
11870.1
11875.3
11879.9
11881.9
11877.9
11853.7
11779.2
11653.2
11236.3
9863.11
8469.18
7437.83
6717.12
6489.66
6290.53
6286.73
6505.56
6913.19
7676.84
8742.41
10350.2
11437.4
11673.8
11793.1
11857.1
11874.9
11878.2
11877.1
11874.2
11870.9
11867.1
11863.9
11861.5
11859.9
11858.4
11856.2
11852.9
11848.7
11843.8
11838.4
11833.1
11828.4
11824.9
11823.3
11824.3
11829
11838.5
11854
11877.3
11910.8
11957.2
12020.3
12104
12209.5
12353.6
1284.15
1543.5
1672.26
1736.23
1767.97
1783.97
1792.51
1797.72
1801.38
1804.34
1807.09
1809.85
1812.82
1816.12
1819.84
1824.26
1829.65
1836.02
1843.33
1851.46
1860.32
1869.69
1879.05
1888.15
1897.7
1908.64
1922.9
1940.18
1960.79
1986.94
2014.39
2019.98
2061.02
1941.64
1763.26
1808.54
1851.62
1861.86
1854.59
1848.87
1848.31
1853.91
1865.9
1854.46
1792.39
1669.61
1857.06
2034.08
2037.26
2018.44
1988.92
1964.87
1943.95
1926.17
1910.09
1897.02
1886.23
1876.48
1867.62
1858.43
1849.4
1841.03
1833.61
1827.22
1821.82
1817.32
1813.61
1810.48
1807.77
1805.29
1802.86
1800.21
1796.92
1792.05
1783.84
1768.16
1736.66
1672.8
1544.03
1284.1
-0.000215139
-0.000439587
-0.000547474
-0.000728332
-0.000963729
-0.00128059
-0.00169423
-0.00221555
-0.00278106
-0.00325992
-0.00384653
-0.00483179
-0.00325844
0.0291178
0.122066
0.204458
0.141736
0.0569375
0.00502458
-0.00486169
-0.00392276
0.0762993
0.530268
0.991552
1.15437
1.19887
1.18684
1.46476
2.0541
2.95352
3.2157
3.60112
6.85766
740.05
3341.71
3543.6
3564.44
3578.65
3585.62
3583.88
3583.14
3583.33
3576.03
3561.79
3537.31
2909.93
362.376
4.44146
3.09727
2.90699
2.55896
1.58409
1.1039
0.941267
1.08536
1.39354
1.44406
1.21892
0.809652
0.239418
0.0171546
0.00697232
0.00479866
0.00443804
0.0292656
0.0527229
0.0593965
0.0472855
0.0255804
0.00670544
0.00155668
0.00193577
0.00243128
0.0024776
0.00263615
0.00294
0.00320221
0.00341357
0.00354267
0.00377976
-0.000537318
-0.000607707
-0.000725139
-0.000903225
-0.00114345
-0.00144373
-0.00180918
-0.00222436
-0.0026758
-0.00306027
-0.00347572
-0.00433621
-0.00505237
0.03897
0.164066
0.216542
0.170085
0.0912475
0.0205748
-0.00264681
-0.0042037
0.00160047
1.66906
4.83547
4.93069
4.77255
1.46024
1.44667
4.43032
8.92122
7.85983
3.66935
3.88893
118.643
881.363
1669.69
2185.55
2625.12
2906.61
2554.04
2554.37
2817.62
2569.09
2185.79
1585.4
683.615
24.8529
5.68053
5.69871
10.464
11.7798
5.993
1.01048
0.997197
3.23057
6.55036
6.54524
6.46025
4.74032
0.183574
0.00844428
0.0075132
0.0069343
0.0155272
0.0347389
0.0453806
0.0488827
0.038649
0.0157209
0.00441121
0.00358264
0.00360437
0.00333679
0.00301386
0.00293612
0.00302174
0.00316551
0.00330122
0.00340049
0.00346021
-0.000408102
-0.000476091
-0.000590933
-0.000766783
-0.00101272
-0.0013433
-0.00176413
-0.00228862
-0.00286171
-0.00338474
-0.00399253
-0.0049064
-0.00523445
0.103004
0.249563
0.251955
0.248989
0.220917
0.00218527
-0.00484012
-0.00506635
-0.00640788
0.749732
4.52678
4.95092
5.01296
2.79874
1.36737
9.22137
36.8253
36.942
36.9717
35.6244
8.19697
0.0246447
0.0671424
0.0460694
0.017642
0.00736233
0.00725873
0.00642483
0.00559971
0.00530415
0.00534489
0.00557887
-0.0338782
4.84811
38.6233
39.1751
39.129
36.6777
4.94576
0.924405
2.47617
6.62701
6.6178
6.57569
6.46538
1.81806
0.00710015
0.0072643
0.00673528
0.00863209
0.138004
0.198021
0.199943
0.202626
0.190105
0.122022
0.0220189
0.00139608
0.00148619
0.00202988
0.00229555
0.00253382
0.00285628
0.00314315
0.00335917
0.00350466
0.00358807
-0.000344206
-0.000400626
-0.000513779
-0.000690361
-0.00093282
-0.00124606
-0.00164152
-0.0021438
-0.00270967
-0.00321916
-0.00378045
-0.00449023
-0.00529918
-0.004424
0.110061
0.244853
0.176036
0.0116179
-0.0075988
-0.00561095
-0.00492937
-0.00585615
-0.00621054
-0.00669106
1.2295
4.50126
4.60495
4.58757
1.42296
0.0163957
2.22208
4.34957
4.14856
0.776903
0.316755
1.08545
1.08237
0.197573
0.00763477
0.00743971
0.00686879
0.00670192
0.00659423
0.0065441
0.00658989
0.00680475
1.8493
6.28323
5.43621
1.46724
0.00300666
0.680809
1.58006
3.22431
4.4984
3.96818
1.8361
0.00503736
0.00548923
0.00634338
0.00722319
0.0081994
0.0576467
0.200826
0.204706
0.208314
0.20869
0.207685
0.205297
0.121789
0.00170173
0.000961324
0.00152302
0.00204929
0.00247369
0.00284977
0.00315869
0.00339338
0.00354816
0.00362365
-0.000242302
-0.000286374
-0.000388819
-0.00055065
-0.000776457
-0.00107366
-0.00145868
-0.0019581
-0.00251885
-0.00309677
-0.00387652
-0.0049537
-0.00575605
-0.00625602
-0.00801185
-0.0108952
-0.0108507
-0.00971117
-0.00794678
-0.00569617
-0.00453616
-0.00545208
-0.00733394
-0.0102392
-0.0109394
-0.0022286
0.00254082
0.00121677
0.00884494
0.0106265
0.00884787
0.00880302
0.00696985
0.00734572
0.165321
0.703128
0.681882
0.177221
0.00705775
0.00696739
0.00605965
0.00554162
0.00533914
0.00529137
0.00537487
0.00606711
0.00624328
0.0063818
0.00683617
0.007045
0.00700465
0.232224
0.816545
0.573077
0.0212356
0.00559498
0.00177609
0.00276973
0.00425034
0.00583527
0.00820029
0.0120443
0.00798955
0.138811
0.202148
0.0801763
0.090616
0.20521
0.209736
0.131508
0.00108484
0.000493438
0.001029
0.00182738
0.0024271
0.00285435
0.00319263
0.00344053
0.00359938
0.0036667
-0.000104057
-0.000142416
-0.000232518
-0.000374325
-0.000574196
-0.000839798
-0.00118764
-0.00164667
-0.00218497
-0.00276553
-0.00353775
-0.00455882
-0.00568019
-0.00674391
-0.007834
-0.00979514
-0.0116267
-0.0113341
-0.00997336
-0.00876379
-0.00802077
-0.00797728
-0.0082314
-0.00829218
-0.00640301
-0.00242525
0.00143252
0.00397154
0.00606435
0.0073582
0.00789845
0.00810048
0.00760386
0.00674769
0.00585862
0.00453734
0.00558806
0.00800616
0.00819297
0.00675358
0.00610388
0.00598524
0.00605487
0.00595135
0.00588843
0.00642944
0.00670093
0.00692938
0.00734855
0.00724844
0.00774462
0.00739116
0.00424261
0.00197538
0.00228595
0.00278012
0.00307491
0.00328478
0.00397289
0.00495793
0.00643676
0.00897926
0.0091214
0.012497
0.0191119
0.00392631
-0.00850299
0.016061
0.124649
0.0541703
-8.36396e-05
-0.000311843
0.000558424
0.0015913
0.00236486
0.00286292
0.00322351
0.0034787
0.00364016
0.00370537
5.67528e-05
2.24211e-05
-5.30077e-05
-0.000170784
-0.000337584
-0.000560385
-0.000855785
-0.00125587
-0.00173662
-0.00225087
-0.00294425
-0.00392533
-0.00516396
-0.00668123
-0.00834969
-0.0102036
-0.0125317
-0.0143112
-0.0153039
-0.0157804
-0.015708
-0.0150889
-0.0134667
-0.0108778
-0.00694117
-0.00265074
0.00106351
0.00420356
0.00649125
0.00742412
0.00760233
0.00761321
0.007407
0.00718461
0.0068686
0.00622573
0.00563403
0.00586366
0.00657748
0.00630894
0.00609717
0.00582913
0.00557909
0.00562007
0.0058298
0.00621917
0.00644911
0.00653605
0.00691497
0.00701513
0.00694154
0.00642183
0.00579247
0.0049974
0.0042299
0.00388487
0.00317813
0.00234797
0.001857
0.0015287
0.00119797
0.000699381
-0.00055937
-0.00687925
-0.0129056
-0.0123231
-0.0104282
-0.0108597
-0.0103359
0.00669116
0.00962384
-0.000582277
0.000627694
0.00162322
0.00236159
0.00288835
0.0032583
0.00350993
0.00366814
0.00373397
0.000226438
0.000198801
0.000140662
4.99005e-05
-7.92848e-05
-0.000253104
-0.000487932
-0.000819488
-0.00123505
-0.00170465
-0.00232632
-0.00324763
-0.00475361
-0.00666992
-0.0088795
-0.0118348
-0.0152526
-0.0186055
-0.0212178
-0.0226236
-0.022512
-0.0210096
-0.0182938
-0.0141751
-0.00904142
-0.00397817
0.000205434
0.00334541
0.00547435
0.00664767
0.00714752
0.00728456
0.00717324
0.00690395
0.00661414
0.00626713
0.00580122
0.00562559
0.00579883
0.00599118
0.00608357
0.00574214
0.00547786
0.00547445
0.00569981
0.00600946
0.00623468
0.00637417
0.00654731
0.00659986
0.00659026
0.00640396
0.00576684
0.00470032
0.00360163
0.00263845
0.00158653
0.000292793
-0.00133269
-0.00352897
-0.00639711
-0.00973646
-0.0133632
-0.0175038
-0.0195082
-0.0164781
-0.0129629
-0.0128876
-0.0122592
-0.00720014
0.0169819
0.0160546
0.00173902
0.00203746
0.00254418
0.00297861
0.00331935
0.00354554
0.00368743
0.00374948
0.000396612
0.000377559
0.000337995
0.000275827
0.000186414
6.41613e-05
-0.000105664
-0.000354771
-0.000678273
-0.00107883
-0.00150588
-0.002536
-0.00426658
-0.00678857
-0.010054
-0.0145031
-0.0196938
-0.025142
-0.0300981
-0.0335692
-0.0346009
-0.0326821
-0.0278968
-0.020934
-0.0132269
-0.00629789
-0.000994504
0.00254233
0.0047304
0.00597951
0.00659699
0.00686017
0.0069155
0.00682162
0.00657152
0.00615742
0.00563584
0.00530254
0.0052852
0.00561103
0.0058816
0.00556698
0.00529026
0.00523711
0.00541012
0.00563
0.00578834
0.00588308
0.00597442
0.00599715
0.00590788
0.00562355
0.00504862
0.00415143
0.00302235
0.00170872
4.9815e-05
-0.00235395
-0.0061279
-0.0119292
-0.0196276
-0.0275194
-0.0333677
-0.0358032
-0.0336614
-0.0269641
-0.019534
-0.0153506
-0.0128862
-0.0102777
0.0163264
0.0226918
0.00916936
0.00238577
0.00280933
0.00311758
0.00339828
0.00358193
0.00369468
0.00374528
0.000560529
0.000550214
0.000528919
0.000495138
0.000445366
0.000374937
0.000272782
0.000116352
-0.000100909
-0.000388583
-0.000628352
-0.0016561
-0.00392663
-0.00723845
-0.0118778
-0.0181481
-0.0260059
-0.0351129
-0.044339
-0.0505569
-0.0509214
-0.0469598
-0.0400186
-0.0309434
-0.0204624
-0.0107399
-0.00319207
0.00135399
0.00380913
0.00522915
0.00597444
0.00632757
0.00645928
0.00645141
0.00632006
0.00605598
0.00568097
0.00525324
0.00507752
0.00524211
0.00557079
0.00535422
0.00508031
0.00499384
0.00508488
0.00522013
0.00531762
0.00537019
0.00538795
0.00533825
0.00517612
0.00483948
0.00423478
0.0032662
0.00190002
9.56182e-05
-0.00242622
-0.00640278
-0.0134202
-0.0248066
-0.0395755
-0.0537499
-0.0627558
-0.0642203
-0.0574061
-0.0445512
-0.0301963
-0.0188955
-0.0121712
-0.00822822
0.0014141
0.0216497
0.00601036
0.00260378
0.00308746
0.00326761
0.00346902
0.00359963
0.00367668
0.00371119
0.000710772
0.000708479
0.00070396
0.000696467
0.000683576
0.000661857
0.000624158
0.000555051
0.000438013
0.000261647
0.000187724
-0.000828051
-0.00353376
-0.00787256
-0.0140873
-0.0227814
-0.0345141
-0.049257
-0.0617761
-0.0688755
-0.0733642
-0.0695065
-0.0579907
-0.0416182
-0.0245147
-0.0133639
-0.00604101
-0.000158568
0.00281338
0.00441855
0.00529705
0.00572873
0.00592163
0.005965
0.00590038
0.00572083
0.00541033
0.00509619
0.00484688
0.00486395
0.00517096
0.00506595
0.00484095
0.00474009
0.00475465
0.00480239
0.00482824
0.00481712
0.00476098
0.00463096
0.00438131
0.00394838
0.00323713
0.00212801
0.000514914
-0.00177047
-0.00522733
-0.0111527
-0.022258
-0.0403416
-0.0633922
-0.0845672
-0.0969571
-0.0974213
-0.0856421
-0.0653347
-0.0424555
-0.0228791
-0.0101112
-0.00371229
-0.000816836
0.00793522
0.0066516
0.00322458
0.00347711
0.00343919
0.00351412
0.00357773
0.00361578
0.00363275
0.000840939
0.000845436
0.00085516
0.000869999
0.000888406
0.000908002
0.000924231
0.000924887
0.000886654
0.000790014
0.000794724
-9.64162e-05
-0.00309082
-0.00841577
-0.0158544
-0.0265438
-0.0430231
-0.0643227
-0.0843989
-0.0975754
-0.0997496
-0.0942842
-0.0820285
-0.0612397
-0.0347956
-0.0161946
-0.00314131
-0.00212323
0.00185725
0.00358542
0.00457183
0.00505498
0.00529876
0.00538736
0.00538191
0.00529183
0.00509289
0.00485616
0.00462586
0.00453999
0.00476205
0.00474013
0.00454653
0.0044549
0.00441276
0.00438531
0.00434407
0.00426972
0.00414215
0.00393054
0.00359048
0.00305806
0.00223094
0.000963696
-0.000905082
-0.00365063
-0.00796579
-0.0157265
-0.0305326
-0.0545976
-0.0845393
-0.111128
-0.12604
-0.125904
-0.110298
-0.0834516
-0.0528936
-0.0256866
-0.00681678
0.00291117
0.0055892
0.0117105
0.0149052
0.00421647
0.00374848
0.00354506
0.00349228
0.00349077
0.00349304
0.00349436
0.000947263
0.000956815
0.000977317
0.00100904
0.00105091
0.00110106
0.00115571
0.00120403
0.00121663
0.00117274
0.00108609
0.000394899
-0.0026735
-0.00855402
-0.0170088
-0.0305391
-0.0504825
-0.0751339
-0.10104
-0.119524
-0.125615
-0.11975
-0.101877
-0.0763483
-0.0496145
-0.020432
-0.0050177
-0.00195712
0.00106412
0.00276996
0.00379494
0.00431884
0.00461275
0.00475162
0.00479623
0.00477457
0.00467257
0.00452171
0.00434232
0.00424585
0.00434742
0.00437814
0.0042167
0.00413078
0.00405331
0.00396933
0.00387139
0.00373815
0.003544
0.00325736
0.00283426
0.00221031
0.00127943
-0.000117457
-0.00216894
-0.00520866
-0.0100058
-0.0186642
-0.0354278
-0.062642
-0.0961486
-0.125318
-0.141327
-0.140979
-0.123495
-0.093128
-0.0580685
-0.0261696
-0.00345425
0.00896177
0.0120597
0.127543
0.045691
0.00304208
0.00379208
0.00346645
0.00334838
0.00330992
0.00329239
0.00328537
0.00102864
0.00104117
0.00106855
0.00111099
0.00116747
0.00123607
0.00131232
0.00138574
0.00142504
0.0013967
0.00124105
0.000483406
-0.00217777
-0.00805657
-0.0175849
-0.0323324
-0.053729
-0.0798332
-0.106646
-0.12574
-0.132431
-0.12477
-0.105578
-0.0790105
-0.0518149
-0.0225587
-0.0057672
0.00187169
0.000343108
0.00199861
0.00295957
0.00352997
0.00387867
0.00407832
0.0041793
0.00422053
0.0042014
0.00413135
0.00400125
0.00392417
0.00396092
0.00398454
0.00386458
0.00377859
0.00367888
0.00355698
0.00341566
0.00323308
0.00298297
0.00263443
0.00214432
0.00145053
0.000450521
-0.00101642
-0.00314442
-0.00626444
-0.0110345
-0.0192514
-0.0351382
-0.0620884
-0.0951186
-0.123957
-0.139555
-0.139102
-0.121725
-0.0916071
-0.056457
-0.0240102
0.000135045
0.00783161
0.103465
0.131591
0.0574744
0.00269685
0.00332259
0.00310668
0.00304365
0.00301908
0.00300965
0.00300693
0.00108615
0.00109941
0.00113002
0.00117714
0.00123976
0.00131541
0.00139846
0.00147702
0.00152265
0.00148842
0.00131242
0.00066063
-0.0015233
-0.00684955
-0.0158817
-0.0308943
-0.0513498
-0.0760057
-0.1003
-0.117597
-0.123013
-0.114729
-0.0955399
-0.0727362
-0.0469034
-0.0197466
-0.00449759
0.0034962
-0.000374895
0.00118341
0.00208317
0.00271466
0.00312535
0.00338716
0.00354846
0.00364841
0.00369604
0.00369563
0.00362284
0.00357278
0.00358237
0.0035842
0.00350313
0.00341441
0.00329957
0.00315424
0.00298221
0.00276183
0.00246915
0.00207527
0.00153876
0.000801766
-0.000226126
-0.00169493
-0.0037915
-0.00680225
-0.0111423
-0.0179992
-0.0312601
-0.0536824
-0.0822572
-0.10783
-0.121844
-0.121384
-0.106105
-0.0795065
-0.0481249
-0.0199589
-0.00156223
0.0713829
0.134008
0.134916
0.0256202
0.00202656
0.00249277
0.00254632
0.00260692
0.00264001
0.00266236
0.00267744
0.00112245
0.00113395
0.00116523
0.00121149
0.00127325
0.00134669
0.00142514
0.00149515
0.00152927
0.00148163
0.00128684
0.000708109
-0.000885698
-0.00515631
-0.0128813
-0.0241927
-0.0398577
-0.0608314
-0.083211
-0.0971716
-0.101366
-0.0904734
-0.0752191
-0.0581075
-0.0304839
-0.0132587
-0.00234323
0.0021871
-0.00129537
0.000338192
0.00123316
0.0019032
0.0023778
0.0027027
0.00292643
0.00308096
0.00318357
0.00323948
0.00322146
0.00320181
0.00320497
0.00319676
0.00314029
0.00305168
0.00292685
0.00276821
0.00257626
0.00233018
0.0020093
0.0015873
0.00102659
0.000274826
-0.00074209
-0.00215978
-0.00411246
-0.00684781
-0.0105051
-0.0159473
-0.0252338
-0.0407446
-0.0614467
-0.080892
-0.0919389
-0.0912956
-0.0790834
-0.0591339
-0.0369968
-0.0173653
0.062616
0.133722
0.135354
0.0398284
0.000319831
0.00100635
0.00161131
0.00193589
0.00211793
0.00222504
0.00228537
0.00232917
0.00114182
0.00114696
0.0011793
0.00121888
0.00127506
0.00133984
0.00140594
0.00145967
0.0014733
0.00140288
0.0011892
0.000676367
-0.000482106
-0.00331838
-0.00907711
-0.0166065
-0.0265607
-0.0418313
-0.0564796
-0.0665801
-0.0696155
-0.0649333
-0.0562323
-0.0376177
-0.019275
-0.0080272
-7.30004e-05
0.00127241
-0.00208103
-0.000497316
0.000426076
0.00113675
0.00166901
0.00205226
0.00233136
0.0025351
0.00268336
0.00278295
0.0028132
0.00282453
0.00283344
0.0028247
0.00278672
0.00269934
0.0025697
0.00240508
0.00220215
0.00194167
0.0016065
0.00117275
0.000608372
-0.000132238
-0.00109571
-0.00240305
-0.00417659
-0.00655252
-0.00963302
-0.0138063
-0.0197904
-0.028812
-0.0405825
-0.0520181
-0.0581592
-0.0570171
-0.0491757
-0.0379994
-0.026537
0.0277415
0.12773
0.132434
0.0476343
-0.00291115
-0.00123799
0.00011885
0.000925833
0.00138911
0.00165918
0.00182783
0.00191231
0.00200137
0.00114738
0.00113993
0.00118063
0.00120225
0.00125282
0.00130473
0.00135386
0.001387
0.00137973
0.00129335
0.00106905
0.000609556
-0.00025386
-0.00193319
-0.00533591
-0.0109388
-0.0178218
-0.0274889
-0.0343731
-0.0413566
-0.0436361
-0.0436681
-0.0362262
-0.021369
-0.0107751
-0.00361164
0.00179419
-0.00212221
-0.00275315
-0.00126767
-0.00030559
0.000446798
0.00102417
0.00145545
0.00178021
0.00202505
0.00220986
0.00234334
0.00241286
0.00245414
0.00247475
0.0024718
0.00244861
0.00236347
0.00223396
0.00206898
0.00186269
0.00159766
0.00126054
0.000830089
0.000282228
-0.000419934
-0.00132003
-0.00249374
-0.00403647
-0.00605186
-0.00863593
-0.0119454
-0.0161222
-0.0211564
-0.0270755
-0.0320536
-0.0341252
-0.0323697
-0.0280381
-0.0225984
-0.00984607
0.0270376
0.0388785
0.0143814
-0.00444917
-0.00290217
-0.00153287
-0.000314488
0.000474139
0.000967024
0.00127891
0.00148233
0.00157898
0.00171102
0.00113746
0.00112806
0.00115404
0.00117844
0.00121388
0.00125018
0.00127994
0.00129024
0.00126052
0.00115949
0.000937945
0.000528374
-0.000153169
-0.00123165
-0.0031287
-0.00633381
-0.0111029
-0.0170529
-0.0226318
-0.0262905
-0.0287304
-0.0273731
-0.0211747
-0.00975528
-0.00502282
-0.0005068
-0.000369023
-0.00499181
-0.00320803
-0.00189034
-0.000913095
-0.000138703
0.000464417
0.000928091
0.0012857
0.00156129
0.00177353
0.00193233
0.00203226
0.00210066
0.00213505
0.00214207
0.00212955
0.00204827
0.00192302
0.00176198
0.00155923
0.00129791
0.000970229
0.000556839
3.74967e-05
-0.000614828
-0.00143429
-0.00246848
-0.00377824
-0.00543786
-0.00753265
-0.0101509
-0.0133386
-0.0169604
-0.0203639
-0.0226504
-0.0229635
-0.0213982
-0.0186203
-0.0147289
-0.0102033
-0.00882885
-0.00849709
-0.00591123
-0.00426819
-0.00289798
-0.00152599
-0.000501576
0.000194551
0.000671215
0.000988174
0.00120065
0.00131526
0.00144978
0.00111454
0.0011056
0.00112214
0.00114027
0.00116303
0.00118328
0.00119352
0.00118178
0.00113056
0.00101473
0.000797167
0.000427849
-0.000155338
-0.00099298
-0.00220694
-0.00400848
-0.00655139
-0.00978709
-0.0132882
-0.016521
-0.0180129
-0.0140846
-0.00587115
-0.00396669
-0.00129463
-0.000343059
-0.00641181
-0.00508155
-0.00352686
-0.00232592
-0.00137047
-0.000604925
2.03087e-06
0.000480002
0.000856
0.00115087
0.00138126
0.00155745
0.00167987
0.0017717
0.00181849
0.00183818
0.00183199
0.00175633
0.00163848
0.0014839
0.00129316
0.00104243
0.000730424
0.000342303
-0.000138353
-0.000731986
-0.00146331
-0.00236215
-0.00346282
-0.00480575
-0.00644034
-0.00841766
-0.0107493
-0.0133073
-0.0157382
-0.0175494
-0.0182533
-0.0177464
-0.0161721
-0.0142218
-0.012279
-0.00978817
-0.00749276
-0.00562275
-0.00402348
-0.0025802
-0.00141429
-0.000573603
3.92703e-05
0.000476681
0.000777769
0.000985146
0.00110957
0.00122566
0.0010822
0.00107472
0.00108355
0.00109369
0.00110449
0.00110946
0.00110148
0.00106979
0.000999231
0.00086892
0.000650887
0.000307997
-0.000207228
-0.00092674
-0.00188236
-0.00314761
-0.00479517
-0.00683377
-0.00906987
-0.0111285
-0.0125674
-0.0119997
-0.00312811
-0.000452013
-0.00433662
-0.008271
-0.00651009
-0.00496987
-0.0036607
-0.00257186
-0.00167876
-0.000950293
-0.00036043
0.000114103
0.000494222
0.00079703
0.00103648
0.00122263
0.00136067
0.00147169
0.00152852
0.00156051
0.0015574
0.00148918
0.00138196
0.00123976
0.00105826
0.000825122
0.000535325
0.00017832
-0.000258038
-0.000788381
-0.00142963
-0.00220054
-0.00311994
-0.00420571
-0.00547437
-0.00693638
-0.00857424
-0.0102956
-0.0118977
-0.0131092
-0.0137043
-0.0135915
-0.0128252
-0.0115921
-0.0100106
-0.00814076
-0.00633328
-0.00471461
-0.00329703
-0.0021476
-0.00125021
-0.000556247
-2.87655e-05
0.000358805
0.000633528
0.000826628
0.000951611
0.00104393
0.00104257
0.00103701
0.0010392
0.00104153
0.00104135
0.00103248
0.00100838
0.00095952
0.00087284
0.000731058
0.000512402
0.000189803
-0.000269369
-0.000894767
-0.00170565
-0.00272135
-0.00395218
-0.00536771
-0.00686012
-0.00826303
-0.00932935
-0.0100044
-0.010326
-0.00965301
-0.0085386
-0.00728006
-0.00596197
-0.00471013
-0.00360501
-0.0026572
-0.00185528
-0.00118441
-0.000628875
-0.00017281
0.000198992
0.000499555
0.000739759
0.000929159
0.00107697
0.00120259
0.00126595
0.00130948
0.00130633
0.00124739
0.00115292
0.00102336
0.000856243
0.000642903
0.00037884
5.63393e-05
-0.000333249
-0.000799803
-0.001354
-0.0020067
-0.00276751
-0.00364277
-0.00463302
-0.00572749
-0.00689181
-0.00805069
-0.00907835
-0.00981699
-0.010139
-0.00999978
-0.00947142
-0.0085913
-0.00744433
-0.00614009
-0.00483944
-0.00364626
-0.00261594
-0.001763
-0.00105763
-0.000487277
-4.16329e-05
0.000295212
0.00053967
0.000714334
0.000832736
0.000901908
0.000997426
0.000993564
0.000990503
0.000985701
0.000975838
0.000955078
0.000917543
0.000854955
0.000756276
0.000607478
0.000391511
8.86207e-05
-0.000323069
-0.000864965
-0.00155225
-0.00239044
-0.00337137
-0.00446121
-0.00557975
-0.00662903
-0.00748032
-0.00805508
-0.0082381
-0.00792754
-0.00722568
-0.00629099
-0.00529407
-0.00432501
-0.00342894
-0.00262694
-0.00192609
-0.00132442
-0.000814859
-0.000388261
-3.44437e-05
0.000255604
0.000489644
0.00067654
0.000829164
0.000964613
0.00103035
0.0010852
0.00107915
0.00103126
0.00094988
0.000834103
0.000683544
0.00049163
0.000255037
-3.1701e-05
-0.000374444
-0.000779494
-0.00125297
-0.00180017
-0.00242446
-0.00312565
-0.00389746
-0.00472295
-0.00556727
-0.00637126
-0.0070527
-0.00751971
-0.00769839
-0.00756591
-0.0071385
-0.00647297
-0.00562672
-0.0046893
-0.00375811
-0.00289223
-0.00211852
-0.00144503
-0.000872011
-0.000400182
-2.35565e-05
0.000267026
0.000481842
0.000637467
0.000744399
0.000793026
0.000948347
0.000945637
0.000938628
0.000927691
0.000909647
0.000879186
0.000831114
0.000758406
0.000651915
0.000500458
0.000290878
8.67554e-06
-0.000360844
-0.000831037
-0.00141116
-0.00210184
-0.00289008
-0.00374341
-0.00460451
-0.00540481
-0.00606306
-0.00650194
-0.00664865
-0.00646424
-0.00600522
-0.00537297
-0.00465243
-0.00390765
-0.00318633
-0.00251854
-0.00191821
-0.00138978
-0.000932424
-0.000542194
-0.000213006
6.04974e-05
0.000283202
0.000463244
0.000616411
0.000756944
0.000821348
0.000885611
0.000877196
0.000840298
0.000771672
0.000670167
0.000536995
0.000367112
0.000158334
-9.30173e-05
-0.000390629
-0.000738173
-0.00113864
-0.00159375
-0.00210296
-0.00266227
-0.00326241
-0.00388599
-0.00450359
-0.00507141
-0.00553452
-0.0058381
-0.00594284
-0.00583538
-0.00551777
-0.00502476
-0.00440123
-0.00370647
-0.00300246
-0.00233111
-0.00171584
-0.00117018
-0.000700477
-0.000307766
1.11172e-05
0.000261098
0.000448734
0.000586026
0.000679586
0.000710225
0.000896379
0.000894557
0.000884591
0.000868638
0.000844
0.000806043
0.000750251
0.000670786
0.000560232
0.000409813
0.000209616
-5.08419e-05
-0.000381368
-0.00078966
-0.00127948
-0.00184771
-0.00248068
-0.00315161
-0.00382103
-0.00444024
-0.00494949
-0.00529352
-0.00542844
-0.00533604
-0.00504078
-0.00459548
-0.00405977
-0.00348542
-0.002911
-0.00236255
-0.0018559
-0.00139936
-0.000995992
-0.000645429
-0.000344735
-9.15739e-05
0.000116557
0.000287067
0.00043709
0.000578375
0.000642915
0.000705491
0.000700864
0.00067276
0.000616698
0.000529316
0.000413469
0.000265353
8.37064e-05
-0.000133789
-0.000389191
-0.000684308
-0.00102004
-0.00139592
-0.0018093
-0.00225443
-0.00272123
-0.00319379
-0.00364869
-0.00405446
-0.00437448
-0.00457417
-0.00462979
-0.00453429
-0.0042915
-0.00392118
-0.00345417
-0.00292991
-0.00238837
-0.00186131
-0.00137047
-0.000929052
-0.000543587
-0.00021626
5.36801e-05
0.000268415
0.00043172
0.00055172
0.000631586
0.000648173
0.000842516
0.000841349
0.000829235
0.00080943
0.000779783
0.000736411
0.00067548
0.000592221
0.000480755
0.000334332
0.00014564
-9.26658e-05
-0.000386979
-0.000741427
-0.00115642
-0.0016268
-0.00214003
-0.00267497
-0.00320242
-0.00368774
-0.00408693
-0.00436103
-0.00448083
-0.00443524
-0.00423843
-0.0039226
-0.003526
-0.00308477
-0.00262916
-0.00218207
-0.00175907
-0.00136963
-0.00101886
-0.000708562
-0.000438018
-0.000207089
-1.49934e-05
0.000144777
0.00028863
0.000426418
0.00049004
0.00054859
0.000549136
0.000527749
0.000483016
0.000409024
0.000309843
0.000182624
2.67608e-05
-0.000159113
-0.000375892
-0.000624121
-0.000903365
-0.00121187
-0.00154597
-0.00189944
-0.00226274
-0.00262214
-0.00295928
-0.00325154
-0.00347456
-0.0036064
-0.00363194
-0.00354669
-0.00335396
-0.00306793
-0.0027101
-0.00230743
-0.00188719
-0.00147239
-0.00108016
-0.000721899
-0.000404367
-0.000130826
9.79335e-05
0.000282366
0.000424194
0.000528217
0.000595127
0.000602013
0.000787674
0.000786909
0.000773336
0.000750792
0.000717636
0.000670736
0.000606926
0.000522378
0.000412525
0.000272297
9.64233e-05
-0.000120074
-0.000381143
-0.000688666
-0.00104132
-0.00143336
-0.0018535
-0.00228421
-0.00270188
-0.00308659
-0.00340221
-0.00362233
-0.00372752
-0.00371047
-0.00357889
-0.0033522
-0.00305582
-0.0027158
-0.00235531
-0.00199303
-0.00164277
-0.00131394
-0.0010125
-0.000741303
-0.000501059
-0.000292917
-0.000117049
3.18402e-05
0.000167688
0.000298582
0.000360863
0.000413439
0.000419675
0.000403015
0.000367963
0.000306414
0.000223008
0.000115526
-1.62362e-05
-0.000173067
-0.000355061
-0.000561951
-0.000792498
-0.00104427
-0.00131326
-0.00159343
-0.00187628
-0.00215051
-0.00240197
-0.00261426
-0.00277066
-0.00285685
-0.00286308
-0.00278849
-0.00263387
-0.0024094
-0.00213061
-0.00181628
-0.0014856
-0.00115546
-0.000839178
-0.000546417
-0.000283543
-5.4202e-05
0.000139978
0.000298441
0.000421421
0.00051102
0.000566418
0.000567161
0.000732675
0.000732074
0.000717623
0.000693339
0.00065802
0.000609237
0.000544454
0.000460652
0.000354354
0.000221844
5.9447e-05
-0.00013607
-0.000366905
-0.000633478
-0.000933577
-0.00126153
-0.00160757
-0.00195752
-0.00229342
-0.00260015
-0.00285201
-0.00303043
-0.00312187
-0.00312109
-0.00303243
-0.00286829
-0.00264576
-0.00238331
-0.0020984
-0.00180596
-0.00151782
-0.00124257
-0.000986273
-0.000752045
-0.000541458
-0.000356007
-0.000196021
-5.76423e-05
6.91073e-05
0.000190993
0.000251425
0.000298191
0.000308322
0.000294897
0.000268162
0.000218383
0.000150005
6.10946e-05
-4.83293e-05
-0.000178776
-0.000329807
-0.000500651
-0.000689618
-0.000893997
-0.00110979
-0.00133146
-0.00155172
-0.00176142
-0.00194975
-0.00210479
-0.00221484
-0.00227008
-0.00226299
-0.0021994
-0.00207396
-0.00189531
-0.00167486
-0.00142597
-0.00116242
-0.000896799
-0.000639592
-0.000398837
-0.000180232
1.25957e-05
0.000177658
0.000313828
0.000420276
0.000497103
0.000542704
0.000539824
0.000678231
0.000677603
0.000662749
0.00063758
0.000601256
0.000551976
0.000487768
0.000406299
0.000304979
0.000181164
3.2394e-05
-0.000143279
-0.000346844
-0.000577779
-0.000833467
-0.00110868
-0.0013953
-0.00168244
-0.00195752
-0.00220198
-0.00240424
-0.00254989
-0.00262902
-0.00263763
-0.00257818
-0.00245867
-0.00229075
-0.00208767
-0.00186257
-0.00162725
-0.00139153
-0.00116298
-0.000947346
-0.000747585
-0.000565775
-0.000402863
-0.000258726
-0.000130989
-1.41236e-05
9.60819e-05
0.000159198
0.000198171
0.000209769
0.000198917
0.000180013
0.000141994
8.83172e-05
1.69681e-05
-7.18316e-05
-0.000178501
-0.00030223
-0.000441932
-0.000595681
-0.000760701
-0.000933209
-0.00110828
-0.00127979
-0.00144041
-0.00158188
-0.00169552
-0.00177306
-0.00180825
-0.00179837
-0.00173895
-0.00163455
-0.00148997
-0.00131309
-0.00111343
-0.000901051
-0.000685416
-0.000474743
-0.000275659
-9.31418e-05
6.94019e-05
0.000209887
0.00032689
0.000418863
0.000484549
0.000522045
0.000517237
0.00062495
0.00062416
0.00060928
0.000583932
0.00054756
0.000498903
0.000436481
0.000358529
0.000263163
0.000148571
1.32048e-05
-0.000143965
-0.000323113
-0.000523162
-0.000741391
-0.000973126
-0.00121161
-0.00144819
-0.00167275
-0.00187169
-0.00203619
-0.00215623
-0.0022247
-0.00223856
-0.00219916
-0.0021118
-0.00198457
-0.00182708
-0.00164923
-0.00146032
-0.00126846
-0.0010802
-0.000900791
-0.000732929
-0.000579051
-0.000438837
-0.0003117
-0.000196523
-9.00638e-05
9.66121e-06
6.73986e-05
0.000102706
0.000116898
0.000110744
0.000100551
7.50422e-05
3.61895e-05
-1.84561e-05
-8.83124e-05
-0.000173742
-0.00027364
-0.000386683
-0.00051083
-0.000643354
-0.000780764
-0.00091876
-0.00105222
-0.00117532
-0.00128172
-0.00136503
-0.00141936
-0.00144041
-0.00142597
-0.00137366
-0.00128637
-0.00116796
-0.00102424
-0.000862218
-0.000689335
-0.000512807
-0.000339097
-0.000173632
-2.06877e-05
0.000116645
0.000236335
0.000336833
0.000416172
0.000472256
0.000503169
0.000497539
0.000573328
0.000572311
0.000557692
0.000532719
0.000497063
0.000449901
0.000390166
0.000316556
0.000227746
0.000122556
1.03875e-07
-0.000139999
-0.0002974
-0.000470729
-0.000657339
-0.000853114
-0.00105243
-0.00124833
-0.00143289
-0.00159625
-0.00173145
-0.0018313
-0.00189066
-0.00190719
-0.00188169
-0.00181771
-0.00172098
-0.00159856
-0.00145799
-0.00130663
-0.00115118
-0.000997315
-0.000849817
-0.000711282
-0.000584481
-0.000467601
-0.000360736
-0.0002637
-0.000168959
-7.80368e-05
-2.88438e-05
4.15098e-07
2.18635e-05
2.71114e-05
2.81932e-05
1.64913e-05
-7.18514e-06
-4.59813e-05
-9.86617e-05
-0.000165382
-0.000244756
-0.000335234
-0.000434711
-0.00054056
-0.000649607
-0.000758124
-0.000861861
-0.000956151
-0.00103612
-0.00109701
-0.00113458
-0.00114573
-0.00112876
-0.00108233
-0.00100862
-0.000910586
-0.000792539
-0.0006597
-0.000517692
-0.000372069
-0.000227947
-8.9768e-05
3.88332e-05
0.000155111
0.000257166
0.000343444
0.000411788
0.000459667
0.000485291
0.00047953
0.000523765
0.000522509
0.000508365
0.000484191
0.000449829
0.000404806
0.000348388
0.000279645
0.000197687
0.000101807
-8.40169e-06
-0.000132895
-0.000271001
-0.000421228
-0.000581097
-0.000747033
-0.000914366
-0.00107751
-0.00123024
-0.00136549
-0.0014776
-0.00156134
-0.00161292
-0.00163057
-0.00161473
-0.00156786
-0.00149411
-0.00139871
-0.0012875
-0.00116633
-0.00104081
-0.000915958
-0.000796139
-0.000684238
-0.00058339
-0.000490997
-0.000410019
-0.000341119
-0.000262484
-0.000173555
-0.000137812
-0.000119406
-8.17063e-05
-5.41157e-05
-3.69744e-05
-3.32405e-05
-4.16084e-05
-6.56865e-05
-0.000103237
-0.000153883
-0.000215933
-0.000287592
-0.000366719
-0.000450813
-0.000537015
-0.00062211
-0.00070257
-0.000774656
-0.000834578
-0.000878741
-0.000904025
-0.00090816
-0.000889933
-0.000848664
-0.000785889
-0.000703905
-0.000605982
-0.000496073
-0.000378477
-0.000257517
-0.000137267
-2.13673e-05
8.71081e-05
0.00018575
0.000272826
0.000346851
0.000405656
0.000446558
0.000467942
0.00046245
0.000476574
0.000475103
0.000461585
0.000438519
0.000405872
0.000363432
0.00031073
0.000247132
0.000172081
8.52159e-05
-1.35372e-05
-0.000123858
-0.000244899
-0.00037516
-0.000512381
-0.000653484
-0.000794602
-0.000931228
-0.00105849
-0.00117128
-0.00126501
-0.00133574
-0.00138068
-0.00139846
-0.00138934
-0.00135508
-0.00129868
-0.00122414
-0.00113596
-0.00103889
-0.000937651
-0.000836754
-0.000740306
-0.000651858
-0.00057512
-0.000508439
-0.000459989
-0.000430767
-0.000372605
-0.000277172
-0.000260506
-0.000257968
-0.000194284
-0.000131751
-9.2129e-05
-7.1774e-05
-6.58395e-05
-7.713e-05
-0.000102109
-0.000139523
-0.000187375
-0.000243638
-0.000306179
-0.000372655
-0.000440515
-0.000507007
-0.000569203
-0.000624096
-0.000668721
-0.000700329
-0.000716586
-0.00071582
-0.000697195
-0.000660379
-0.000606486
-0.000537308
-0.000455358
-0.000363671
-0.000265578
-0.000164476
-6.36307e-05
3.39708e-05
0.000125733
0.00020956
0.000283894
0.000347366
0.000397913
0.000432888
0.000450859
0.000445838
0.000431982
0.000430338
0.000417554
0.000395807
0.000365156
0.000325579
0.000276807
0.000218438
0.000150165
7.18775e-05
-1.62777e-05
-0.000113812
-0.000219804
-0.000332814
-0.000450822
-0.000571198
-0.00069074
-0.000805779
-0.000912371
-0.0010072
-0.00108612
-0.00114624
-0.00118548
-0.0012028
-0.00119836
-0.00117339
-0.00113016
-0.00107169
-0.00100152
-0.000923498
-0.000841585
-0.00075986
-0.000682183
-0.000612831
-0.000556518
-0.000514319
-0.000501522
-0.000522662
-0.000487707
-0.000374626
-0.000381923
-0.000399308
-0.000302231
-0.000193862
-0.000129913
-9.49427e-05
-7.80967e-05
-7.99089e-05
-9.54939e-05
-0.000122704
-0.00015935
-0.000203289
-0.000252474
-0.000304771
-0.000357944
-0.000409655
-0.000457486
-0.000499011
-0.000531899
-0.000554034
-0.000563651
-0.000559505
-0.000541025
-0.000508065
-0.000461462
-0.000402623
-0.000333498
-0.000256451
-0.000174092
-8.9115e-05
-4.15452e-06
7.83308e-05
0.000156153
0.000227496
0.000290977
0.000345363
0.00038877
0.000418707
0.000433907
0.000429433
0.000390136
0.000388371
0.000376389
0.000356097
0.00032761
0.000291041
0.000246268
0.000193066
0.000131312
6.10694e-05
-1.73712e-05
-0.000103432
-0.000196183
-0.000294287
-0.000395965
-0.00049899
-0.000600729
-0.000698187
-0.000787906
-0.000868194
-0.000934957
-0.000986295
-0.00102064
-0.00103718
-0.00103596
-0.0010179
-0.000984683
-0.000938619
-0.000882497
-0.000819376
-0.000752556
-0.000685584
-0.000621912
-0.000566047
-0.000523722
-0.00049785
-0.000510141
-0.000585719
-0.000564743
-0.000437099
-0.00045291
-0.000501427
-0.000366312
-0.000217092
-0.000141341
-9.95904e-05
-7.77348e-05
-7.45777e-05
-8.4257e-05
-0.000104208
-0.000132333
-0.00016658
-0.0002051
-0.000246031
-0.000287451
-0.000327404
-0.000363901
-0.000394992
-0.000418834
-0.000433791
-0.000438517
-0.000432076
-0.000414064
-0.000384459
-0.000343904
-0.000293504
-0.000234792
-0.00016963
-0.000100083
-2.83079e-05
4.35575e-05
0.000113484
0.000179628
0.000240421
0.000294645
0.000341211
0.000378451
0.000404094
0.000417019
0.000413091
0.000351115
0.000349279
0.000338139
0.000319371
0.000293128
0.000259607
0.000218792
0.000170589
0.000115007
5.22279e-05
-1.73745e-05
-9.31851e-05
-0.000174306
-0.000259521
-0.000347281
-0.000435721
-0.000522728
-0.000606107
-0.000683996
-0.000750374
-0.000806719
-0.000850702
-0.000880849
-0.000896437
-0.000897446
-0.000884538
-0.000858981
-0.000822537
-0.000777378
-0.000725906
-0.000670763
-0.000614837
-0.000560893
-0.000512849
-0.000476744
-0.000454016
-0.000472837
-0.000569599
-0.000545714
-0.000421247
-0.000429441
-0.000486838
-0.000350987
-0.000194747
-0.000123791
-8.71883e-05
-6.71208e-05
-6.3345e-05
-7.01514e-05
-8.52561e-05
-0.000106999
-0.000133649
-0.000163655
-0.00019546
-0.000227457
-0.000258029
-0.000285555
-0.000308468
-0.000325304
-0.000334791
-0.00033591
-0.000327949
-0.000310594
-0.000283927
-0.000248441
-0.000205006
-0.00015484
-9.94205e-05
-4.0401e-05
2.04792e-05
8.1476e-05
0.00014091
0.000197228
0.00024908
0.000295398
0.000335237
0.000367152
0.000389121
0.000400154
0.000396734
0.000314937
0.000313076
0.000302793
0.000285569
0.000261577
0.000231064
0.000194086
0.000150641
0.000100833
4.49146e-05
-1.66953e-05
-8.338e-05
-0.000154296
-0.00022835
-0.0003042
-0.000380269
-0.000454801
-0.000525965
-0.000591955
-0.000649026
-0.000697289
-0.000735267
-0.000761842
-0.000776425
-0.000778962
-0.000769929
-0.000750279
-0.000721352
-0.000684823
-0.000642546
-0.000596561
-0.000549047
-0.000501956
-0.000458062
-0.000422346
-0.000390738
-0.000396139
-0.000467679
-0.000442008
-0.000325428
-0.000305608
-0.000365373
-0.000254836
-0.000136746
-8.67427e-05
-6.52231e-05
-5.18499e-05
-4.9848e-05
-5.5474e-05
-6.72236e-05
-8.40435e-05
-0.000104637
-0.000127778
-0.00015221
-0.000176612
-0.000199668
-0.000220062
-0.000236535
-0.000247922
-0.000253219
-0.000251645
-0.000242643
-0.000226184
-0.000202125
-0.000170918
-0.000133282
-9.01912e-05
-4.28319e-05
7.46474e-06
5.9287e-05
0.000111205
0.000161826
0.000209843
0.000254096
0.000293656
0.000327708
0.000355025
0.000373843
0.000383283
0.000380315
0.000281565
0.000279721
0.00027029
0.000254592
0.000232805
0.0002052
0.00017188
0.000132908
8.84463e-05
3.87895e-05
-1.56275e-05
-7.4208e-05
-0.000136174
-0.000200553
-0.000266183
-0.000331722
-0.000395682
-0.000456471
-0.000512495
-0.000561867
-0.000603597
-0.000636641
-0.000660183
-0.000673769
-0.000677341
-0.000671245
-0.000656194
-0.000633204
-0.000603559
-0.000568678
-0.000530103
-0.000489426
-0.000447922
-0.000407135
-0.000369531
-0.000331053
-0.000307602
-0.000311542
-0.000271897
-0.000154438
-0.000110283
-0.000165852
-0.000128696
-7.54535e-05
-5.42524e-05
-4.4964e-05
-3.80289e-05
-3.75389e-05
-4.21655e-05
-5.11712e-05
-6.39478e-05
-7.95704e-05
-9.70935e-05
-0.000115512
-0.000133757
-0.000150759
-0.000165457
-0.000176839
-0.000183984
-0.000186088
-0.000182551
-0.000173039
-0.000157408
-0.000135632
-0.000108071
-7.53087e-05
-3.8132e-05
2.50219e-06
4.55147e-05
8.97537e-05
0.000134043
0.000177226
0.000218203
0.000255983
0.000289758
0.000318834
0.000342184
0.000358289
0.000366376
0.000363799
0.000250924
0.000249131
0.000240533
0.000226313
0.000206647
0.00018181
0.000151932
0.000117117
7.75657e-05
3.35903e-05
-1.43785e-05
-6.57772e-05
-0.000119897
-0.000175879
-0.000232718
-0.000289278
-0.000344314
-0.000396484
-0.000444474
-0.000487098
-0.000523276
-0.000552152
-0.000573084
-0.000585708
-0.000589967
-0.000586111
-0.000574672
-0.000556424
-0.000532345
-0.000503525
-0.000471127
-0.000436334
-0.000400049
-0.000363214
-0.000327099
-0.000288586
-0.000250641
-0.000212933
-0.000150407
-5.69302e-05
-3.40428e-05
-5.93434e-05
-6.16171e-05
-4.68919e-05
-3.87198e-05
-3.26957e-05
-2.83304e-05
-2.793e-05
-3.1134e-05
-3.75855e-05
-4.6872e-05
-5.83137e-05
-7.1176e-05
-8.46508e-05
-9.78753e-05
-0.000109984
-0.00012012
-0.000127471
-0.000131305
-0.000130994
-0.000126069
-0.000116279
-0.000101495
-8.17545e-05
-5.73338e-05
-2.87084e-05
3.48198e-06
3.84598e-05
7.53456e-05
0.000113196
0.000151041
0.000187919
0.000222906
0.000255158
0.000283979
0.000308777
0.000328705
0.000342471
0.000349399
0.000347157
0.000222909
0.000221194
0.000213396
0.000200588
0.000182932
0.000160694
0.000134017
0.000103034
6.79625e-05
2.91163e-05
-1.30909e-05
-5.81367e-05
-0.000105382
-0.00015407
-0.000203332
-0.000252203
-0.000299652
-0.000344609
-0.000385994
-0.000422847
-0.000454289
-0.000479603
-0.000498263
-0.000509969
-0.000514663
-0.000512522
-0.000503943
-0.000489515
-0.000469984
-0.000446192
-0.000419026
-0.000389384
-0.000357971
-0.00032548
-0.000292602
-0.000258302
-0.00022337
-0.000184798
-0.000134411
-7.23688e-05
-5.65563e-05
-5.65185e-05
-5.33688e-05
-4.16742e-05
-3.28837e-05
-2.64072e-05
-2.22131e-05
-2.09469e-05
-2.24529e-05
-2.64844e-05
-3.27068e-05
-4.05939e-05
-4.95616e-05
-5.89547e-05
-6.80756e-05
-7.62209e-05
-8.26994e-05
-8.68584e-05
-8.8112e-05
-8.59715e-05
-8.00813e-05
-7.02364e-05
-5.6306e-05
-3.83813e-05
-1.66833e-05
8.4027e-06
3.63556e-05
6.65411e-05
9.824e-05
0.000130677
0.000163052
0.000194566
0.000224443
0.000251968
0.000276542
0.000297666
0.000314645
0.000326392
0.000332323
0.000330364
0.000197393
0.000195773
0.000188739
0.000177261
0.000161485
0.000141661
0.000117937
9.04596e-05
5.94507e-05
2.52159e-05
-1.18571e-05
-5.12914e-05
-9.25169e-05
-0.000134871
-0.000177604
-0.000219901
-0.000260905
-0.000299743
-0.000335524
-0.00036749
-0.000394892
-0.000417147
-0.000433822
-0.000444663
-0.000449606
-0.000448775
-0.000442467
-0.000431132
-0.000415342
-0.00039575
-0.000373042
-0.000347908
-0.000320917
-0.000292586
-0.000263338
-0.000232866
-0.000201333
-0.000166967
-0.000129513
-8.77773e-05
-6.96769e-05
-5.85931e-05
-4.98159e-05
-3.9148e-05
-3.02106e-05
-2.33163e-05
-1.85164e-05
-1.6059e-05
-1.58328e-05
-1.76386e-05
-2.11877e-05
-2.60588e-05
-3.17754e-05
-3.78024e-05
-4.35725e-05
-4.85137e-05
-5.2067e-05
-5.37071e-05
-5.29676e-05
-4.94613e-05
-4.29104e-05
-3.3156e-05
-2.00978e-05
-3.81615e-06
1.54995e-05
3.75331e-05
6.18585e-05
8.79572e-05
0.00011524
0.000143069
0.000170782
0.000197717
0.000223225
0.000246702
0.000267636
0.000285606
0.000300046
0.000310051
0.000315123
0.000313405
0.000174235
0.000172723
0.000166407
0.00015617
0.000142135
0.000124534
0.000103513
7.92217e-05
5.18802e-05
2.17769e-05
-1.07308e-05
-4.52126e-05
-8.11641e-05
-0.000118008
-0.000155104
-0.00019176
-0.000227256
-0.000260873
-0.000291898
-0.00031968
-0.000343621
-0.000363234
-0.000378161
-0.000388184
-0.000393237
-0.000393403
-0.000388903
-0.000380082
-0.00036738
-0.000351305
-0.000332396
-0.000311191
-0.000288165
-0.000263737
-0.000238237
-0.000211632
-0.000184387
-0.000155119
-0.000125478
-9.44553e-05
-7.69418e-05
-6.21163e-05
-5.04377e-05
-3.92479e-05
-2.97252e-05
-2.21326e-05
-1.64312e-05
-1.27226e-05
-1.08827e-05
-1.07231e-05
-1.19866e-05
-1.43278e-05
-1.73525e-05
-2.06223e-05
-2.36732e-05
-2.60387e-05
-2.72683e-05
-2.69399e-05
-2.46796e-05
-2.01769e-05
-1.32102e-05
-3.66856e-06
8.52755e-06
2.33128e-05
4.05266e-05
5.9908e-05
8.11077e-05
0.000103701
0.000127204
0.000151093
0.000174821
0.000197839
0.000219605
0.000239613
0.000257425
0.00027269
0.000284949
0.000293452
0.000297784
0.000296273
0.000153286
0.000151888
0.000146242
0.000137151
0.000124715
0.000109146
9.05826e-05
6.91744e-05
4.51304e-05
1.87184e-05
-9.73653e-06
-3.98503e-05
-7.11792e-05
-0.000103223
-0.000135434
-0.000167228
-0.000198001
-0.000227148
-0.000254083
-0.000278281
-0.000299241
-0.000316561
-0.00032994
-0.000339192
-0.000344251
-0.000345168
-0.000342105
-0.000335327
-0.000325174
-0.000312045
-0.000296362
-0.000278556
-0.000259024
-0.000238123
-0.000216153
-0.00019328
-0.000169797
-0.000144755
-0.000120717
-9.61176e-05
-7.94978e-05
-6.40285e-05
-5.11795e-05
-3.97731e-05
-2.99262e-05
-2.17522e-05
-1.52521e-05
-1.04466e-05
-7.22246e-06
-5.40561e-06
-4.7701e-06
-5.03007e-06
-5.85913e-06
-6.89711e-06
-7.76513e-06
-8.0834e-06
-7.48865e-06
-5.64344e-06
-2.24666e-06
2.95146e-06
1.0135e-05
1.93645e-05
3.07147e-05
4.41308e-05
5.94774e-05
7.65393e-05
9.50296e-05
0.000114601
0.000134856
0.000155365
0.000175677
0.000195336
0.000213894
0.000230926
0.000246064
0.000259012
0.000269399
0.00027661
0.000280306
0.000278975
0.000134393
0.000133113
0.000128086
0.000120045
0.000109068
9.53447e-05
7.90056e-05
6.01939e-05
3.91052e-05
1.59842e-05
-8.8772e-06
-3.51388e-05
-6.24126e-05
-9.02669e-05
-0.000118233
-0.000145818
-0.000172511
-0.000197808
-0.000221225
-0.000242335
-0.000260718
-0.000276037
-0.00028804
-0.000296566
-0.000301549
-0.000303018
-0.00030109
-0.000295968
-0.000287917
-0.000277247
-0.000264295
-0.000249404
-0.000232909
-0.000215113
-0.000196289
-0.000176655
-0.000156402
-0.000135497
-0.000115652
-9.45816e-05
-7.92088e-05
-6.44531e-05
-5.15638e-05
-4.01468e-05
-3.01609e-05
-2.16296e-05
-1.45389e-05
-8.87601e-06
-4.54408e-06
-1.3936e-06
7.68026e-07
2.17742e-06
3.10325e-06
3.83881e-06
4.69207e-06
5.97204e-06
7.97103e-06
1.09605e-05
1.51788e-05
2.08276e-05
2.80724e-05
3.68967e-05
4.74201e-05
5.95784e-05
7.32567e-05
8.82779e-05
0.000104408
0.000121362
0.000138816
0.000156416
0.000173791
0.000190568
0.000206373
0.000220854
0.000233699
0.000244664
0.000253449
0.000259551
0.000262701
0.000261529
0.000117402
0.00011624
0.000111782
0.000104698
9.50453e-05
8.29903e-05
6.86555e-05
5.21749e-05
3.37283e-05
1.35365e-05
-8.14085e-06
-3.10045e-05
-5.47171e-05
-7.89071e-05
-0.000103175
-0.000127102
-0.000150262
-0.000172234
-0.000192613
-0.000211044
-0.000227177
-0.000240735
-0.000251503
-0.000259342
-0.000264186
-0.000266047
-0.000265009
-0.000261227
-0.000254905
-0.000246283
-0.000235632
-0.000223227
-0.000209348
-0.000194249
-0.00017818
-0.000161363
-0.000144006
-0.000126367
-0.000109122
-9.16373e-05
-7.71987e-05
-6.34921e-05
-5.1131e-05
-4.00317e-05
-3.01504e-05
-2.14912e-05
-1.40389e-05
-7.77412e-06
-2.61719e-06
1.55265e-06
4.89346e-06
7.59939e-06
9.88879e-06
1.19984e-05
1.41777e-05
1.66747e-05
1.97241e-05
2.35416e-05
2.83149e-05
3.41907e-05
4.12463e-05
4.972e-05
5.94577e-05
7.04575e-05
8.26362e-05
9.58524e-05
0.000109916
0.000124594
0.000139624
0.000154714
0.000169563
0.000183861
0.000197302
0.000209593
0.000220476
0.000229746
0.000237161
0.000242313
0.000244996
0.000243966
0.000102162
0.000101115
9.71782e-05
9.09618e-05
8.25054e-05
7.19541e-05
5.94201e-05
4.50275e-05
2.89389e-05
1.13515e-05
-7.50534e-06
-2.73702e-05
-4.79513e-05
-6.89302e-05
-8.99673e-05
-0.000110709
-0.000130795
-0.000149877
-0.00016761
-0.0001837
-0.000197863
-0.000209863
-0.000219519
-0.000226706
-0.000231362
-0.000233487
-0.00023314
-0.000230435
-0.00022553
-0.000218613
-0.000209896
-0.000199601
-0.00018796
-0.000175185
-0.000161498
-0.000147112
-0.000132235
-0.000117129
-0.000102154
-8.73171e-05
-7.40728e-05
-6.14891e-05
-4.99153e-05
-3.9351e-05
-2.97798e-05
-2.12036e-05
-1.36117e-05
-6.988e-06
-1.27413e-06
3.62445e-06
7.83281e-06
1.15052e-05
1.48153e-05
1.79523e-05
2.1116e-05
2.4505e-05
2.83071e-05
3.26924e-05
3.78095e-05
4.37787e-05
5.06799e-05
5.86114e-05
6.75489e-05
7.74643e-05
8.8285e-05
9.98956e-05
0.000112141
0.000124834
0.000137759
0.00015068
0.000163349
0.000175513
0.000186923
0.000197336
0.000206538
0.000214359
0.000220605
0.000224945
0.00022723
0.000226327
8.85221e-05
8.75882e-05
8.41262e-05
7.86953e-05
7.13168e-05
6.21171e-05
5.11982e-05
3.8673e-05
2.46871e-05
9.41491e-06
-6.94262e-06
-2.41584e-05
-4.19813e-05
-6.01393e-05
-7.83436e-05
-9.62955e-05
-0.000113693
-0.000130244
-0.000145668
-0.000159714
-0.000172142
-0.000182756
-0.0001914
-0.000197967
-0.000202399
-0.000204686
-0.000204866
-0.000203023
-0.000199276
-0.000193773
-0.000186679
-0.00017817
-0.000168437
-0.00015766
-0.000146027
-0.000133738
-0.000120986
-0.000107985
-9.4992e-05
-8.22028e-05
-7.01719e-05
-5.87667e-05
-4.80946e-05
-3.81883e-05
-2.90657e-05
-2.07354e-05
-1.31918e-05
-6.42273e-06
-3.89273e-07
4.97981e-06
9.78096e-06
1.41311e-05
1.81652e-05
2.20334e-05
2.58919e-05
2.98965e-05
3.41966e-05
3.89286e-05
4.42091e-05
5.01314e-05
5.67605e-05
6.41448e-05
7.23003e-05
8.12012e-05
9.07865e-05
0.000100962
0.000111603
0.000122556
0.000133648
0.000144688
0.000155474
0.0001658
0.000175462
0.000184263
0.000192026
0.000198609
0.000203858
0.000207504
0.000209449
0.000208662
7.63394e-05
7.55138e-05
7.24847e-05
6.77631e-05
6.13544e-05
5.33683e-05
4.38968e-05
3.3041e-05
2.09302e-05
7.71713e-06
-6.42341e-06
-2.12955e-05
-3.66838e-05
-5.23567e-05
-6.80692e-05
-8.35703e-05
-9.86096e-05
-0.000112943
-0.000126334
-0.000138573
-0.000149461
-0.000158831
-0.000166555
-0.000172534
-0.000176714
-0.000179081
-0.000179657
-0.0001785
-0.0001757
-0.000171368
-0.000165633
-0.000158636
-0.000150534
-0.000141473
-0.000131615
-0.000121142
-0.000110217
-9.90179e-05
-8.77512e-05
-7.66065e-05
-6.58651e-05
-5.55791e-05
-4.58255e-05
-3.66457e-05
-2.80678e-05
-2.01051e-05
-1.27604e-05
-6.02381e-06
1.2905e-07
5.74752e-06
1.09031e-05
1.56827e-05
2.01874e-05
2.45328e-05
2.88397e-05
3.32276e-05
3.78136e-05
4.27062e-05
4.79981e-05
5.37625e-05
6.00257e-05
6.6848e-05
7.42437e-05
8.21948e-05
9.0652e-05
9.95395e-05
0.000108757
0.000118181
0.000127672
0.000137077
0.000146232
0.000154972
0.000163129
0.000170545
0.000177073
0.000182599
0.000186997
0.000190051
0.000191706
0.000191022
6.54744e-05
6.47527e-05
6.21174e-05
5.80362e-05
5.24997e-05
4.56032e-05
3.74287e-05
2.80662e-05
1.76289e-05
6.24963e-06
-5.92074e-06
-1.87142e-05
-3.19476e-05
-4.54245e-05
-5.89389e-05
-7.22799e-05
-8.52391e-05
-9.76124e-05
-0.000109204
-0.000119839
-0.000129352
-0.000137603
-0.00014448
-0.0001499
-0.000153811
-0.000156193
-0.000157057
-0.000156444
-0.000154417
-0.000151056
-0.000146462
-0.00014075
-0.000134043
-0.00012646
-0.000118142
-0.000109247
-9.99101e-05
-9.02793e-05
-8.05262e-05
-7.07965e-05
-6.12869e-05
-5.20782e-05
-4.32412e-05
-3.48214e-05
-2.68512e-05
-1.93477e-05
-1.23187e-05
-5.75891e-06
3.46482e-07
6.02876e-06
1.13374e-05
1.63359e-05
2.1097e-05
2.57041e-05
3.02493e-05
3.48247e-05
3.952e-05
4.44188e-05
4.95984e-05
5.51203e-05
6.09531e-05
6.71876e-05
7.38451e-05
8.09058e-05
8.83294e-05
9.60556e-05
0.000104005
0.00011208
0.000120169
0.000128148
0.000135888
0.000143254
0.000150113
0.000156336
0.000161805
0.000166426
0.000170097
0.000172645
0.000174053
0.000173461
5.57932e-05
5.51708e-05
5.28938e-05
4.93912e-05
4.46396e-05
3.87222e-05
3.17116e-05
2.36865e-05
1.47454e-05
5.00271e-06
-5.41253e-06
-1.63574e-05
-2.76768e-05
-3.92049e-05
-5.077e-05
-6.21976e-05
-7.33122e-05
-8.39468e-05
-9.39392e-05
-0.000103143
-0.00011142
-0.000118656
-0.000124753
-0.000129639
-0.000133267
-0.000135614
-0.000136681
-0.000136493
-0.000135094
-0.000132541
-0.000128911
-0.000124291
-0.000118783
-0.000112482
-0.000105507
-9.79943e-05
-9.00529e-05
-8.18058e-05
-7.33944e-05
-6.49331e-05
-5.65701e-05
-4.83876e-05
-4.04514e-05
-3.28046e-05
-2.54816e-05
-1.85026e-05
-1.18781e-05
-5.60879e-06
3.13754e-07
5.90759e-06
1.12038e-05
1.62453e-05
2.10833e-05
2.57759e-05
3.03895e-05
3.49902e-05
3.96438e-05
4.44161e-05
4.93758e-05
5.46352e-05
5.993e-05
6.55707e-05
7.15136e-05
7.77369e-05
8.4209e-05
9.08835e-05
9.76984e-05
0.000104577
0.000111432
0.000118165
0.000124672
0.000130848
0.000136584
0.000141778
0.000146334
0.000150179
0.000153229
0.000155343
0.000156537
0.000156026
4.7167e-05
4.66393e-05
4.46884e-05
4.17096e-05
3.76655e-05
3.26297e-05
2.66657e-05
1.98416e-05
1.22419e-05
3.96418e-06
-4.8821e-06
-1.41766e-05
-2.37887e-05
-3.35799e-05
-4.34082e-05
-5.31301e-05
-6.26029e-05
-7.16854e-05
-8.02433e-05
-8.81603e-05
-9.53224e-05
-0.00010163
-0.000107004
-0.000111382
-0.00011472
-0.000116994
-0.000118199
-0.000118343
-0.000117453
-0.000115572
-0.000112757
-0.000109074
-0.000104602
-9.94206e-05
-9.36274e-05
-8.73345e-05
-8.06307e-05
-7.36192e-05
-6.6412e-05
-5.91024e-05
-5.18068e-05
-4.46002e-05
-3.75401e-05
-3.06677e-05
-2.40166e-05
-1.76082e-05
-1.14556e-05
-5.56423e-06
6.89244e-08
5.45215e-06
1.06023e-05
1.55449e-05
2.03135e-05
2.49467e-05
2.94876e-05
3.39799e-05
3.84669e-05
4.29928e-05
4.75832e-05
5.22028e-05
5.72344e-05
6.23371e-05
6.75993e-05
7.30342e-05
7.86266e-05
8.43436e-05
9.01387e-05
9.59529e-05
0.000101717
0.000107355
0.000112786
0.000117924
0.000122686
0.00012699
0.000130759
0.000133935
0.000136452
0.000138191
0.000139201
0.000138758
3.94717e-05
3.90342e-05
3.73806e-05
3.48773e-05
3.14725e-05
2.7233e-05
2.22134e-05
1.64715e-05
1.00789e-05
3.11792e-06
-4.31978e-06
-1.21335e-05
-2.02142e-05
-2.8449e-05
-3.67221e-05
-4.49154e-05
-5.29114e-05
-6.05969e-05
-6.7865e-05
-7.46177e-05
-8.07615e-05
-8.62179e-05
-9.09196e-05
-9.48134e-05
-9.78601e-05
-0.000100033
-0.00010132
-0.000101719
-0.000101245
-9.99286e-05
-9.78093e-05
-9.49361e-05
-9.13702e-05
-8.71737e-05
-8.24272e-05
-7.72216e-05
-7.16271e-05
-6.57297e-05
-5.96165e-05
-5.33641e-05
-4.70665e-05
-4.0787e-05
-3.45771e-05
-2.84733e-05
-2.25076e-05
-1.67018e-05
-1.1071e-05
-5.62371e-06
-3.62815e-07
4.71304e-06
9.60972e-06
1.43395e-05
1.89209e-05
2.3376e-05
2.77281e-05
3.20034e-05
3.62333e-05
4.04478e-05
4.46747e-05
4.89393e-05
5.33423e-05
5.78284e-05
6.24105e-05
6.7093e-05
7.1866e-05
7.67065e-05
8.15797e-05
8.64409e-05
9.12373e-05
9.59097e-05
0.000100395
0.000104627
0.00010854
0.00011207
0.000115157
0.000117755
0.000119812
0.000121227
0.000122076
0.00012169
3.25875e-05
3.2236e-05
3.08542e-05
2.87839e-05
2.5959e-05
2.24417e-05
1.82778e-05
1.35156e-05
8.21463e-06
2.44311e-06
-3.72309e-06
-1.02005e-05
-1.69011e-05
-2.37347e-05
-3.06062e-05
-3.74198e-05
-4.40816e-05
-5.0501e-05
-5.65929e-05
-6.22806e-05
-6.74903e-05
-7.21588e-05
-7.62311e-05
-7.96617e-05
-8.24151e-05
-8.44654e-05
-8.57917e-05
-8.63862e-05
-8.62561e-05
-8.54178e-05
-8.38972e-05
-8.17291e-05
-7.89604e-05
-7.56384e-05
-7.18275e-05
-6.75987e-05
-6.30076e-05
-5.81238e-05
-5.30144e-05
-4.77432e-05
-4.23836e-05
-3.69888e-05
-3.16037e-05
-2.62602e-05
-2.09878e-05
-1.58076e-05
-1.07362e-05
-5.78475e-06
-9.61235e-07
3.73072e-06
8.28869e-06
1.27141e-05
1.7013e-05
2.11942e-05
2.52664e-05
2.92408e-05
3.3136e-05
3.69734e-05
4.07801e-05
4.45777e-05
4.84088e-05
5.22764e-05
5.61904e-05
6.01538e-05
6.41604e-05
6.81941e-05
7.22296e-05
7.62336e-05
8.01661e-05
8.39823e-05
8.76334e-05
9.10693e-05
9.42393e-05
9.70939e-05
9.95867e-05
0.000101683
0.000103342
0.000104473
0.00010518
0.000104839
2.63987e-05
2.6129e-05
2.49966e-05
2.33225e-05
2.10262e-05
1.81672e-05
1.47829e-05
1.09125e-05
6.60455e-06
1.91427e-06
-3.09685e-06
-8.36165e-06
-1.38104e-05
-1.93705e-05
-2.49673e-05
-3.05249e-05
-3.597e-05
-4.12311e-05
-4.62435e-05
-5.09494e-05
-5.52935e-05
-5.92258e-05
-6.27034e-05
-6.5689e-05
-6.81514e-05
-7.00635e-05
-7.13994e-05
-7.21447e-05
-7.22989e-05
-7.18684e-05
-7.08682e-05
-6.93215e-05
-6.72617e-05
-6.47235e-05
-6.17567e-05
-5.84141e-05
-5.47399e-05
-5.07875e-05
-4.66088e-05
-4.22553e-05
-3.77829e-05
-3.32357e-05
-2.8652e-05
-2.40592e-05
-1.94836e-05
-1.49457e-05
-1.04625e-05
-6.04742e-06
-1.71169e-06
2.53588e-06
6.68762e-06
1.07365e-05
1.46773e-05
1.85072e-05
2.22258e-05
2.58326e-05
2.93327e-05
3.27394e-05
3.60731e-05
3.93544e-05
4.26148e-05
4.58694e-05
4.91321e-05
5.24083e-05
5.56955e-05
5.89832e-05
6.22535e-05
6.54822e-05
6.86397e-05
7.16925e-05
7.46043e-05
7.73372e-05
7.98533e-05
8.21151e-05
8.40875e-05
8.57448e-05
8.70566e-05
8.79374e-05
8.85183e-05
8.82129e-05
2.07929e-05
2.06005e-05
1.96988e-05
1.83887e-05
1.65767e-05
1.43218e-05
1.16526e-05
8.59957e-06
5.20127e-06
1.50112e-06
-2.45269e-06
-6.60809e-06
-1.09105e-05
-1.53034e-05
-1.97294e-05
-2.41314e-05
-2.84537e-05
-3.26453e-05
-3.66579e-05
-4.04491e-05
-4.39827e-05
-4.7222e-05
-5.01363e-05
-5.26954e-05
-5.48711e-05
-5.66339e-05
-5.79548e-05
-5.88163e-05
-5.92111e-05
-5.91374e-05
-5.86005e-05
-5.7613e-05
-5.61958e-05
-5.4373e-05
-5.21808e-05
-4.96556e-05
-4.68319e-05
-4.37478e-05
-4.04429e-05
-3.69556e-05
-3.33284e-05
-2.95961e-05
-2.57907e-05
-2.19357e-05
-1.80545e-05
-1.41664e-05
-1.02888e-05
-6.43669e-06
-2.62365e-06
1.13756e-06
4.83418e-06
8.45266e-06
1.19792e-05
1.54017e-05
1.87096e-05
2.18916e-05
2.49424e-05
2.78698e-05
3.06931e-05
3.34277e-05
3.61087e-05
3.87554e-05
4.13842e-05
4.40033e-05
4.66134e-05
4.92085e-05
5.17764e-05
5.43e-05
5.67581e-05
5.91265e-05
6.13787e-05
6.34873e-05
6.54245e-05
6.71629e-05
6.86766e-05
6.99477e-05
7.09556e-05
7.16153e-05
7.20815e-05
7.18035e-05
1.56616e-05
1.55421e-05
1.48555e-05
1.38811e-05
1.25162e-05
1.08199e-05
8.81145e-06
6.51382e-06
3.95596e-06
1.17072e-06
-1.80569e-06
-4.93532e-06
-8.17813e-06
-1.14915e-05
-1.48334e-05
-1.81627e-05
-2.14405e-05
-2.46314e-05
-2.77032e-05
-3.06294e-05
-3.33938e-05
-3.59769e-05
-3.83551e-05
-4.05046e-05
-4.23976e-05
-4.40033e-05
-4.52926e-05
-4.6245e-05
-4.68465e-05
-4.70883e-05
-4.69676e-05
-4.64888e-05
-4.5662e-05
-4.45009e-05
-4.30281e-05
-4.12663e-05
-3.92403e-05
-3.6975e-05
-3.44987e-05
-3.18391e-05
-2.90253e-05
-2.60838e-05
-2.30402e-05
-1.99143e-05
-1.67262e-05
-1.3494e-05
-1.02347e-05
-6.96503e-06
-3.70104e-06
-4.58908e-07
2.74501e-06
5.89175e-06
8.96058e-06
1.19312e-05
1.47837e-05
1.74983e-05
2.00604e-05
2.24664e-05
2.47268e-05
2.69091e-05
2.90046e-05
3.10476e-05
3.3059e-05
3.50489e-05
3.70202e-05
3.89697e-05
4.08896e-05
4.27685e-05
4.45918e-05
4.63427e-05
4.80029e-05
4.95534e-05
5.09749e-05
5.22483e-05
5.33551e-05
5.42841e-05
5.50242e-05
5.54887e-05
5.58492e-05
5.55926e-05
1.08976e-05
1.08427e-05
1.03598e-05
9.69544e-06
8.7472e-06
7.57174e-06
6.17957e-06
4.58643e-06
2.81268e-06
8.81367e-07
-1.18294e-06
-3.3547e-06
-5.60602e-06
-7.90876e-06
-1.02344e-05
-1.25562e-05
-1.48494e-05
-1.70921e-05
-1.92651e-05
-2.13586e-05
-2.33916e-05
-2.53457e-05
-2.72074e-05
-2.89586e-05
-3.05722e-05
-3.20148e-05
-3.32569e-05
-3.42747e-05
-3.505e-05
-3.55694e-05
-3.58237e-05
-3.58084e-05
-3.5524e-05
-3.4975e-05
-3.4172e-05
-3.31261e-05
-3.1852e-05
-3.03639e-05
-2.86796e-05
-2.68164e-05
-2.47924e-05
-2.26258e-05
-2.03355e-05
-1.79376e-05
-1.54486e-05
-1.28847e-05
-1.02622e-05
-7.59841e-06
-4.91121e-06
-2.2204e-06
4.52736e-07
3.08509e-06
5.6536e-06
8.13217e-06
1.04922e-05
1.27047e-05
1.47471e-05
1.66122e-05
1.8307e-05
1.98836e-05
2.13749e-05
2.28165e-05
2.42269e-05
2.56143e-05
2.69814e-05
2.83269e-05
2.96461e-05
3.09319e-05
3.21749e-05
3.33647e-05
3.44895e-05
3.55374e-05
3.6496e-05
3.73531e-05
3.80967e-05
3.87201e-05
3.92222e-05
3.95158e-05
3.97761e-05
3.95468e-05
6.40391e-06
6.40899e-06
6.12166e-06
5.742e-06
5.18667e-06
4.50182e-06
3.69027e-06
2.76122e-06
1.72677e-06
6.0024e-07
-6.04258e-07
-1.87198e-06
-3.18748e-06
-4.535e-06
-5.89737e-06
-7.26226e-06
-8.61523e-06
-9.9559e-06
-1.12989e-05
-1.25078e-05
-1.38231e-05
-1.51707e-05
-1.65389e-05
-1.79079e-05
-1.92476e-05
-2.05248e-05
-2.17112e-05
-2.27817e-05
-2.37127e-05
-2.44856e-05
-2.50854e-05
-2.55009e-05
-2.57248e-05
-2.5753e-05
-2.55849e-05
-2.52218e-05
-2.46682e-05
-2.39285e-05
-2.301e-05
-2.19203e-05
-2.06679e-05
-1.92635e-05
-1.77195e-05
-1.6048e-05
-1.42621e-05
-1.23759e-05
-1.0405e-05
-8.36659e-06
-6.27985e-06
-4.16646e-06
-2.05036e-06
4.2302e-08
2.08207e-06
4.03797e-06
5.87594e-06
7.55528e-06
9.03524e-06
1.02889e-05
1.14062e-05
1.23553e-05
1.32476e-05
1.41082e-05
1.49427e-05
1.57568e-05
1.65537e-05
1.73336e-05
1.80943e-05
1.88323e-05
1.95429e-05
2.02204e-05
2.08593e-05
2.14533e-05
2.19956e-05
2.24798e-05
2.28988e-05
2.32493e-05
2.35386e-05
2.36914e-05
2.38558e-05
2.36453e-05
2.04251e-06
2.0452e-06
1.95715e-06
1.84718e-06
1.67296e-06
1.46044e-06
1.20778e-06
9.17784e-07
5.94283e-07
2.41411e-07
-1.36103e-07
-5.32571e-07
-9.42453e-07
-1.36182e-06
-1.78697e-06
-2.2113e-06
-2.62627e-06
-3.01164e-06
-3.32506e-06
-3.91009e-06
-4.60271e-06
-5.37459e-06
-6.25409e-06
-7.23936e-06
-8.30242e-06
-9.4115e-06
-1.05367e-05
-1.1651e-05
-1.27281e-05
-1.37451e-05
-1.46812e-05
-1.55179e-05
-1.62397e-05
-1.68337e-05
-1.72896e-05
-1.75983e-05
-1.77547e-05
-1.77534e-05
-1.75915e-05
-1.72669e-05
-1.67778e-05
-1.61281e-05
-1.53245e-05
-1.43754e-05
-1.3291e-05
-1.20834e-05
-1.07672e-05
-9.35953e-06
-7.88087e-06
-6.35492e-06
-4.80866e-06
-3.27205e-06
-1.77822e-06
-3.63477e-07
9.33571e-07
2.07485e-06
3.03025e-06
3.79566e-06
4.20959e-06
4.48041e-06
4.76356e-06
5.03305e-06
5.28885e-06
5.53385e-06
5.76944e-06
5.99647e-06
6.21527e-06
6.42558e-06
6.62656e-06
6.81684e-06
6.99426e-06
7.15705e-06
7.30393e-06
7.43375e-06
7.54487e-06
7.63646e-06
7.71773e-06
7.73844e-06
7.78279e-06
7.73456e-06
)
;

boundaryField
{
    lowerWall
    {
        type            fixedFluxPressure;
        gradient        uniform 0;
        value           nonuniform List<scalar> 
80
(
12413.4
12413.3
12413.3
12413.3
12413.3
12413.4
12413.4
12413.5
12413.6
12413.8
12413.9
12414.2
12414.4
12414.7
12414.9
12415.2
12415.5
12415.8
12416.1
12416.4
12416.6
12416.7
12416.8
12416.7
12416.5
12416.2
12415.6
12414.9
12414
12412.9
12411.7
12410.3
12408.8
12407.3
12405.8
12404.4
12403.2
12402.3
12401.6
12401.3
12401.4
12401.8
12402.5
12403.6
12404.8
12406.2
12407.7
12409.3
12410.7
12412.1
12413.3
12414.4
12415.3
12415.9
12416.4
12416.8
12416.9
12417
12416.9
12416.8
12416.6
12416.3
12416
12415.7
12415.4
12415.1
12414.8
12414.6
12414.4
12414.2
12414
12413.8
12413.7
12413.6
12413.5
12413.5
12413.5
12413.5
12413.5
12413.5
)
;
    }
    rightWall
    {
        type            zeroGradient;
    }
    atmosphere
    {
        type            totalPressure;
        rho             rho;
        psi             none;
        gamma           1;
        p0              uniform 0;
        value           nonuniform List<scalar> 
80
(
0
0
0
0
0
0
0
0
0
0
0
0
0
0
0
0
0
0
0
-5.13336e-08
-2.6949e-07
-6.76692e-07
-1.28051e-06
-2.06128e-06
-2.98013e-06
-4.00044e-06
-5.09132e-06
-6.22489e-06
-7.37444e-06
-8.51486e-06
-9.62191e-06
-1.06726e-05
-1.16472e-05
-1.25284e-05
-1.33007e-05
-1.39494e-05
-1.44654e-05
-1.48375e-05
-1.50579e-05
-1.51189e-05
-1.50136e-05
-1.47411e-05
-1.43069e-05
-1.37173e-05
-1.29809e-05
-1.21089e-05
-1.11155e-05
-1.00183e-05
-8.83858e-06
-7.60182e-06
-6.33733e-06
-5.07833e-06
-3.86213e-06
-2.72904e-06
-1.72339e-06
-8.96796e-07
-3.10927e-07
-2.43691e-08
0
0
0
0
0
0
0
0
0
0
0
0
0
0
0
0
0
0
0
0
0
0
)
;
    }
    leftWall
    {
        type            zeroGradient;
    }
    frontAndBack
    {
        type            empty;
    }
}


// ************************************************************************* //
