/*--------------------------------*- C++ -*----------------------------------*\
| =========                 |                                                 |
| \\      /  F ield         | OpenFOAM: The Open Source CFD Toolbox           |
|  \\    /   O peration     | Version:  2412                                  |
|   \\  /    A nd           | Website:  www.openfoam.com                      |
|    \\/     M anipulation  |                                                 |
\*---------------------------------------------------------------------------*/
FoamFile
{
    version     2.0;
    format      ascii;
    arch        "LSB;label=32;scalar=64";
    class       volScalarField;
    location    "0.1";
    object      p;
}
// * * * * * * * * * * * * * * * * * * * * * * * * * * * * * * * * * * * * * //

dimensions      [1 -1 -2 0 0 0 0];

internalField   nonuniform List<scalar> 
6400
(
7537.53
7537.53
7537.53
7537.53
7537.53
7537.53
7537.53
7537.53
7537.53
7537.54
7537.54
7537.54
7537.54
7537.55
7537.55
7537.55
7537.56
7537.56
7537.56
7537.56
7537.57
7537.57
7537.57
7537.58
7537.58
7537.58
7537.59
7537.59
7537.59
7537.6
7537.6
7537.6
7537.6
7537.6
7537.61
7537.61
7537.61
7537.61
7537.61
7537.61
7537.61
7537.61
7537.61
7537.61
7537.61
7537.61
7537.61
7537.6
7537.6
7537.6
7537.6
7537.59
7537.59
7537.59
7537.59
7537.58
7537.58
7537.58
7537.57
7537.57
7537.57
7537.57
7537.56
7537.56
7537.56
7537.55
7537.55
7537.55
7537.55
7537.54
7537.54
7537.54
7537.54
7537.54
7537.54
7537.53
7537.53
7537.53
7537.53
7537.53
7150.52
7150.52
7150.52
7150.52
7150.52
7150.53
7150.53
7150.53
7150.53
7150.53
7150.53
7150.54
7150.54
7150.54
7150.54
7150.55
7150.55
7150.55
7150.56
7150.56
7150.56
7150.57
7150.57
7150.57
7150.58
7150.58
7150.58
7150.59
7150.59
7150.59
7150.59
7150.6
7150.6
7150.6
7150.6
7150.6
7150.6
7150.6
7150.61
7150.61
7150.61
7150.61
7150.6
7150.6
7150.6
7150.6
7150.6
7150.6
7150.6
7150.6
7150.59
7150.59
7150.59
7150.59
7150.58
7150.58
7150.58
7150.57
7150.57
7150.57
7150.56
7150.56
7150.56
7150.56
7150.55
7150.55
7150.55
7150.54
7150.54
7150.54
7150.54
7150.54
7150.53
7150.53
7150.53
7150.53
7150.53
7150.53
7150.53
7150.53
6763.51
6763.52
6763.52
6763.52
6763.52
6763.52
6763.52
6763.52
6763.53
6763.53
6763.53
6763.53
6763.53
6763.54
6763.54
6763.54
6763.55
6763.55
6763.55
6763.56
6763.56
6763.56
6763.57
6763.57
6763.57
6763.58
6763.58
6763.58
6763.58
6763.59
6763.59
6763.59
6763.59
6763.6
6763.6
6763.6
6763.6
6763.6
6763.6
6763.6
6763.6
6763.6
6763.6
6763.6
6763.6
6763.6
6763.6
6763.59
6763.59
6763.59
6763.59
6763.59
6763.58
6763.58
6763.58
6763.58
6763.57
6763.57
6763.57
6763.56
6763.56
6763.56
6763.55
6763.55
6763.55
6763.54
6763.54
6763.54
6763.54
6763.53
6763.53
6763.53
6763.53
6763.53
6763.53
6763.52
6763.52
6763.52
6763.52
6763.52
6376.51
6376.51
6376.51
6376.51
6376.51
6376.52
6376.52
6376.52
6376.52
6376.52
6376.52
6376.53
6376.53
6376.53
6376.54
6376.54
6376.54
6376.54
6376.55
6376.55
6376.55
6376.56
6376.56
6376.56
6376.57
6376.57
6376.57
6376.58
6376.58
6376.58
6376.59
6376.59
6376.59
6376.59
6376.59
6376.59
6376.6
6376.6
6376.6
6376.6
6376.6
6376.6
6376.6
6376.6
6376.6
6376.59
6376.59
6376.59
6376.59
6376.59
6376.58
6376.58
6376.58
6376.58
6376.57
6376.57
6376.57
6376.56
6376.56
6376.56
6376.56
6376.55
6376.55
6376.55
6376.54
6376.54
6376.54
6376.53
6376.53
6376.53
6376.53
6376.53
6376.52
6376.52
6376.52
6376.52
6376.52
6376.52
6376.52
6376.52
5989.51
5989.51
5989.51
5989.51
5989.51
5989.51
5989.51
5989.51
5989.52
5989.52
5989.52
5989.52
5989.52
5989.53
5989.53
5989.53
5989.54
5989.54
5989.54
5989.55
5989.55
5989.55
5989.56
5989.56
5989.56
5989.57
5989.57
5989.57
5989.58
5989.58
5989.58
5989.58
5989.59
5989.59
5989.59
5989.59
5989.59
5989.59
5989.59
5989.59
5989.59
5989.59
5989.59
5989.59
5989.59
5989.59
5989.59
5989.59
5989.59
5989.58
5989.58
5989.58
5989.58
5989.57
5989.57
5989.57
5989.56
5989.56
5989.56
5989.55
5989.55
5989.55
5989.54
5989.54
5989.54
5989.54
5989.53
5989.53
5989.53
5989.52
5989.52
5989.52
5989.52
5989.52
5989.52
5989.51
5989.51
5989.51
5989.51
5989.51
5602.5
5602.5
5602.5
5602.5
5602.5
5602.5
5602.51
5602.51
5602.51
5602.51
5602.51
5602.52
5602.52
5602.52
5602.53
5602.53
5602.53
5602.54
5602.54
5602.54
5602.55
5602.55
5602.55
5602.56
5602.56
5602.56
5602.57
5602.57
5602.57
5602.58
5602.58
5602.58
5602.58
5602.58
5602.59
5602.59
5602.59
5602.59
5602.59
5602.59
5602.59
5602.59
5602.59
5602.59
5602.59
5602.59
5602.59
5602.58
5602.58
5602.58
5602.58
5602.57
5602.57
5602.57
5602.57
5602.56
5602.56
5602.56
5602.55
5602.55
5602.55
5602.54
5602.54
5602.54
5602.53
5602.53
5602.53
5602.52
5602.52
5602.52
5602.52
5602.52
5602.51
5602.51
5602.51
5602.51
5602.51
5602.51
5602.51
5602.51
5215.5
5215.5
5215.5
5215.5
5215.5
5215.5
5215.5
5215.5
5215.5
5215.51
5215.51
5215.51
5215.51
5215.52
5215.52
5215.52
5215.53
5215.53
5215.53
5215.54
5215.54
5215.54
5215.55
5215.55
5215.56
5215.56
5215.56
5215.57
5215.57
5215.57
5215.57
5215.58
5215.58
5215.58
5215.58
5215.58
5215.59
5215.59
5215.59
5215.59
5215.59
5215.59
5215.59
5215.59
5215.59
5215.58
5215.58
5215.58
5215.58
5215.58
5215.57
5215.57
5215.57
5215.57
5215.56
5215.56
5215.56
5215.55
5215.55
5215.55
5215.54
5215.54
5215.53
5215.53
5215.53
5215.53
5215.52
5215.52
5215.52
5215.51
5215.51
5215.51
5215.51
5215.51
5215.5
5215.5
5215.5
5215.5
5215.5
5215.5
4828.49
4828.49
4828.49
4828.49
4828.49
4828.49
4828.5
4828.5
4828.5
4828.5
4828.5
4828.51
4828.51
4828.51
4828.52
4828.52
4828.52
4828.53
4828.53
4828.53
4828.54
4828.54
4828.54
4828.55
4828.55
4828.56
4828.56
4828.56
4828.57
4828.57
4828.57
4828.57
4828.58
4828.58
4828.58
4828.58
4828.58
4828.58
4828.58
4828.59
4828.59
4828.59
4828.58
4828.58
4828.58
4828.58
4828.58
4828.58
4828.58
4828.57
4828.57
4828.57
4828.56
4828.56
4828.56
4828.55
4828.55
4828.55
4828.54
4828.54
4828.54
4828.53
4828.53
4828.53
4828.52
4828.52
4828.52
4828.51
4828.51
4828.51
4828.51
4828.5
4828.5
4828.5
4828.5
4828.5
4828.5
4828.5
4828.5
4828.49
4441.48
4441.48
4441.48
4441.49
4441.49
4441.49
4441.49
4441.49
4441.49
4441.5
4441.5
4441.5
4441.5
4441.51
4441.51
4441.51
4441.52
4441.52
4441.52
4441.53
4441.53
4441.54
4441.54
4441.54
4441.55
4441.55
4441.56
4441.56
4441.56
4441.57
4441.57
4441.57
4441.57
4441.58
4441.58
4441.58
4441.58
4441.58
4441.58
4441.58
4441.58
4441.58
4441.58
4441.58
4441.58
4441.58
4441.58
4441.58
4441.57
4441.57
4441.57
4441.56
4441.56
4441.56
4441.55
4441.55
4441.55
4441.54
4441.54
4441.54
4441.53
4441.53
4441.53
4441.52
4441.52
4441.51
4441.51
4441.51
4441.51
4441.5
4441.5
4441.5
4441.5
4441.49
4441.49
4441.49
4441.49
4441.49
4441.49
4441.49
4054.48
4054.48
4054.48
4054.48
4054.48
4054.48
4054.48
4054.48
4054.49
4054.49
4054.49
4054.49
4054.5
4054.5
4054.5
4054.51
4054.51
4054.52
4054.52
4054.52
4054.53
4054.53
4054.54
4054.54
4054.54
4054.55
4054.55
4054.56
4054.56
4054.56
4054.57
4054.57
4054.57
4054.57
4054.58
4054.58
4054.58
4054.58
4054.58
4054.58
4054.58
4054.58
4054.58
4054.58
4054.58
4054.58
4054.57
4054.57
4054.57
4054.57
4054.56
4054.56
4054.56
4054.55
4054.55
4054.55
4054.54
4054.54
4054.54
4054.53
4054.53
4054.52
4054.52
4054.52
4054.51
4054.51
4054.51
4054.5
4054.5
4054.5
4054.49
4054.49
4054.49
4054.49
4054.49
4054.49
4054.48
4054.48
4054.48
4054.48
3667.47
3667.47
3667.47
3667.47
3667.47
3667.47
3667.48
3667.48
3667.48
3667.48
3667.49
3667.49
3667.49
3667.5
3667.5
3667.5
3667.51
3667.51
3667.52
3667.52
3667.52
3667.53
3667.53
3667.54
3667.54
3667.54
3667.55
3667.55
3667.56
3667.56
3667.56
3667.57
3667.57
3667.57
3667.57
3667.58
3667.58
3667.58
3667.58
3667.58
3667.58
3667.58
3667.58
3667.58
3667.58
3667.57
3667.57
3667.57
3667.57
3667.57
3667.56
3667.56
3667.56
3667.55
3667.55
3667.54
3667.54
3667.54
3667.53
3667.53
3667.52
3667.52
3667.52
3667.51
3667.51
3667.5
3667.5
3667.5
3667.49
3667.49
3667.49
3667.49
3667.48
3667.48
3667.48
3667.48
3667.48
3667.48
3667.48
3667.48
3280.46
3280.46
3280.46
3280.47
3280.47
3280.47
3280.47
3280.47
3280.47
3280.48
3280.48
3280.48
3280.49
3280.49
3280.49
3280.5
3280.5
3280.51
3280.51
3280.51
3280.52
3280.52
3280.53
3280.53
3280.54
3280.54
3280.55
3280.55
3280.55
3280.56
3280.56
3280.56
3280.57
3280.57
3280.57
3280.57
3280.58
3280.58
3280.58
3280.58
3280.58
3280.58
3280.58
3280.58
3280.57
3280.57
3280.57
3280.57
3280.57
3280.56
3280.56
3280.56
3280.55
3280.55
3280.54
3280.54
3280.54
3280.53
3280.53
3280.52
3280.52
3280.51
3280.51
3280.51
3280.5
3280.5
3280.49
3280.49
3280.49
3280.48
3280.48
3280.48
3280.48
3280.48
3280.47
3280.47
3280.47
3280.47
3280.47
3280.47
2893.46
2893.46
2893.46
2893.46
2893.46
2893.46
2893.46
2893.46
2893.47
2893.47
2893.47
2893.48
2893.48
2893.48
2893.49
2893.49
2893.5
2893.5
2893.51
2893.51
2893.51
2893.52
2893.52
2893.53
2893.53
2893.54
2893.54
2893.55
2893.55
2893.55
2893.56
2893.56
2893.57
2893.57
2893.57
2893.57
2893.57
2893.58
2893.58
2893.58
2893.58
2893.58
2893.58
2893.58
2893.57
2893.57
2893.57
2893.57
2893.56
2893.56
2893.56
2893.55
2893.55
2893.55
2893.54
2893.54
2893.53
2893.53
2893.52
2893.52
2893.51
2893.51
2893.51
2893.5
2893.5
2893.49
2893.49
2893.48
2893.48
2893.48
2893.48
2893.47
2893.47
2893.47
2893.47
2893.46
2893.46
2893.46
2893.46
2893.46
2506.45
2506.45
2506.45
2506.45
2506.45
2506.45
2506.46
2506.46
2506.46
2506.46
2506.47
2506.47
2506.47
2506.48
2506.48
2506.49
2506.49
2506.5
2506.5
2506.51
2506.51
2506.52
2506.52
2506.53
2506.53
2506.54
2506.54
2506.54
2506.55
2506.55
2506.56
2506.56
2506.56
2506.57
2506.57
2506.57
2506.57
2506.58
2506.58
2506.58
2506.58
2506.58
2506.58
2506.57
2506.57
2506.57
2506.57
2506.57
2506.56
2506.56
2506.56
2506.55
2506.55
2506.54
2506.54
2506.53
2506.53
2506.52
2506.52
2506.51
2506.51
2506.5
2506.5
2506.5
2506.49
2506.49
2506.48
2506.48
2506.47
2506.47
2506.47
2506.47
2506.46
2506.46
2506.46
2506.46
2506.46
2506.46
2506.45
2506.45
2119.44
2119.44
2119.44
2119.44
2119.44
2119.45
2119.45
2119.45
2119.45
2119.46
2119.46
2119.46
2119.47
2119.47
2119.48
2119.48
2119.49
2119.49
2119.5
2119.5
2119.51
2119.51
2119.52
2119.52
2119.53
2119.53
2119.54
2119.54
2119.55
2119.55
2119.56
2119.56
2119.56
2119.57
2119.57
2119.57
2119.57
2119.58
2119.58
2119.58
2119.58
2119.58
2119.58
2119.57
2119.57
2119.57
2119.57
2119.57
2119.56
2119.56
2119.55
2119.55
2119.55
2119.54
2119.54
2119.53
2119.53
2119.52
2119.51
2119.51
2119.5
2119.5
2119.49
2119.49
2119.48
2119.48
2119.48
2119.47
2119.47
2119.46
2119.46
2119.46
2119.46
2119.45
2119.45
2119.45
2119.45
2119.45
2119.45
2119.45
1732.43
1732.43
1732.43
1732.43
1732.44
1732.44
1732.44
1732.44
1732.45
1732.45
1732.45
1732.46
1732.46
1732.46
1732.47
1732.47
1732.48
1732.48
1732.49
1732.5
1732.5
1732.51
1732.51
1732.52
1732.52
1732.53
1732.53
1732.54
1732.55
1732.55
1732.55
1732.56
1732.56
1732.57
1732.57
1732.57
1732.57
1732.58
1732.58
1732.58
1732.58
1732.58
1732.58
1732.57
1732.57
1732.57
1732.57
1732.56
1732.56
1732.56
1732.55
1732.55
1732.54
1732.54
1732.53
1732.53
1732.52
1732.52
1732.51
1732.51
1732.5
1732.49
1732.49
1732.48
1732.48
1732.47
1732.47
1732.47
1732.46
1732.46
1732.45
1732.45
1732.45
1732.45
1732.44
1732.44
1732.44
1732.44
1732.44
1732.44
1345.42
1345.42
1345.43
1345.43
1345.43
1345.43
1345.43
1345.43
1345.44
1345.44
1345.44
1345.45
1345.45
1345.46
1345.46
1345.47
1345.47
1345.48
1345.48
1345.49
1345.5
1345.5
1345.51
1345.51
1345.52
1345.53
1345.53
1345.54
1345.54
1345.55
1345.55
1345.56
1345.56
1345.57
1345.57
1345.57
1345.57
1345.58
1345.58
1345.58
1345.58
1345.58
1345.58
1345.58
1345.57
1345.57
1345.57
1345.56
1345.56
1345.56
1345.55
1345.55
1345.54
1345.54
1345.53
1345.52
1345.52
1345.51
1345.51
1345.5
1345.49
1345.49
1345.48
1345.48
1345.47
1345.47
1345.46
1345.46
1345.45
1345.45
1345.45
1345.44
1345.44
1345.44
1345.44
1345.43
1345.43
1345.43
1345.43
1345.43
958.415
958.415
958.416
958.418
958.419
958.421
958.424
958.426
958.43
958.433
958.437
958.441
958.446
958.451
958.456
958.461
958.467
958.473
958.479
958.485
958.492
958.498
958.505
958.511
958.518
958.524
958.53
958.536
958.542
958.548
958.553
958.558
958.563
958.567
958.57
958.573
958.576
958.578
958.579
958.58
958.58
958.58
958.579
958.577
958.575
958.572
958.569
958.565
958.561
958.556
958.551
958.545
958.54
958.534
958.528
958.522
958.515
958.509
958.502
958.496
958.49
958.484
958.478
958.472
958.466
958.461
958.456
958.451
958.446
958.442
958.438
958.435
958.432
958.429
958.426
958.424
958.423
958.422
958.421
958.42
571.406
571.406
571.407
571.408
571.41
571.412
571.415
571.418
571.421
571.425
571.429
571.434
571.438
571.444
571.449
571.455
571.461
571.467
571.474
571.48
571.487
571.494
571.501
571.508
571.515
571.522
571.528
571.535
571.541
571.547
571.553
571.558
571.563
571.568
571.572
571.575
571.578
571.58
571.581
571.582
571.582
571.582
571.581
571.579
571.576
571.573
571.57
571.566
571.561
571.556
571.55
571.544
571.538
571.532
571.525
571.519
571.512
571.505
571.498
571.491
571.485
571.478
571.472
571.465
571.459
571.454
571.448
571.443
571.439
571.434
571.43
571.426
571.423
571.42
571.418
571.416
571.414
571.413
571.412
571.411
184.394
184.395
184.396
184.397
184.399
184.401
184.404
184.407
184.411
184.415
184.419
184.424
184.429
184.435
184.441
184.447
184.453
184.46
184.467
184.475
184.482
184.49
184.498
184.506
184.514
184.522
184.529
184.537
184.544
184.551
184.558
184.564
184.57
184.575
184.579
184.583
184.587
184.589
184.591
184.592
184.592
184.591
184.59
184.588
184.585
184.581
184.577
184.572
184.567
184.561
184.554
184.547
184.54
184.533
184.525
184.518
184.51
184.502
184.494
184.486
184.479
184.472
184.465
184.458
184.452
184.445
184.44
184.434
184.429
184.424
184.42
184.416
184.412
184.409
184.406
184.404
184.402
184.401
184.4
184.4
-9.35635
-9.35586
-9.35488
-9.35348
-9.35161
-9.34926
-9.34644
-9.34317
-9.33945
-9.33529
-9.33071
-9.32572
-9.32033
-9.31457
-9.30844
-9.30197
-9.29519
-9.28811
-9.28078
-9.27323
-9.26547
-9.25745
-9.24929
-9.24107
-9.23285
-9.2247
-9.21667
-9.20883
-9.20124
-9.19396
-9.18706
-9.18061
-9.17467
-9.1693
-9.16457
-9.16051
-9.15718
-9.15462
-9.15284
-9.15188
-9.15173
-9.1524
-9.15388
-9.15615
-9.15918
-9.16294
-9.16739
-9.17249
-9.17817
-9.18438
-9.19105
-9.19812
-9.20551
-9.21316
-9.22101
-9.22901
-9.23708
-9.24518
-9.25323
-9.26113
-9.26878
-9.27625
-9.28349
-9.29046
-9.29716
-9.30359
-9.30966
-9.31533
-9.32065
-9.32561
-9.33014
-9.33421
-9.33787
-9.34113
-9.34392
-9.34622
-9.34805
-9.34946
-9.35046
-9.35096
-9.84918
-9.84872
-9.84773
-9.84628
-9.84435
-9.84193
-9.83904
-9.83568
-9.83186
-9.8276
-9.82289
-9.81777
-9.81224
-9.80632
-9.80003
-9.79339
-9.78642
-9.77916
-9.77165
-9.76391
-9.75598
-9.74793
-9.73979
-9.73161
-9.72344
-9.71533
-9.70735
-9.69956
-9.69202
-9.68479
-9.67794
-9.67154
-9.66566
-9.66034
-9.65564
-9.65162
-9.64832
-9.64578
-9.64401
-9.64305
-9.6429
-9.64356
-9.64502
-9.64727
-9.65028
-9.65401
-9.65843
-9.66349
-9.66912
-9.67528
-9.6819
-9.68891
-9.69625
-9.70385
-9.71165
-9.71959
-9.72761
-9.73567
-9.74369
-9.75162
-9.75942
-9.76706
-9.77449
-9.78166
-9.78852
-9.7951
-9.80135
-9.80721
-9.81267
-9.81775
-9.82243
-9.82665
-9.83041
-9.83372
-9.8366
-9.83901
-9.84095
-9.84239
-9.84336
-9.84382
-10.3402
-10.3398
-10.3388
-10.3373
-10.3354
-10.333
-10.3301
-10.3267
-10.3229
-10.3186
-10.3139
-10.3087
-10.3032
-10.2972
-10.2909
-10.2842
-10.2772
-10.2699
-10.2624
-10.2546
-10.2466
-10.2385
-10.2303
-10.2221
-10.2138
-10.2057
-10.1976
-10.1898
-10.1821
-10.1748
-10.1679
-10.1615
-10.1555
-10.1501
-10.1454
-10.1413
-10.138
-10.1354
-10.1336
-10.1326
-10.1325
-10.1331
-10.1346
-10.1369
-10.14
-10.1437
-10.1482
-10.1533
-10.159
-10.1653
-10.1719
-10.179
-10.1864
-10.1941
-10.202
-10.21
-10.2181
-10.2262
-10.2343
-10.2423
-10.2501
-10.2578
-10.2653
-10.2725
-10.2794
-10.286
-10.2923
-10.2981
-10.3036
-10.3087
-10.3134
-10.3177
-10.3214
-10.3248
-10.3277
-10.33
-10.332
-10.3334
-10.3344
-10.3349
-10.8317
-10.8312
-10.8303
-10.8288
-10.8269
-10.8244
-10.8215
-10.8181
-10.8143
-10.81
-10.8052
-10.8001
-10.7945
-10.7885
-10.7821
-10.7754
-10.7683
-10.761
-10.7533
-10.7455
-10.7374
-10.7292
-10.7209
-10.7125
-10.7042
-10.6959
-10.6877
-10.6797
-10.672
-10.6646
-10.6575
-10.6509
-10.6448
-10.6393
-10.6345
-10.6303
-10.6269
-10.6243
-10.6224
-10.6214
-10.6213
-10.622
-10.6235
-10.6259
-10.629
-10.6328
-10.6374
-10.6426
-10.6485
-10.6548
-10.6616
-10.6688
-10.6764
-10.6842
-10.6922
-10.7003
-10.7085
-10.7168
-10.7249
-10.733
-10.741
-10.7487
-10.7563
-10.7636
-10.7705
-10.7772
-10.7835
-10.7894
-10.795
-10.8001
-10.8048
-10.809
-10.8128
-10.8162
-10.8191
-10.8215
-10.8235
-10.8249
-10.8259
-10.8264
-11.3237
-11.3232
-11.3222
-11.3208
-11.3188
-11.3163
-11.3134
-11.31
-11.3061
-11.3018
-11.297
-11.2918
-11.2861
-11.2801
-11.2737
-11.2668
-11.2597
-11.2522
-11.2445
-11.2365
-11.2283
-11.22
-11.2115
-11.203
-11.1945
-11.186
-11.1776
-11.1694
-11.1615
-11.1539
-11.1466
-11.1398
-11.1336
-11.1279
-11.1229
-11.1186
-11.1151
-11.1123
-11.1104
-11.1094
-11.1093
-11.11
-11.1116
-11.114
-11.1172
-11.1212
-11.126
-11.1314
-11.1374
-11.1439
-11.1509
-11.1583
-11.1661
-11.1741
-11.1823
-11.1906
-11.199
-11.2074
-11.2157
-11.2239
-11.232
-11.2399
-11.2475
-11.2549
-11.262
-11.2687
-11.2751
-11.2811
-11.2867
-11.2918
-11.2966
-11.3009
-11.3047
-11.3081
-11.311
-11.3135
-11.3154
-11.3169
-11.3179
-11.3184
-11.8162
-11.8157
-11.8147
-11.8132
-11.8112
-11.8088
-11.8058
-11.8024
-11.7984
-11.7941
-11.7892
-11.7839
-11.7782
-11.7721
-11.7656
-11.7587
-11.7514
-11.7438
-11.7359
-11.7278
-11.7194
-11.7109
-11.7022
-11.6935
-11.6847
-11.676
-11.6673
-11.6589
-11.6507
-11.6428
-11.6353
-11.6282
-11.6217
-11.6158
-11.6106
-11.6061
-11.6024
-11.5996
-11.5976
-11.5965
-11.5964
-11.5971
-11.5988
-11.6013
-11.6047
-11.6089
-11.6138
-11.6194
-11.6257
-11.6325
-11.6398
-11.6475
-11.6555
-11.6638
-11.6722
-11.6808
-11.6894
-11.698
-11.7066
-11.715
-11.7232
-11.7313
-11.7391
-11.7466
-11.7538
-11.7606
-11.7671
-11.7732
-11.7788
-11.7841
-11.7889
-11.7932
-11.7971
-11.8005
-11.8035
-11.8059
-11.8079
-11.8094
-11.8103
-11.8108
-12.3092
-12.3087
-12.3077
-12.3062
-12.3042
-12.3017
-12.2987
-12.2952
-12.2912
-12.2868
-12.2819
-12.2765
-12.2707
-12.2645
-12.2578
-12.2508
-12.2434
-12.2356
-12.2276
-12.2192
-12.2106
-12.2019
-12.1929
-12.1839
-12.1749
-12.1658
-12.1569
-12.1481
-12.1395
-12.1313
-12.1234
-12.116
-12.1092
-12.103
-12.0975
-12.0928
-12.0889
-12.0859
-12.0838
-12.0827
-12.0825
-12.0833
-12.0851
-12.0878
-12.0914
-12.0958
-12.101
-12.1069
-12.1135
-12.1206
-12.1282
-12.1363
-12.1446
-12.1532
-12.162
-12.1709
-12.1798
-12.1887
-12.1975
-12.2062
-12.2147
-12.2229
-12.2309
-12.2386
-12.2459
-12.2529
-12.2595
-12.2657
-12.2714
-12.2767
-12.2816
-12.286
-12.2899
-12.2934
-12.2964
-12.2988
-12.3008
-12.3023
-12.3033
-12.3038
-12.8027
-12.8022
-12.8011
-12.7996
-12.7976
-12.7951
-12.792
-12.7885
-12.7845
-12.78
-12.775
-12.7695
-12.7636
-12.7573
-12.7505
-12.7433
-12.7357
-12.7278
-12.7195
-12.7109
-12.7021
-12.693
-12.6838
-12.6744
-12.665
-12.6556
-12.6462
-12.637
-12.628
-12.6194
-12.6111
-12.6033
-12.5961
-12.5895
-12.5837
-12.5786
-12.5745
-12.5713
-12.5691
-12.5679
-12.5677
-12.5686
-12.5705
-12.5733
-12.5772
-12.5819
-12.5874
-12.5937
-12.6007
-12.6082
-12.6163
-12.6247
-12.6335
-12.6426
-12.6517
-12.661
-12.6703
-12.6795
-12.6886
-12.6976
-12.7064
-12.7148
-12.7231
-12.7309
-12.7384
-12.7455
-12.7523
-12.7586
-12.7644
-12.7698
-12.7748
-12.7792
-12.7832
-12.7867
-12.7898
-12.7923
-12.7943
-12.7958
-12.7968
-12.7973
-13.2967
-13.2962
-13.2951
-13.2936
-13.2915
-13.289
-13.2859
-13.2823
-13.2782
-13.2736
-13.2686
-13.263
-13.257
-13.2505
-13.2436
-13.2362
-13.2284
-13.2203
-13.2117
-13.2029
-13.1937
-13.1843
-13.1747
-13.165
-13.1551
-13.1453
-13.1354
-13.1257
-13.1162
-13.1071
-13.0983
-13.09
-13.0823
-13.0752
-13.069
-13.0636
-13.0591
-13.0557
-13.0533
-13.052
-13.0519
-13.0528
-13.0548
-13.0579
-13.0621
-13.0671
-13.0731
-13.0798
-13.0873
-13.0953
-13.1039
-13.1128
-13.1221
-13.1317
-13.1413
-13.1511
-13.1608
-13.1704
-13.1799
-13.1892
-13.1983
-13.207
-13.2155
-13.2236
-13.2313
-13.2386
-13.2455
-13.2519
-13.2579
-13.2634
-13.2684
-13.273
-13.277
-13.2806
-13.2836
-13.2862
-13.2883
-13.2898
-13.2908
-13.2913
-13.7912
-13.7906
-13.7896
-13.788
-13.786
-13.7834
-13.7802
-13.7766
-13.7725
-13.7678
-13.7626
-13.757
-13.7508
-13.7442
-13.7371
-13.7295
-13.7215
-13.7131
-13.7043
-13.6951
-13.6856
-13.6758
-13.6658
-13.6556
-13.6453
-13.6349
-13.6245
-13.6142
-13.6041
-13.5943
-13.5849
-13.576
-13.5677
-13.5602
-13.5534
-13.5476
-13.5428
-13.539
-13.5365
-13.5351
-13.5349
-13.5359
-13.5382
-13.5415
-13.546
-13.5515
-13.5579
-13.5652
-13.5732
-13.5819
-13.591
-13.6006
-13.6105
-13.6206
-13.6309
-13.6411
-13.6513
-13.6614
-13.6714
-13.6811
-13.6905
-13.6995
-13.7083
-13.7166
-13.7246
-13.7321
-13.7391
-13.7457
-13.7518
-13.7575
-13.7626
-13.7672
-13.7713
-13.7749
-13.778
-13.7806
-13.7827
-13.7843
-13.7853
-13.7858
-14.2862
-14.2857
-14.2846
-14.283
-14.2809
-14.2783
-14.2751
-14.2714
-14.2672
-14.2625
-14.2572
-14.2514
-14.2451
-14.2383
-14.231
-14.2233
-14.215
-14.2063
-14.1972
-14.1877
-14.1778
-14.1676
-14.1571
-14.1463
-14.1354
-14.1244
-14.1134
-14.1025
-14.0917
-14.0812
-14.0711
-14.0614
-14.0525
-14.0442
-14.0369
-14.0306
-14.0253
-14.0212
-14.0184
-14.0169
-14.0167
-14.0179
-14.0203
-14.024
-14.0289
-14.0349
-14.042
-14.0499
-14.0586
-14.0679
-14.0778
-14.0881
-14.0987
-14.1095
-14.1203
-14.1312
-14.142
-14.1526
-14.163
-14.1732
-14.183
-14.1924
-14.2015
-14.2101
-14.2183
-14.226
-14.2333
-14.24
-14.2463
-14.252
-14.2573
-14.262
-14.2662
-14.2698
-14.273
-14.2756
-14.2777
-14.2793
-14.2803
-14.2809
-14.7818
-14.7812
-14.7801
-14.7785
-14.7764
-14.7737
-14.7705
-14.7667
-14.7625
-14.7576
-14.7523
-14.7464
-14.7399
-14.733
-14.7255
-14.7175
-14.709
-14.7
-14.6905
-14.6806
-14.6703
-14.6596
-14.6485
-14.6372
-14.6257
-14.614
-14.6022
-14.5905
-14.5789
-14.5676
-14.5567
-14.5462
-14.5364
-14.5274
-14.5194
-14.5124
-14.5066
-14.5022
-14.4991
-14.4974
-14.4972
-14.4985
-14.5012
-14.5053
-14.5107
-14.5174
-14.5251
-14.5338
-14.5432
-14.5534
-14.5641
-14.5752
-14.5866
-14.5982
-14.6098
-14.6213
-14.6328
-14.644
-14.6549
-14.6656
-14.6759
-14.6857
-14.6951
-14.7041
-14.7125
-14.7204
-14.7279
-14.7348
-14.7412
-14.7471
-14.7524
-14.7572
-14.7615
-14.7652
-14.7684
-14.7711
-14.7732
-14.7748
-14.7759
-14.7764
-15.2778
-15.2773
-15.2762
-15.2746
-15.2724
-15.2697
-15.2664
-15.2626
-15.2583
-15.2533
-15.2479
-15.2418
-15.2353
-15.2281
-15.2204
-15.2122
-15.2034
-15.1941
-15.1842
-15.1739
-15.1631
-15.1519
-15.1403
-15.1283
-15.1161
-15.1036
-15.091
-15.0784
-15.0659
-15.0537
-15.0417
-15.0303
-15.0196
-15.0097
-15.0008
-14.9931
-14.9867
-14.9817
-14.9783
-14.9765
-14.9763
-14.9777
-14.9807
-14.9853
-14.9914
-14.9987
-15.0073
-15.0168
-15.0273
-15.0384
-15.05
-15.0621
-15.0744
-15.0868
-15.0993
-15.1116
-15.1237
-15.1356
-15.1472
-15.1584
-15.1691
-15.1794
-15.1891
-15.1984
-15.2072
-15.2154
-15.223
-15.2301
-15.2367
-15.2427
-15.2481
-15.253
-15.2574
-15.2612
-15.2644
-15.2671
-15.2693
-15.2709
-15.272
-15.2725
-15.7745
-15.7739
-15.7728
-15.7712
-15.769
-15.7662
-15.7629
-15.7591
-15.7546
-15.7496
-15.744
-15.7379
-15.7311
-15.7238
-15.7159
-15.7074
-15.6983
-15.6887
-15.6785
-15.6677
-15.6564
-15.6446
-15.6323
-15.6196
-15.6066
-15.5933
-15.5798
-15.5662
-15.5527
-15.5393
-15.5263
-15.5138
-15.5019
-15.491
-15.4811
-15.4725
-15.4654
-15.4598
-15.4559
-15.4539
-15.4537
-15.4553
-15.4588
-15.4639
-15.4707
-15.479
-15.4885
-15.4991
-15.5106
-15.5228
-15.5356
-15.5487
-15.5621
-15.5755
-15.5888
-15.602
-15.6149
-15.6275
-15.6397
-15.6515
-15.6628
-15.6735
-15.6837
-15.6933
-15.7024
-15.7108
-15.7187
-15.726
-15.7327
-15.7388
-15.7444
-15.7494
-15.7538
-15.7577
-15.761
-15.7637
-15.7659
-15.7675
-15.7686
-15.7692
-16.2717
-16.2711
-16.27
-16.2683
-16.2661
-16.2633
-16.26
-16.2561
-16.2515
-16.2465
-16.2408
-16.2345
-16.2276
-16.2201
-16.212
-16.2032
-16.1938
-16.1838
-16.1732
-16.162
-16.1501
-16.1377
-16.1248
-16.1113
-16.0975
-16.0832
-16.0687
-16.054
-16.0392
-16.0246
-16.0103
-15.9965
-15.9834
-15.9712
-15.9602
-15.9505
-15.9425
-15.9362
-15.9318
-15.9295
-15.9293
-15.9312
-15.9351
-15.941
-15.9487
-15.958
-15.9686
-15.9805
-15.9933
-16.0068
-16.0208
-16.0352
-16.0497
-16.0642
-16.0786
-16.0927
-16.1065
-16.1199
-16.1327
-16.1451
-16.1569
-16.1682
-16.1788
-16.1888
-16.1981
-16.2069
-16.215
-16.2225
-16.2293
-16.2356
-16.2412
-16.2463
-16.2508
-16.2547
-16.2581
-16.2608
-16.2631
-16.2647
-16.2658
-16.2664
-16.7694
-16.7689
-16.7677
-16.7661
-16.7638
-16.761
-16.7576
-16.7536
-16.7491
-16.7439
-16.7381
-16.7317
-16.7247
-16.717
-16.7087
-16.6996
-16.69
-16.6796
-16.6686
-16.6568
-16.6444
-16.6314
-16.6177
-16.6034
-16.5886
-16.5733
-16.5577
-16.5417
-16.5257
-16.5097
-16.4939
-16.4786
-16.464
-16.4503
-16.4379
-16.427
-16.4178
-16.4107
-16.4057
-16.4031
-16.4029
-16.4051
-16.4096
-16.4163
-16.4251
-16.4356
-16.4477
-16.461
-16.4753
-16.4903
-16.5058
-16.5216
-16.5374
-16.5531
-16.5686
-16.5837
-16.5984
-16.6126
-16.6263
-16.6393
-16.6517
-16.6634
-16.6745
-16.6849
-16.6945
-16.7035
-16.7118
-16.7195
-16.7265
-16.7329
-16.7387
-16.7438
-16.7484
-16.7523
-16.7557
-16.7585
-16.7608
-16.7625
-16.7636
-16.7641
-17.2677
-17.2672
-17.266
-17.2643
-17.2621
-17.2592
-17.2558
-17.2518
-17.2472
-17.2419
-17.2361
-17.2296
-17.2224
-17.2145
-17.206
-17.1967
-17.1868
-17.176
-17.1646
-17.1523
-17.1394
-17.1256
-17.1112
-17.096
-17.0802
-17.0638
-17.0469
-17.0296
-17.0121
-16.9945
-16.9771
-16.96
-16.9436
-16.9283
-16.9142
-16.9017
-16.8913
-16.8831
-16.8774
-16.8744
-16.8741
-16.8767
-16.8819
-16.8897
-16.8997
-16.9118
-16.9255
-16.9406
-16.9566
-16.9734
-16.9906
-17.0079
-17.0252
-17.0423
-17.0591
-17.0752
-17.0909
-17.106
-17.1204
-17.1341
-17.1471
-17.1593
-17.1708
-17.1816
-17.1916
-17.2008
-17.2094
-17.2172
-17.2243
-17.2308
-17.2367
-17.2419
-17.2466
-17.2506
-17.254
-17.2568
-17.2591
-17.2608
-17.2619
-17.2625
-17.7666
-17.766
-17.7649
-17.7632
-17.7609
-17.7581
-17.7546
-17.7506
-17.7459
-17.7406
-17.7347
-17.7281
-17.7208
-17.7128
-17.704
-17.6945
-17.6843
-17.6732
-17.6613
-17.6486
-17.635
-17.6206
-17.6054
-17.5893
-17.5724
-17.5548
-17.5366
-17.5178
-17.4986
-17.4792
-17.4599
-17.4408
-17.4224
-17.4049
-17.3889
-17.3746
-17.3625
-17.353
-17.3464
-17.3429
-17.3426
-17.3456
-17.3517
-17.3607
-17.3724
-17.3863
-17.402
-17.4191
-17.4373
-17.4561
-17.4752
-17.4944
-17.5133
-17.5319
-17.55
-17.5674
-17.5841
-17.6001
-17.6152
-17.6296
-17.6432
-17.656
-17.6679
-17.679
-17.6893
-17.6988
-17.7076
-17.7156
-17.7228
-17.7294
-17.7354
-17.7407
-17.7453
-17.7494
-17.7528
-17.7557
-17.758
-17.7597
-17.7608
-17.7613
-18.266
-18.2655
-18.2643
-18.2626
-18.2604
-18.2575
-18.254
-18.25
-18.2453
-18.2399
-18.2339
-18.2272
-18.2198
-18.2117
-18.2028
-18.1931
-18.1826
-18.1712
-18.1589
-18.1457
-18.1315
-18.1164
-18.1004
-18.0833
-18.0653
-18.0465
-18.0268
-18.0064
-17.9854
-17.964
-17.9425
-17.9211
-17.9002
-17.8803
-17.8619
-17.8453
-17.8312
-17.8201
-17.8123
-17.8082
-17.8078
-17.8114
-17.8186
-17.8292
-17.8428
-17.8589
-17.8771
-17.8967
-17.9173
-17.9384
-17.9598
-17.981
-18.0018
-18.0221
-18.0416
-18.0603
-18.0781
-18.095
-18.111
-18.126
-18.1402
-18.1534
-18.1658
-18.1772
-18.1878
-18.1975
-18.2065
-18.2146
-18.222
-18.2287
-18.2347
-18.24
-18.2447
-18.2488
-18.2523
-18.2551
-18.2574
-18.2591
-18.2602
-18.2608
-18.7661
-18.7655
-18.7644
-18.7627
-18.7604
-18.7575
-18.7541
-18.75
-18.7453
-18.7399
-18.7339
-18.7271
-18.7196
-18.7114
-18.7023
-18.6925
-18.6817
-18.67
-18.6573
-18.6437
-18.629
-18.6132
-18.5963
-18.5783
-18.5592
-18.539
-18.5178
-18.4956
-18.4726
-18.449
-18.425
-18.4009
-18.3772
-18.3543
-18.3329
-18.3136
-18.297
-18.2838
-18.2745
-18.2696
-18.2693
-18.2735
-18.2821
-18.2947
-18.3107
-18.3296
-18.3506
-18.3732
-18.3966
-18.4206
-18.4444
-18.468
-18.4909
-18.513
-18.5341
-18.5541
-18.5731
-18.5909
-18.6077
-18.6234
-18.6381
-18.6518
-18.6645
-18.6762
-18.6871
-18.697
-18.7061
-18.7144
-18.7219
-18.7286
-18.7347
-18.74
-18.7448
-18.7488
-18.7523
-18.7552
-18.7574
-18.7591
-18.7603
-18.7608
-19.2666
-19.2661
-19.2649
-19.2633
-19.261
-19.2581
-19.2547
-19.2506
-19.2459
-19.2406
-19.2345
-19.2277
-19.2202
-19.2119
-19.2027
-19.1927
-19.1817
-19.1698
-19.1568
-19.1427
-19.1275
-19.1111
-19.0934
-19.0744
-19.0542
-19.0326
-19.0098
-18.9858
-18.9606
-18.9344
-18.9076
-18.8804
-18.8533
-18.8269
-18.8019
-18.7792
-18.7595
-18.7437
-18.7325
-18.7266
-18.7262
-18.7313
-18.7417
-18.7568
-18.7759
-18.7981
-18.8227
-18.8488
-18.8757
-18.9027
-18.9295
-18.9556
-18.9807
-19.0047
-19.0275
-19.049
-19.0692
-19.088
-19.1055
-19.1218
-19.137
-19.1511
-19.1642
-19.1762
-19.1873
-19.1974
-19.2066
-19.2149
-19.2225
-19.2293
-19.2353
-19.2407
-19.2454
-19.2495
-19.2529
-19.2558
-19.2581
-19.2597
-19.2609
-19.2614
-19.7678
-19.7672
-19.7661
-19.7644
-19.7622
-19.7594
-19.7559
-19.7519
-19.7472
-19.7419
-19.7359
-19.7291
-19.7216
-19.7132
-19.704
-19.6938
-19.6827
-19.6706
-19.6573
-19.6429
-19.6272
-19.6102
-19.5918
-19.5719
-19.5505
-19.5276
-19.5031
-19.4771
-19.4495
-19.4206
-19.3906
-19.3598
-19.3288
-19.2981
-19.2688
-19.2417
-19.218
-19.1989
-19.1854
-19.1782
-19.1778
-19.1841
-19.1968
-19.2151
-19.2381
-19.2646
-19.2935
-19.3238
-19.3546
-19.3853
-19.4153
-19.4442
-19.4717
-19.4978
-19.5223
-19.5452
-19.5665
-19.5863
-19.6046
-19.6215
-19.6371
-19.6516
-19.6649
-19.6771
-19.6883
-19.6986
-19.7079
-19.7163
-19.7238
-19.7306
-19.7367
-19.742
-19.7467
-19.7508
-19.7542
-19.757
-19.7593
-19.7609
-19.762
-19.7626
-20.2695
-20.2689
-20.2678
-20.2662
-20.264
-20.2612
-20.2578
-20.2538
-20.2492
-20.2439
-20.2379
-20.2312
-20.2237
-20.2154
-20.2061
-20.1959
-20.1847
-20.1725
-20.159
-20.1443
-20.1282
-20.1107
-20.0916
-20.0709
-20.0485
-20.0242
-19.9981
-19.97
-19.9399
-19.908
-19.8744
-19.8395
-19.8038
-19.768
-19.7333
-19.7009
-19.6722
-19.6489
-19.6322
-19.6234
-19.6229
-19.6308
-19.6466
-19.6691
-19.6971
-19.7289
-19.7631
-19.7984
-19.8339
-19.8687
-19.9023
-19.9342
-19.9643
-19.9924
-20.0186
-20.043
-20.0654
-20.0861
-20.1051
-20.1225
-20.1385
-20.1532
-20.1667
-20.1791
-20.1904
-20.2006
-20.21
-20.2184
-20.2259
-20.2327
-20.2387
-20.244
-20.2486
-20.2526
-20.256
-20.2588
-20.261
-20.2627
-20.2638
-20.2643
-20.7717
-20.7712
-20.7701
-20.7685
-20.7663
-20.7636
-20.7603
-20.7564
-20.7518
-20.7466
-20.7407
-20.7341
-20.7267
-20.7184
-20.7092
-20.699
-20.6878
-20.6755
-20.6619
-20.647
-20.6307
-20.6128
-20.5932
-20.5717
-20.5484
-20.5228
-20.4951
-20.4649
-20.4322
-20.3971
-20.3596
-20.32
-20.2788
-20.237
-20.1957
-20.1565
-20.1215
-20.0925
-20.0717
-20.0606
-20.0601
-20.0701
-20.09
-20.118
-20.1524
-20.1909
-20.2317
-20.2732
-20.3141
-20.3535
-20.391
-20.4262
-20.4589
-20.4891
-20.517
-20.5427
-20.5661
-20.5876
-20.6072
-20.625
-20.6413
-20.6561
-20.6697
-20.6821
-20.6934
-20.7037
-20.713
-20.7213
-20.7288
-20.7355
-20.7414
-20.7467
-20.7512
-20.7551
-20.7585
-20.7612
-20.7634
-20.765
-20.7661
-20.7666
-21.2745
-21.274
-21.2729
-21.2714
-21.2693
-21.2666
-21.2634
-21.2596
-21.2551
-21.25
-21.2443
-21.2377
-21.2304
-21.2223
-21.2132
-21.2032
-21.192
-21.1797
-21.1662
-21.1512
-21.1347
-21.1166
-21.0966
-21.0746
-21.0504
-21.0238
-20.9945
-20.9623
-20.927
-20.8885
-20.8468
-20.802
-20.7546
-20.7056
-20.6562
-20.6086
-20.5651
-20.5286
-20.5021
-20.4879
-20.4872
-20.5001
-20.5255
-20.561
-20.6037
-20.6508
-20.6998
-20.7486
-20.7957
-20.8404
-20.8821
-20.9207
-20.9561
-20.9884
-21.0178
-21.0446
-21.0689
-21.091
-21.111
-21.1291
-21.1455
-21.1604
-21.174
-21.1863
-21.1975
-21.2077
-21.2168
-21.2251
-21.2325
-21.239
-21.2449
-21.25
-21.2544
-21.2583
-21.2615
-21.2642
-21.2663
-21.2678
-21.2689
-21.2694
-21.7778
-21.7773
-21.7763
-21.7748
-21.7727
-21.7702
-21.767
-21.7634
-21.759
-21.7541
-21.7485
-21.7422
-21.735
-21.7271
-21.7182
-21.7084
-21.6974
-21.6853
-21.6718
-21.657
-21.6405
-21.6223
-21.6022
-21.5798
-21.555
-21.5275
-21.4969
-21.4629
-21.425
-21.3832
-21.3371
-21.2867
-21.2323
-21.1748
-21.1156
-21.057
-21.0023
-20.9556
-20.921
-20.9023
-20.9013
-20.9182
-20.9513
-20.997
-21.0511
-21.1092
-21.1682
-21.2256
-21.2799
-21.3303
-21.3764
-21.4183
-21.4563
-21.4906
-21.5214
-21.549
-21.574
-21.5964
-21.6167
-21.6349
-21.6512
-21.6661
-21.6795
-21.6916
-21.7027
-21.7127
-21.7216
-21.7297
-21.7369
-21.7433
-21.749
-21.7539
-21.7582
-21.762
-21.7651
-21.7677
-21.7697
-21.7712
-21.7722
-21.7727
-22.2816
-22.2811
-22.2801
-22.2787
-22.2767
-22.2743
-22.2713
-22.2677
-22.2636
-22.2589
-22.2535
-22.2473
-22.2405
-22.2328
-22.2242
-22.2146
-22.2039
-22.1921
-22.1789
-22.1643
-22.1481
-22.1301
-22.11
-22.0876
-22.0625
-22.0344
-22.0028
-21.9672
-21.9272
-21.8821
-21.8318
-21.7755
-21.7134
-21.6461
-21.5749
-21.5023
-21.4325
-21.3713
-21.3252
-21.2999
-21.2986
-21.3214
-21.3655
-21.4256
-21.4948
-21.5672
-21.6384
-21.7059
-21.7681
-21.8245
-21.875
-21.9202
-21.9604
-21.9962
-22.028
-22.0563
-22.0816
-22.1042
-22.1244
-22.1424
-22.1586
-22.1732
-22.1863
-22.1982
-22.2089
-22.2186
-22.2273
-22.2351
-22.2421
-22.2483
-22.2537
-22.2585
-22.2627
-22.2662
-22.2692
-22.2717
-22.2737
-22.2751
-22.2761
-22.2766
-22.7859
-22.7854
-22.7845
-22.7831
-22.7813
-22.7789
-22.7761
-22.7727
-22.7688
-22.7642
-22.7591
-22.7533
-22.7467
-22.7393
-22.7311
-22.7219
-22.7116
-22.7002
-22.6875
-22.6733
-22.6576
-22.6399
-22.6202
-22.5981
-22.5731
-22.5448
-22.5127
-22.4761
-22.4343
-22.3866
-22.3321
-22.2703
-22.2004
-22.1221
-22.0364
-21.9458
-21.8554
-21.7735
-21.7105
-21.6758
-21.6741
-21.7056
-21.7661
-21.8465
-21.9364
-22.0272
-22.1132
-22.1919
-22.2623
-22.3245
-22.3793
-22.4271
-22.4691
-22.5059
-22.5382
-22.5668
-22.592
-22.6143
-22.6342
-22.6519
-22.6677
-22.6818
-22.6945
-22.7059
-22.7163
-22.7256
-22.7339
-22.7414
-22.748
-22.7539
-22.7592
-22.7637
-22.7677
-22.7711
-22.7739
-22.7763
-22.7781
-22.7795
-22.7804
-22.7809
-23.2906
-23.2902
-23.2893
-23.288
-23.2863
-23.2841
-23.2814
-23.2782
-23.2745
-23.2703
-23.2654
-23.2599
-23.2537
-23.2467
-23.2389
-23.2302
-23.2205
-23.2097
-23.1976
-23.184
-23.1689
-23.152
-23.133
-23.1114
-23.087
-23.0591
-23.0271
-22.9903
-22.9476
-22.8982
-22.8407
-22.7738
-22.6962
-22.6063
-22.5038
-22.3902
-22.2713
-22.1594
-22.0716
-22.0232
-22.0212
-22.0656
-22.1504
-22.2606
-22.3791
-22.4931
-22.5963
-22.687
-22.7652
-22.8327
-22.8906
-22.9403
-22.9832
-23.0202
-23.0524
-23.0806
-23.1053
-23.1271
-23.1463
-23.1633
-23.1784
-23.1919
-23.204
-23.2149
-23.2246
-23.2334
-23.2413
-23.2484
-23.2547
-23.2603
-23.2652
-23.2695
-23.2732
-23.2764
-23.2791
-23.2813
-23.2831
-23.2844
-23.2852
-23.2857
-23.7957
-23.7953
-23.7945
-23.7933
-23.7917
-23.7897
-23.7872
-23.7842
-23.7808
-23.7768
-23.7723
-23.7672
-23.7614
-23.755
-23.7477
-23.7396
-23.7305
-23.7204
-23.7091
-23.6964
-23.6822
-23.6663
-23.6483
-23.6278
-23.6045
-23.5776
-23.5465
-23.5103
-23.468
-23.4182
-23.3592
-23.289
-23.2049
-23.1041
-22.9833
-22.8416
-22.6835
-22.5265
-22.4009
-22.3328
-22.3308
-22.3937
-22.5155
-22.6707
-22.8287
-22.9713
-23.0931
-23.1949
-23.28
-23.351
-23.4104
-23.4606
-23.5032
-23.5396
-23.5709
-23.598
-23.6216
-23.6424
-23.6606
-23.6766
-23.6908
-23.7035
-23.7148
-23.7249
-23.734
-23.7423
-23.7496
-23.7562
-23.7621
-23.7673
-23.7718
-23.7758
-23.7793
-23.7823
-23.7848
-23.7868
-23.7885
-23.7897
-23.7905
-23.7909
-24.3013
-24.3009
-24.3002
-24.2991
-24.2976
-24.2957
-24.2934
-24.2907
-24.2876
-24.284
-24.2798
-24.2752
-24.2699
-24.2639
-24.2573
-24.2499
-24.2416
-24.2323
-24.2219
-24.2104
-24.1974
-24.1827
-24.1661
-24.1472
-24.1255
-24.1003
-24.071
-24.0367
-23.9962
-23.9479
-23.8899
-23.8192
-23.7319
-23.6226
-23.4855
-23.3123
-23.1008
-22.8745
-22.6903
-22.5933
-22.5915
-22.6807
-22.8602
-23.0849
-23.2973
-23.4721
-23.6109
-23.7215
-23.8099
-23.8815
-23.9401
-23.9888
-24.0297
-24.0642
-24.0937
-24.119
-24.141
-24.1602
-24.177
-24.1918
-24.2048
-24.2164
-24.2268
-24.2361
-24.2444
-24.2519
-24.2587
-24.2647
-24.2701
-24.2748
-24.279
-24.2827
-24.2859
-24.2886
-24.2909
-24.2928
-24.2943
-24.2954
-24.2961
-24.2965
-24.8072
-24.8068
-24.8062
-24.8052
-24.8039
-24.8022
-24.8001
-24.7977
-24.7949
-24.7916
-24.7879
-24.7837
-24.7789
-24.7736
-24.7677
-24.761
-24.7536
-24.7453
-24.7361
-24.7258
-24.7142
-24.7012
-24.6864
-24.6694
-24.6499
-24.6272
-24.6008
-24.5696
-24.5326
-24.4883
-24.4343
-24.3675
-24.2826
-24.1722
-24.026
-23.8264
-23.5462
-23.2104
-22.9265
-22.7828
-22.7755
-22.8989
-23.1842
-23.5255
-23.8094
-24.0119
-24.1603
-24.2722
-24.3583
-24.4261
-24.4806
-24.5254
-24.5627
-24.5941
-24.6207
-24.6436
-24.6633
-24.6805
-24.6955
-24.7087
-24.7203
-24.7307
-24.7399
-24.7482
-24.7556
-24.7624
-24.7684
-24.7738
-24.7787
-24.7829
-24.7867
-24.79
-24.7929
-24.7954
-24.7974
-24.7991
-24.8005
-24.8015
-24.8021
-24.8025
-25.3134
-25.3131
-25.3125
-25.3116
-25.3105
-25.309
-25.3072
-25.305
-25.3025
-25.2996
-25.2964
-25.2927
-25.2885
-25.2839
-25.2787
-25.2729
-25.2665
-25.2594
-25.2514
-25.2426
-25.2326
-25.2215
-25.2088
-25.1943
-25.1776
-25.1581
-25.1354
-25.1087
-25.0771
-25.0392
-24.993
-24.9356
-24.8617
-24.7631
-24.6278
-24.4257
-24.0762
-23.5333
-23.0488
-22.8559
-22.8555
-23.0135
-23.4736
-24.0441
-24.4105
-24.6158
-24.7524
-24.852
-24.9269
-24.9852
-25.032
-25.0703
-25.1022
-25.129
-25.1518
-25.1714
-25.1883
-25.203
-25.2159
-25.2272
-25.2372
-25.2461
-25.254
-25.2612
-25.2677
-25.2735
-25.2788
-25.2835
-25.2878
-25.2915
-25.2949
-25.2978
-25.3003
-25.3025
-25.3043
-25.3058
-25.307
-25.3079
-25.3085
-25.3088
-25.8199
-25.8196
-25.8191
-25.8184
-25.8174
-25.8161
-25.8145
-25.8127
-25.8105
-25.8081
-25.8053
-25.8022
-25.7986
-25.7947
-25.7904
-25.7855
-25.7802
-25.7743
-25.7677
-25.7605
-25.7524
-25.7433
-25.7331
-25.7214
-25.708
-25.6924
-25.6744
-25.6533
-25.6286
-25.5995
-25.5648
-25.5227
-25.4706
-25.4021
-25.3146
-25.1968
-24.8404
-24.0402
-23.2352
-22.9434
-22.9725
-23.2778
-24.0032
-24.7837
-25.1726
-25.3027
-25.3934
-25.4625
-25.5153
-25.5577
-25.5929
-25.6224
-25.6473
-25.6684
-25.6864
-25.702
-25.7156
-25.7275
-25.7379
-25.7471
-25.7552
-25.7625
-25.769
-25.775
-25.7804
-25.7853
-25.7897
-25.7937
-25.7973
-25.8005
-25.8034
-25.8059
-25.8081
-25.8099
-25.8115
-25.8128
-25.8138
-25.8146
-25.8151
-25.8153
-26.3266
-26.3264
-26.326
-26.3254
-26.3245
-26.3234
-26.3221
-26.3206
-26.3188
-26.3168
-26.3145
-26.312
-26.3091
-26.306
-26.3025
-26.2986
-26.2944
-26.2898
-26.2848
-26.2793
-26.2732
-26.2665
-26.2589
-26.2503
-26.2406
-26.2295
-26.2167
-26.2022
-26.1855
-26.1667
-26.1457
-26.1234
-26.1023
-26.0847
-26.0973
-26.2517
-26.3832
-25.975
-24.5602
-23.5253
-23.5359
-24.6483
-26.0982
-26.3979
-26.2508
-26.0948
-26.0823
-26.098
-26.1183
-26.14
-26.1609
-26.1799
-26.1965
-26.2111
-26.2238
-26.2349
-26.2447
-26.2534
-26.2611
-26.268
-26.2741
-26.2797
-26.2847
-26.2894
-26.2936
-26.2975
-26.3011
-26.3043
-26.3072
-26.3099
-26.3122
-26.3143
-26.3161
-26.3176
-26.319
-26.32
-26.3209
-26.3215
-26.322
-26.3222
-26.8336
-26.8334
-26.8331
-26.8326
-26.8319
-26.831
-26.83
-26.8288
-26.8274
-26.8258
-26.824
-26.822
-26.8199
-26.8175
-26.8149
-26.8121
-26.8091
-26.8059
-26.8024
-26.7987
-26.7947
-26.7904
-26.7857
-26.7805
-26.7748
-26.7684
-26.7613
-26.7536
-26.7455
-26.7372
-26.7299
-26.7266
-26.7352
-26.771
-26.8797
-27.2996
-28.4439
-30.3639
-26.7119
-24.2323
-24.2422
-26.6935
-30.4998
-28.5632
-27.3512
-26.8988
-26.7772
-26.7355
-26.724
-26.7258
-26.7325
-26.7405
-26.7485
-26.7561
-26.763
-26.7694
-26.7752
-26.7804
-26.7853
-26.7897
-26.7937
-26.7974
-26.8009
-26.8042
-26.8072
-26.8101
-26.8128
-26.8152
-26.8175
-26.8195
-26.8213
-26.8229
-26.8244
-26.8256
-26.8266
-26.8275
-26.8282
-26.8287
-26.8291
-26.8292
-27.3407
-27.3406
-27.3403
-27.3399
-27.3394
-27.3388
-27.338
-27.3371
-27.3361
-27.3349
-27.3337
-27.3323
-27.3308
-27.3292
-27.3276
-27.3258
-27.324
-27.3222
-27.3203
-27.3185
-27.3167
-27.3149
-27.3131
-27.3113
-27.3097
-27.3082
-27.307
-27.3062
-27.3063
-27.3078
-27.3118
-27.321
-27.3416
-27.3873
-27.4832
-27.8418
-28.8526
-31.6232
-43.7747
-74.2794
-74.2293
-43.5819
-31.643
-28.9381
-27.8963
-27.5042
-27.3969
-27.3446
-27.3203
-27.3091
-27.304
-27.3019
-27.3015
-27.302
-27.3031
-27.3046
-27.3062
-27.308
-27.3099
-27.3117
-27.3136
-27.3155
-27.3174
-27.3192
-27.3211
-27.3229
-27.3246
-27.3263
-27.3278
-27.3293
-27.3306
-27.3318
-27.3328
-27.3337
-27.3345
-27.3352
-27.3357
-27.3361
-27.3363
-27.3365
-27.848
-27.8479
-27.8477
-27.8474
-27.8471
-27.8466
-27.8461
-27.8455
-27.8449
-27.8442
-27.8435
-27.8427
-27.8419
-27.8411
-27.8403
-27.8396
-27.839
-27.8386
-27.8383
-27.8383
-27.8386
-27.8393
-27.8405
-27.8422
-27.8446
-27.848
-27.8525
-27.8586
-27.8666
-27.8769
-27.8899
-27.9054
-27.9216
-27.9284
-27.877
-27.7189
-27.5495
-29.0184
-65.8908
-97.4655
-97.3826
-65.8454
-29.0589
-27.5818
-27.7427
-27.894
-27.9366
-27.9246
-27.9053
-27.8878
-27.8736
-27.8626
-27.8542
-27.8479
-27.8432
-27.8398
-27.8373
-27.8356
-27.8345
-27.8338
-27.8335
-27.8336
-27.8339
-27.8344
-27.835
-27.8358
-27.8366
-27.8375
-27.8383
-27.8392
-27.84
-27.8407
-27.8414
-27.842
-27.8425
-27.8429
-27.8433
-27.8436
-27.8437
-27.8438
-28.3553
-28.3552
-28.3551
-28.355
-28.3548
-28.3546
-28.3543
-28.354
-28.3538
-28.3535
-28.3532
-28.353
-28.3529
-28.3529
-28.353
-28.3533
-28.3539
-28.3547
-28.356
-28.3578
-28.3602
-28.3633
-28.3673
-28.3724
-28.3788
-28.3868
-28.3969
-28.4096
-28.4252
-28.4443
-28.4666
-28.4901
-28.5079
-28.5014
-28.3705
-27.9733
-28.4363
-33.3965
-37.1734
-36.5288
-36.54
-37.2371
-33.4143
-28.4245
-27.9764
-28.3817
-28.5064
-28.5092
-28.4894
-28.4644
-28.4412
-28.4215
-28.4054
-28.3925
-28.3823
-28.3742
-28.3677
-28.3627
-28.3587
-28.3556
-28.3532
-28.3515
-28.3502
-28.3494
-28.3489
-28.3486
-28.3486
-28.3487
-28.3489
-28.3491
-28.3494
-28.3497
-28.35
-28.3503
-28.3506
-28.3508
-28.351
-28.3511
-28.3512
-28.3513
-28.8627
-28.8626
-28.8626
-28.8626
-28.8625
-28.8625
-28.8625
-28.8625
-28.8626
-28.8627
-28.863
-28.8633
-28.8638
-28.8645
-28.8655
-28.8667
-28.8684
-28.8706
-28.8733
-28.8768
-28.8812
-28.8865
-28.8932
-28.9014
-28.9115
-28.9239
-28.9392
-28.9582
-28.9814
-29.0098
-29.0441
-29.0841
-29.1331
-29.1766
-29.2619
-29.859
-31.2946
-19.2735
1.06261
26.2287
26.2359
1.05703
-19.3159
-31.2939
-29.8589
-29.2625
-29.1756
-29.1323
-29.0821
-29.0416
-29.0067
-28.9778
-28.9542
-28.935
-28.9196
-28.9071
-28.8969
-28.8887
-28.8821
-28.8767
-28.8723
-28.8689
-28.8662
-28.8641
-28.8625
-28.8613
-28.8604
-28.8597
-28.8593
-28.859
-28.8588
-28.8587
-28.8586
-28.8586
-28.8586
-28.8587
-28.8587
-28.8588
-28.8588
-28.8588
-29.37
-29.3701
-29.3701
-29.3702
-29.3703
-29.3704
-29.3707
-29.371
-29.3714
-29.3719
-29.3725
-29.3734
-29.3745
-29.3759
-29.3776
-29.3798
-29.3825
-29.3858
-29.3899
-29.3949
-29.4011
-29.4085
-29.4176
-29.4286
-29.442
-29.4584
-29.4784
-29.5031
-29.5335
-29.5715
-29.6199
-29.6836
-29.7764
-29.9301
-30.2752
-31.2874
-33.6452
-34.3741
-32.5917
-32.8947
-32.891
-32.5874
-34.3791
-33.6497
-31.2847
-30.2673
-29.9273
-29.774
-29.6811
-29.6171
-29.5683
-29.5299
-29.4992
-29.4743
-29.4542
-29.4378
-29.4243
-29.4133
-29.4042
-29.3968
-29.3906
-29.3857
-29.3816
-29.3783
-29.3757
-29.3736
-29.3719
-29.3706
-29.3695
-29.3687
-29.3681
-29.3676
-29.3672
-29.3669
-29.3667
-29.3666
-29.3665
-29.3664
-29.3664
-29.3663
-29.8774
-29.8774
-29.8776
-29.8777
-29.878
-29.8783
-29.8787
-29.8793
-29.88
-29.8808
-29.8819
-29.8833
-29.8849
-29.8869
-29.8893
-29.8923
-29.8959
-29.9003
-29.9056
-29.912
-29.9197
-29.9289
-29.9401
-29.9535
-29.9697
-29.9894
-30.0134
-30.0428
-30.0793
-30.1253
-30.185
-30.2662
-30.3853
-30.5754
-30.9287
-31.6204
-32.2651
-32.6857
-32.2624
-32.2722
-32.2705
-32.2625
-32.6866
-32.2666
-31.6145
-30.9233
-30.572
-30.3824
-30.2633
-30.182
-30.122
-30.0757
-30.039
-30.0095
-29.9854
-29.9657
-29.9494
-29.936
-29.9248
-29.9156
-29.9079
-29.9015
-29.8963
-29.8919
-29.8884
-29.8855
-29.8831
-29.8812
-29.8796
-29.8783
-29.8772
-29.8764
-29.8757
-29.8752
-29.8747
-29.8744
-29.8742
-29.874
-29.8739
-29.8738
-30.3847
-30.3848
-30.385
-30.3852
-30.3856
-30.3861
-30.3867
-30.3875
-30.3884
-30.3896
-30.391
-30.3928
-30.3949
-30.3975
-30.4005
-30.4042
-30.4086
-30.4139
-30.4202
-30.4278
-30.4368
-30.4475
-30.4604
-30.4757
-30.4942
-30.5164
-30.5432
-30.576
-30.6164
-30.667
-30.7317
-30.8166
-30.9314
-31.0877
-31.2989
-31.5775
-31.9328
-32.2192
-32.2749
-32.294
-32.294
-32.2756
-32.2191
-31.9324
-31.5757
-31.2961
-31.0845
-30.9282
-30.8133
-30.7284
-30.6636
-30.6129
-30.5723
-30.5395
-30.5125
-30.4903
-30.4718
-30.4564
-30.4436
-30.4328
-30.4238
-30.4163
-30.4101
-30.4048
-30.4005
-30.3969
-30.3938
-30.3913
-30.3893
-30.3876
-30.3861
-30.385
-30.384
-30.3833
-30.3826
-30.3822
-30.3818
-30.3816
-30.3814
-30.3813
-30.8919
-30.892
-30.8922
-30.8926
-30.8931
-30.8937
-30.8945
-30.8954
-30.8966
-30.8981
-30.8998
-30.902
-30.9045
-30.9075
-30.9111
-30.9154
-30.9205
-30.9265
-30.9337
-30.9421
-30.9522
-30.9641
-30.9782
-30.995
-31.015
-31.0388
-31.0675
-31.1021
-31.1441
-31.1958
-31.2599
-31.3403
-31.4415
-31.5681
-31.7267
-31.9269
-32.1299
-32.3004
-32.3846
-32.4136
-32.4136
-32.385
-32.3006
-32.1291
-31.9247
-31.724
-31.565
-31.4383
-31.337
-31.2566
-31.1924
-31.1406
-31.0985
-31.0639
-31.0352
-31.0113
-30.9913
-30.9745
-30.9603
-30.9484
-30.9384
-30.93
-30.9228
-30.9169
-30.9118
-30.9076
-30.9041
-30.9011
-30.8986
-30.8965
-30.8948
-30.8934
-30.8922
-30.8912
-30.8904
-30.8898
-30.8893
-30.889
-30.8888
-30.8887
-31.399
-31.3992
-31.3994
-31.3998
-31.4004
-31.4011
-31.402
-31.4032
-31.4046
-31.4063
-31.4083
-31.4107
-31.4136
-31.417
-31.421
-31.4257
-31.4314
-31.438
-31.4458
-31.4549
-31.4657
-31.4785
-31.4934
-31.5111
-31.532
-31.5567
-31.5861
-31.621
-31.6628
-31.7131
-31.7738
-31.8469
-31.9347
-32.0391
-32.1606
-32.2962
-32.4297
-32.5456
-32.6238
-32.6572
-32.657
-32.6233
-32.5448
-32.4284
-32.2943
-32.158
-32.0361
-31.9316
-31.8437
-31.7705
-31.7099
-31.6595
-31.6176
-31.5826
-31.5532
-31.5285
-31.5076
-31.4899
-31.4749
-31.4622
-31.4514
-31.4423
-31.4345
-31.428
-31.4224
-31.4177
-31.4137
-31.4104
-31.4075
-31.4052
-31.4032
-31.4015
-31.4001
-31.399
-31.398
-31.3973
-31.3967
-31.3963
-31.3961
-31.396
-31.906
-31.9062
-31.9065
-31.9069
-31.9075
-31.9084
-31.9094
-31.9107
-31.9122
-31.9141
-31.9164
-31.919
-31.9221
-31.9258
-31.9301
-31.9352
-31.9412
-31.9483
-31.9565
-31.9661
-31.9774
-31.9906
-32.006
-32.0241
-32.0452
-32.0701
-32.0992
-32.1334
-32.1737
-32.2211
-32.2767
-32.3417
-32.4167
-32.5018
-32.5963
-32.6954
-32.7908
-32.8733
-32.9317
-32.9599
-32.9597
-32.9311
-32.8723
-32.7893
-32.6934
-32.5939
-32.4991
-32.4139
-32.3387
-32.2737
-32.218
-32.1705
-32.1302
-32.0959
-32.0668
-32.0419
-32.0207
-32.0027
-31.9872
-31.9741
-31.9628
-31.9532
-31.945
-31.9381
-31.9321
-31.9271
-31.9228
-31.9191
-31.916
-31.9134
-31.9112
-31.9093
-31.9078
-31.9065
-31.9055
-31.9046
-31.904
-31.9035
-31.9032
-31.9031
-32.4128
-32.413
-32.4133
-32.4138
-32.4145
-32.4154
-32.4165
-32.4179
-32.4196
-32.4216
-32.424
-32.4268
-32.4301
-32.434
-32.4385
-32.4439
-32.4501
-32.4574
-32.4659
-32.4757
-32.4872
-32.5005
-32.516
-32.534
-32.5549
-32.5793
-32.6075
-32.6401
-32.6779
-32.7215
-32.7716
-32.8284
-32.8919
-32.9619
-33.0363
-33.1116
-33.1826
-33.2432
-33.2866
-33.3086
-33.3083
-33.2859
-33.242
-33.1811
-33.1098
-33.0342
-32.9595
-32.8894
-32.8257
-32.7688
-32.7187
-32.675
-32.6371
-32.6044
-32.5762
-32.5518
-32.5309
-32.5129
-32.4974
-32.484
-32.4726
-32.4628
-32.4544
-32.4471
-32.441
-32.4357
-32.4311
-32.4273
-32.424
-32.4212
-32.4188
-32.4168
-32.4152
-32.4138
-32.4127
-32.4118
-32.4111
-32.4106
-32.4103
-32.4101
-32.9195
-32.9197
-32.92
-32.9205
-32.9213
-32.9222
-32.9234
-32.9248
-32.9266
-32.9287
-32.9311
-32.9341
-32.9375
-32.9415
-32.9462
-32.9516
-32.9579
-32.9653
-32.9738
-32.9837
-32.9951
-33.0083
-33.0236
-33.0411
-33.0614
-33.0847
-33.1114
-33.1419
-33.1768
-33.2162
-33.2606
-33.3098
-33.3636
-33.4211
-33.4805
-33.5391
-33.5933
-33.6388
-33.6714
-33.6881
-33.6878
-33.6707
-33.6377
-33.5919
-33.5375
-33.4786
-33.419
-33.3613
-33.3073
-33.258
-33.2136
-33.174
-33.1392
-33.1085
-33.0818
-33.0585
-33.0382
-33.0206
-33.0054
-32.9922
-32.9808
-32.971
-32.9625
-32.9552
-32.9489
-32.9435
-32.9388
-32.9349
-32.9315
-32.9286
-32.9261
-32.924
-32.9223
-32.9208
-32.9197
-32.9187
-32.918
-32.9175
-32.9171
-32.917
-33.426
-33.4262
-33.4265
-33.4271
-33.4278
-33.4288
-33.43
-33.4315
-33.4332
-33.4354
-33.4379
-33.4408
-33.4443
-33.4483
-33.453
-33.4584
-33.4647
-33.472
-33.4804
-33.4901
-33.5013
-33.5141
-33.5288
-33.5456
-33.5649
-33.5868
-33.6117
-33.6398
-33.6714
-33.7066
-33.7455
-33.7879
-33.8333
-33.8807
-33.9286
-33.9748
-34.0168
-34.0517
-34.0765
-34.0892
-34.0891
-34.0759
-34.0508
-34.0157
-33.9734
-33.9269
-33.8788
-33.8312
-33.7856
-33.7431
-33.7041
-33.6688
-33.6372
-33.609
-33.5841
-33.5622
-33.5429
-33.5261
-33.5114
-33.4986
-33.4874
-33.4778
-33.4694
-33.4622
-33.4559
-33.4505
-33.4459
-33.4419
-33.4384
-33.4355
-33.433
-33.4309
-33.4291
-33.4276
-33.4264
-33.4255
-33.4247
-33.4242
-33.4238
-33.4236
-33.9323
-33.9325
-33.9328
-33.9334
-33.9341
-33.9351
-33.9363
-33.9378
-33.9396
-33.9417
-33.9442
-33.9471
-33.9505
-33.9545
-33.9591
-33.9644
-33.9705
-33.9776
-33.9857
-33.9951
-34.0057
-34.018
-34.0319
-34.0477
-34.0657
-34.086
-34.1088
-34.1343
-34.1626
-34.1937
-34.2275
-34.2638
-34.302
-34.3412
-34.38
-34.4169
-34.4499
-34.477
-34.4962
-34.506
-34.5059
-34.4957
-34.4763
-34.4489
-34.4156
-34.3785
-34.3394
-34.3001
-34.2618
-34.2254
-34.1914
-34.1602
-34.1319
-34.1064
-34.0835
-34.0632
-34.0453
-34.0294
-34.0155
-34.0033
-33.9926
-33.9833
-33.9752
-33.9682
-33.9621
-33.9568
-33.9522
-33.9483
-33.9449
-33.942
-33.9395
-33.9374
-33.9356
-33.9341
-33.9329
-33.932
-33.9312
-33.9307
-33.9303
-33.9302
-34.4384
-34.4386
-34.439
-34.4395
-34.4402
-34.4412
-34.4424
-34.4438
-34.4455
-34.4476
-34.45
-34.4529
-34.4562
-34.46
-34.4644
-34.4695
-34.4754
-34.4821
-34.4898
-34.4987
-34.5087
-34.5202
-34.5331
-34.5478
-34.5643
-34.5828
-34.6034
-34.6262
-34.6512
-34.6784
-34.7076
-34.7385
-34.7705
-34.8028
-34.8345
-34.8641
-34.8903
-34.9116
-34.9266
-34.9343
-34.9341
-34.9262
-34.911
-34.8894
-34.863
-34.8331
-34.8013
-34.7688
-34.7366
-34.7056
-34.6763
-34.6491
-34.624
-34.6012
-34.5806
-34.5621
-34.5456
-34.5309
-34.5179
-34.5065
-34.4965
-34.4877
-34.48
-34.4733
-34.4674
-34.4624
-34.4579
-34.4541
-34.4508
-34.448
-34.4456
-34.4436
-34.4418
-34.4404
-34.4392
-34.4383
-34.4376
-34.437
-34.4367
-34.4365
-34.9444
-34.9446
-34.9449
-34.9454
-34.9461
-34.947
-34.9482
-34.9496
-34.9512
-34.9532
-34.9555
-34.9582
-34.9613
-34.9649
-34.9691
-34.9738
-34.9793
-34.9857
-34.9928
-35.001
-35.0103
-35.0208
-35.0327
-35.046
-35.0609
-35.0775
-35.0958
-35.116
-35.1378
-35.1613
-35.1863
-35.2125
-35.2392
-35.2659
-35.2916
-35.3155
-35.3365
-35.3533
-35.3651
-35.3711
-35.371
-35.3647
-35.3527
-35.3356
-35.3145
-35.2904
-35.2645
-35.2376
-35.2108
-35.1846
-35.1595
-35.1359
-35.114
-35.0939
-35.0755
-35.059
-35.044
-35.0307
-35.0189
-35.0084
-34.9991
-34.9909
-34.9838
-34.9775
-34.972
-34.9672
-34.9631
-34.9595
-34.9563
-34.9537
-34.9514
-34.9494
-34.9478
-34.9464
-34.9453
-34.9444
-34.9437
-34.9432
-34.9428
-34.9427
-35.4502
-35.4504
-35.4507
-35.4512
-35.4518
-35.4527
-35.4537
-35.455
-35.4566
-35.4584
-35.4605
-35.463
-35.4659
-35.4692
-35.4731
-35.4775
-35.4825
-35.4883
-35.4948
-35.5023
-35.5107
-35.5202
-35.5308
-35.5427
-35.5559
-35.5705
-35.5866
-35.6041
-35.6229
-35.6431
-35.6642
-35.6861
-35.7083
-35.7302
-35.7512
-35.7704
-35.7872
-35.8005
-35.8099
-35.8146
-35.8145
-35.8095
-35.8
-35.7864
-35.7695
-35.7501
-35.729
-35.7069
-35.6846
-35.6627
-35.6415
-35.6213
-35.6024
-35.5849
-35.5688
-35.5542
-35.541
-35.5291
-35.5184
-35.509
-35.5006
-35.4932
-35.4866
-35.4809
-35.4759
-35.4715
-35.4676
-35.4643
-35.4614
-35.4589
-35.4568
-35.455
-35.4535
-35.4522
-35.4511
-35.4503
-35.4496
-35.4491
-35.4488
-35.4487
-35.9559
-35.956
-35.9563
-35.9567
-35.9573
-35.9581
-35.9591
-35.9602
-35.9616
-35.9633
-35.9652
-35.9675
-35.9701
-35.9731
-35.9765
-35.9805
-35.985
-35.9901
-35.996
-36.0026
-36.01
-36.0184
-36.0277
-36.0381
-36.0496
-36.0622
-36.076
-36.0909
-36.1069
-36.1239
-36.1416
-36.1597
-36.1779
-36.1958
-36.2127
-36.2282
-36.2415
-36.2521
-36.2595
-36.2632
-36.2631
-36.2592
-36.2516
-36.2409
-36.2274
-36.2118
-36.1947
-36.1767
-36.1584
-36.1402
-36.1225
-36.1055
-36.0895
-36.0745
-36.0607
-36.0481
-36.0366
-36.0262
-36.0169
-36.0085
-36.0011
-35.9945
-35.9887
-35.9836
-35.9791
-35.9751
-35.9717
-35.9687
-35.9661
-35.9638
-35.9619
-35.9603
-35.9589
-35.9577
-35.9568
-35.956
-35.9554
-35.955
-35.9547
-35.9545
-36.4614
-36.4615
-36.4618
-36.4621
-36.4627
-36.4634
-36.4642
-36.4652
-36.4664
-36.4679
-36.4696
-36.4716
-36.4738
-36.4765
-36.4795
-36.4829
-36.4868
-36.4913
-36.4963
-36.502
-36.5084
-36.5156
-36.5235
-36.5324
-36.5421
-36.5528
-36.5643
-36.5768
-36.5901
-36.6041
-36.6186
-36.6333
-36.6481
-36.6624
-36.676
-36.6883
-36.6988
-36.7071
-36.7129
-36.7158
-36.7157
-36.7126
-36.7067
-36.6982
-36.6876
-36.6752
-36.6616
-36.6471
-36.6323
-36.6175
-36.6029
-36.5889
-36.5756
-36.5631
-36.5515
-36.5409
-36.5311
-36.5223
-36.5143
-36.5072
-36.5008
-36.4951
-36.4901
-36.4856
-36.4817
-36.4783
-36.4753
-36.4727
-36.4704
-36.4684
-36.4667
-36.4653
-36.4641
-36.4631
-36.4622
-36.4615
-36.461
-36.4606
-36.4604
-36.4603
-36.9668
-36.9669
-36.9671
-36.9674
-36.9679
-36.9684
-36.9691
-36.97
-36.971
-36.9723
-36.9737
-36.9753
-36.9773
-36.9795
-36.982
-36.9849
-36.9881
-36.9919
-36.996
-37.0008
-37.0061
-37.012
-37.0185
-37.0258
-37.0337
-37.0424
-37.0518
-37.0619
-37.0726
-37.0838
-37.0954
-37.1071
-37.1188
-37.1301
-37.1407
-37.1502
-37.1584
-37.1648
-37.1693
-37.1715
-37.1715
-37.1691
-37.1645
-37.158
-37.1497
-37.1401
-37.1294
-37.118
-37.1063
-37.0945
-37.0829
-37.0717
-37.061
-37.0509
-37.0414
-37.0327
-37.0248
-37.0175
-37.011
-37.005
-36.9998
-36.995
-36.9909
-36.9872
-36.9839
-36.981
-36.9785
-36.9763
-36.9744
-36.9727
-36.9713
-36.9701
-36.9691
-36.9682
-36.9675
-36.9669
-36.9665
-36.9662
-36.966
-36.9658
-37.4721
-37.4721
-37.4723
-37.4726
-37.4729
-37.4734
-37.4739
-37.4746
-37.4755
-37.4764
-37.4776
-37.4789
-37.4804
-37.4821
-37.4841
-37.4864
-37.489
-37.4919
-37.4953
-37.499
-37.5031
-37.5077
-37.5129
-37.5185
-37.5247
-37.5314
-37.5387
-37.5465
-37.5547
-37.5633
-37.5721
-37.5811
-37.5899
-37.5985
-37.6065
-37.6137
-37.6198
-37.6247
-37.628
-37.6297
-37.6296
-37.6279
-37.6245
-37.6195
-37.6133
-37.6061
-37.598
-37.5894
-37.5805
-37.5715
-37.5626
-37.554
-37.5458
-37.538
-37.5307
-37.5239
-37.5177
-37.5121
-37.5069
-37.5023
-37.4982
-37.4945
-37.4912
-37.4882
-37.4857
-37.4834
-37.4814
-37.4797
-37.4781
-37.4768
-37.4757
-37.4747
-37.4739
-37.4732
-37.4727
-37.4722
-37.4718
-37.4716
-37.4714
-37.4713
-37.9773
-37.9773
-37.9774
-37.9776
-37.9779
-37.9782
-37.9786
-37.9791
-37.9797
-37.9804
-37.9813
-37.9822
-37.9833
-37.9846
-37.986
-37.9877
-37.9896
-37.9917
-37.994
-37.9967
-37.9997
-38.003
-38.0067
-38.0107
-38.0151
-38.0199
-38.0251
-38.0307
-38.0365
-38.0426
-38.0489
-38.0553
-38.0615
-38.0676
-38.0733
-38.0784
-38.0827
-38.0861
-38.0885
-38.0896
-38.0896
-38.0884
-38.086
-38.0825
-38.0781
-38.073
-38.0673
-38.0612
-38.0549
-38.0485
-38.0422
-38.036
-38.0302
-38.0246
-38.0194
-38.0146
-38.0102
-38.0061
-38.0024
-37.9991
-37.9961
-37.9935
-37.9911
-37.989
-37.9871
-37.9855
-37.984
-37.9828
-37.9817
-37.9807
-37.9799
-37.9792
-37.9786
-37.9781
-37.9777
-37.9774
-37.9771
-37.9769
-37.9768
-37.9767
-38.4824
-38.4824
-38.4825
-38.4826
-38.4828
-38.483
-38.4832
-38.4835
-38.4839
-38.4843
-38.4848
-38.4854
-38.4861
-38.4868
-38.4877
-38.4887
-38.4898
-38.4911
-38.4925
-38.4941
-38.4959
-38.4979
-38.5001
-38.5026
-38.5052
-38.5081
-38.5113
-38.5146
-38.5181
-38.5219
-38.5257
-38.5296
-38.5334
-38.5372
-38.5407
-38.5438
-38.5465
-38.5486
-38.5501
-38.5508
-38.5508
-38.5501
-38.5486
-38.5464
-38.5437
-38.5405
-38.537
-38.5332
-38.5293
-38.5254
-38.5216
-38.5178
-38.5143
-38.5109
-38.5078
-38.5049
-38.5022
-38.4998
-38.4976
-38.4956
-38.4938
-38.4922
-38.4908
-38.4895
-38.4884
-38.4874
-38.4865
-38.4857
-38.4851
-38.4845
-38.484
-38.4836
-38.4832
-38.4829
-38.4827
-38.4824
-38.4823
-38.4822
-38.4821
-38.4821
-38.9875
-38.9875
-38.9875
-38.9875
-38.9876
-38.9877
-38.9877
-38.9878
-38.988
-38.9881
-38.9883
-38.9885
-38.9887
-38.989
-38.9893
-38.9896
-38.99
-38.9904
-38.9909
-38.9914
-38.992
-38.9927
-38.9934
-38.9942
-38.9951
-38.9961
-38.9972
-38.9983
-38.9996
-39.001
-39.0024
-39.0038
-39.0053
-39.0068
-39.0082
-39.0094
-39.0105
-39.0114
-39.012
-39.0123
-39.0123
-39.012
-39.0114
-39.0105
-39.0094
-39.0081
-39.0067
-39.0052
-39.0037
-39.0023
-39.0009
-38.9995
-38.9982
-38.9971
-38.996
-38.995
-38.9941
-38.9933
-38.9926
-38.9919
-38.9913
-38.9908
-38.9903
-38.9899
-38.9895
-38.9892
-38.9889
-38.9886
-38.9884
-38.9882
-38.988
-38.9879
-38.9877
-38.9876
-38.9876
-38.9875
-38.9874
-38.9874
-38.9874
-38.9874
)
;

boundaryField
{
    lowerWall
    {
        type            calculated;
        value           nonuniform List<scalar> 
80
(
7731.03
7731.04
7731.03
7731.03
7731.03
7731.03
7731.03
7731.04
7731.04
7731.04
7731.04
7731.04
7731.05
7731.05
7731.05
7731.05
7731.06
7731.06
7731.06
7731.07
7731.07
7731.07
7731.08
7731.08
7731.08
7731.09
7731.09
7731.09
7731.09
7731.1
7731.1
7731.1
7731.1
7731.11
7731.11
7731.11
7731.11
7731.11
7731.11
7731.11
7731.11
7731.11
7731.11
7731.11
7731.11
7731.11
7731.11
7731.11
7731.1
7731.1
7731.1
7731.1
7731.09
7731.09
7731.09
7731.09
7731.08
7731.08
7731.08
7731.07
7731.07
7731.07
7731.06
7731.06
7731.06
7731.06
7731.05
7731.05
7731.05
7731.05
7731.04
7731.04
7731.04
7731.04
7731.04
7731.04
7731.04
7731.04
7731.03
7731.03
)
;
    }
    rightWall
    {
        type            calculated;
        value           nonuniform List<scalar> 
80
(
7537.53
7150.53
6763.52
6376.52
5989.51
5602.51
5215.5
4828.49
4441.49
4054.48
3667.48
3280.47
2893.46
2506.45
2119.45
1732.44
1345.43
958.42
571.411
184.4
-9.35096
-9.84382
-10.3349
-10.8264
-11.3184
-11.8108
-12.3038
-12.7973
-13.2913
-13.7858
-14.2809
-14.7764
-15.2725
-15.7692
-16.2664
-16.7641
-17.2625
-17.7613
-18.2608
-18.7608
-19.2614
-19.7626
-20.2643
-20.7666
-21.2694
-21.7727
-22.2766
-22.7809
-23.2857
-23.7909
-24.2965
-24.8025
-25.3088
-25.8153
-26.3222
-26.8292
-27.3365
-27.8438
-28.3513
-28.8588
-29.3663
-29.8738
-30.3813
-30.8887
-31.396
-31.9031
-32.4101
-32.917
-33.4236
-33.9302
-34.4365
-34.9427
-35.4487
-35.9545
-36.4603
-36.9658
-37.4713
-37.9767
-38.4821
-38.9874
)
;
    }
    atmosphere
    {
        type            calculated;
        value           nonuniform List<scalar> 
80
(
-39.24
-39.24
-39.24
-39.24
-39.24
-39.24
-39.24
-39.24
-39.24
-39.24
-39.24
-39.24
-39.24
-39.24
-39.24
-39.24
-39.24
-39.24
-39.24
-39.24
-39.24
-39.24
-39.24
-39.24
-39.24
-39.24
-39.2401
-39.2401
-39.2402
-39.2404
-39.2406
-39.2409
-39.2411
-39.2415
-39.2418
-39.2421
-39.2424
-39.2427
-39.2428
-39.2429
-39.2429
-39.2428
-39.2426
-39.2424
-39.2421
-39.2418
-39.2414
-39.2411
-39.2408
-39.2406
-39.2404
-39.2402
-39.2401
-39.2401
-39.24
-39.24
-39.24
-39.24
-39.24
-39.24
-39.24
-39.24
-39.24
-39.24
-39.24
-39.24
-39.24
-39.24
-39.24
-39.24
-39.24
-39.24
-39.24
-39.24
-39.24
-39.24
-39.24
-39.24
-39.24
-39.24
)
;
    }
    leftWall
    {
        type            calculated;
        value           nonuniform List<scalar> 
80
(
7537.53
7150.52
6763.51
6376.51
5989.51
5602.5
5215.5
4828.49
4441.48
4054.48
3667.47
3280.46
2893.46
2506.45
2119.44
1732.43
1345.42
958.415
571.406
184.394
-9.35635
-9.84918
-10.3402
-10.8317
-11.3237
-11.8162
-12.3092
-12.8027
-13.2967
-13.7912
-14.2862
-14.7818
-15.2778
-15.7745
-16.2717
-16.7694
-17.2677
-17.7666
-18.266
-18.7661
-19.2666
-19.7678
-20.2695
-20.7717
-21.2745
-21.7778
-22.2816
-22.7859
-23.2906
-23.7957
-24.3013
-24.8072
-25.3134
-25.8199
-26.3266
-26.8336
-27.3407
-27.848
-28.3553
-28.8627
-29.37
-29.8774
-30.3847
-30.8919
-31.399
-31.906
-32.4128
-32.9195
-33.426
-33.9323
-34.4384
-34.9444
-35.4502
-35.9559
-36.4614
-36.9668
-37.4721
-37.9773
-38.4824
-38.9875
)
;
    }
    frontAndBack
    {
        type            empty;
    }
}


// ************************************************************************* //
