/*--------------------------------*- C++ -*----------------------------------*\
| =========                 |                                                 |
| \\      /  F ield         | OpenFOAM: The Open Source CFD Toolbox           |
|  \\    /   O peration     | Version:  2412                                  |
|   \\  /    A nd           | Website:  www.openfoam.com                      |
|    \\/     M anipulation  |                                                 |
\*---------------------------------------------------------------------------*/
FoamFile
{
    version     2.0;
    format      ascii;
    arch        "LSB;label=32;scalar=64";
    class       volScalarField;
    location    "9.1";
    object      p;
}
// * * * * * * * * * * * * * * * * * * * * * * * * * * * * * * * * * * * * * //

dimensions      [1 -1 -2 0 0 0 0];

internalField   nonuniform List<scalar> 
6400
(
7113.48
7113.33
7113.07
7112.76
7112.4
7112.02
7111.65
7111.31
7111.03
7110.81
7110.68
7110.66
7110.74
7110.94
7111.26
7111.67
7112.17
7112.75
7113.37
7114.03
7114.69
7115.33
7115.94
7116.49
7116.98
7117.39
7117.72
7117.97
7118.14
7118.23
7118.27
7118.25
7118.19
7118.11
7118.02
7117.93
7117.85
7117.79
7117.76
7117.77
7117.8
7117.87
7117.97
7118.09
7118.21
7118.33
7118.43
7118.51
7118.53
7118.49
7118.38
7118.18
7117.89
7117.5
7117.02
7116.45
7115.79
7115.07
7114.3
7113.5
7112.7
7111.92
7111.18
7110.52
7109.95
7109.5
7109.17
7108.97
7108.9
7108.97
7109.14
7109.42
7109.77
7110.17
7110.61
7111.04
7111.45
7111.8
7112.09
7112.26
6750.65
6750.47
6750.2
6749.85
6749.47
6749.07
6748.68
6748.31
6748
6747.77
6747.62
6747.59
6747.67
6747.86
6748.18
6748.61
6749.12
6749.71
6750.36
6751.03
6751.71
6752.37
6753
6753.56
6754.06
6754.48
6754.81
6755.06
6755.22
6755.31
6755.33
6755.3
6755.23
6755.14
6755.03
6754.93
6754.84
6754.77
6754.74
6754.74
6754.78
6754.86
6754.96
6755.09
6755.23
6755.36
6755.48
6755.57
6755.6
6755.58
6755.47
6755.28
6754.99
6754.61
6754.12
6753.53
6752.87
6752.13
6751.33
6750.51
6749.69
6748.88
6748.13
6747.45
6746.86
6746.4
6746.07
6745.87
6745.82
6745.9
6746.09
6746.39
6746.77
6747.2
6747.66
6748.12
6748.55
6748.94
6749.25
6749.44
6387.89
6387.7
6387.38
6387
6386.56
6386.11
6385.67
6385.26
6384.91
6384.64
6384.46
6384.41
6384.48
6384.68
6385
6385.45
6386
6386.63
6387.31
6388.03
6388.75
6389.45
6390.1
6390.7
6391.21
6391.64
6391.98
6392.22
6392.37
6392.44
6392.44
6392.39
6392.29
6392.17
6392.03
6391.91
6391.8
6391.72
6391.68
6391.68
6391.72
6391.81
6391.93
6392.08
6392.24
6392.4
6392.55
6392.67
6392.73
6392.73
6392.65
6392.47
6392.19
6391.8
6391.3
6390.69
6390
6389.22
6388.39
6387.52
6386.64
6385.79
6384.99
6384.27
6383.66
6383.18
6382.84
6382.65
6382.61
6382.72
6382.95
6383.29
6383.72
6384.2
6384.71
6385.23
6385.72
6386.15
6386.5
6386.71
6025.23
6025.01
6024.64
6024.18
6023.68
6023.15
6022.63
6022.15
6021.74
6021.41
6021.19
6021.1
6021.16
6021.36
6021.71
6022.19
6022.79
6023.48
6024.23
6025.01
6025.8
6026.56
6027.27
6027.9
6028.45
6028.89
6029.23
6029.47
6029.6
6029.64
6029.61
6029.51
6029.37
6029.2
6029.03
6028.86
6028.73
6028.62
6028.57
6028.57
6028.62
6028.72
6028.87
6029.05
6029.25
6029.46
6029.65
6029.82
6029.93
6029.96
6029.91
6029.76
6029.49
6029.09
6028.58
6027.94
6027.2
6026.37
6025.47
6024.53
6023.58
6022.65
6021.78
6020.99
6020.33
6019.82
6019.46
6019.27
6019.26
6019.4
6019.7
6020.1
6020.61
6021.17
6021.77
6022.36
6022.93
6023.44
6023.85
6024.09
5662.69
5662.41
5661.96
5661.41
5660.8
5660.18
5659.56
5658.98
5658.47
5658.06
5657.78
5657.65
5657.69
5657.9
5658.29
5658.82
5659.49
5660.27
5661.12
5662
5662.88
5663.72
5664.5
5665.2
5665.78
5666.25
5666.59
5666.81
5666.92
5666.92
5666.83
5666.67
5666.47
5666.24
5666.01
5665.8
5665.61
5665.48
5665.41
5665.4
5665.46
5665.59
5665.77
5666
5666.26
5666.53
5666.79
5667.02
5667.19
5667.29
5667.28
5667.16
5666.91
5666.51
5665.97
5665.3
5664.49
5663.58
5662.59
5661.54
5660.48
5659.44
5658.47
5657.6
5656.86
5656.29
5655.91
5655.72
5655.74
5655.94
5656.32
5656.82
5657.43
5658.11
5658.82
5659.53
5660.2
5660.82
5661.32
5661.61
5300.29
5299.94
5299.37
5298.69
5297.95
5297.2
5296.45
5295.74
5295.1
5294.58
5294.21
5294.02
5294.04
5294.27
5294.7
5295.32
5296.09
5296.99
5297.96
5298.98
5299.98
5300.94
5301.82
5302.59
5303.23
5303.73
5304.08
5304.28
5304.34
5304.28
5304.12
5303.89
5303.6
5303.29
5302.98
5302.69
5302.45
5302.28
5302.18
5302.16
5302.24
5302.39
5302.62
5302.91
5303.25
5303.6
5303.96
5304.28
5304.54
5304.71
5304.77
5304.69
5304.46
5304.07
5303.5
5302.77
5301.89
5300.88
5299.76
5298.57
5297.36
5296.17
5295.06
5294.05
5293.21
5292.57
5292.15
5291.97
5292.03
5292.31
5292.79
5293.43
5294.19
5295.01
5295.87
5296.72
5297.54
5298.29
5298.92
5299.3
4938.08
4937.63
4936.91
4936.05
4935.12
4934.2
4933.27
4932.39
4931.6
4930.94
4930.45
4930.18
4930.17
4930.42
4930.92
4931.64
4932.56
4933.62
4934.77
4935.95
4937.13
4938.24
4939.25
4940.11
4940.82
4941.35
4941.7
4941.87
4941.88
4941.74
4941.49
4941.15
4940.75
4940.33
4939.92
4939.54
4939.23
4939
4938.86
4938.84
4938.93
4939.12
4939.41
4939.79
4940.22
4940.68
4941.15
4941.59
4941.97
4942.24
4942.39
4942.38
4942.18
4941.79
4941.2
4940.4
4939.42
4938.27
4936.98
4935.62
4934.21
4932.83
4931.52
4930.35
4929.36
4928.62
4928.15
4927.96
4928.08
4928.47
4929.1
4929.91
4930.85
4931.85
4932.91
4933.94
4934.97
4935.93
4936.73
4937.22
4576.18
4575.63
4574.69
4573.61
4572.4
4571.1
4569.9
4568.85
4567.92
4567.07
4566.43
4566.07
4566.03
4566.31
4566.9
4567.77
4568.87
4570.14
4571.52
4572.94
4574.33
4575.63
4576.8
4577.79
4578.58
4579.15
4579.5
4579.63
4579.56
4579.32
4578.95
4578.47
4577.93
4577.37
4576.82
4576.33
4575.92
4575.62
4575.44
4575.4
4575.51
4575.75
4576.12
4576.6
4577.16
4577.76
4578.38
4578.97
4579.49
4579.91
4580.17
4580.24
4580.1
4579.72
4579.09
4578.21
4577.1
4575.78
4574.29
4572.69
4571.03
4569.39
4567.83
4566.44
4565.27
4564.38
4563.83
4563.65
4563.82
4564.35
4565.17
4566.19
4567.29
4568.48
4569.82
4571.3
4572.68
4573.85
4574.89
4575.46
4214.75
4214.09
4212.88
4211.19
4209.24
4207.36
4205.89
4204.81
4203.85
4202.88
4202.08
4201.61
4201.53
4201.86
4202.58
4203.65
4205
4206.56
4208.23
4209.94
4211.61
4213.16
4214.53
4215.67
4216.56
4217.17
4217.51
4217.58
4217.41
4217.04
4216.5
4215.85
4215.13
4214.39
4213.67
4213.03
4212.5
4212.1
4211.87
4211.82
4211.95
4212.25
4212.72
4213.33
4214.04
4214.83
4215.64
4216.42
4217.14
4217.72
4218.13
4218.32
4218.25
4217.89
4217.22
4216.25
4214.98
4213.45
4211.7
4209.81
4207.83
4205.86
4203.98
4202.28
4200.86
4199.79
4199.13
4198.93
4199.18
4199.87
4200.89
4202.08
4203.22
4204.39
4206.01
4208.13
4210.32
4212.19
4213.53
4214.23
3854.03
3853.2
3851.36
3848.62
3845.53
3842.82
3841.02
3840.05
3839.22
3838.19
3837.25
3836.66
3836.56
3836.98
3837.89
3839.23
3840.91
3842.83
3844.89
3846.98
3849
3850.85
3852.47
3853.8
3854.81
3855.47
3855.78
3855.77
3855.47
3854.92
3854.18
3853.3
3852.35
3851.38
3850.46
3849.63
3848.94
3848.43
3848.13
3848.05
3848.21
3848.59
3849.18
3849.95
3850.86
3851.87
3852.92
3853.95
3854.9
3855.71
3856.32
3856.66
3856.69
3856.36
3855.66
3854.57
3853.11
3851.32
3849.26
3846.99
3844.6
3842.21
3839.91
3837.83
3836.08
3834.75
3833.94
3833.69
3834.01
3834.87
3836.09
3837.4
3838.43
3839.46
3841.42
3844.36
3847.79
3850.83
3852.86
3853.75
3494.29
3493.16
3490.37
3486.35
3481.9
3478.14
3475.8
3474.73
3473.91
3472.84
3471.76
3471.08
3470.99
3471.55
3472.72
3474.42
3476.55
3478.95
3481.51
3484.07
3486.53
3488.77
3490.7
3492.26
3493.4
3494.1
3494.38
3494.25
3493.77
3492.99
3491.99
3490.82
3489.58
3488.33
3487.14
3486.08
3485.2
3484.55
3484.16
3484.05
3484.24
3484.72
3485.46
3486.43
3487.58
3488.87
3490.22
3491.56
3492.82
3493.91
3494.76
3495.32
3495.48
3495.21
3494.46
3493.25
3491.57
3489.46
3487
3484.26
3481.37
3478.43
3475.6
3473.02
3470.82
3469.15
3468.1
3467.76
3468.14
3469.17
3470.61
3472.06
3473.27
3474.26
3476.89
3480.9
3485.69
3490.06
3493.11
3494.33
3135.78
3134.19
3130.48
3125.27
3119.46
3114.42
3111.04
3109.29
3108.06
3106.7
3105.42
3104.64
3104.61
3105.39
3106.94
3109.15
3111.85
3114.89
3118.08
3121.26
3124.27
3126.99
3129.3
3131.12
3132.42
3133.16
3133.37
3133.09
3132.37
3131.3
3129.95
3128.43
3126.82
3125.22
3123.7
3122.35
3121.23
3120.39
3119.9
3119.76
3119.99
3120.57
3121.5
3122.72
3124.18
3125.81
3127.53
3129.26
3130.9
3132.35
3133.51
3134.39
3134.7
3134.5
3133.74
3132.37
3130.42
3127.94
3124.98
3121.67
3118.13
3114.51
3110.99
3107.75
3104.97
3102.81
3101.43
3100.94
3101.35
3102.56
3104.3
3106.13
3107.84
3109.9
3113.58
3118.9
3124.99
3130.54
3134.52
3136.22
2778.69
2776.55
2771.97
2765.66
2758.5
2751.89
2746.99
2743.88
2741.61
2739.59
2737.96
2737.08
2737.18
2738.3
2740.39
2743.27
2746.75
2750.61
2754.62
2758.57
2762.28
2765.58
2768.35
2770.5
2771.98
2772.76
2772.87
2772.36
2771.33
2769.88
2768.1
2766.13
2764.07
2762.02
2760.1
2758.38
2756.96
2755.91
2755.27
2755.09
2755.36
2756.09
2757.24
2758.77
2760.6
2762.65
2764.83
2767.05
2769.17
2771.09
2772.68
2773.84
2774.43
2774.36
2773.58
2772.06
2769.79
2766.84
2763.29
2759.26
2754.91
2750.43
2746.03
2741.93
2738.37
2735.57
2733.72
2732.96
2733.34
2734.78
2737.01
2739.64
2742.56
2746.25
2751.58
2758.48
2765.9
2772.54
2777.38
2779.62
2423.16
2420.45
2414.96
2407.29
2398.49
2390.03
2383.13
2378.04
2374.19
2371.16
2369.04
2368.07
2368.39
2370.03
2372.85
2376.65
2381.15
2386.07
2391.12
2396.05
2400.63
2404.66
2407.99
2410.53
2412.2
2413
2412.95
2412.16
2410.72
2408.77
2406.46
2403.92
2401.3
2398.71
2396.29
2394.13
2392.34
2391
2390.19
2389.94
2390.28
2391.18
2392.61
2394.51
2396.8
2399.37
2402.12
2404.92
2407.65
2410.15
2412.26
2413.86
2414.78
2414.91
2414.14
2412.44
2409.8
2406.29
2402
2397.09
2391.73
2386.16
2380.63
2375.43
2370.84
2367.15
2364.63
2363.47
2363.77
2365.47
2368.36
2372.2
2376.88
2382.74
2390.23
2399.1
2408.24
2416.14
2421.85
2424.67
2069.23
2065.86
2059.12
2049.67
2038.72
2027.86
2018.42
2010.9
2005.14
2000.91
1998.22
1997.18
1997.89
2000.26
2004.11
2009.13
2014.96
2021.24
2027.62
2033.77
2039.42
2044.35
2048.36
2051.35
2053.24
2054.03
2053.77
2052.57
2050.61
2048.04
2045.04
2041.79
2038.49
2035.25
2032.22
2029.51
2027.26
2025.57
2024.54
2024.21
2024.62
2025.74
2027.51
2029.88
2032.72
2035.92
2039.34
2042.89
2046.36
2049.58
2052.35
2054.53
2055.9
2056.29
2055.59
2053.69
2050.61
2046.4
2041.22
2035.24
2028.63
2021.69
2014.72
2008.09
2002.14
1997.26
1993.82
1992.08
1992.19
1994.16
1997.85
2003.13
2009.96
2018.44
2028.63
2039.99
2051.27
2060.98
2067.95
2071.41
1717.21
1713
1704.53
1692.61
1678.68
1664.63
1652.01
1641.65
1633.74
1628.19
1624.93
1623.93
1625.21
1628.6
1633.84
1640.5
1648.09
1656.12
1664.17
1671.85
1678.82
1684.83
1689.65
1693.18
1695.32
1696.05
1695.47
1693.73
1691.08
1687.71
1683.85
1679.76
1675.61
1671.57
1667.83
1664.46
1661.63
1659.5
1658.18
1657.75
1658.24
1659.62
1661.83
1664.76
1668.29
1672.25
1676.51
1680.93
1685.32
1689.45
1693.08
1695.96
1697.94
1698.72
1698.13
1696.05
1692.44
1687.39
1681.06
1673.86
1665.66
1657
1648.22
1639.74
1632.01
1625.54
1620.81
1618.24
1618.04
1620.29
1624.83
1631.74
1641.02
1652.6
1666.13
1680.77
1695.04
1707.19
1715.82
1720.1
1367.32
1362.01
1351.22
1335.95
1318.09
1299.9
1283.33
1269.58
1259.21
1252.23
1248.38
1247.56
1249.6
1254.41
1261.58
1270.45
1280.36
1290.66
1300.83
1310.39
1319.01
1326.34
1332.17
1336.35
1338.76
1339.37
1338.3
1335.8
1332.28
1327.94
1323.06
1317.89
1312.72
1307.69
1303.03
1298.86
1295.32
1292.63
1290.93
1290.37
1290.96
1292.67
1295.41
1299.05
1303.4
1308.3
1313.49
1319.01
1324.54
1329.82
1334.57
1338.48
1341.15
1342.47
1342.11
1339.84
1335.6
1329.52
1321.83
1312.97
1302.87
1292.1
1281.04
1270.17
1260.06
1251.39
1244.87
1241.16
1240.62
1243.12
1248.52
1257.29
1269.49
1284.79
1302.47
1321.33
1339.5
1354.84
1365.61
1370.9
1020.46
1013.79
999.906
980.004
956.695
932.934
911.292
893.334
880.015
871.57
867.439
866.469
869.495
876.311
886.185
898.138
911.212
924.575
937.526
949.526
960.185
969.177
976.158
981.163
983.921
984.328
982.556
978.874
974.272
968.619
962.369
955.926
949.593
943.541
937.811
932.584
928.122
924.701
922.532
921.788
922.505
924.628
928.048
932.596
937.982
943.861
950.289
957.063
963.946
970.65
976.816
981.999
985.673
987.875
987.89
985.39
980.347
973.013
963.677
952.648
940.191
926.707
912.643
898.575
885.234
873.516
864.477
859.187
858.273
861.303
867.19
878.179
894.103
914.135
937.189
961.703
985.138
1004.72
1018.14
1024.54
678.09
670.245
652.272
625.911
595.215
563.913
535.275
511.499
494.311
484.307
479.559
477.532
481.891
491.948
506.141
522.791
540.477
558.093
574.793
589.933
603.126
614.118
622.349
628.316
631.421
631.44
628.717
624.403
617.855
610.308
602.26
594.135
586.269
579.039
571.99
565.398
559.7
555.318
552.53
551.552
552.425
555.06
559.339
565.107
571.895
578.811
586.762
595.21
603.84
612.388
620.46
627.484
632.773
635.473
636.16
633.501
627.527
618.649
607.25
593.663
578.188
561.163
543.028
524.436
506.281
489.792
476.628
468.792
468.045
473.919
479.198
493.131
513.958
540.419
570.648
602.66
633.12
658.471
675.149
682.3
338.863
331.213
309.948
278.288
243.051
208.758
178.187
154.11
138.836
131.095
128.947
131.208
137.752
148.456
162.458
178.539
195.585
212.76
229.258
244.318
257.461
268.351
276.674
282.181
284.759
284.299
280.686
275.744
268.599
260.297
251.472
242.592
234.079
226.676
220.014
213.866
208.561
204.589
202.124
201.249
201.936
204.088
207.659
212.612
218.354
224.746
232.781
241.804
251.407
261.109
270.355
278.489
284.728
287.765
290.204
288.144
282.553
273.546
261.843
248.158
232.866
216.304
198.824
181.106
163.878
147.999
134.739
125.564
121.52
122.28
128.107
139.964
159.27
186.011
217.602
252.343
286.985
316.752
335.923
342.747
83.1748
80.5674
67.1017
48.3812
30.9555
16.7539
5.86202
-1.40609
-5.06919
-6.30849
-6.18458
-5.13521
-3.40126
-0.782
2.99074
8.00616
14.1051
20.982
28.1221
34.8929
40.9277
45.9724
49.6942
51.73
52.4783
52.1067
50.19
47.3933
43.7724
39.6434
35.319
31.0134
26.9434
23.612
20.9373
18.5412
16.5949
15.2326
14.4188
14.1363
14.353
15.0213
16.1657
17.8079
19.6919
22.0294
25.5033
29.6732
34.394
39.3269
44.1249
48.4209
51.9003
54.5425
55.9688
55.1767
52.9725
48.7135
43.1287
36.7046
29.8969
22.8495
15.7626
9.17415
3.45288
-1.15737
-4.45173
-6.36711
-7.15488
-7.25274
-6.57856
-4.54715
0.44688
8.89355
20.4591
35.4155
53.1364
70.7806
82.7816
85.6521
-8.19287
-8.85327
-9.3411
-9.562
-9.65391
-9.76966
-9.83581
-9.72437
-9.5256
-9.42392
-9.42007
-9.4883
-9.61029
-9.75442
-9.88986
-9.99142
-10.055
-10.0982
-10.1364
-10.1714
-10.2016
-10.2311
-10.2656
-10.2987
-10.3175
-10.3068
-10.2804
-10.2534
-10.2282
-10.2044
-10.1776
-10.1492
-10.1187
-10.0854
-10.0695
-10.0674
-10.0723
-10.1105
-10.1579
-10.2044
-10.2501
-10.2667
-10.2444
-10.1909
-10.12
-10.054
-10.0308
-10.0715
-10.1329
-10.1669
-10.1822
-10.2003
-10.2271
-10.2489
-10.2653
-10.2599
-10.2132
-10.1824
-10.1613
-10.128
-10.0769
-10.0113
-9.94449
-9.88839
-9.84826
-9.82634
-9.82009
-9.82447
-9.83614
-9.86972
-9.93731
-10.0307
-10.1126
-10.1013
-9.99684
-9.84545
-9.62831
-9.2292
-8.58677
-8.1371
-10.515
-10.7382
-10.6761
-10.5683
-10.5078
-10.4788
-10.43
-10.2859
-10.1055
-10.0048
-9.98847
-10.0691
-10.2145
-10.3487
-10.4454
-10.5062
-10.5441
-10.5725
-10.5993
-10.6278
-10.6579
-10.6879
-10.7164
-10.7424
-10.7598
-10.7628
-10.7489
-10.7286
-10.7079
-10.6868
-10.6649
-10.6467
-10.6315
-10.6079
-10.5822
-10.5619
-10.5368
-10.5517
-10.6091
-10.6847
-10.7499
-10.7862
-10.7768
-10.7292
-10.656
-10.5851
-10.5623
-10.6086
-10.6559
-10.6705
-10.6752
-10.6946
-10.7156
-10.7266
-10.7216
-10.6869
-10.6475
-10.6225
-10.5982
-10.5768
-10.5591
-10.5239
-10.4728
-10.4189
-10.3749
-10.3464
-10.3315
-10.3275
-10.3366
-10.3587
-10.3863
-10.444
-10.527
-10.5807
-10.6126
-10.6183
-10.5703
-10.554
-10.6068
-10.6107
-11.1471
-11.2412
-11.2273
-11.167
-11.1132
-11.0878
-11.0406
-10.9509
-10.8313
-10.6999
-10.6639
-10.7219
-10.8307
-10.9187
-10.9789
-11.0223
-11.0612
-11.0989
-11.1305
-11.1533
-11.1703
-11.1851
-11.2014
-11.2173
-11.232
-11.2386
-11.2329
-11.2203
-11.2058
-11.1889
-11.1684
-11.1475
-11.1299
-11.1113
-11.0904
-11.075
-11.0721
-11.1078
-11.1778
-11.2485
-11.3012
-11.3289
-11.3251
-11.2871
-11.2183
-11.1399
-11.1034
-11.134
-11.1732
-11.156
-11.1416
-11.1578
-11.1858
-11.2243
-11.2269
-11.1683
-11.1422
-11.1616
-11.1776
-11.1731
-11.1345
-11.0743
-11.0067
-10.9435
-10.895
-10.8652
-10.85
-10.8476
-10.8579
-10.8718
-10.8775
-10.9166
-11.01
-11.1054
-11.1588
-11.1899
-11.1857
-11.1526
-11.143
-11.1581
-11.7237
-11.7901
-11.76
-11.7325
-11.7311
-11.7872
-11.8055
-11.7513
-11.6079
-11.4561
-11.3942
-11.4194
-11.4594
-11.5043
-11.5399
-11.5642
-11.5866
-11.6113
-11.634
-11.6514
-11.6659
-11.682
-11.6975
-11.711
-11.7201
-11.7252
-11.7263
-11.7243
-11.7187
-11.7064
-11.6872
-11.6603
-11.6334
-11.6124
-11.5928
-11.5811
-11.6066
-11.6799
-11.7694
-11.8369
-11.8895
-11.9212
-11.923
-11.8882
-11.8237
-11.7418
-11.6762
-11.6689
-11.6819
-11.6402
-11.6185
-11.6265
-11.6664
-11.7281
-11.7503
-11.7234
-11.7249
-11.7559
-11.7715
-11.7527
-11.7004
-11.6259
-11.5479
-11.4817
-11.4361
-11.4134
-11.408
-11.4126
-11.4225
-11.4338
-11.45
-11.4732
-11.5393
-11.6289
-11.686
-11.7364
-11.782
-11.7712
-11.7045
-11.6733
-12.2226
-12.2618
-12.25
-12.2703
-12.3456
-12.5151
-12.5933
-12.5113
-12.3271
-12.1645
-12.0993
-12.0841
-12.0716
-12.0792
-12.0911
-12.0979
-12.1068
-12.123
-12.1413
-12.1566
-12.1689
-12.18
-12.1905
-12.1999
-12.2072
-12.2117
-12.2126
-12.211
-12.2092
-12.2057
-12.1958
-12.1763
-12.1501
-12.1267
-12.1115
-12.102
-12.1442
-12.2497
-12.3521
-12.4179
-12.4687
-12.5088
-12.5175
-12.484
-12.4178
-12.3358
-12.242
-12.178
-12.1465
-12.111
-12.0933
-12.1027
-12.1507
-12.2181
-12.2676
-12.3009
-12.3408
-12.3724
-12.3719
-12.3342
-12.2676
-12.1836
-12.1046
-12.0447
-12.0071
-11.9909
-11.9945
-12.0089
-12.0252
-12.0394
-12.0532
-12.0747
-12.118
-12.1739
-12.2125
-12.2411
-12.2785
-12.301
-12.2404
-12.1799
-12.6514
-12.6668
-12.6827
-12.7425
-12.8614
-13.0682
-13.1855
-13.1062
-12.9312
-12.8087
-12.7475
-12.7016
-12.6667
-12.65
-12.6415
-12.6318
-12.6267
-12.6328
-12.6435
-12.6542
-12.6644
-12.6747
-12.6848
-12.6942
-12.7022
-12.7079
-12.7104
-12.7103
-12.7076
-12.704
-12.6983
-12.6877
-12.671
-12.6528
-12.6436
-12.6434
-12.6888
-12.8066
-12.9197
-12.9865
-13.0329
-13.0751
-13.0898
-13.0535
-12.974
-12.8764
-12.7681
-12.6472
-12.5758
-12.5616
-12.5636
-12.5881
-12.6384
-12.7114
-12.7925
-12.8696
-12.9293
-12.9536
-12.9393
-12.8937
-12.8239
-12.7435
-12.6782
-12.6359
-12.6126
-12.6059
-12.6162
-12.64
-12.6688
-12.694
-12.7121
-12.7281
-12.7486
-12.7683
-12.7721
-12.7592
-12.7511
-12.7597
-12.7245
-12.6624
-13.0628
-13.0648
-13.0953
-13.1649
-13.2826
-13.4276
-13.5555
-13.5293
-13.4331
-13.3709
-13.3297
-13.2901
-13.2479
-13.2122
-13.1837
-13.1583
-13.1437
-13.1414
-13.1466
-13.1538
-13.1618
-13.1707
-13.1799
-13.1887
-13.1962
-13.2016
-13.2052
-13.2062
-13.2051
-13.2027
-13.1992
-13.1941
-13.1866
-13.1786
-13.1785
-13.191
-13.2331
-13.341
-13.4589
-13.5362
-13.581
-13.6134
-13.6286
-13.5905
-13.4935
-13.3685
-13.2491
-13.1008
-12.9925
-13.0071
-13.0341
-13.083
-13.1422
-13.2267
-13.3343
-13.4298
-13.4889
-13.5028
-13.4807
-13.4323
-13.3664
-13.302
-13.2595
-13.2385
-13.2325
-13.2411
-13.2618
-13.299
-13.3478
-13.3914
-13.4177
-13.4283
-13.4252
-13.4054
-13.3656
-13.3094
-13.2536
-13.2255
-13.1978
-13.1431
-13.511
-13.483
-13.5067
-13.5592
-13.6445
-13.7565
-13.8598
-13.8807
-13.8639
-13.86
-13.8595
-13.8374
-13.7985
-13.753
-13.7069
-13.6695
-13.6487
-13.6427
-13.6448
-13.6501
-13.6573
-13.666
-13.6755
-13.6848
-13.6932
-13.6999
-13.7045
-13.7068
-13.707
-13.7056
-13.7033
-13.7007
-13.6982
-13.697
-13.7035
-13.7241
-13.7643
-13.8502
-13.9639
-14.0513
-14.1021
-14.1296
-14.1377
-14.0965
-13.9864
-13.8392
-13.7029
-13.5683
-13.4441
-13.4609
-13.5122
-13.589
-13.6621
-13.7579
-13.8751
-13.9699
-14.0168
-14.0194
-13.9904
-13.9443
-13.8898
-13.8499
-13.8334
-13.8337
-13.8458
-13.8774
-13.9245
-13.9899
-14.0689
-14.1353
-14.1674
-14.1733
-14.1461
-14.0783
-13.9851
-13.8827
-13.7869
-13.7235
-13.6806
-13.6382
-14.0105
-13.9629
-13.958
-13.9924
-14.0561
-14.1384
-14.2021
-14.2416
-14.2732
-14.3118
-14.335
-14.3293
-14.2986
-14.2523
-14.2021
-14.1646
-14.1444
-14.1378
-14.1386
-14.1435
-14.1511
-14.1608
-14.1716
-14.1825
-14.1923
-14.2005
-14.2065
-14.2103
-14.2119
-14.2118
-14.2107
-14.2096
-14.2092
-14.2105
-14.2174
-14.2365
-14.2725
-14.3368
-14.4313
-14.5192
-14.5808
-14.6119
-14.6116
-14.5625
-14.4487
-14.2936
-14.1572
-14.0467
-13.9452
-13.9348
-14.0103
-14.1088
-14.1921
-14.2903
-14.3977
-14.4799
-14.5121
-14.503
-14.4708
-14.4314
-14.3954
-14.3797
-14.3881
-14.4053
-14.4443
-14.5139
-14.6029
-14.7184
-14.8618
-14.9799
-15.024
-14.9926
-14.9035
-14.7799
-14.6246
-14.4699
-14.3355
-14.2388
-14.1678
-14.1156
-14.5642
-14.5236
-14.4857
-14.4924
-14.5268
-14.5656
-14.6121
-14.6557
-14.7064
-14.7515
-14.7793
-14.7787
-14.7561
-14.718
-14.6779
-14.6494
-14.6336
-14.6278
-14.6287
-14.6342
-14.6433
-14.6552
-14.6686
-14.6821
-14.6943
-14.7045
-14.7121
-14.7172
-14.72
-14.7211
-14.7209
-14.7205
-14.7208
-14.7225
-14.727
-14.7389
-14.7635
-14.8073
-14.8742
-14.9475
-15.0081
-15.0389
-15.0332
-14.9812
-14.8754
-14.7388
-14.6236
-14.5389
-14.4753
-14.4601
-14.5371
-14.6395
-14.7256
-14.8139
-14.8995
-14.9614
-14.9786
-14.9604
-14.9305
-14.9001
-14.8845
-14.8902
-14.9129
-14.9483
-15.0271
-15.1419
-15.2821
-15.4988
-15.7752
-15.9676
-16.0177
-15.9205
-15.7109
-15.4839
-15.2595
-15.0524
-14.8815
-14.7544
-14.6552
-14.5974
-15.1015
-15.0781
-15.0453
-15.0316
-15.0351
-15.0555
-15.0845
-15.124
-15.1632
-15.198
-15.2186
-15.2196
-15.2033
-15.1784
-15.1527
-15.1324
-15.12
-15.1152
-15.1166
-15.1234
-15.1349
-15.1502
-15.1675
-15.1847
-15.2
-15.2125
-15.2217
-15.2279
-15.2315
-15.2331
-15.2333
-15.2329
-15.2329
-15.2339
-15.2363
-15.2417
-15.2537
-15.2773
-15.317
-15.3657
-15.4089
-15.4317
-15.4232
-15.3749
-15.2937
-15.1961
-15.1166
-15.0611
-15.0304
-15.0281
-15.0902
-15.1777
-15.2592
-15.326
-15.3876
-15.4265
-15.4301
-15.4055
-15.379
-15.3588
-15.3567
-15.3765
-15.4048
-15.4644
-15.5785
-15.7262
-15.9259
-16.246
-16.6392
-16.8726
-16.9119
-16.7798
-16.4945
-16.1426
-15.8509
-15.6021
-15.4049
-15.2527
-15.1567
-15.0986
-15.5903
-15.5812
-15.5664
-15.5532
-15.5515
-15.5627
-15.5827
-15.6085
-15.6351
-15.6599
-15.6732
-15.6745
-15.6653
-15.6494
-15.6316
-15.6162
-15.6057
-15.6015
-15.6036
-15.6119
-15.6266
-15.6468
-15.6697
-15.6918
-15.7109
-15.726
-15.7364
-15.7431
-15.7467
-15.748
-15.7476
-15.7464
-15.7452
-15.7448
-15.7452
-15.7467
-15.7512
-15.7621
-15.7827
-15.8103
-15.836
-15.8486
-15.8397
-15.8051
-15.7498
-15.6883
-15.6404
-15.6109
-15.61
-15.6188
-15.6598
-15.7172
-15.7801
-15.8283
-15.8691
-15.8871
-15.8787
-15.8551
-15.8302
-15.8168
-15.82
-15.8414
-15.8718
-15.9452
-16.0693
-16.2313
-16.4883
-16.8664
-17.2671
-17.5232
-17.5657
-17.4245
-17.1359
-16.7424
-16.3768
-16.0952
-15.8917
-15.7435
-15.6697
-15.602
-16.0782
-16.0728
-16.0643
-16.057
-16.0567
-16.0662
-16.0815
-16.099
-16.1178
-16.134
-16.1435
-16.1452
-16.1393
-16.1277
-16.1141
-16.1011
-16.0917
-16.0879
-16.0906
-16.1007
-16.1195
-16.1465
-16.1773
-16.206
-16.229
-16.2456
-16.2574
-16.2639
-16.2664
-16.2661
-16.264
-16.261
-16.2579
-16.2551
-16.2531
-16.2519
-16.2526
-16.258
-16.2703
-16.2878
-16.3049
-16.314
-16.3091
-16.2881
-16.2531
-16.2121
-16.1786
-16.1799
-16.1953
-16.2103
-16.2309
-16.2525
-16.2863
-16.3197
-16.3452
-16.3504
-16.3368
-16.3164
-16.2973
-16.2856
-16.2881
-16.3008
-16.3235
-16.3868
-16.4915
-16.648
-16.9128
-17.2858
-17.6727
-17.9453
-18.013
-17.8866
-17.6224
-17.2641
-16.8867
-16.5915
-16.3903
-16.2599
-16.1843
-16.0876
-16.571
-16.5683
-16.5626
-16.5597
-16.5613
-16.5681
-16.5791
-16.5917
-16.6049
-16.6161
-16.6229
-16.6242
-16.6201
-16.6112
-16.5997
-16.588
-16.5787
-16.5751
-16.579
-16.5916
-16.6158
-16.6528
-16.6948
-16.7314
-16.7582
-16.7763
-16.7873
-16.7919
-16.7918
-16.7883
-16.7829
-16.7768
-16.7707
-16.7652
-16.7602
-16.756
-16.7538
-16.7559
-16.7639
-16.7767
-16.7908
-16.8015
-16.8052
-16.7957
-16.7701
-16.7377
-16.7299
-16.7612
-16.7829
-16.7948
-16.7908
-16.7791
-16.7856
-16.8045
-16.8203
-16.8215
-16.8112
-16.8004
-16.7901
-16.7766
-16.7714
-16.769
-16.7752
-16.8108
-16.8894
-17.0379
-17.2852
-17.6184
-17.9518
-18.1928
-18.2811
-18.206
-17.9956
-17.6947
-17.3735
-17.1032
-16.9079
-16.7701
-16.6657
-16.5951
-17.0663
-17.0651
-17.0616
-17.0608
-17.0628
-17.0681
-17.076
-17.0854
-17.0948
-17.1029
-17.1079
-17.1091
-17.106
-17.0987
-17.0886
-17.077
-17.0673
-17.0659
-17.0739
-17.0932
-17.1279
-17.1789
-17.2349
-17.278
-17.3042
-17.3209
-17.3291
-17.3297
-17.3246
-17.3159
-17.3053
-17.2943
-17.2842
-17.2751
-17.2671
-17.26
-17.255
-17.2544
-17.2598
-17.2694
-17.2803
-17.2913
-17.3007
-17.2976
-17.275
-17.2669
-17.3067
-17.3529
-17.374
-17.3668
-17.33
-17.2928
-17.2805
-17.2894
-17.3023
-17.3068
-17.3067
-17.3122
-17.3104
-17.295
-17.2759
-17.2566
-17.2449
-17.2561
-17.3235
-17.4817
-17.733
-18.0221
-18.2715
-18.4109
-18.433
-18.3476
-18.1736
-17.9576
-17.7179
-17.5014
-17.3307
-17.2121
-17.1413
-17.1209
-17.5616
-17.5615
-17.56
-17.5603
-17.5626
-17.5667
-17.5727
-17.5797
-17.5868
-17.593
-17.5971
-17.5984
-17.5963
-17.5905
-17.5817
-17.5692
-17.5614
-17.5672
-17.5936
-17.6397
-17.7013
-17.7662
-17.8234
-17.8601
-17.8743
-17.8844
-17.8863
-17.8802
-17.8674
-17.8503
-17.8319
-17.8142
-17.7985
-17.7851
-17.7738
-17.7641
-17.7568
-17.7538
-17.7567
-17.7636
-17.7708
-17.7806
-17.7919
-17.7968
-17.7738
-17.8271
-17.9075
-17.9602
-17.9631
-17.9125
-17.8437
-17.7909
-17.7714
-17.7787
-17.7958
-17.8099
-17.8256
-17.8507
-17.8552
-17.8372
-17.8015
-17.7645
-17.7407
-17.742
-17.8156
-17.9919
-18.2467
-18.5055
-18.6892
-18.7558
-18.7079
-18.5659
-18.3689
-18.1563
-17.9611
-17.7937
-17.6693
-17.616
-17.618
-17.6188
-18.057
-18.0572
-18.0574
-18.0585
-18.0607
-18.0642
-18.069
-18.0746
-18.0804
-18.0857
-18.0896
-18.0916
-18.0909
-18.0871
-18.0806
-18.0663
-18.0692
-18.1009
-18.1647
-18.2472
-18.3388
-18.4128
-18.4557
-18.4692
-18.4716
-18.4675
-18.4607
-18.4464
-18.423
-18.3938
-18.3638
-18.3366
-18.3137
-18.295
-18.2797
-18.2671
-18.2572
-18.251
-18.2499
-18.2531
-18.2581
-18.2673
-18.279
-18.2896
-18.3033
-18.4202
-18.5172
-18.5512
-18.5033
-18.4134
-18.3283
-18.2742
-18.2579
-18.2713
-18.2973
-18.3251
-18.361
-18.4033
-18.4165
-18.3943
-18.3426
-18.2872
-18.2558
-18.2573
-18.3351
-18.5172
-18.7641
-18.9953
-19.1409
-19.1758
-19.103
-18.944
-18.7341
-18.5229
-18.3399
-18.191
-18.0909
-18.0603
-18.0775
-18.0961
-18.5528
-18.5531
-18.5542
-18.5557
-18.5579
-18.561
-18.5651
-18.57
-18.5752
-18.5803
-18.5848
-18.5881
-18.5897
-18.5894
-18.587
-18.5743
-18.6083
-18.6813
-18.7728
-18.8687
-18.9665
-19.0301
-19.0499
-19.0474
-19.0467
-19.0484
-19.0416
-19.0248
-18.9915
-18.9471
-18.9016
-18.8619
-18.8298
-18.8044
-18.7844
-18.7682
-18.7548
-18.7447
-18.7385
-18.7363
-18.7386
-18.7463
-18.7605
-18.7418
-18.829
-18.9627
-19.0319
-19.0385
-18.9662
-18.8659
-18.7881
-18.745
-18.7389
-18.7607
-18.7964
-18.8398
-18.8959
-18.9517
-18.9725
-18.9514
-18.8896
-18.8173
-18.7783
-18.7838
-18.8594
-19.0302
-19.2661
-19.4858
-19.619
-19.6371
-19.5517
-19.3861
-19.1723
-18.9616
-18.7936
-18.6709
-18.5964
-18.56
-18.5619
-18.5751
-19.0483
-19.0491
-19.0507
-19.0523
-19.0545
-19.0574
-19.0612
-19.0657
-19.0708
-19.0762
-19.0817
-19.0871
-19.0924
-19.0966
-19.0939
-19.1117
-19.1813
-19.2807
-19.3723
-19.4613
-19.5402
-19.5751
-19.5881
-19.5994
-19.6156
-19.6276
-19.631
-19.6114
-19.5696
-19.5081
-19.4438
-19.3891
-19.346
-19.3129
-19.2877
-19.2675
-19.2506
-19.2369
-19.226
-19.2183
-19.2154
-19.2169
-19.2358
-19.1821
-19.3091
-19.4205
-19.4596
-19.4411
-19.3714
-19.2937
-19.2368
-19.2094
-19.2131
-19.2414
-19.2848
-19.3423
-19.4157
-19.4827
-19.5123
-19.4965
-19.4303
-19.3484
-19.3005
-19.3095
-19.3789
-19.5277
-19.7405
-19.9519
-20.0843
-20.1098
-20.0364
-19.883
-19.6713
-19.449
-19.2805
-19.1704
-19.1051
-19.0721
-19.0633
-19.0691
-19.5449
-19.5456
-19.5471
-19.5487
-19.5507
-19.5535
-19.557
-19.5614
-19.5666
-19.5726
-19.5796
-19.5878
-19.5985
-19.6092
-19.6066
-19.6653
-19.7642
-19.8673
-19.9468
-20.0186
-20.0691
-20.0998
-20.1409
-20.1895
-20.2344
-20.2608
-20.2597
-20.2255
-20.1603
-20.0734
-19.987
-19.9158
-19.8607
-19.8196
-19.7892
-19.7653
-19.7456
-19.7293
-19.7156
-19.7037
-19.695
-19.691
-19.6855
-19.6712
-19.773
-19.8482
-19.8627
-19.8347
-19.78
-19.7245
-19.6837
-19.6688
-19.6798
-19.7132
-19.7625
-19.8297
-19.9144
-19.9896
-20.0273
-20.0171
-19.9613
-19.8759
-19.8188
-19.8271
-19.8914
-20.0115
-20.1811
-20.3746
-20.4997
-20.5358
-20.4879
-20.3693
-20.184
-19.9692
-19.7989
-19.6922
-19.6301
-19.5969
-19.5808
-19.5783
-20.0416
-20.0422
-20.0433
-20.0448
-20.0467
-20.0493
-20.0526
-20.0568
-20.0621
-20.0687
-20.077
-20.0881
-20.1046
-20.1246
-20.1333
-20.2153
-20.3358
-20.422
-20.482
-20.5406
-20.5804
-20.6496
-20.7381
-20.8278
-20.8954
-20.9263
-20.9163
-20.8595
-20.7555
-20.634
-20.5247
-20.4375
-20.3712
-20.323
-20.2881
-20.2614
-20.24
-20.2225
-20.2077
-20.1937
-20.181
-20.1711
-20.1651
-20.1742
-20.2356
-20.2849
-20.2885
-20.2599
-20.2151
-20.1684
-20.131
-20.1197
-20.1373
-20.1793
-20.2358
-20.3094
-20.3981
-20.4761
-20.5185
-20.5146
-20.4671
-20.3905
-20.3332
-20.3358
-20.3941
-20.4914
-20.6206
-20.7647
-20.874
-20.9175
-20.8917
-20.8082
-20.667
-20.479
-20.3191
-20.2158
-20.1558
-20.1234
-20.1056
-20.0974
-20.5381
-20.5386
-20.5395
-20.5408
-20.5424
-20.5447
-20.5477
-20.5516
-20.5567
-20.5633
-20.5722
-20.5848
-20.6044
-20.6323
-20.6571
-20.7509
-20.8744
-20.9311
-20.9819
-21.0369
-21.1008
-21.2091
-21.3354
-21.4526
-21.5268
-21.5486
-21.522
-21.443
-21.312
-21.1684
-21.0446
-20.9469
-20.8734
-20.8207
-20.7832
-20.7552
-20.7331
-20.7156
-20.7013
-20.6879
-20.6762
-20.6622
-20.6771
-20.6903
-20.7143
-20.747
-20.7538
-20.7327
-20.6965
-20.6538
-20.6091
-20.6
-20.6215
-20.666
-20.7236
-20.7963
-20.8781
-20.9488
-20.9878
-20.985
-20.9462
-20.8827
-20.8359
-20.8373
-20.8871
-20.966
-21.0593
-21.1588
-21.2408
-21.2811
-21.2702
-21.2131
-21.1135
-20.9635
-20.8236
-20.7311
-20.6765
-20.6465
-20.6298
-20.6195
-21.0345
-21.0349
-21.0355
-21.0365
-21.0379
-21.0398
-21.0423
-21.0456
-21.05
-21.0559
-21.0638
-21.0749
-21.0918
-21.1184
-21.1636
-21.2636
-21.365
-21.4107
-21.4648
-21.5285
-21.6194
-21.7455
-21.8908
-22.0106
-22.0684
-22.0752
-22.0349
-21.9431
-21.8062
-21.6621
-21.5377
-21.4385
-21.364
-21.3107
-21.2732
-21.2457
-21.2245
-21.208
-21.1942
-21.1845
-21.179
-21.1669
-21.2071
-21.2427
-21.2343
-21.2401
-21.2566
-21.2466
-21.2221
-21.1811
-21.1542
-21.1464
-21.1714
-21.2159
-21.2639
-21.315
-21.3689
-21.4149
-21.4345
-21.4234
-21.3873
-21.3486
-21.3226
-21.3308
-21.3729
-21.4345
-21.5026
-21.5699
-21.625
-21.6546
-21.6513
-21.612
-21.5383
-21.429
-21.3133
-21.2356
-21.1897
-21.1638
-21.1493
-21.1395
-21.5308
-21.5311
-21.5315
-21.5322
-21.5332
-21.5346
-21.5364
-21.5389
-21.5422
-21.5466
-21.5522
-21.5592
-21.5691
-21.5885
-21.6478
-21.7546
-21.829
-21.8797
-21.9387
-22.0129
-22.1154
-22.2455
-22.3925
-22.4954
-22.5347
-22.5264
-22.4759
-22.3807
-22.252
-22.1203
-22.0051
-21.9121
-21.8421
-21.7921
-21.7571
-21.7329
-21.7144
-21.6993
-21.6835
-21.6812
-21.6857
-21.6839
-21.7324
-21.8079
-21.7982
-21.7723
-21.7783
-21.7704
-21.7473
-21.7272
-21.7291
-21.7518
-21.7891
-21.8354
-21.8654
-21.8854
-21.8967
-21.8935
-21.8763
-21.8479
-21.8199
-21.8015
-21.7983
-21.816
-21.8527
-21.8995
-21.9487
-21.9946
-22.031
-22.0502
-22.0457
-22.0146
-21.9567
-21.876
-21.7915
-21.7319
-21.696
-21.6749
-21.6628
-21.6547
-22.0272
-22.0273
-22.0275
-22.0278
-22.0284
-22.0292
-22.0304
-22.0319
-22.0339
-22.0364
-22.0392
-22.0417
-22.0444
-22.0575
-22.1188
-22.2296
-22.2903
-22.3424
-22.4043
-22.4811
-22.5828
-22.7112
-22.8439
-22.9296
-22.9595
-22.944
-22.8869
-22.7911
-22.6723
-22.5552
-22.4532
-22.3709
-22.3092
-22.2655
-22.2359
-22.2169
-22.2042
-22.1938
-22.1781
-22.1785
-22.1953
-22.2081
-22.251
-22.344
-22.3567
-22.3229
-22.298
-22.2841
-22.2635
-22.2552
-22.2799
-22.3358
-22.3987
-22.4453
-22.4732
-22.477
-22.456
-22.4027
-22.3391
-22.2864
-22.2605
-22.2589
-22.2721
-22.296
-22.3278
-22.3627
-22.3968
-22.4273
-22.4497
-22.4589
-22.4499
-22.4222
-22.3767
-22.3202
-22.2653
-22.2243
-22.1978
-22.1811
-22.1707
-22.1651
-22.5235
-22.5235
-22.5235
-22.5236
-22.5238
-22.524
-22.5244
-22.525
-22.5257
-22.5264
-22.5269
-22.5261
-22.5246
-22.5355
-22.5981
-22.6922
-22.7491
-22.8012
-22.8626
-22.9359
-23.0293
-23.1493
-23.2647
-23.3367
-23.3601
-23.3393
-23.2799
-23.1878
-23.0806
-22.9784
-22.8909
-22.8209
-22.7689
-22.7325
-22.7092
-22.6983
-22.6978
-22.6982
-22.6993
-22.6975
-22.7176
-22.7399
-22.7626
-22.8294
-22.8584
-22.8401
-22.8005
-22.7792
-22.7624
-22.7655
-22.7991
-22.859
-22.9273
-22.9857
-23.0252
-23.0329
-22.9995
-22.9204
-22.8224
-22.7527
-22.7271
-22.7321
-22.7508
-22.7744
-22.8005
-22.8264
-22.8499
-22.8688
-22.8803
-22.8811
-22.8711
-22.8486
-22.8164
-22.7796
-22.7447
-22.7168
-22.697
-22.6835
-22.6749
-22.6706
-23.0201
-23.0199
-23.0198
-23.0197
-23.0195
-23.0192
-23.019
-23.0187
-23.0183
-23.0177
-23.0167
-23.0143
-23.0114
-23.0237
-23.0823
-23.1532
-23.209
-23.2595
-23.3177
-23.3859
-23.4711
-23.5769
-23.6773
-23.7382
-23.7544
-23.7293
-23.6698
-23.5841
-23.4888
-23.4001
-23.3258
-23.2667
-23.2237
-23.1944
-23.1766
-23.174
-23.1896
-23.2123
-23.2355
-23.2462
-23.2638
-23.2754
-23.271
-23.2817
-23.292
-23.2848
-23.2597
-23.2426
-23.2378
-23.2515
-23.2889
-23.3462
-23.4136
-23.4746
-23.5144
-23.5264
-23.4905
-23.4061
-23.3064
-23.2393
-23.2155
-23.2194
-23.2349
-23.2542
-23.2744
-23.2936
-23.31
-23.322
-23.3278
-23.3264
-23.317
-23.3002
-23.278
-23.2532
-23.2294
-23.2093
-23.194
-23.1831
-23.1761
-23.1727
-23.517
-23.5168
-23.5165
-23.5162
-23.5156
-23.515
-23.5142
-23.5132
-23.512
-23.5106
-23.5088
-23.5057
-23.5033
-23.5173
-23.566
-23.6242
-23.6735
-23.7206
-23.7748
-23.8377
-23.9147
-24.0085
-24.0963
-24.1501
-24.1602
-24.1323
-24.0742
-23.9951
-23.9107
-23.8315
-23.7643
-23.713
-23.6789
-23.6604
-23.6547
-23.662
-23.6884
-23.7321
-23.7712
-23.8023
-23.8127
-23.7964
-23.7679
-23.7327
-23.7082
-23.6999
-23.6963
-23.6971
-23.707
-23.7289
-23.7654
-23.814
-23.8731
-23.9227
-23.9572
-23.9639
-23.9299
-23.8594
-23.7837
-23.7326
-23.7125
-23.7128
-23.7227
-23.7368
-23.7517
-23.7658
-23.7775
-23.7855
-23.789
-23.7869
-23.7794
-23.7669
-23.751
-23.7334
-23.7163
-23.7014
-23.6896
-23.6809
-23.6753
-23.6725
-24.0143
-24.0142
-24.0138
-24.0132
-24.0125
-24.0115
-24.0104
-24.0089
-24.0071
-24.0051
-24.0029
-23.9995
-23.9977
-24.012
-24.0503
-24.1001
-24.1424
-24.186
-24.2372
-24.2953
-24.3644
-24.4467
-24.5268
-24.5797
-24.5908
-24.564
-24.5077
-24.4351
-24.3588
-24.2866
-24.2251
-24.1816
-24.1575
-24.1507
-24.1575
-24.1746
-24.202
-24.255
-24.299
-24.3264
-24.3156
-24.2835
-24.2426
-24.1887
-24.1521
-24.1433
-24.151
-24.1646
-24.1827
-24.2079
-24.241
-24.2806
-24.3235
-24.3594
-24.382
-24.3825
-24.3556
-24.3082
-24.2592
-24.2252
-24.2093
-24.207
-24.2126
-24.2221
-24.2327
-24.2427
-24.251
-24.2565
-24.2585
-24.2563
-24.2505
-24.2413
-24.2297
-24.2171
-24.2046
-24.1934
-24.1843
-24.1775
-24.1729
-24.1707
-24.5123
-24.5121
-24.5117
-24.511
-24.5101
-24.5089
-24.5075
-24.5057
-24.5036
-24.5012
-24.4986
-24.4949
-24.493
-24.5055
-24.5361
-24.5774
-24.6148
-24.6567
-24.7066
-24.7619
-24.8249
-24.8964
-24.9676
-25.0193
-25.0365
-25.0159
-24.963
-24.8937
-24.8182
-24.7475
-24.6911
-24.6558
-24.642
-24.6452
-24.6607
-24.6848
-24.7145
-24.7499
-24.7791
-24.7887
-24.7696
-24.7403
-24.7003
-24.6539
-24.6257
-24.6209
-24.6315
-24.6477
-24.6675
-24.6915
-24.7213
-24.7517
-24.7808
-24.8043
-24.817
-24.8149
-24.7966
-24.7677
-24.7381
-24.7159
-24.7039
-24.7007
-24.7034
-24.7094
-24.7166
-24.7236
-24.7293
-24.733
-24.734
-24.7319
-24.7278
-24.721
-24.7126
-24.7033
-24.694
-24.6856
-24.6785
-24.6732
-24.6695
-24.6677
-25.0109
-25.0106
-25.0101
-25.0094
-25.0085
-25.0072
-25.0057
-25.0038
-25.0015
-24.999
-24.9961
-24.9923
-24.9898
-24.9985
-25.0231
-25.0558
-25.09
-25.1327
-25.1843
-25.2407
-25.3023
-25.3691
-25.4346
-25.4855
-25.5072
-25.4899
-25.4383
-25.3651
-25.2832
-25.2074
-25.1501
-25.1184
-25.1109
-25.1207
-25.1394
-25.1619
-25.186
-25.21
-25.2264
-25.2279
-25.2136
-25.1915
-25.1615
-25.1321
-25.1165
-25.1162
-25.1257
-25.1401
-25.1579
-25.1792
-25.2023
-25.2254
-25.2465
-25.2625
-25.2704
-25.2683
-25.2565
-25.2386
-25.2201
-25.2055
-25.1967
-25.1936
-25.1946
-25.1981
-25.2028
-25.2075
-25.2113
-25.2138
-25.2144
-25.2132
-25.2096
-25.2045
-25.1982
-25.1913
-25.1843
-25.1779
-25.1725
-25.1683
-25.1654
-25.1639
-25.51
-25.5097
-25.5093
-25.5086
-25.5077
-25.5065
-25.505
-25.5032
-25.501
-25.4985
-25.4958
-25.4922
-25.4894
-25.4943
-25.5117
-25.537
-25.5702
-25.6146
-25.669
-25.7293
-25.7946
-25.8635
-25.9309
-25.9854
-26.0126
-26.0017
-25.9549
-25.8797
-25.787
-25.6956
-25.6261
-25.5912
-25.5863
-25.6014
-25.6222
-25.6426
-25.6607
-25.6754
-25.6833
-25.6818
-25.6717
-25.6562
-25.6371
-25.6206
-25.6133
-25.6152
-25.6231
-25.6354
-25.6504
-25.6677
-25.6859
-25.7038
-25.7194
-25.7308
-25.7364
-25.7351
-25.7277
-25.7165
-25.7047
-25.6949
-25.6886
-25.6858
-25.6858
-25.6878
-25.6907
-25.6937
-25.6962
-25.6978
-25.6981
-25.697
-25.6943
-25.6904
-25.6858
-25.6806
-25.6754
-25.6705
-25.6663
-25.663
-25.6607
-25.6596
-26.0097
-26.0095
-26.0091
-26.0085
-26.0077
-26.0067
-26.0054
-26.0039
-26.002
-26
-25.9978
-25.9952
-25.9931
-25.9961
-26.0071
-26.0265
-26.0587
-26.1044
-26.1616
-26.2273
-26.3
-26.3778
-26.4558
-26.5248
-26.5713
-26.5828
-26.5509
-26.4747
-26.3678
-26.2516
-26.1532
-26.0944
-26.0784
-26.0946
-26.1161
-26.1336
-26.1463
-26.1542
-26.1568
-26.1539
-26.1461
-26.1352
-26.1232
-26.1139
-26.1107
-26.1131
-26.12
-26.1301
-26.1425
-26.1566
-26.1713
-26.1852
-26.1971
-26.2057
-26.21
-26.2097
-26.2053
-26.1983
-26.1908
-26.1843
-26.1798
-26.1775
-26.1771
-26.1781
-26.1798
-26.1816
-26.1832
-26.1842
-26.1842
-26.1833
-26.1812
-26.1783
-26.1748
-26.1709
-26.167
-26.1632
-26.16
-26.1575
-26.1557
-26.1548
-26.51
-26.5098
-26.5096
-26.5091
-26.5085
-26.5077
-26.5068
-26.5058
-26.5046
-26.5034
-26.5022
-26.5013
-26.5011
-26.5046
-26.5126
-26.5264
-26.5565
-26.6037
-26.6648
-26.7371
-26.8202
-26.9127
-27.0082
-27.1004
-27.173
-27.2147
-27.2009
-27.1259
-27.0105
-26.875
-26.7449
-26.6519
-26.6126
-26.6089
-26.625
-26.637
-26.6422
-26.6437
-26.6422
-26.6377
-26.631
-26.6228
-26.6149
-26.6094
-26.6079
-26.6102
-26.6158
-26.6241
-26.6344
-26.6459
-26.6578
-26.6689
-26.6783
-26.6851
-26.6888
-26.6892
-26.6869
-26.6828
-26.6781
-26.6738
-26.6707
-26.6689
-26.6683
-26.6687
-26.6697
-26.6708
-26.6718
-26.6723
-26.6722
-26.6714
-26.6698
-26.6676
-26.665
-26.662
-26.659
-26.6562
-26.6537
-26.6517
-26.6503
-26.6496
-27.0108
-27.0107
-27.0105
-27.0103
-27.0099
-27.0096
-27.0092
-27.0088
-27.0085
-27.0083
-27.0087
-27.0098
-27.0124
-27.0186
-27.0271
-27.0364
-27.0622
-27.1123
-27.1791
-27.2593
-27.3549
-27.4617
-27.572
-27.6778
-27.7623
-27.8092
-27.8051
-27.7457
-27.6428
-27.5093
-27.3624
-27.2438
-27.1814
-27.154
-27.1468
-27.1499
-27.1448
-27.139
-27.1331
-27.1269
-27.1205
-27.1143
-27.109
-27.1056
-27.1048
-27.1065
-27.1108
-27.1175
-27.126
-27.1355
-27.1453
-27.1544
-27.162
-27.1677
-27.171
-27.1721
-27.1712
-27.169
-27.1662
-27.1635
-27.1614
-27.1601
-27.1596
-27.1597
-27.1603
-27.1609
-27.1615
-27.1617
-27.1615
-27.1609
-27.1597
-27.158
-27.1559
-27.1537
-27.1514
-27.1493
-27.1474
-27.1458
-27.1447
-27.1442
-27.5119
-27.5119
-27.5119
-27.5118
-27.5119
-27.512
-27.5122
-27.5125
-27.5132
-27.5144
-27.5165
-27.5198
-27.5256
-27.5357
-27.5485
-27.5571
-27.5776
-27.6309
-27.7068
-27.801
-27.9104
-28.0287
-28.1463
-28.2472
-28.319
-28.3547
-28.3493
-28.3022
-28.2164
-28.0996
-27.9633
-27.8321
-27.7511
-27.7141
-27.6842
-27.6672
-27.6485
-27.634
-27.6244
-27.6168
-27.6108
-27.606
-27.6024
-27.6002
-27.5997
-27.6012
-27.6048
-27.6104
-27.6175
-27.6255
-27.6336
-27.6411
-27.6476
-27.6525
-27.6557
-27.6573
-27.6573
-27.6564
-27.6549
-27.6534
-27.6521
-27.6513
-27.6509
-27.651
-27.6513
-27.6517
-27.652
-27.6521
-27.6519
-27.6513
-27.6504
-27.6491
-27.6475
-27.6459
-27.6441
-27.6425
-27.641
-27.6398
-27.639
-27.6385
-28.0133
-28.0134
-28.0135
-28.0137
-28.0141
-28.0147
-28.0155
-28.0167
-28.0185
-28.021
-28.0249
-28.0306
-28.0393
-28.0534
-28.0723
-28.0868
-28.1056
-28.155
-28.2418
-28.3548
-28.4792
-28.6085
-28.7294
-28.8221
-28.8803
-28.9005
-28.8821
-28.8272
-28.7419
-28.6353
-28.516
-28.3935
-28.2991
-28.2538
-28.2174
-28.1767
-28.1476
-28.1262
-28.1129
-28.1048
-28.0994
-28.0959
-28.0936
-28.0924
-28.0927
-28.0944
-28.0979
-28.1028
-28.109
-28.1158
-28.1227
-28.1292
-28.1348
-28.1392
-28.1423
-28.1442
-28.1449
-28.1449
-28.1444
-28.1437
-28.143
-28.1426
-28.1424
-28.1425
-28.1427
-28.1429
-28.1431
-28.1432
-28.143
-28.1425
-28.1418
-28.1408
-28.1396
-28.1383
-28.137
-28.1357
-28.1346
-28.1337
-28.1331
-28.1327
-28.5148
-28.5149
-28.5153
-28.5158
-28.5165
-28.5176
-28.519
-28.521
-28.5238
-28.5276
-28.5331
-28.5409
-28.5523
-28.5695
-28.5939
-28.6196
-28.642
-28.6835
-28.7679
-28.889
-29.0256
-29.164
-29.2892
-29.3804
-29.4298
-29.4368
-29.4066
-29.3421
-29.25
-29.1376
-29.0186
-28.9019
-28.8031
-28.7452
-28.703
-28.6587
-28.6272
-28.6076
-28.5962
-28.5896
-28.5859
-28.584
-28.5833
-28.5835
-28.5847
-28.5871
-28.5906
-28.5952
-28.6007
-28.6067
-28.6127
-28.6184
-28.6233
-28.6274
-28.6304
-28.6325
-28.6338
-28.6343
-28.6344
-28.6343
-28.6342
-28.6341
-28.6341
-28.6342
-28.6344
-28.6346
-28.6348
-28.6348
-28.6346
-28.6343
-28.6337
-28.6329
-28.6321
-28.6311
-28.6301
-28.6291
-28.6282
-28.6276
-28.6271
-28.6268
-29.0163
-29.0165
-29.017
-29.0178
-29.0188
-29.0203
-29.0223
-29.025
-29.0287
-29.0336
-29.0404
-29.0499
-29.0633
-29.0827
-29.1103
-29.1449
-29.1773
-29.2151
-29.2823
-29.3889
-29.5238
-29.6643
-29.7909
-29.884
-29.9332
-29.936
-29.9008
-29.8308
-29.7328
-29.6117
-29.4842
-29.3636
-29.2596
-29.1921
-29.1484
-29.114
-29.0926
-29.0817
-29.0757
-29.0724
-29.0713
-29.0714
-29.0726
-29.0743
-29.0767
-29.0796
-29.0833
-29.0877
-29.0928
-29.0981
-29.1035
-29.1085
-29.113
-29.1168
-29.1198
-29.122
-29.1235
-29.1245
-29.1251
-29.1254
-29.1256
-29.1258
-29.1259
-29.1262
-29.1264
-29.1266
-29.1267
-29.1267
-29.1266
-29.1264
-29.126
-29.1254
-29.1247
-29.124
-29.1232
-29.1225
-29.1218
-29.1213
-29.1209
-29.1207
-29.5177
-29.518
-29.5186
-29.5196
-29.5209
-29.5227
-29.5252
-29.5285
-29.5328
-29.5386
-29.5464
-29.5569
-29.5714
-29.5916
-29.6198
-29.6572
-29.6992
-29.7412
-29.7948
-29.8723
-29.9814
-30.1054
-30.2236
-30.315
-30.3686
-30.3715
-30.3362
-30.267
-30.1664
-30.0472
-29.922
-29.8068
-29.6988
-29.631
-29.5939
-29.5693
-29.5586
-29.5555
-29.5551
-29.5555
-29.557
-29.5593
-29.5621
-29.5653
-29.5687
-29.5723
-29.5762
-29.5805
-29.5852
-29.5901
-29.595
-29.5995
-29.6036
-29.6071
-29.61
-29.6123
-29.614
-29.6152
-29.6161
-29.6168
-29.6172
-29.6176
-29.618
-29.6183
-29.6185
-29.6188
-29.6189
-29.619
-29.619
-29.6188
-29.6185
-29.6181
-29.6176
-29.617
-29.6165
-29.6159
-29.6154
-29.615
-29.6147
-29.6146
-30.0189
-30.0193
-30.02
-30.0211
-30.0226
-30.0247
-30.0275
-30.0312
-30.036
-30.0423
-30.0506
-30.0616
-30.0762
-30.0959
-30.1226
-30.1583
-30.2023
-30.2501
-30.3002
-30.3594
-30.4337
-30.5226
-30.6121
-30.6858
-30.7277
-30.7336
-30.7033
-30.6456
-30.5601
-30.4551
-30.3451
-30.2454
-30.1508
-30.087
-30.057
-30.0395
-30.0347
-30.0356
-30.0381
-30.0409
-30.0444
-30.0484
-30.0526
-30.0569
-30.0611
-30.0653
-30.0694
-30.0736
-30.0781
-30.0826
-30.087
-30.0912
-30.0949
-30.0982
-30.101
-30.1033
-30.1051
-30.1065
-30.1076
-30.1085
-30.1092
-30.1097
-30.1102
-30.1106
-30.1109
-30.1112
-30.1114
-30.1115
-30.1115
-30.1114
-30.1112
-30.1109
-30.1106
-30.1102
-30.1097
-30.1093
-30.109
-30.1087
-30.1084
-30.1083
-30.5198
-30.5202
-30.521
-30.5222
-30.5238
-30.5261
-30.5291
-30.533
-30.538
-30.5445
-30.5529
-30.5637
-30.5779
-30.5963
-30.6204
-30.6518
-30.6916
-30.7386
-30.7896
-30.8418
-30.8984
-30.957
-31.0129
-31.0553
-31.0759
-31.0811
-31.0566
-31.0126
-30.9534
-30.8726
-30.7774
-30.6924
-30.6174
-30.5603
-30.5358
-30.5229
-30.5206
-30.5227
-30.5261
-30.5301
-30.5346
-30.5395
-30.5445
-30.5495
-30.5542
-30.5586
-30.5629
-30.5671
-30.5714
-30.5756
-30.5796
-30.5834
-30.5869
-30.5899
-30.5926
-30.5949
-30.5967
-30.5983
-30.5995
-30.6005
-30.6013
-30.602
-30.6025
-30.603
-30.6034
-30.6037
-30.604
-30.6041
-30.6042
-30.6042
-30.6041
-30.6039
-30.6036
-30.6034
-30.603
-30.6028
-30.6025
-30.6023
-30.6021
-30.6021
-31.0204
-31.0208
-31.0215
-31.0228
-31.0245
-31.0269
-31.0299
-31.0339
-31.0389
-31.0452
-31.0533
-31.0636
-31.0767
-31.0934
-31.1146
-31.1412
-31.1744
-31.2146
-31.2604
-31.3096
-31.3591
-31.4048
-31.4445
-31.4726
-31.4882
-31.4915
-31.4695
-31.4278
-31.374
-31.3077
-31.2278
-31.1532
-31.0938
-31.0459
-31.0246
-31.0148
-31.0129
-31.015
-31.0185
-31.0226
-31.0274
-31.0326
-31.0379
-31.0431
-31.048
-31.0526
-31.0568
-31.061
-31.065
-31.0689
-31.0726
-31.0761
-31.0793
-31.0822
-31.0848
-31.087
-31.0888
-31.0904
-31.0917
-31.0928
-31.0937
-31.0945
-31.0951
-31.0956
-31.0961
-31.0964
-31.0967
-31.0969
-31.097
-31.0971
-31.0971
-31.097
-31.0968
-31.0966
-31.0964
-31.0962
-31.0961
-31.0959
-31.0958
-31.0958
-31.5205
-31.5209
-31.5217
-31.523
-31.5247
-31.527
-31.53
-31.5338
-31.5386
-31.5446
-31.5521
-31.5615
-31.5732
-31.5878
-31.6058
-31.6281
-31.6552
-31.6875
-31.7249
-31.7659
-31.8081
-31.8483
-31.8822
-31.9097
-31.9268
-31.9299
-31.9121
-31.8726
-31.8095
-31.7427
-31.6812
-31.6229
-31.5748
-31.5386
-31.5195
-31.5115
-31.5093
-31.5109
-31.514
-31.5179
-31.5224
-31.5274
-31.5326
-31.5378
-31.5426
-31.547
-31.5512
-31.5552
-31.559
-31.5626
-31.5661
-31.5693
-31.5723
-31.575
-31.5774
-31.5795
-31.5814
-31.5829
-31.5842
-31.5854
-31.5863
-31.5871
-31.5878
-31.5884
-31.5889
-31.5893
-31.5896
-31.5898
-31.59
-31.5901
-31.5902
-31.5902
-31.5901
-31.59
-31.59
-31.5898
-31.5897
-31.5896
-31.5895
-31.5895
-32.0202
-32.0206
-32.0214
-32.0227
-32.0243
-32.0265
-32.0293
-32.0329
-32.0373
-32.0427
-32.0494
-32.0576
-32.0677
-32.08
-32.0951
-32.1134
-32.1353
-32.1611
-32.1904
-32.2226
-32.256
-32.2878
-32.3148
-32.335
-32.3463
-32.3466
-32.3334
-32.3033
-32.2499
-32.1898
-32.14
-32.0976
-32.0599
-32.0347
-32.0178
-32.0108
-32.0083
-32.0092
-32.0116
-32.015
-32.019
-32.0235
-32.0283
-32.0332
-32.0377
-32.042
-32.0459
-32.0497
-32.0532
-32.0566
-32.0598
-32.0628
-32.0656
-32.0682
-32.0704
-32.0724
-32.0742
-32.0757
-32.0771
-32.0782
-32.0792
-32.08
-32.0807
-32.0813
-32.0818
-32.0823
-32.0826
-32.0829
-32.0831
-32.0833
-32.0834
-32.0834
-32.0835
-32.0835
-32.0834
-32.0834
-32.0833
-32.0833
-32.0832
-32.0832
-32.5196
-32.52
-32.5207
-32.5219
-32.5234
-32.5254
-32.528
-32.5312
-32.5351
-32.5398
-32.5455
-32.5524
-32.5608
-32.5708
-32.583
-32.5977
-32.6152
-32.6356
-32.6589
-32.6842
-32.7099
-32.7338
-32.7527
-32.764
-32.7656
-32.7601
-32.746
-32.7214
-32.6909
-32.6525
-32.6149
-32.5787
-32.5498
-32.532
-32.518
-32.5116
-32.509
-32.5091
-32.5108
-32.5134
-32.5167
-32.5206
-32.5249
-32.5292
-32.5333
-32.5373
-32.541
-32.5445
-32.5478
-32.5509
-32.5539
-32.5567
-32.5593
-32.5616
-32.5638
-32.5657
-32.5673
-32.5688
-32.5701
-32.5712
-32.5722
-32.5731
-32.5738
-32.5744
-32.5749
-32.5754
-32.5758
-32.5761
-32.5764
-32.5766
-32.5767
-32.5768
-32.5769
-32.5769
-32.577
-32.577
-32.577
-32.5769
-32.5769
-32.5769
-33.0186
-33.019
-33.0196
-33.0207
-33.022
-33.0238
-33.0261
-33.0288
-33.0321
-33.036
-33.0407
-33.0463
-33.0529
-33.0608
-33.0702
-33.0816
-33.0953
-33.1114
-33.13
-33.1504
-33.171
-33.1891
-33.2016
-33.2056
-33.2004
-33.1884
-33.1709
-33.1469
-33.134
-33.1205
-33.0952
-33.0618
-33.0431
-33.0293
-33.0192
-33.0135
-33.0108
-33.0102
-33.011
-33.0128
-33.0153
-33.0185
-33.022
-33.0258
-33.0294
-33.033
-33.0363
-33.0395
-33.0426
-33.0455
-33.0482
-33.0508
-33.0532
-33.0554
-33.0574
-33.0591
-33.0607
-33.0622
-33.0634
-33.0645
-33.0655
-33.0663
-33.067
-33.0677
-33.0682
-33.0687
-33.0691
-33.0694
-33.0697
-33.0699
-33.0701
-33.0703
-33.0704
-33.0704
-33.0705
-33.0705
-33.0706
-33.0706
-33.0706
-33.0705
-33.5173
-33.5176
-33.5182
-33.519
-33.5202
-33.5218
-33.5236
-33.5259
-33.5285
-33.5317
-33.5353
-33.5395
-33.5444
-33.5502
-33.5572
-33.5657
-33.5761
-33.5888
-33.604
-33.6212
-33.6387
-33.6531
-33.6605
-33.6576
-33.6449
-33.6251
-33.604
-33.5872
-33.5867
-33.5874
-33.5676
-33.5509
-33.5402
-33.5286
-33.5216
-33.5162
-33.5131
-33.5118
-33.5118
-33.5127
-33.5145
-33.5168
-33.5197
-33.5228
-33.5259
-33.529
-33.532
-33.5349
-33.5376
-33.5403
-33.5428
-33.5451
-33.5473
-33.5494
-33.5512
-33.5529
-33.5544
-33.5557
-33.5569
-33.558
-33.5589
-33.5597
-33.5604
-33.5611
-33.5616
-33.5621
-33.5625
-33.5628
-33.5631
-33.5633
-33.5635
-33.5637
-33.5639
-33.564
-33.564
-33.5641
-33.5641
-33.5642
-33.5642
-33.5642
-34.0156
-34.0159
-34.0164
-34.0171
-34.0181
-34.0193
-34.0208
-34.0226
-34.0246
-34.0269
-34.0295
-34.0324
-34.0357
-34.0396
-34.0443
-34.0502
-34.058
-34.0683
-34.082
-34.0986
-34.1154
-34.127
-34.1286
-34.1169
-34.0927
-34.0694
-34.0522
-34.0508
-34.0534
-34.0583
-34.0602
-34.0587
-34.0395
-34.0323
-34.0246
-34.0189
-34.0154
-34.0134
-34.0126
-34.0128
-34.0138
-34.0155
-34.0176
-34.0201
-34.0227
-34.0253
-34.0279
-34.0305
-34.033
-34.0353
-34.0376
-34.0397
-34.0417
-34.0436
-34.0453
-34.0468
-34.0482
-34.0495
-34.0506
-34.0516
-34.0525
-34.0533
-34.054
-34.0546
-34.0551
-34.0555
-34.0559
-34.0563
-34.0566
-34.0568
-34.057
-34.0572
-34.0573
-34.0575
-34.0576
-34.0576
-34.0577
-34.0577
-34.0577
-34.0577
-34.5137
-34.5139
-34.5143
-34.5149
-34.5157
-34.5166
-34.5177
-34.519
-34.5204
-34.522
-34.5236
-34.5253
-34.5272
-34.5292
-34.5319
-34.5356
-34.5415
-34.5512
-34.5667
-34.5866
-34.6036
-34.6122
-34.6083
-34.5879
-34.5549
-34.5297
-34.5166
-34.5293
-34.5521
-34.5556
-34.5669
-34.5631
-34.5446
-34.534
-34.5263
-34.5207
-34.5169
-34.5144
-34.5131
-34.5127
-34.5131
-34.5142
-34.5157
-34.5176
-34.5197
-34.5219
-34.5241
-34.5263
-34.5285
-34.5306
-34.5326
-34.5345
-34.5363
-34.538
-34.5395
-34.541
-34.5423
-34.5434
-34.5445
-34.5454
-34.5462
-34.547
-34.5476
-34.5482
-34.5486
-34.5491
-34.5494
-34.5498
-34.55
-34.5503
-34.5505
-34.5507
-34.5508
-34.5509
-34.5511
-34.5511
-34.5512
-34.5513
-34.5513
-34.5513
-35.0116
-35.0117
-35.012
-35.0125
-35.0131
-35.0138
-35.0145
-35.0154
-35.0162
-35.0171
-35.0178
-35.0185
-35.019
-35.0194
-35.0201
-35.0218
-35.0263
-35.0378
-35.0592
-35.0849
-35.1086
-35.1351
-35.1266
-35.0784
-35.0298
-35.0137
-35.0203
-35.0338
-35.0475
-35.0599
-35.0632
-35.0523
-35.0421
-35.0331
-35.0263
-35.0212
-35.0173
-35.0147
-35.013
-35.0122
-35.0122
-35.0128
-35.0138
-35.0152
-35.0168
-35.0186
-35.0204
-35.0223
-35.0242
-35.026
-35.0278
-35.0295
-35.0311
-35.0326
-35.034
-35.0352
-35.0364
-35.0375
-35.0384
-35.0393
-35.04
-35.0407
-35.0413
-35.0418
-35.0423
-35.0427
-35.043
-35.0433
-35.0435
-35.0438
-35.044
-35.0441
-35.0443
-35.0444
-35.0446
-35.0447
-35.0447
-35.0448
-35.0448
-35.0448
-35.5093
-35.5094
-35.5096
-35.5099
-35.5103
-35.5108
-35.5113
-35.5117
-35.5121
-35.5124
-35.5124
-35.5121
-35.5115
-35.5105
-35.5094
-35.5089
-35.5118
-35.5251
-35.5499
-35.5802
-35.6235
-35.6631
-35.6415
-35.5806
-35.5341
-35.5229
-35.5336
-35.5414
-35.5493
-35.5521
-35.5499
-35.5444
-35.5379
-35.5309
-35.5252
-35.5206
-35.5169
-35.5143
-35.5124
-35.5114
-35.511
-35.5112
-35.5118
-35.5128
-35.514
-35.5154
-35.5169
-35.5184
-35.52
-35.5215
-35.5231
-35.5245
-35.5259
-35.5273
-35.5285
-35.5296
-35.5307
-35.5316
-35.5325
-35.5333
-35.5339
-35.5345
-35.5351
-35.5355
-35.5359
-35.5363
-35.5366
-35.5369
-35.5371
-35.5373
-35.5375
-35.5377
-35.5378
-35.5379
-35.5381
-35.5382
-35.5382
-35.5383
-35.5383
-35.5383
-36.0069
-36.007
-36.0071
-36.0073
-36.0075
-36.0078
-36.008
-36.0082
-36.0082
-36.008
-36.0074
-36.0064
-36.0049
-36.0028
-36.0001
-35.9975
-35.9983
-36.0094
-36.0283
-36.0608
-36.1248
-36.1594
-36.1369
-36.0848
-36.0541
-36.0519
-36.052
-36.0489
-36.0439
-36.0436
-36.0423
-36.0387
-36.0339
-36.0279
-36.0232
-36.0191
-36.0158
-36.0132
-36.0113
-36.0101
-36.0095
-36.0094
-36.0097
-36.0103
-36.0112
-36.0122
-36.0134
-36.0146
-36.0159
-36.0172
-36.0185
-36.0197
-36.0209
-36.0221
-36.0232
-36.0241
-36.0251
-36.0259
-36.0266
-36.0273
-36.0279
-36.0284
-36.0289
-36.0293
-36.0297
-36.03
-36.0302
-36.0305
-36.0307
-36.0309
-36.0311
-36.0312
-36.0314
-36.0315
-36.0316
-36.0317
-36.0317
-36.0318
-36.0318
-36.0318
-36.5044
-36.5044
-36.5045
-36.5046
-36.5047
-36.5048
-36.5049
-36.5048
-36.5045
-36.504
-36.5031
-36.5017
-36.4996
-36.4968
-36.4931
-36.4888
-36.4869
-36.4911
-36.5048
-36.5417
-36.6081
-36.653
-36.6546
-36.6201
-36.5944
-36.58
-36.562
-36.5506
-36.5435
-36.5406
-36.538
-36.5343
-36.5297
-36.525
-36.5207
-36.517
-36.5139
-36.5115
-36.5097
-36.5084
-36.5077
-36.5073
-36.5074
-36.5077
-36.5083
-36.509
-36.5099
-36.5109
-36.5119
-36.5129
-36.514
-36.515
-36.516
-36.517
-36.5179
-36.5187
-36.5195
-36.5202
-36.5209
-36.5214
-36.522
-36.5224
-36.5228
-36.5232
-36.5235
-36.5237
-36.524
-36.5242
-36.5244
-36.5245
-36.5247
-36.5248
-36.5249
-36.5251
-36.5251
-36.5252
-36.5253
-36.5253
-36.5254
-36.5254
-37.0018
-37.0018
-37.0018
-37.0019
-37.0019
-37.0019
-37.0018
-37.0016
-37.0012
-37.0005
-36.9994
-36.9979
-36.9958
-36.993
-36.9894
-36.9856
-36.9829
-36.9845
-37.0051
-37.0581
-37.1321
-37.1918
-37.2096
-37.187
-37.142
-37.0983
-37.0714
-37.0549
-37.0445
-37.0389
-37.0345
-37.03
-37.0256
-37.0214
-37.0176
-37.0143
-37.0116
-37.0093
-37.0076
-37.0064
-37.0055
-37.0051
-37.0049
-37.005
-37.0054
-37.0059
-37.0065
-37.0072
-37.008
-37.0088
-37.0096
-37.0104
-37.0112
-37.012
-37.0127
-37.0134
-37.0141
-37.0146
-37.0152
-37.0157
-37.0161
-37.0165
-37.0168
-37.0171
-37.0174
-37.0176
-37.0178
-37.0179
-37.0181
-37.0182
-37.0184
-37.0185
-37.0186
-37.0187
-37.0187
-37.0188
-37.0188
-37.0189
-37.0189
-37.0189
-37.4992
-37.4992
-37.4992
-37.4992
-37.4992
-37.4991
-37.499
-37.4987
-37.4982
-37.4975
-37.4965
-37.4951
-37.4933
-37.4911
-37.4887
-37.4869
-37.4867
-37.4921
-37.5238
-37.5977
-37.6802
-37.7427
-37.7568
-37.7222
-37.6627
-37.605
-37.5735
-37.5552
-37.5431
-37.5364
-37.5304
-37.5254
-37.5211
-37.5173
-37.514
-37.5111
-37.5087
-37.5067
-37.5051
-37.5039
-37.5031
-37.5025
-37.5023
-37.5022
-37.5023
-37.5026
-37.503
-37.5035
-37.504
-37.5046
-37.5052
-37.5059
-37.5065
-37.5071
-37.5076
-37.5082
-37.5087
-37.5091
-37.5096
-37.5099
-37.5103
-37.5106
-37.5108
-37.5111
-37.5113
-37.5115
-37.5116
-37.5117
-37.5119
-37.512
-37.5121
-37.5121
-37.5122
-37.5123
-37.5123
-37.5124
-37.5124
-37.5124
-37.5125
-37.5125
-37.9965
-37.9965
-37.9965
-37.9965
-37.9965
-37.9964
-37.9962
-37.996
-37.9956
-37.995
-37.9942
-37.9931
-37.9918
-37.9905
-37.9894
-37.9897
-37.9928
-38.0025
-38.0345
-38.1067
-38.189
-38.2426
-38.2439
-38.2028
-38.1417
-38.094
-38.0665
-38.0498
-38.0388
-38.031
-38.025
-38.0201
-38.0161
-38.0127
-38.0098
-38.0073
-38.0052
-38.0035
-38.0022
-38.0011
-38.0003
-37.9997
-37.9993
-37.9992
-37.9991
-37.9992
-37.9994
-37.9997
-38.0001
-38.0005
-38.0009
-38.0013
-38.0018
-38.0022
-38.0026
-38.003
-38.0033
-38.0037
-38.004
-38.0042
-38.0045
-38.0047
-38.0049
-38.0051
-38.0052
-38.0053
-38.0054
-38.0055
-38.0056
-38.0057
-38.0058
-38.0058
-38.0059
-38.0059
-38.006
-38.006
-38.006
-38.006
-38.006
-38.006
-38.4939
-38.4939
-38.4939
-38.4939
-38.4939
-38.4938
-38.4937
-38.4935
-38.4932
-38.4928
-38.4923
-38.4917
-38.491
-38.4904
-38.4902
-38.4914
-38.4951
-38.5036
-38.5239
-38.566
-38.6234
-38.6517
-38.6533
-38.6299
-38.5966
-38.5707
-38.5528
-38.5402
-38.5309
-38.5238
-38.5183
-38.5139
-38.5104
-38.5076
-38.5052
-38.5032
-38.5015
-38.5001
-38.499
-38.498
-38.4973
-38.4967
-38.4963
-38.496
-38.4958
-38.4958
-38.4958
-38.4959
-38.4961
-38.4963
-38.4965
-38.4967
-38.497
-38.4973
-38.4975
-38.4978
-38.498
-38.4982
-38.4984
-38.4985
-38.4987
-38.4988
-38.4989
-38.4991
-38.4991
-38.4992
-38.4993
-38.4993
-38.4994
-38.4994
-38.4995
-38.4995
-38.4995
-38.4995
-38.4996
-38.4996
-38.4996
-38.4996
-38.4996
-38.4996
-38.9913
-38.9913
-38.9913
-38.9913
-38.9913
-38.9912
-38.9912
-38.9911
-38.991
-38.9908
-38.9906
-38.9903
-38.99
-38.9898
-38.9898
-38.9905
-38.9924
-38.9963
-39.0037
-39.0153
-39.0322
-39.0343
-39.0416
-39.0485
-39.0483
-39.0428
-39.035
-39.0273
-39.0206
-39.0151
-39.0107
-39.0072
-39.0044
-39.0023
-39.0005
-38.9991
-38.9978
-38.9968
-38.9959
-38.9951
-38.9945
-38.9939
-38.9934
-38.993
-38.9927
-38.9924
-38.9923
-38.9922
-38.9921
-38.9921
-38.9922
-38.9922
-38.9923
-38.9924
-38.9925
-38.9926
-38.9927
-38.9927
-38.9928
-38.9928
-38.9929
-38.9929
-38.993
-38.993
-38.993
-38.9931
-38.9931
-38.9931
-38.9931
-38.9931
-38.9932
-38.9932
-38.9932
-38.9932
-38.9932
-38.9932
-38.9932
-38.9932
-38.9932
-38.9932
)
;

boundaryField
{
    lowerWall
    {
        type            calculated;
        value           nonuniform List<scalar> 
80
(
7294.97
7294.81
7294.56
7294.24
7293.88
7293.51
7293.14
7292.8
7292.51
7292.29
7292.17
7292.14
7292.23
7292.43
7292.74
7293.15
7293.66
7294.23
7294.86
7295.51
7296.17
7296.82
7297.42
7297.98
7298.46
7298.87
7299.2
7299.45
7299.62
7299.72
7299.75
7299.74
7299.68
7299.6
7299.5
7299.41
7299.33
7299.28
7299.25
7299.25
7299.29
7299.36
7299.45
7299.57
7299.7
7299.82
7299.92
7299.99
7300.01
7299.98
7299.86
7299.66
7299.37
7298.99
7298.51
7297.93
7297.28
7296.56
7295.79
7294.99
7294.18
7293.4
7292.67
7292
7291.44
7290.98
7290.65
7290.45
7290.39
7290.45
7290.63
7290.9
7291.25
7291.66
7292.09
7292.52
7292.93
7293.29
7293.57
7293.74
)
;
    }
    rightWall
    {
        type            calculated;
        value           nonuniform List<scalar> 
80
(
7112.26
6749.44
6386.71
6024.09
5661.61
5299.3
4937.22
4575.46
4214.23
3853.75
3494.33
3136.22
2779.62
2424.67
2071.41
1720.1
1370.9
1024.54
682.3
342.747
85.6521
-8.1371
-10.6107
-11.1581
-11.6733
-12.1799
-12.6624
-13.1431
-13.6382
-14.1156
-14.5974
-15.0986
-15.602
-16.0876
-16.5951
-17.1209
-17.6188
-18.0961
-18.5751
-19.0691
-19.5783
-20.0974
-20.6195
-21.1395
-21.6547
-22.1651
-22.6706
-23.1727
-23.6725
-24.1707
-24.6677
-25.1639
-25.6596
-26.1548
-26.6496
-27.1442
-27.6385
-28.1327
-28.6268
-29.1207
-29.6146
-30.1083
-30.6021
-31.0958
-31.5895
-32.0832
-32.5769
-33.0705
-33.5642
-34.0577
-34.5513
-35.0448
-35.5383
-36.0318
-36.5254
-37.0189
-37.5125
-38.006
-38.4996
-38.9932
)
;
    }
    atmosphere
    {
        type            calculated;
        value           nonuniform List<scalar> 
80
(
-39.24
-39.24
-39.24
-39.24
-39.24
-39.24
-39.24
-39.24
-39.24
-39.24
-39.24
-39.24
-39.24
-39.24
-39.24
-39.24
-39.24
-39.24
-39.2401
-39.2408
-39.2461
-39.2402
-39.2532
-39.2701
-39.2777
-39.2774
-39.2736
-39.2691
-39.2646
-39.2603
-39.2565
-39.2536
-39.2513
-39.2496
-39.2483
-39.2472
-39.2462
-39.2454
-39.2446
-39.2439
-39.2433
-39.2427
-39.2421
-39.2417
-39.2412
-39.2409
-39.2406
-39.2404
-39.2402
-39.2401
-39.2401
-39.24
-39.24
-39.24
-39.24
-39.24
-39.24
-39.24
-39.24
-39.24
-39.24
-39.24
-39.24
-39.24
-39.24
-39.24
-39.24
-39.24
-39.24
-39.24
-39.24
-39.24
-39.24
-39.24
-39.24
-39.24
-39.24
-39.24
-39.24
-39.24
)
;
    }
    leftWall
    {
        type            calculated;
        value           nonuniform List<scalar> 
80
(
7113.48
6750.65
6387.89
6025.23
5662.69
5300.29
4938.08
4576.18
4214.75
3854.03
3494.29
3135.78
2778.69
2423.16
2069.23
1717.21
1367.32
1020.46
678.09
338.863
83.1748
-8.19287
-10.515
-11.1471
-11.7237
-12.2226
-12.6514
-13.0628
-13.511
-14.0105
-14.5642
-15.1015
-15.5903
-16.0782
-16.571
-17.0663
-17.5616
-18.057
-18.5528
-19.0483
-19.5449
-20.0416
-20.5381
-21.0345
-21.5308
-22.0272
-22.5235
-23.0201
-23.517
-24.0143
-24.5123
-25.0109
-25.51
-26.0097
-26.51
-27.0108
-27.5119
-28.0133
-28.5148
-29.0163
-29.5177
-30.0189
-30.5198
-31.0204
-31.5205
-32.0202
-32.5196
-33.0186
-33.5173
-34.0156
-34.5137
-35.0116
-35.5093
-36.0069
-36.5044
-37.0018
-37.4992
-37.9965
-38.4939
-38.9913
)
;
    }
    frontAndBack
    {
        type            empty;
    }
}


// ************************************************************************* //
