/*--------------------------------*- C++ -*----------------------------------*\
| =========                 |                                                 |
| \\      /  F ield         | OpenFOAM: The Open Source CFD Toolbox           |
|  \\    /   O peration     | Version:  2412                                  |
|   \\  /    A nd           | Website:  www.openfoam.com                      |
|    \\/     M anipulation  |                                                 |
\*---------------------------------------------------------------------------*/
FoamFile
{
    version     2.0;
    format      ascii;
    arch        "LSB;label=32;scalar=64";
    class       volScalarField;
    location    "9";
    object      p_rgh;
}
// * * * * * * * * * * * * * * * * * * * * * * * * * * * * * * * * * * * * * //

dimensions      [1 -1 -2 0 0 0 0];

internalField   nonuniform List<scalar> 
6400
(
7750.54
7750.72
7751.18
7751.95
7753.02
7754.36
7755.96
7757.8
7759.84
7762.05
7764.4
7766.85
7769.36
7771.88
7774.38
7776.81
7779.14
7781.34
7783.39
7785.25
7786.92
7788.37
7789.62
7790.65
7791.47
7792.1
7792.56
7792.85
7792.99
7793.02
7792.96
7792.82
7792.64
7792.43
7792.21
7792
7791.82
7791.67
7791.58
7791.53
7791.54
7791.61
7791.72
7791.88
7792.08
7792.3
7792.52
7792.74
7792.92
7793.05
7793.1
7793.05
7792.88
7792.57
7792.09
7791.43
7790.57
7789.51
7788.24
7786.75
7785.07
7783.2
7781.15
7778.96
7776.65
7774.25
7771.8
7769.34
7766.91
7764.54
7762.28
7760.17
7758.23
7756.49
7754.99
7753.73
7752.75
7752.04
7751.62
7751.47
7750.35
7750.52
7750.97
7751.74
7752.81
7754.16
7755.78
7757.64
7759.71
7761.96
7764.34
7766.82
7769.35
7771.91
7774.44
7776.9
7779.25
7781.48
7783.53
7785.41
7787.08
7788.54
7789.78
7790.81
7791.62
7792.24
7792.68
7792.95
7793.07
7793.08
7792.99
7792.83
7792.63
7792.4
7792.16
7791.94
7791.74
7791.59
7791.48
7791.44
7791.45
7791.52
7791.64
7791.81
7792.02
7792.26
7792.5
7792.73
7792.94
7793.09
7793.16
7793.13
7792.99
7792.69
7792.23
7791.58
7790.73
7789.67
7788.4
7786.91
7785.22
7783.33
7781.27
7779.05
7776.72
7774.29
7771.81
7769.32
7766.86
7764.47
7762.18
7760.04
7758.07
7756.32
7754.8
7753.54
7752.55
7751.85
7751.45
7751.3
7749.84
7750.02
7750.47
7751.25
7752.34
7753.73
7755.39
7757.3
7759.43
7761.74
7764.19
7766.74
7769.35
7771.97
7774.56
7777.09
7779.49
7781.76
7783.85
7785.75
7787.44
7788.91
7790.15
7791.16
7791.96
7792.55
7792.94
7793.17
7793.25
7793.22
7793.08
7792.88
7792.63
7792.36
7792.09
7791.83
7791.61
7791.44
7791.32
7791.27
7791.28
7791.36
7791.5
7791.69
7791.93
7792.19
7792.47
7792.75
7792.99
7793.19
7793.31
7793.33
7793.22
7792.97
7792.54
7791.91
7791.08
7790.03
7788.76
7787.26
7785.54
7783.62
7781.52
7779.26
7776.87
7774.38
7771.85
7769.29
7766.76
7764.3
7761.95
7759.75
7757.73
7755.93
7754.37
7753.09
7752.09
7751.38
7750.98
7750.84
7749
7749.18
7749.65
7750.44
7751.57
7753.01
7754.75
7756.74
7758.96
7761.38
7763.94
7766.6
7769.32
7772.05
7774.76
7777.39
7779.87
7782.21
7784.37
7786.31
7788.03
7789.51
7790.74
7791.74
7792.5
7793.04
7793.38
7793.54
7793.56
7793.45
7793.24
7792.97
7792.66
7792.32
7791.99
7791.69
7791.44
7791.24
7791.1
7791.04
7791.06
7791.14
7791.3
7791.52
7791.8
7792.11
7792.45
7792.79
7793.1
7793.37
7793.56
7793.65
7793.61
7793.41
7793.03
7792.45
7791.65
7790.61
7789.34
7787.82
7786.07
7784.11
7781.94
7779.6
7777.12
7774.54
7771.89
7769.23
7766.59
7764.02
7761.57
7759.27
7757.17
7755.29
7753.68
7752.36
7751.33
7750.62
7750.22
7750.07
7747.82
7748.01
7748.48
7749.31
7750.49
7752.01
7753.84
7755.96
7758.31
7760.87
7763.59
7766.41
7769.28
7772.17
7775.02
7777.78
7780.4
7782.84
7785.08
7787.09
7788.85
7790.35
7791.58
7792.54
7793.26
7793.73
7794
7794.07
7793.99
7793.78
7793.48
7793.11
7792.7
7792.28
7791.88
7791.52
7791.21
7790.97
7790.81
7790.73
7790.75
7790.85
7791.04
7791.3
7791.63
7792.01
7792.42
7792.85
7793.26
7793.62
7793.91
7794.1
7794.15
7794.04
7793.73
7793.21
7792.45
7791.43
7790.15
7788.61
7786.82
7784.78
7782.52
7780.07
7777.46
7774.74
7771.95
7769.14
7766.35
7763.63
7761.04
7758.61
7756.38
7754.41
7752.71
7751.33
7750.27
7749.54
7749.14
7749
7746.29
7746.47
7746.96
7747.84
7749.08
7750.7
7752.65
7754.92
7757.46
7760.21
7763.12
7766.15
7769.24
7772.33
7775.36
7778.29
7781.08
7783.67
7786.03
7788.13
7789.94
7791.45
7792.67
7793.6
7794.24
7794.63
7794.79
7794.75
7794.54
7794.21
7793.77
7793.28
7792.75
7792.23
7791.73
7791.29
7790.91
7790.62
7790.43
7790.33
7790.35
7790.47
7790.7
7791.02
7791.42
7791.89
7792.4
7792.93
7793.46
7793.95
7794.37
7794.68
7794.86
7794.86
7794.65
7794.2
7793.5
7792.51
7791.23
7789.67
7787.81
7785.68
7783.3
7780.71
7777.94
7775.03
7772.04
7769.03
7766.03
7763.12
7760.33
7757.72
7755.34
7753.23
7751.41
7749.97
7748.88
7748.13
7747.73
7747.6
7744.39
7744.57
7745.07
7746.01
7747.31
7749.03
7751.14
7753.61
7756.37
7759.37
7762.54
7765.83
7769.19
7772.54
7775.82
7778.97
7781.98
7784.75
7787.24
7789.44
7791.31
7792.85
7794.05
7794.92
7795.48
7795.76
7795.79
7795.6
7795.23
7794.72
7794.13
7793.47
7792.8
7792.14
7791.53
7790.98
7790.53
7790.17
7789.94
7789.83
7789.85
7790
7790.27
7790.65
7791.14
7791.72
7792.35
7793.02
7793.7
7794.34
7794.93
7795.4
7795.74
7795.88
7795.8
7795.46
7794.83
7793.88
7792.61
7791
7789.07
7786.83
7784.3
7781.52
7778.54
7775.4
7772.15
7768.87
7765.63
7762.46
7759.44
7756.61
7754.02
7751.74
7749.75
7748.3
7747.17
7746.4
7746
7745.87
7742.12
7742.3
7742.78
7743.86
7745.21
7746.98
7749.26
7751.95
7755.02
7758.33
7761.83
7765.46
7769.14
7772.82
7776.41
7779.85
7783.09
7786.08
7788.75
7791.07
7793.02
7794.58
7795.76
7796.56
7797.01
7797.14
7797
7796.61
7796.04
7795.34
7794.54
7793.69
7792.84
7792.02
7791.26
7790.59
7790.04
7789.61
7789.33
7789.19
7789.22
7789.39
7789.72
7790.19
7790.78
7791.48
7792.26
7793.1
7793.96
7794.8
7795.58
7796.27
7796.81
7797.13
7797.22
7797.01
7796.47
7795.58
7794.31
7792.66
7790.64
7788.25
7785.53
7782.52
7779.27
7775.84
7772.29
7768.7
7765.12
7761.65
7758.32
7755.2
7752.37
7749.93
7747.97
7746.34
7745.18
7744.33
7743.95
7743.83
7739.5
7739.69
7740.21
7741.19
7742.57
7744.46
7746.89
7749.88
7753.34
7757.05
7760.95
7764.99
7769.08
7773.15
7777.13
7780.92
7784.48
7787.72
7790.59
7793.06
7795.1
7796.68
7797.83
7798.55
7798.86
7798.81
7798.45
7797.83
7797.01
7796.05
7795.01
7793.93
7792.85
7791.83
7790.9
7790.09
7789.41
7788.9
7788.56
7788.4
7788.43
7788.64
7789.03
7789.59
7790.3
7791.16
7792.12
7793.16
7794.25
7795.32
7796.35
7797.29
7798.07
7798.63
7798.92
7798.88
7798.46
7797.64
7796.38
7794.69
7792.56
7790
7787.05
7783.75
7780.17
7776.38
7772.46
7768.48
7764.51
7760.64
7756.93
7753.45
7750.27
7747.58
7745.48
7743.84
7742.71
7741.96
7741.59
7741.48
7736.54
7736.74
7737.2
7738.01
7739.3
7741.23
7743.91
7747.25
7751.28
7755.46
7759.88
7764.42
7769.01
7773.56
7777.99
7782.22
7786.16
7789.72
7792.85
7795.5
7797.64
7799.25
7800.34
7800.94
7801.07
7800.79
7800.16
7799.25
7798.13
7796.86
7795.51
7794.14
7792.81
7791.56
7790.42
7789.44
7788.63
7788.02
7787.61
7787.42
7787.45
7787.7
7788.17
7788.84
7789.7
7790.73
7791.9
7793.18
7794.53
7795.9
7797.23
7798.48
7799.56
7800.41
7800.94
7801.11
7800.86
7800.13
7798.9
7797.15
7794.88
7792.12
7788.9
7785.27
7781.29
7777.07
7772.68
7768.21
7763.75
7759.39
7755.2
7751.27
7747.61
7744.61
7742.31
7740.73
7739.77
7739.22
7738.96
7738.85
7733.26
7733.43
7733.7
7734.3
7735.43
7737.36
7740.34
7744.15
7748.65
7753.49
7758.55
7763.72
7768.92
7774.07
7779.06
7783.81
7788.21
7792.16
7795.59
7798.45
7800.7
7802.33
7803.35
7803.78
7803.69
7803.12
7802.15
7800.87
7799.37
7797.73
7796.03
7794.33
7792.69
7791.16
7789.8
7788.62
7787.66
7786.93
7786.45
7786.23
7786.26
7786.56
7787.11
7787.9
7788.93
7790.16
7791.58
7793.14
7794.81
7796.52
7798.21
7799.82
7801.3
7802.48
7803.33
7803.77
7803.72
7803.12
7801.93
7800.13
7797.72
7794.71
7791.16
7787.11
7782.65
7777.89
7772.93
7767.87
7762.81
7757.84
7753.05
7748.53
7744.43
7741.05
7738.51
7737.05
7736.34
7736.08
7736.05
7736
7729.68
7729.74
7729.8
7730.11
7731.06
7733.02
7736.19
7740.46
7745.55
7751.11
7756.92
7762.83
7768.77
7774.63
7780.32
7785.71
7790.67
7795.09
7798.89
7802
7804.38
7806.02
7806.93
7807.16
7806.77
7805.84
7804.44
7802.72
7800.77
7798.69
7796.55
7794.45
7792.46
7790.62
7788.98
7787.58
7786.45
7785.59
7785.03
7784.77
7784.81
7785.16
7785.8
7786.74
7787.95
7789.42
7791.12
7793.01
7795.05
7797.16
7799.29
7801.36
7803.27
7804.89
7806.14
7806.91
7807.11
7806.69
7805.57
7803.72
7801.13
7797.84
7793.87
7789.32
7784.27
7778.85
7773.17
7767.4
7761.62
7755.94
7750.45
7745.27
7740.65
7736.84
7734.18
7732.89
7732.53
7732.64
7732.88
7732.97
7725.74
7725.67
7725.46
7725.5
7726.27
7728.18
7731.51
7736.2
7741.9
7748.23
7754.88
7761.69
7768.54
7775.28
7781.82
7787.98
7793.63
7798.62
7802.86
7806.26
7808.79
7810.43
7811.2
7811.15
7810.41
7809.04
7807.09
7804.82
7802.31
7799.69
7797.05
7794.48
7792.07
7789.87
7787.92
7786.28
7784.95
7783.96
7783.31
7783.01
7783.06
7783.46
7784.21
7785.29
7786.71
7788.45
7790.47
7792.74
7795.21
7797.78
7800.42
7803.06
7805.5
7807.66
7809.4
7810.6
7811.14
7810.93
7809.9
7808.02
7805.23
7801.59
7797.14
7791.97
7786.2
7779.98
7773.45
7766.78
7760.11
7753.56
7747.28
7741.42
7736.26
7732.11
7729.51
7728.33
7728.37
7728.88
7729.48
7729.75
7721.27
7721.07
7720.68
7720.46
7720.92
7722.7
7726.13
7731.18
7737.5
7744.66
7752.29
7760.17
7768.1
7775.95
7783.53
7790.66
7797.15
7802.85
7807.62
7811.37
7814.06
7815.68
7816.26
7815.88
7814.66
7812.7
7810.15
7807.18
7803.99
7800.72
7797.48
7794.36
7791.47
7788.86
7786.57
7784.65
7783.12
7781.98
7781.23
7780.89
7780.94
7781.4
7782.26
7783.51
7785.16
7787.19
7789.58
7792.28
7795.28
7798.48
7801.76
7804.96
7808.01
7810.86
7813.21
7814.94
7815.9
7815.98
7815.07
7813.17
7810.15
7806.09
7801.05
7795.13
7788.48
7781.25
7773.64
7765.86
7758.1
7750.52
7743.31
7736.72
7731.08
7726.7
7724.17
7723.43
7723.87
7724.82
7725.76
7726.24
7715.92
7715.58
7714.94
7714.38
7714.53
7716.12
7719.6
7725
7732
7740.11
7748.9
7758.07
7767.38
7776.58
7785.47
7793.79
7801.34
7807.89
7813.31
7817.49
7820.36
7821.94
7822.26
7821.44
7819.62
7816.94
7813.6
7809.81
7805.84
7801.77
7797.8
7794.02
7790.59
7787.52
7784.86
7782.65
7780.89
7779.59
7778.74
7778.35
7778.41
7778.93
7779.9
7781.33
7783.22
7785.57
7788.36
7791.57
7795.13
7798.98
7803
7807.04
7810.99
7814.55
7817.65
7820.05
7821.56
7822
7821.27
7819.33
7816.04
7811.49
7805.73
7798.88
7791.1
7782.61
7773.65
7764.48
7755.35
7746.48
7738.16
7730.73
7724.6
7720.18
7717.83
7717.46
7718.47
7720.04
7721.43
7722.17
7709.21
7708.78
7707.85
7706.86
7706.54
7707.8
7711.26
7717.07
7724.89
7734.13
7744.34
7755.13
7766.14
7777.06
7787.59
7797.44
7806.3
7813.94
7820.15
7824.83
7827.93
7829.44
7829.4
7828.02
7825.41
7821.85
7817.48
7812.74
7807.76
7802.75
7797.92
7793.37
7789.36
7785.78
7782.71
7780.17
7778.18
7776.73
7775.79
7775.36
7775.42
7775.98
7777.06
7778.67
7780.82
7783.5
7786.7
7790.47
7794.69
7799.32
7804.21
7809.21
7814.13
7818.77
7822.8
7826.06
7828.28
7829.21
7828.72
7826.72
7823.14
7817.98
7811.34
7803.32
7794.12
7784.02
7773.33
7762.39
7751.51
7741.03
7731.34
7722.88
7716.12
7711.59
7709.57
7709.87
7711.74
7714.16
7716.16
7717.17
7700.3
7699.76
7698.56
7697.02
7696.1
7696.89
7700.28
7706.64
7715.54
7726.16
7738.08
7750.86
7764.06
7777.2
7789.89
7801.7
7812.24
7821.21
7828.4
7833.7
7837.03
7838.43
7837.98
7835.86
7832.2
7827.46
7821.97
7815.94
7809.71
7803.56
7797.74
7792.48
7787.69
7783.53
7780
7777.14
7774.92
7773.33
7772.31
7771.84
7771.91
7772.51
7773.69
7775.46
7777.87
7780.91
7784.49
7788.87
7793.84
7799.38
7805.34
7811.51
7817.59
7823.64
7828.75
7833.14
7836.32
7837.84
7837.7
7835.66
7831.71
7825.83
7818.09
7808.62
7797.63
7785.45
7772.49
7759.23
7746.11
7733.6
7722.24
7712.5
7704.89
7700.15
7698.61
7699.84
7702.87
7706.38
7709.15
7710.49
7689.39
7688.72
7687.08
7684.55
7682.51
7682.33
7685.51
7692.69
7703.21
7715.29
7729.13
7744.38
7760.39
7776.48
7792.04
7806.45
7819.18
7829.87
7838.31
7844.36
7847.99
7849.21
7848.18
7845.11
7840.25
7834.04
7826.99
7819.38
7811.6
7804.02
7797.01
7790.78
7785.4
7780.62
7776.59
7773.39
7770.98
7769.28
7768.21
7767.71
7767.77
7768.39
7769.63
7771.55
7774.25
7777.74
7781.9
7786.69
7792.41
7799
7806.27
7813.93
7821.63
7828.99
7835.47
7841.47
7846.01
7848.23
7848.44
7846.41
7842.02
7835.24
7826.12
7814.78
7801.47
7786.55
7770.56
7754.2
7738.18
7723.14
7709.85
7698.71
7689.8
7684.67
7683.82
7686.63
7691.52
7696.77
7700.63
7702.37
7674.19
7673.16
7670.89
7667.45
7664.31
7662.6
7665.13
7673.58
7686.72
7699.97
7716.32
7734.72
7754.41
7774.45
7793.82
7811.65
7827.28
7840.24
7850.32
7857.38
7861.37
7862.33
7860.47
7856.12
7849.52
7841.47
7832.71
7823.18
7813.47
7804.12
7795.63
7788.42
7782.4
7776.81
7772.16
7768.64
7766.14
7764.44
7763.38
7762.89
7762.93
7763.5
7764.69
7766.66
7769.62
7773.73
7778.79
7783.68
7790.23
7798.12
7807.02
7816.55
7826.21
7835.46
7843.58
7851.42
7857.26
7860.65
7861.5
7859.54
7854.59
7846.62
7835.66
7821.86
7805.47
7786.96
7766.97
7746.43
7726.52
7708.2
7692.53
7680.01
7669.21
7663.28
7663.57
7668.64
7675.65
7683.05
7688.76
7691.12
5483.23
5464.78
5426.84
5402.53
5351.86
5286
5372.75
5651.75
5950.38
6190.73
6434.04
6682.99
6945.86
7190.15
7393.34
7549.72
7658.54
7730.21
7776.25
7805.4
7824.71
7839.04
7851.91
7861.35
7860.42
7788.02
7701.32
7605.63
7507.36
7416.96
7341.2
7282.73
7237.65
7195.77
7160.12
7134.04
7116.28
7104.22
7096.64
7092.71
7093.2
7096.79
7102.92
7117.02
7141.2
7175.24
7214.46
7252.9
7300.49
7362.25
7440.27
7531.6
7627.87
7719.48
7800.54
7863.13
7856.34
7841.72
7826.59
7811.39
7790.46
7757.25
7703.68
7621.82
7500.77
7331.4
7111.53
6849.04
6560.79
6283.74
6034.84
5812.43
5560.35
5331.21
5277.79
5395.14
5516.25
5620.44
5757.83
5778.43
512.875
496.382
456.632
433.574
416.447
393.414
369.965
361.239
435.05
556.429
736.537
968.998
1265.75
1637.37
2049.89
2456.17
2823.67
3125.38
3353.68
3498.47
3548.29
3497
3357.87
3159.81
2928.41
2697.97
2485.11
2279.96
2079.16
1894.96
1736.4
1609.73
1516.01
1437.6
1377.24
1336.87
1312.44
1297.99
1288.69
1281.23
1275.81
1274.51
1279.47
1293.2
1319.34
1362.71
1423.7
1503.03
1618.16
1767.2
1941.83
2137.16
2344.7
2551.52
2761.57
2984.09
3195.88
3370.93
3482.66
3506.2
3429.44
3259.04
3009.08
2691.88
2315.11
1908.22
1504.98
1141.58
858.026
640.45
475.35
365.959
304.288
325.023
375.177
444.881
504.789
559.074
630.313
636.396
10.5475
8.88517
6.72672
5.09961
4.98758
4.37228
2.25664
1.11636
0.962696
0.804301
0.760145
0.902724
1.12859
1.16969
0.922094
0.739238
0.703781
0.70649
0.677197
0.63276
0.588312
0.546666
0.51929
0.558604
0.702256
0.909258
0.822486
0.623991
0.558437
0.509576
0.442831
0.390478
0.352823
0.315596
0.297456
0.314199
0.368802
0.462844
0.597825
0.763783
0.942726
1.09884
1.21425
1.28513
1.31808
1.32695
1.32504
1.323
1.35609
1.40756
1.42641
1.39651
1.34328
1.25562
1.14298
1.0099
0.942338
0.96225
1.00787
1.05652
1.12055
1.17486
1.18403
1.13688
1.05678
0.976482
0.9298
0.921625
0.930058
0.948313
0.973876
1.00733
1.03624
2.33878
3.53078
4.33145
5.51855
7.41799
7.33518
6.77645
3.69529
2.98531
2.55103
2.1028
2.99305
3.38509
1.76404
1.13884
0.935503
0.863361
0.852033
1.61836
3.19013
3.10181
1.9148
0.8736
0.855588
0.83874
0.78261
0.718113
0.669597
0.631779
0.604795
0.906959
0.944865
0.880857
0.720097
0.474994
0.409912
0.413878
0.414863
0.409052
0.386527
0.349438
0.316045
0.317733
0.38691
0.570304
0.922029
1.22931
1.42838
1.4268
1.39657
1.3224
1.33325
1.36784
1.36514
1.33756
1.30979
1.2652
1.23245
1.19473
1.14771
1.10649
1.0657
1.03892
1.04515
1.06673
1.10499
1.13764
1.17431
1.20526
1.21043
1.17482
1.10471
1.02604
0.968244
0.945109
0.948393
0.960964
0.989039
1.06259
1.01744
1.15288
1.39903
1.60378
1.96086
3.01914
1.82627
1.6391
2.72858
2.3687
2.23508
1.8337
2.93068
4.92687
2.13115
1.09488
0.988965
0.958987
1.62184
3.20419
3.11747
3.01215
2.9143
1.3023
1.72135
2.15648
1.58253
0.694307
0.654071
0.625704
0.614199
1.21071
1.70873
1.75413
1.48158
0.408022
0.379004
0.374968
0.369887
0.359881
0.331613
0.280763
0.23594
0.593276
1.29885
1.7065
1.78641
1.89342
2.09624
2.31081
2.4826
2.40945
1.62391
1.40861
1.43269
1.42741
1.35784
1.26557
1.24473
1.22038
1.17105
1.11756
1.06711
1.04158
1.04294
1.0509
1.05511
1.08632
1.1594
1.35501
1.45302
1.3914
1.27394
1.05963
0.867366
0.815265
0.806287
0.827138
0.872035
0.912732
0.908291
0.865239
0.918449
1.05537
1.14348
2.80194
1.7012
1.57465
2.5215
2.30509
1.51574
1.44754
1.39096
2.64782
3.03406
2.52298
1.00742
0.991526
3.07519
3.27505
3.0112
0.889581
0.981959
2.12555
2.18196
2.19379
1.17185
0.710658
0.803989
0.773916
0.71635
0.263307
0.771659
1.74926
1.53965
0.369104
0.335125
0.33021
0.322425
0.308799
0.272379
0.205237
0.858391
1.92287
1.93926
1.98062
1.44206
0.93358
1.27774
1.914
2.41067
2.71412
2.80801
2.06871
1.41747
1.39559
1.35929
1.27505
1.25405
1.2253
1.33047
1.79369
1.17143
1.01406
0.996289
0.990952
1.00637
1.111
1.66896
1.90686
1.86675
1.7855
1.66187
1.34237
0.737866
0.632256
0.583453
0.567761
0.588883
0.632673
0.654787
0.633889
0.664821
0.768409
0.940262
2.58707
5.18265
2.08652
2.76948
1.55825
1.46798
1.40456
1.36871
1.79763
3.07869
2.96536
1.36456
1.11599
4.13858
3.15511
0.515586
0.43581
1.46108
2.11095
1.58859
0.835558
0.6787
0.551145
0.316191
0.202749
0.161963
0.147557
0.167714
1.2205
0.952472
0.289191
0.284472
0.282954
0.272458
0.252862
0.206108
0.259322
1.79416
1.85384
1.88836
0.883891
0.146354
0.267456
0.449323
0.694042
1.03822
2.19645
2.81633
2.89739
2.48423
1.40914
1.27826
1.25267
1.2524
1.21104
1.7085
2.21713
1.6388
0.96747
0.93174
0.918956
1.00017
1.67636
1.82089
1.81055
1.74886
1.62982
1.46902
1.14547
0.580565
0.437449
0.36601
0.283319
0.220476
0.250844
0.309547
0.354878
0.471739
0.713315
1.85892
5.30453
5.75318
3.10415
1.75196
2.78104
2.33943
1.36914
1.34765
1.35846
3.04547
2.73506
1.27442
2.20416
4.33666
2.3484
0.48536
0.484837
0.633803
0.708562
0.505359
0.313177
0.266721
0.248546
0.215451
0.181717
0.149421
0.129736
0.129483
0.187828
0.206197
0.22629
0.240125
0.239049
0.226106
0.202861
0.150763
0.4081
1.87081
1.81433
1.66106
-0.00786694
0.0740203
0.174147
0.356883
1.33972
1.52731
1.50211
1.69654
2.85416
2.90546
2.14637
1.17807
1.19954
1.20898
1.17871
2.01338
2.23179
1.37984
0.895023
0.847658
0.837308
1.41444
1.70322
1.70774
1.67902
1.59036
0.958142
0.677625
0.632075
0.85272
1.95654
3.21093
2.20366
0.21144
-0.0937986
-0.0122435
0.0750067
0.271986
1.21793
5.01205
5.59065
5.98414
3.56614
1.98802
3.63903
3.61947
3.09092
2.59425
2.8309
2.91213
1.22399
1.21354
3.91144
4.4188
2.16874
0.466493
0.42055
0.373631
0.335414
0.301586
0.242172
0.23969
0.231646
0.210741
0.188194
0.159202
0.140181
0.135241
0.143397
0.171965
0.200058
0.208098
0.204208
0.195177
0.203569
0.135791
0.0472086
0.665312
1.61391
0.26251
-0.0296392
0.0348131
0.109876
0.923881
1.68043
1.82603
1.31392
1.22608
2.03992
2.8112
2.60933
1.13454
1.09841
1.11987
1.09707
1.95655
2.23415
1.2551
0.797641
0.737843
0.897245
1.57453
1.57329
1.57062
1.53065
1.10667
0.581017
0.455526
0.818817
4.14103
4.59901
4.3739
4.27268
4.08049
3.74458
2.32525
-0.188333
0.0227953
3.17619
5.1215
5.53344
5.93465
3.66749
1.95537
3.54383
3.53506
3.53675
3.51482
3.43228
3.14009
1.20458
1.20059
2.58037
4.4772
2.15901
0.441862
0.4226
0.389725
0.344941
0.305213
0.280292
0.234429
0.228814
0.215439
0.200469
0.181734
0.166675
0.162068
0.168515
0.184214
0.193268
0.185333
0.234601
1.04078
1.23026
0.61373
0.838412
0.929332
0.281378
-0.0545441
-0.02794
0.0119876
0.0640199
1.15168
1.62127
1.74294
1.29984
1.03838
1.19815
2.74049
2.62419
1.05888
0.964564
0.999744
0.990265
1.87286
2.20974
1.53914
0.684361
0.609104
1.02003
1.43303
1.42939
1.42692
1.38555
0.750129
0.425156
0.277477
1.02126
4.67814
4.44096
4.20458
4.09097
4.06869
4.13785
4.26795
3.84603
1.67743
4.15739
5.01316
5.36281
5.73342
4.76164
2.06292
3.44156
3.4724
3.47575
2.70768
2.55806
2.90033
2.39756
1.225
1.27359
4.52701
2.90669
0.418396
0.43295
1.44601
0.995443
0.684148
0.299254
0.264812
0.354046
0.220433
0.214609
0.204724
0.196593
0.1942
0.196994
0.20055
0.194729
0.171302
0.762425
1.27696
1.27279
1.26824
1.23821
1.17641
1.12096
0.12128
-0.0348857
-0.0152973
0.0199909
1.06095
1.59095
1.43416
0.871388
0.908727
0.959825
2.76481
2.3907
0.880596
0.817157
0.861888
0.87777
1.98795
2.15257
2.05736
0.717689
0.500757
0.88313
1.29097
1.28834
1.29334
1.2502
0.894065
0.307923
0.152252
0.187405
2.96982
4.36966
4.20543
4.08298
4.03822
4.06586
4.13251
4.24412
4.37502
4.64295
4.8583
5.21081
5.55286
5.85841
3.52469
3.45061
3.46009
1.88858
0.299647
0.280613
1.63924
2.84434
1.60216
1.31537
3.0382
4.71454
2.46365
5.49474
7.03103
4.41424
0.587694
0.285108
0.477837
0.524375
0.220171
0.222419
0.221184
0.219375
0.219858
0.22071
0.217577
0.204277
0.171297
0.728432
1.26374
1.24928
1.23578
1.21019
1.17822
0.375006
-0.049816
-0.0499683
-0.041743
-0.0218424
0.938291
1.60985
1.48073
0.798983
0.823398
0.86327
2.96172
2.36548
0.709508
0.663242
0.71012
0.753078
2.04641
2.07089
1.99701
1.19251
0.416775
0.630988
1.17162
1.16797
1.10356
0.565207
0.690336
0.272619
0.119233
-0.053219
-0.282651
2.09028
4.20084
4.22286
4.14682
4.11881
4.14429
4.2264
4.36158
4.56035
4.83486
5.17567
5.5024
5.88813
2.23627
3.52751
3.4774
0.581996
0.221693
0.210633
0.212176
2.3861
2.60799
1.30816
1.31064
4.99851
7.02887
6.94424
6.89581
6.9438
5.53148
0.255261
0.453709
0.517517
0.224264
0.226397
0.230411
0.232704
0.235472
0.236918
0.233816
0.220348
0.182758
0.187783
0.728197
1.25281
1.23314
1.10753
0.200219
-0.0488464
-0.0559303
-0.0626242
-0.0670697
-0.0613858
1.01052
1.6167
1.70599
1.04841
0.748299
0.927572
3.26146
2.5185
0.56028
0.501007
0.545123
0.577073
1.64927
1.97291
1.91215
1.04733
0.349399
0.262404
0.821636
1.05673
0.313629
0.250186
0.294435
0.415312
0.14889
-0.0107097
-0.227366
-0.453305
-0.568529
2.86672
4.34188
4.28952
4.2817
4.34422
4.47481
4.67081
4.9419
5.29687
5.73579
3.67152
1.7812
2.67875
0.950356
0.420736
0.144323
0.131481
0.128135
0.580557
2.5203
2.26589
1.31803
1.20796
6.09436
6.81086
6.76172
6.89617
6.92622
1.91839
0.357652
0.291859
0.266079
0.230447
0.236123
0.240192
0.244116
0.246393
0.25605
0.274481
0.233488
0.191686
0.15457
0.15758
0.0872054
0.00519002
-0.0130846
-0.0330201
-0.0542958
-0.0750609
-0.0935262
-0.103092
1.283
1.57933
1.62956
1.02338
0.651812
1.9788
3.29672
3.11841
0.468366
0.326665
0.368662
0.401391
1.50321
1.86318
1.81695
1.13103
0.987122
0.604813
0.349389
0.265953
0.186794
0.232415
0.283468
0.444568
0.197783
0.0686992
-0.108369
-0.300505
-0.463202
-0.570524
0.409414
4.4579
4.55847
4.58892
4.70848
4.91085
5.20704
5.65174
6.11157
0.73033
1.83135
0.687846
0.177919
0.238668
0.10396
0.0613808
0.0483323
0.0302574
2.17893
2.41914
1.72719
0.946928
0.86716
2.74794
6.90949
3.74398
0.640971
2.38728
1.32379
0.275212
0.267806
0.236377
0.240941
0.245916
0.251195
0.255143
0.275816
0.316853
0.305712
0.276608
0.229738
0.137254
0.0912147
0.0565779
0.0252905
-0.00733051
-0.054636
-0.0905512
-0.122288
0.0186083
1.51478
1.51376
1.52274
0.393661
0.634236
3.16905
3.23889
3.2951
0.559141
0.139877
0.183378
0.244455
1.71255
1.74207
0.894285
1.60394
1.6669
1.63677
0.360539
0.159343
0.192095
0.229894
0.282433
0.460999
0.234647
0.140526
0.0145506
0.0205023
0.0604253
-0.168529
-0.602993
-0.776763
2.15333
5.06971
5.17889
5.3867
5.68559
5.08924
1.7546
0.638728
1.72135
0.259673
0.11842
0.0683076
0.0378636
0.0166988
-0.00411254
-0.0289589
0.565244
1.33757
1.3337
0.880331
0.640341
0.443572
0.6277
0.535315
0.617107
0.815569
1.35505
0.600322
0.235719
0.240404
0.245847
0.251976
0.258272
0.263561
0.269253
0.287622
0.316221
0.293044
0.225742
0.172755
0.131725
0.10212
0.0657852
0.0141791
-0.0608314
-0.113067
-0.159073
0.994684
1.49371
1.42046
0.931014
-0.037666
0.85299
3.10606
3.14318
3.18144
0.914347
-0.0494966
0.00153892
0.0856584
1.5509
1.5796
0.00898089
1.20232
1.56458
1.61631
0.90101
0.227717
0.18834
0.219887
0.230899
0.258105
0.282669
0.162506
0.330812
0.417546
0.325527
0.191556
-0.330106
-0.433347
-0.434833
0.693497
2.03012
2.61735
1.61894
0.923088
0.574939
0.595775
0.234364
0.14364
0.0896297
0.0471592
0.0182221
-0.00381207
-0.0314313
-0.0534804
0.351471
0.971062
1.16343
0.93236
0.627401
0.534744
0.513532
0.59377
0.730145
1.13409
1.25461
0.645088
0.236348
0.242456
0.250251
0.257967
0.265316
0.271709
0.275706
0.275475
0.269462
0.253828
0.228452
0.19603
0.1842
0.133169
0.0766443
-0.0112497
-0.0827024
-0.144049
-0.169905
1.55427
1.40786
1.3148
0.0456872
-0.268336
0.685549
3.01086
3.03278
3.06474
0.738782
-0.213025
-0.153417
-0.0816338
1.41283
1.37845
-0.220135
0.0829409
1.41421
1.51986
1.61558
0.608831
0.161664
0.19589
0.208081
0.292664
0.867719
0.176502
0.0356047
0.193155
0.468833
0.416398
-0.0885684
-0.144907
-0.107169
0.000405106
0.227434
0.494198
0.680406
0.644366
0.59274
0.573577
0.146275
0.11199
0.074072
0.0412822
0.0150858
-0.0113389
-0.0459327
-0.0092152
0.325528
1.05316
1.06314
0.988778
1.00273
0.809702
0.569161
0.667745
0.794518
1.21962
1.30665
0.814421
0.230001
0.241983
0.253021
0.262438
0.270723
0.277751
0.282543
0.282938
0.276925
0.263266
0.25983
0.242927
0.197369
0.136281
0.0420357
-0.0301933
-0.107223
-0.18479
1.18725
1.5057
1.31694
0.284842
-0.480742
-0.42971
1.33593
2.92491
2.93709
2.99087
0.245906
-0.313818
-0.257087
-0.220212
1.35418
0.484476
-0.338626
-0.359503
0.660959
1.432
1.56752
1.56591
0.125061
0.165044
0.189355
0.40434
1.14364
0.970573
0.040871
0.00333422
-0.0118961
0.0704271
0.0594923
0.0191937
0.0706859
0.219799
0.624145
0.828617
0.807908
0.691361
0.641872
0.607142
0.126562
0.10568
0.0769914
0.0451861
0.0193665
-0.0104129
-0.0512016
-0.104709
-0.0638372
1.0005
0.991325
0.963551
0.977443
1.02507
0.657236
0.949219
1.14801
1.26869
1.31523
0.500238
0.221217
0.239386
0.253376
0.264312
0.273176
0.280436
0.285373
0.285955
0.296326
0.31429
0.290745
0.246714
0.169653
0.101296
0.0319671
-0.0485342
-0.136428
-0.167754
1.6213
1.41219
1.22582
-0.557176
-0.611167
-0.505923
2.76507
2.86321
2.89174
0.816776
-0.384006
-0.36695
-0.290486
-0.252042
0.704417
-0.25969
-0.364828
-0.3839
-0.31883
0.645548
1.55934
1.64923
0.205738
0.315937
0.428421
0.913328
1.14847
1.14307
0.641436
0.0349223
0.0211907
0.0338732
0.0642119
0.103342
0.154195
0.241817
1.37647
2.71207
2.7844
2.04972
0.986795
0.973642
0.11773
0.115382
0.093361
0.0577724
0.027654
-0.00531839
-0.0462593
-0.0999455
-0.171582
0.0470517
0.99344
0.983315
0.987191
1.03311
1.11786
0.775337
1.13985
1.26122
0.507254
0.184306
0.212845
0.23486
0.25096
0.263141
0.272369
0.279223
0.289037
0.336344
0.345717
0.330178
0.260126
0.202283
0.152339
0.0903312
0.0171434
-0.069881
-0.167818
0.97259
1.55787
1.33406
-0.0329305
-0.681064
-0.677372
1.26887
2.79108
2.83352
1.79192
-0.630358
-0.478477
-0.347593
-0.257459
-0.201349
-0.239801
-0.279381
-0.310334
-0.322615
-0.302253
-0.23284
1.60004
0.714954
0.200001
0.580484
1.06289
1.1432
1.14883
1.1592
1.13697
0.241348
0.397073
0.193813
0.114359
0.152383
0.210052
0.417514
1.96637
2.70095
2.7487
2.61466
0.642667
0.934686
0.115966
0.107123
0.100483
0.0778173
0.0406073
0.00543287
-0.0300207
-0.0770232
-0.139524
-0.214095
-0.256996
0.771222
1.05653
1.08836
1.07731
0.0468694
0.283573
0.28628
0.128795
0.170864
0.203985
0.228053
0.24592
0.258792
0.267832
0.297949
0.365803
0.364705
0.309754
0.25366
0.227415
0.189264
0.141228
0.076937
5.86904e-05
-0.0915491
-0.201945
1.46005
1.45348
1.29368
-0.496249
-0.720281
-0.685696
2.68064
2.75799
0.829849
-0.637183
-0.570145
-0.400459
-0.269107
-0.173032
-0.113507
-0.134801
-0.1753
-0.206185
-0.218576
-0.208295
-0.170858
0.824528
0.416735
0.226123
0.583759
0.191384
1.12602
1.14339
1.16104
0.708769
0.398861
0.724969
0.88522
0.922001
0.89199
1.30511
1.7873
2.6203
2.69958
2.48881
0.628422
0.441216
0.496032
0.116832
0.107781
0.106684
0.086176
0.0560726
0.0211119
-0.00722723
-0.0437495
-0.0915274
-0.148252
-0.202397
-0.0702171
0.347606
0.445407
-0.0226773
-0.0848637
0.000289346
0.066621
0.118426
0.160969
0.193942
0.219499
0.238802
0.258778
0.342304
0.364789
0.35084
0.263788
0.253902
0.238352
0.211293
0.182358
0.133996
0.0650503
-0.0171239
-0.111735
-0.237098
1.41022
1.37349
-0.18528
-0.730389
-0.719293
1.32359
2.68321
2.18462
-0.757744
-0.632732
-0.458468
-0.291991
-0.164962
-0.0761663
-0.020383
0.144938
-0.0536768
-0.0920513
-0.106818
-0.108711
-0.0747284
0.395767
0.374236
0.704391
0.480631
-0.0749343
0.286476
1.07701
1.13636
1.12625
0.816335
0.564869
0.596607
1.61238
1.9523
2.05669
2.1579
2.23441
1.92707
0.501894
0.318258
0.333591
0.336482
0.11653
0.107966
0.109577
0.0937898
0.0713735
0.0374013
0.0162592
-0.0098686
-0.0427994
-0.0813785
-0.119824
-0.147013
-0.157845
-0.146811
-0.105509
-0.0462791
0.0147782
0.0681793
0.113287
0.150775
0.182768
0.210031
0.280467
0.334816
0.341011
0.310328
0.249359
0.244373
0.234915
0.219408
0.201261
0.165081
0.116946
0.0498431
-0.0319938
-0.128677
0.610002
1.52684
0.394754
-0.684957
-0.72323
0.263862
2.68607
2.74819
-0.741937
-0.669493
-0.515773
-0.33998
-0.181789
-0.0661337
0.00279326
0.430931
0.726423
0.617325
0.0805463
-0.00959237
-0.0221347
0.153583
0.504056
0.390146
0.795468
0.320719
-0.0780638
-0.0912155
-0.0583783
0.419396
0.793851
0.918746
0.947486
0.663424
0.281968
0.30528
0.488479
0.730852
0.590409
0.244871
0.268421
0.304846
0.295766
0.300962
0.114225
0.107144
0.102554
0.100402
0.0857903
0.0555736
0.0365163
0.0185439
-0.00314966
-0.0277968
-0.0524421
-0.0721908
-0.0816608
-0.0750096
-0.0505768
-0.0129671
0.0294687
0.0702708
0.106241
0.138328
0.180217
0.285006
0.316313
0.330658
0.274084
0.239814
0.232691
0.223911
0.213083
0.1969
0.178098
0.147015
0.10272
0.0365398
-0.0405022
-0.137866
1.78411
1.55595
-0.541583
-0.620413
-0.661789
0.940224
2.75375
1.07824
-0.644564
-0.52058
-0.386112
-0.197043
0.532069
0.534127
0.083358
0.744491
0.785976
0.76659
0.348141
0.0648627
0.0453254
0.326572
0.55354
0.442981
0.815977
0.0402231
-0.0757098
-0.0794055
-0.0681677
-0.0451131
-0.0121077
0.355533
0.85812
1.13384
1.09671
0.587224
0.186876
0.199131
0.221154
0.242853
0.247
0.257789
0.26668
0.2705
0.110176
0.105299
0.09803
0.103537
0.0938421
0.0706444
0.0523815
0.0401297
0.0258626
0.0100353
-0.00576793
-0.0191194
-0.0266986
-0.0256574
-0.0140019
0.0081103
0.0376062
0.0685204
0.0960294
0.123188
0.203165
0.276272
0.293716
0.236704
0.239412
0.230661
0.217324
0.204744
0.192673
0.174433
0.149421
0.132637
0.0932334
0.0347894
-0.039027
-0.133444
1.52116
1.62687
-0.455916
-0.521913
-0.551
0.372038
0.691416
-0.549668
-0.486473
-0.413695
0.010874
1.27597
1.45378
1.52165
1.20559
0.517463
0.806191
0.806647
0.218738
0.125991
0.214422
0.458749
0.525296
0.78074
0.612719
-0.042804
-0.0705482
-0.0687135
-0.0516372
-0.0277796
-0.000952571
0.0306454
0.0653502
0.750656
1.39782
1.44839
1.04146
0.28532
0.292263
0.293056
0.228926
0.233069
0.240072
0.242621
0.105113
0.102033
0.0963344
0.0891768
0.0869948
0.0731473
0.0640948
0.0556553
0.0460595
0.0354573
0.0245452
0.0148131
0.0077534
0.0048856
0.00789138
0.0196397
0.0408159
0.0638584
0.0811186
0.100392
0.140809
0.194443
0.226664
0.243538
0.242351
0.225716
0.206182
0.190611
0.176592
0.157284
0.134702
0.117339
0.0887666
0.0421231
-0.0224161
-0.11158
0.174449
1.6723
-0.339661
-0.391515
-0.426474
-0.453693
-0.437886
-0.41325
-0.366005
-0.0910465
1.23902
1.38385
1.48601
1.54467
1.56172
0.502466
0.404995
0.214108
0.183722
0.174575
0.338717
0.521765
0.564001
0.805452
0.684939
-0.0245199
-0.0647472
-0.0532264
-0.0253444
-0.00420582
0.0140954
0.0399069
0.0840085
0.115722
0.449182
1.4692
1.50008
1.04381
0.251603
0.194319
0.203098
0.209003
0.214518
0.216177
0.0998011
0.0979818
0.0946217
0.089731
0.0837829
0.0777566
0.0720223
0.0660963
0.0594237
0.0519805
0.0441109
0.0363594
0.0295058
0.0238001
0.0199278
0.0230799
0.0369178
0.219232
0.637428
0.568529
0.109602
0.17199
0.334119
0.434748
0.24373
0.215984
0.197303
0.176896
0.160876
0.141741
0.122111
0.103954
0.0881053
0.0439671
-0.000889324
-0.0634997
0.310553
1.56357
-0.211996
-0.212971
-0.184234
-0.304185
-0.302966
-0.30305
-0.296125
-0.16027
1.14896
1.40305
1.49111
1.54999
1.58516
0.51818
0.207557
0.243428
0.274214
0.657333
0.684484
0.485451
0.445058
0.502276
0.15262
-0.0243734
0.0107622
0.987299
1.22764
0.408827
0.103884
0.210789
0.272216
0.0989705
0.0668686
0.670332
1.53012
1.56669
0.342909
0.166993
0.177899
0.184281
0.189101
0.190758
0.0946159
0.0935987
0.0917697
0.0887952
0.0848089
0.0804981
0.0763095
0.0720341
0.0672614
0.0618048
0.055683
0.0490567
0.0421674
0.0339256
0.0229654
0.018143
0.358298
3.39758
3.84139
0.258307
0.0417549
1.24998
3.72948
3.90849
1.35709
0.256425
0.169904
0.152943
0.138958
0.124333
0.109788
0.0989026
0.0854295
0.0529068
0.0227293
0.345299
1.38216
0.781133
-0.0773363
0.144071
0.213256
-0.154849
-0.171139
-0.203524
-0.24073
-0.235013
0.6983
1.42043
1.50295
1.56439
0.877179
0.261191
0.251098
0.883628
1.58776
1.53636
0.700108
0.489678
0.449933
0.749328
0.345733
0.355994
1.98382
2.64006
2.68177
2.51785
0.83063
0.329358
0.260897
0.0839483
0.038768
0.0590095
1.39459
1.62174
0.655924
0.135547
0.151053
0.158767
0.1633
0.165687
0.0896172
0.0889879
0.0879867
0.0861987
0.083547
0.080421
0.077314
0.0740764
0.0704127
0.0660329
0.0607067
0.0542092
0.0462958
0.0347206
0.0160012
0.0344673
2.1333
4.33809
4.28956
4.05061
3.60274
4.10965
4.15234
4.20974
4.25785
1.94107
0.111396
0.114313
0.109839
0.10428
0.0975813
0.0916582
0.0773683
0.06263
0.0426693
0.867659
1.68425
0.63771
0.121228
0.580242
0.507061
-0.0238077
-0.0560135
-0.112959
-0.179017
-0.183547
0.998605
1.45335
1.52446
0.55611
0.278135
0.318294
0.325671
1.22698
1.62033
1.60647
0.553188
0.509856
0.45693
2.38804
2.67254
2.63686
2.62529
2.6564
2.71582
2.76249
1.28584
0.0205812
0.0108108
0.0121149
0.0134838
0.0910759
1.53322
1.61122
0.733717
0.10144
0.123004
0.132664
0.138277
0.141215
0.0846582
0.0842347
0.0835143
0.0822472
0.080263
0.0780476
0.0756289
0.0729308
0.0697005
0.0655836
0.0601242
0.0526172
0.0420243
0.0249105
-0.00637015
0.413596
4.31076
4.30036
4.22635
4.16654
4.1321
4.12004
3.26836
4.07729
4.09457
2.53863
0.048998
0.0683431
0.0789586
0.0843224
0.0862309
0.0853547
0.0810936
0.074165
0.0639659
0.868121
1.87451
1.83895
0.274957
0.438726
0.800787
0.142633
0.0435509
-0.0281077
-0.110547
-0.0246367
1.40791
1.48871
0.917365
0.255497
0.324087
0.381575
0.37655
0.592434
0.964059
0.579543
0.571481
0.546315
0.486298
0.493895
2.01104
2.64871
2.37689
2.70189
2.77778
2.80754
0.436607
0.00533984
0.00284867
-0.00421757
-0.00876145
0.768225
1.58936
1.59147
0.596226
0.0705478
0.0959117
0.107445
0.114385
0.1179
0.0795791
0.0791687
0.0785396
0.0774702
0.0759146
0.0740744
0.0719447
0.0693646
0.0660486
0.0615559
0.0552164
0.0458801
0.0315308
0.00765914
-0.0375406
0.285411
4.30739
4.26307
4.17088
4.10564
4.07912
2.19177
0.853309
2.70123
3.9253
0.0342296
-0.00797141
0.029402
0.0529362
0.0680275
0.0775724
0.0832357
0.0855753
0.0855951
0.0830156
0.237971
1.99655
2.28783
0.77446
0.548041
0.90841
0.874904
0.129248
0.0512693
-0.0389167
-0.0140141
1.12026
1.24262
0.393411
0.81845
3.16077
2.7016
2.22871
3.04293
1.69313
0.594924
0.608086
0.595981
0.546974
0.469649
0.408086
0.385485
0.391278
1.82694
2.85988
1.27519
0.0187931
0.0167641
0.00972672
-0.00588251
-0.0218067
0.848592
1.5498
1.37738
0.193978
0.0489456
0.0728149
0.0854754
0.0930821
0.0968523
0.0743528
0.0739731
0.0732791
0.0722384
0.0708383
0.0691132
0.0669655
0.0641908
0.0604609
0.0552471
0.047704
0.0364101
0.018822
-0.0101522
-0.0610157
-0.0134398
2.22154
4.2655
4.16127
4.09841
4.09332
0.557489
0.709586
1.39046
3.43877
-0.107832
-0.0371012
0.00302946
0.0352948
0.0573709
0.0723669
0.0828948
0.0902805
0.0956519
0.0994194
0.098084
0.794696
2.43208
1.72936
0.613185
0.683886
1.05147
0.753886
0.122597
0.0322114
-0.0326489
0.0295085
0.0420183
0.37741
3.1593
3.23137
3.29264
3.31545
3.28364
3.29616
3.28935
2.38779
0.662361
0.607229
0.562297
0.518088
0.488447
0.816872
3.08128
2.93332
0.413999
0.0346318
0.0321558
0.0231054
0.00769424
-0.0162577
0.145189
0.690653
0.143877
0.00179236
0.0365911
0.0566819
0.0683148
0.0753948
0.0790271
0.0689666
0.0685902
0.0678423
0.0667768
0.0653927
0.0636156
0.0612829
0.0581679
0.053914
0.0479442
0.0393372
0.0265885
0.00722064
-0.0230083
-0.0732339
-0.150283
-0.222116
2.04655
4.224
4.15347
4.1542
0.304509
1.00508
2.67777
0.85075
-0.133861
-0.0498637
-0.0106744
0.0269136
0.0524335
0.0703401
0.0837683
0.0943506
0.103135
0.111065
0.11707
0.482579
2.59516
2.71396
0.637068
0.576758
1.08867
1.21318
0.841478
0.104948
0.0260743
-0.0200177
-0.0242523
0.8695
3.19792
3.24947
3.29618
3.32291
1.9084
1.23759
1.31268
1.84319
2.36819
2.41318
1.05696
0.564396
1.67512
3.22671
3.19954
2.50177
0.170717
0.040431
0.0396899
0.0336826
0.0252883
0.00143135
-0.0149698
-0.0201769
-0.0104678
0.0126993
0.0325012
0.0463454
0.0556645
0.061574
0.0647434
0.063507
0.0631162
0.0623363
0.0612388
0.0598056
0.0579071
0.0553567
0.0519134
0.0472131
0.0406897
0.0314748
0.0181202
-0.00170729
-0.0287248
-0.0733661
-0.142364
-0.243718
-0.340038
0.316398
1.82882
0.737097
-0.498447
1.75186
2.76038
0.0879712
-0.139083
-0.0639184
-0.0103919
0.0265922
0.0518976
0.0704204
0.0849149
0.0969229
0.107266
0.116868
0.125793
0.149884
1.48724
2.89846
2.34553
0.634434
0.61062
1.26558
1.20152
0.998651
0.0856504
0.0189921
-0.0092838
2.99759
3.2427
3.27852
3.31373
2.89916
0.768219
0.824475
3.09105
5.2364
3.29318
2.36559
2.25726
3.26959
3.29043
3.27915
3.2757
1.15576
0.0284395
0.0350384
0.037017
0.0330692
0.0245126
0.0137788
0.0055012
0.00351461
0.00930231
0.020355
0.0307841
0.0396459
0.0464056
0.05096
0.0534849
0.0581361
0.0577418
0.0569444
0.0558102
0.0543011
0.0522767
0.0495502
0.0458765
0.0409088
0.0341459
0.0249498
0.012078
-0.00598503
-0.030922
-0.0665651
-0.116532
-0.185073
-0.268061
-0.348824
-0.404427
-0.402056
-0.380678
-0.139613
0.896057
0.0882006
-0.112699
-0.0472902
-0.000810133
0.0311061
0.0535807
0.0711631
0.0854125
0.0974819
0.108024
0.117674
0.126986
0.13553
0.313704
2.89333
3.63813
1.91936
0.676212
0.702301
1.2377
1.15313
0.649232
0.149426
1.93094
3.28591
3.29538
3.32188
3.3504
2.02697
0.670177
1.1275
5.75358
6.05638
6.15533
4.56558
2.75823
3.25264
3.30947
3.31427
1.82289
0.0145077
0.0120504
0.0232536
0.0277344
0.0270725
0.0230839
0.0176679
0.0136188
0.0128105
0.0162673
0.0221754
0.0285295
0.0344536
0.0392585
0.0426366
0.0444935
0.0530001
0.0526099
0.0518009
0.0506359
0.0490658
0.0469547
0.0441265
0.0403492
0.0353109
0.0285308
0.0200271
0.00796712
-0.00805741
-0.0292331
-0.0571342
-0.0930202
-0.137641
-0.189129
-0.23936
-0.276888
-0.290444
-0.262829
-0.254689
-0.209421
-0.140438
-0.0741785
-0.0245153
0.0109266
0.0364918
0.055712
0.0715187
0.0846912
0.095923
0.105702
0.114377
0.12226
0.129262
0.136216
0.559056
3.70108
4.09627
1.97353
0.789145
0.751249
0.655347
0.520731
2.49888
3.36827
3.35433
3.35881
3.3805
3.40479
1.6311
0.620787
0.63266
3.8776
6.11752
6.21209
6.22704
6.17583
2.62202
2.22486
0.891915
-0.028967
-0.0183526
-0.0014038
0.0101067
0.0164645
0.0183639
0.0177957
0.0160194
0.0146181
0.0147716
0.0172426
0.0211744
0.0255905
0.0298034
0.0332958
0.0358081
0.0371264
0.0481917
0.0478008
0.0469884
0.0458089
0.0442147
0.0420735
0.0392355
0.0354934
0.0306362
0.0242839
0.0161427
0.00547959
-0.00821804
-0.025568
-0.0471952
-0.0733775
-0.103635
-0.136119
-0.166531
-0.189062
-0.197416
-0.188731
-0.164844
-0.129582
-0.0843857
-0.0402087
-0.005623
0.0204546
0.0407836
0.0571857
0.0709626
0.0826045
0.0925059
0.100968
0.108159
0.114136
0.118804
0.121783
0.124263
0.722824
4.18698
4.38048
2.53286
0.731728
0.64592
0.560658
0.63823
2.10344
3.42215
3.43736
3.45748
2.58944
0.598398
0.629921
0.643579
4.00259
6.155
6.2401
6.25929
4.33112
1.29682
0.479037
0.0624531
-0.0467654
-0.0282733
-0.0127945
-0.00162866
0.00524895
0.00945773
0.0113905
0.0120051
0.0126207
0.0137895
0.0159896
0.0189762
0.0222724
0.0254265
0.0280723
0.0299849
0.0309244
0.0437518
0.0433584
0.0425612
0.0413891
0.0398077
0.0376864
0.0349379
0.0313407
0.0267521
0.0209152
0.0135658
0.00434497
-0.00706957
-0.0209902
-0.037579
-0.0566738
-0.0775286
-0.0984331
-0.116591
-0.128553
-0.130902
-0.12163
-0.102149
-0.0761011
-0.0462846
-0.0173289
0.00709513
0.0270597
0.043642
0.0575574
0.0693125
0.0792787
0.0876678
0.0946223
0.10017
0.104252
0.106672
0.107013
0.104925
0.101955
0.702988
4.45042
4.55766
3.27603
0.670382
0.599079
0.535167
0.50183
0.968074
1.93871
1.34898
0.571226
0.614393
0.649312
4.09589
5.86246
6.009
5.50782
2.94021
1.56825
0.532178
0.0260127
-0.0746747
-0.0545529
-0.0369322
-0.0223811
-0.0113546
-0.00359632
0.00171653
0.00515144
0.00742363
0.0092735
0.0112123
0.0135089
0.0160989
0.0187779
0.0212926
0.0233923
0.0248922
0.0255888
0.0396862
0.0392921
0.0385298
0.0373925
0.0358542
0.0338115
0.0311788
0.0278257
0.0236204
0.0183948
0.0119703
0.00416358
-0.00518122
-0.0161628
-0.0287245
-0.042521
-0.0567957
-0.0702011
-0.0808771
-0.0867327
-0.0862297
-0.0779399
-0.0631307
-0.0442264
-0.0234111
-0.00290216
0.0155204
0.0314363
0.0450977
0.0567562
0.0666431
0.07498
0.0818768
0.0873634
0.0913668
0.0937466
0.0942822
0.0925671
0.0881755
0.0810654
0.0713039
0.463521
4.61398
4.6931
4.3688
1.17535
0.617084
0.624422
0.627081
0.639821
0.647651
0.647983
1.91979
5.22768
5.42226
5.45024
2.1316
0.303194
0.276182
0.435454
0.29697
-0.0659882
-0.079453
-0.0600724
-0.043451
-0.0297295
-0.0189858
-0.0108637
-0.0048526
-0.000459444
0.00281346
0.00552188
0.00800079
0.0104609
0.012913
0.0152734
0.0174076
0.0191537
0.0203742
0.0209234
0.0359835
0.0355997
0.0348809
0.0337958
0.0323305
0.0304051
0.0279575
0.0249038
0.0211437
0.0165715
0.0110799
0.00458325
-0.00296215
-0.0115291
-0.0209606
-0.0308859
-0.0406652
-0.0493435
-0.055782
-0.0588332
-0.056666
-0.0495705
-0.0382008
-0.024083
-0.00864674
0.00679949
0.0211791
0.0340132
0.0452497
0.0549408
0.0631757
0.0700426
0.0755762
0.0797463
0.0824303
0.083445
0.0825488
0.0793811
0.0735953
0.0650219
0.0524476
0.0347202
0.0810252
4.0662
4.80385
4.79844
4.26818
1.27815
0.722977
0.764251
4.68778
5.42128
5.38616
5.00785
1.1213
0.164876
0.0891097
-0.0122061
0.026192
0.0345331
-0.0517602
-0.0998095
-0.0805249
-0.062758
-0.0475119
-0.0348528
-0.024622
-0.0165198
-0.0101929
-0.00525819
-0.00142991
0.00184472
0.00469351
0.00729499
0.0097009
0.0118876
0.013788
0.0153043
0.0163392
0.0167994
0.0326346
0.032272
0.0315987
0.0305853
0.0292197
0.0274476
0.0252273
0.0225035
0.0192085
0.015281
0.010665
0.00533269
-0.000696348
-0.00733357
-0.0143873
-0.0215194
-0.0282185
-0.0337908
-0.0374365
-0.0384685
-0.035984
-0.0300789
-0.0212593
-0.0104729
0.00134445
0.013319
0.0247181
0.0351182
0.0443588
0.0523881
0.0591985
0.0647907
0.0691432
0.0721943
0.0738131
0.0738116
0.0719567
0.0679538
0.0615204
0.0523215
0.0396476
0.0222201
-0.00154303
-0.0335144
1.88924
4.24909
4.32168
3.57815
1.76617
2.86557
2.99873
1.38732
0.314625
0.0810401
0.151981
0.0752
0.0804908
0.0162217
-0.106479
-0.132242
-0.114027
-0.0955329
-0.0783269
-0.0628682
-0.0494243
-0.0380115
-0.0284967
-0.0206918
-0.0143623
-0.00923993
-0.00503415
-0.00148445
0.00156722
0.00425328
0.00663101
0.00870779
0.0104562
0.0118203
0.0127333
0.01314
0.0296222
0.0292875
0.0286685
0.0277423
0.0264976
0.0249018
0.0229299
0.0205436
0.0177026
0.0143755
0.0105421
0.0062101
0.0014305
-0.00368374
-0.00893908
-0.0140428
-0.0185908
-0.0220553
-0.0237639
-0.0238959
-0.0214466
-0.016566
-0.00960037
-0.00115778
0.00809608
0.0175456
0.0266741
0.0351318
0.0427269
0.0493551
0.054953
0.0594691
0.0628423
0.0649902
0.0657889
0.0650747
0.062651
0.0582915
0.0517679
0.0428292
0.0311435
0.018063
0.000168627
-0.0268961
-0.0545398
0.191938
0.759818
0.731197
0.571756
0.572966
0.0441934
0.0972612
0.30184
0.101098
0.010859
0.00424196
0.00664135
-0.0620394
-0.128252
-0.116581
-0.102854
-0.0882815
-0.0741986
-0.0612295
-0.0496552
-0.0395501
-0.030878
-0.0235507
-0.01743
-0.0123423
-0.00802607
-0.00436896
-0.00124019
0.0014666
0.00380557
0.00579708
0.00743606
0.00869383
0.00952613
0.00990298
0.0269178
0.0266188
0.0260643
0.0252336
0.0241224
0.0227122
0.0209896
0.0189297
0.0165119
0.0137242
0.0105684
0.00707417
0.003309
-0.000609328
-0.00450508
-0.00813788
-0.0112147
-0.013421
-0.0145701
-0.0136365
-0.0111777
-0.00704835
-0.00143978
0.00525839
0.0125898
0.0201209
0.0274757
0.034365
0.0405951
0.0460405
0.0506107
0.0542288
0.0568133
0.0582675
0.0584732
0.0572989
0.0545983
0.0502139
0.043987
0.0357424
0.0253175
0.0126352
-0.00234934
-0.0184443
-0.0354593
-0.050183
-0.0562342
-0.047424
-0.035603
-0.0340174
-0.00489724
0.15546
0.157186
-0.0246879
-0.0757152
-0.0983293
-0.116971
-0.117469
-0.111224
-0.102448
-0.0918865
-0.0805218
-0.0692253
-0.0585024
-0.0486316
-0.0398269
-0.0320479
-0.0253062
-0.0195735
-0.0146251
-0.0103911
-0.00676636
-0.00365741
-0.000987472
0.00129142
0.00320261
0.00475231
0.00592869
0.00670341
0.00706243
0.0244876
0.0242323
0.0237461
0.0230109
0.0220339
0.0208057
0.01932
0.0175623
0.0155262
0.0132119
0.0106347
0.00783542
0.00488759
0.00190538
-0.000959167
-0.00351514
-0.00554263
-0.0068075
-0.0071004
-0.00608068
-0.00382002
-0.000337938
0.00421747
0.00958411
0.0154482
0.0214971
0.0274458
0.0330568
0.0381511
0.0425989
0.0462981
0.049164
0.0511138
0.052049
0.0518557
0.0504264
0.0476593
0.0434575
0.0377325
0.0304032
0.0214237
0.0108468
-0.00106106
-0.0136053
-0.0252436
-0.0337848
-0.0379073
-0.0371597
-0.0362965
-0.0395019
-0.0154059
-0.00498125
-0.065371
-0.0842252
-0.0935717
-0.0996853
-0.102018
-0.100695
-0.0963557
-0.0898281
-0.0818044
-0.0729805
-0.0639455
-0.0551205
-0.0467947
-0.0391578
-0.0322805
-0.0261864
-0.0208567
-0.0162031
-0.0121638
-0.0086678
-0.00565219
-0.00306556
-0.000870494
0.000955335
0.00242246
0.00352835
0.00425568
0.00459865
0.0222992
0.0220891
0.0216653
0.0210205
0.0201696
0.0191096
0.0178406
0.0163556
0.0146574
0.0127529
0.010666
0.0084435
0.00615733
0.0039088
0.0018275
6.10815e-05
-0.00122821
-0.00188927
-0.00172014
-0.000628985
0.00140408
0.00434065
0.00806815
0.0124037
0.0171255
0.0220056
0.0268262
0.0313922
0.0355427
0.0391519
0.042116
0.0443509
0.0457834
0.0463257
0.0458752
0.0443419
0.0416532
0.0377556
0.0326155
0.0262198
0.0186012
0.00988507
0.000373028
-0.00931699
-0.0181832
-0.0250751
-0.0293411
-0.0316724
-0.0343811
-0.0388018
-0.0449105
-0.055729
-0.0651473
-0.0737234
-0.0807141
-0.0853679
-0.0873236
-0.0866154
-0.0836151
-0.0788303
-0.0727499
-0.0658659
-0.0586238
-0.051376
-0.0443829
-0.0378223
-0.0317948
-0.026346
-0.0214832
-0.0171786
-0.0133945
-0.0100878
-0.00721863
-0.00475302
-0.00266452
-0.000934479
0.000448125
0.00148538
0.00216751
0.00249272
0.0203184
0.0201448
0.0197741
0.0192124
0.0184763
0.0175684
0.0164924
0.0152498
0.0138486
0.0122985
0.0106273
0.00888244
0.00713249
0.00546122
0.00397362
0.00278385
0.00201185
0.00176649
0.00215744
0.00324539
0.00504722
0.00752619
0.0105927
0.0141148
0.0179333
0.0218806
0.0257898
0.0295022
0.0328745
0.0357876
0.0381402
0.039854
0.0408645
0.0411038
0.0404886
0.0389451
0.0364202
0.0328855
0.0283411
0.0228167
0.0163831
0.00918363
0.00148458
-0.00626651
-0.013461
-0.0195113
-0.0241583
-0.0279508
-0.0319656
-0.0370466
-0.0434746
-0.0507147
-0.0579638
-0.0645364
-0.0698896
-0.0735288
-0.0752027
-0.0749058
-0.0728387
-0.0693071
-0.0646573
-0.0592516
-0.0534305
-0.0474796
-0.0416203
-0.036014
-0.0307671
-0.0259405
-0.0215616
-0.0176324
-0.0141394
-0.0110612
-0.00837516
-0.00606038
-0.0040991
-0.00247726
-0.00118495
-0.000218442
0.000417366
0.000723327
0.0185064
0.0183559
0.0180308
0.0175465
0.0169152
0.0161448
0.0152414
0.014213
0.0130701
0.0118257
0.0105082
0.00915911
0.00783882
0.00661759
0.00557543
0.00479953
0.00437305
0.00438283
0.00488583
0.00592245
0.00750172
0.00959301
0.0121262
0.0150015
0.0181003
0.0212967
0.0244636
0.0274748
0.0302078
0.0325516
0.0344082
0.0357041
0.0363817
0.036392
0.0356747
0.0341741
0.0318511
0.0286913
0.0247103
0.0199564
0.014514
0.00851766
0.0021802
-0.00418717
-0.0102266
-0.0156521
-0.0203897
-0.0247433
-0.0292115
-0.0341869
-0.0397537
-0.0456509
-0.0514145
-0.0566004
-0.0608155
-0.0637328
-0.0651737
-0.0651121
-0.0636597
-0.0610153
-0.0574254
-0.0531545
-0.048459
-0.043566
-0.0386605
-0.0338843
-0.0293402
-0.0250966
-0.0211928
-0.0176475
-0.0144648
-0.0116392
-0.00916062
-0.00701781
-0.00519959
-0.00369642
-0.0024997
-0.00160578
-0.00101681
-0.000730621
0.0168243
0.0166908
0.0164086
0.0159964
0.0154623
0.0148171
0.0140684
0.0132291
0.0123096
0.0113257
0.0103042
0.00928056
0.00830078
0.00742289
0.00670806
0.00622244
0.00602577
0.00617818
0.00671957
0.00767618
0.00904965
0.0108135
0.0129139
0.0152719
0.0177942
0.0203834
0.0229422
0.0253727
0.027576
0.0294543
0.0309157
0.0318874
0.0323177
0.0321686
0.0313996
0.0299741
0.0278649
0.0250647
0.0215943
0.0175052
0.0128796
0.00783256
0.00252373
-0.00283987
-0.00804035
-0.0129218
-0.0174712
-0.0218659
-0.0263064
-0.0309616
-0.0358399
-0.0407747
-0.045486
-0.0496772
-0.0530738
-0.0554563
-0.0566975
-0.0567702
-0.0557395
-0.0537393
-0.0509453
-0.0475505
-0.0437481
-0.0397169
-0.03561
-0.03155
-0.0276316
-0.0239243
-0.0204739
-0.0173082
-0.0144421
-0.0118807
-0.00962261
-0.00766369
-0.00599751
-0.00461826
-0.00351919
-0.00269742
-0.00215393
-0.00188673
0.0152439
0.0151303
0.0148942
0.0145497
0.0141053
0.0135732
0.0129618
0.0122851
0.0115549
0.0107892
0.01001
0.00924671
0.00853227
0.00791061
0.00742981
0.00714063
0.00708779
0.00731491
0.00785156
0.00871536
0.00990357
0.0113924
0.0131392
0.0150811
0.0171411
0.019239
0.0212989
0.0232464
0.0250054
0.0264967
0.0276394
0.0283639
0.0286191
0.028373
0.027597
0.0262694
0.0243744
0.0219086
0.0188918
0.0153708
0.011418
0.00712793
0.00261794
-0.00197479
-0.00651814
-0.0109102
-0.0151138
-0.0193089
-0.0234818
-0.0277147
-0.0319857
-0.0361738
-0.0400946
-0.0435452
-0.0463356
-0.0483152
-0.0493945
-0.0495508
-0.0488225
-0.0473004
-0.0451111
-0.0423984
-0.0393085
-0.0359818
-0.0325441
-0.0291005
-0.0257361
-0.0225171
-0.0194911
-0.0166907
-0.0141364
-0.0118395
-0.00980474
-0.00803257
-0.00652027
-0.00526488
-0.00426187
-0.00350979
-0.0030097
-0.00276073
0.0137561
0.0136663
0.0134777
0.0131973
0.012834
0.0124007
0.0119073
0.0113671
0.0107928
0.0102035
0.0096169
0.00905465
0.00854117
0.00810751
0.00779063
0.00762848
0.00766454
0.00792581
0.00843495
0.00920342
0.0102274
0.0114853
0.0129411
0.0145444
0.0162318
0.0179347
0.019589
0.021137
0.0225228
0.0236875
0.024566
0.0250956
0.0252277
0.0249302
0.0241809
0.022967
0.0212804
0.0191213
0.0165067
0.0134744
0.0100837
0.00641164
0.00254458
-0.00142488
-0.00541197
-0.00935989
-0.0132684
-0.0170407
-0.0208249
-0.024601
-0.0283241
-0.0318981
-0.0351946
-0.0380725
-0.0403989
-0.0420676
-0.0430139
-0.0432206
-0.0427122
-0.0415507
-0.0398279
-0.0376519
-0.0351352
-0.032388
-0.0295131
-0.0266003
-0.0237244
-0.0209459
-0.0183112
-0.0158541
-0.0135977
-0.0115569
-0.0097399
-0.00815035
-0.00678836
-0.00565352
-0.00474342
-0.00405863
-0.00360104
-0.00337135
0.0123591
0.0122942
0.0121471
0.0119244
0.0116336
0.0112847
0.0108886
0.0104589
0.0100094
0.00955727
0.0091181
0.00870663
0.00834131
0.00804422
0.00784334
0.00776735
0.00785349
0.00812464
0.00859568
0.00927238
0.0101497
0.0112097
0.0124222
0.0137458
0.0151291
0.016514
0.0178438
0.0190693
0.0201477
0.0210379
0.0216929
0.0220621
0.0221022
0.0217804
0.0210763
0.0199818
0.0184934
0.0166131
0.0143544
0.0117477
0.00883832
0.00568592
0.00235818
-0.00108124
-0.00456859
-0.008062
-0.0115324
-0.0149462
-0.0183296
-0.0216592
-0.02489
-0.0279462
-0.0307344
-0.0331546
-0.0351129
-0.036533
-0.037367
-0.0376016
-0.0372545
-0.036369
-0.0350114
-0.033263
-0.0312116
-0.0289444
-0.0265453
-0.0240897
-0.0216426
-0.019258
-0.0169793
-0.0148391
-0.0128615
-0.0110629
-0.00945326
-0.00803865
-0.00682127
-0.00580308
-0.00498367
-0.00436573
-0.00395212
-0.00374506
0.011043
0.0110001
0.0108863
0.0107113
0.0104825
0.0102052
0.00988873
0.00954643
0.00919422
0.00884647
0.00851683
0.00821663
0.00795971
0.00776164
0.00763811
0.00762377
0.00773993
0.00800676
0.00843522
0.00902612
0.00977186
0.0106576
0.0116602
0.0127467
0.0138755
0.0149997
0.0160698
0.0170406
0.0178753
0.0185433
0.0190131
0.0192486
0.0192156
0.0188838
0.0182328
0.0172553
0.0159506
0.0143224
0.0123805
0.0101469
0.00765758
0.00495647
0.00209773
-0.000870754
-0.00390177
-0.0069575
-0.010008
-0.0130221
-0.0159976
-0.0188983
-0.0216839
-0.0242935
-0.0266566
-0.0287
-0.0303564
-0.0315712
-0.0323083
-0.0325567
-0.032329
-0.0316567
-0.030588
-0.0291842
-0.027514
-0.0256473
-0.0236518
-0.0215903
-0.0195188
-0.0174845
-0.0155268
-0.0136766
-0.0119571
-0.010385
-0.00897147
-0.00772381
-0.00664595
-0.00574182
-0.0050128
-0.00446331
-0.00409689
-0.00391666
0.00978562
0.00975771
0.00967113
0.00953637
0.00935898
0.00914204
0.00889236
0.00862136
0.00834521
0.00807691
0.00782848
0.00761025
0.00743352
0.00731453
0.00724467
0.00726902
0.00740023
0.00765266
0.00803439
0.00854377
0.00917045
0.00990032
0.010716
0.0115939
0.0125026
0.0134054
0.0142614
0.0150299
0.0156761
0.0161732
0.0164994
0.0166299
0.0165415
0.0162103
0.0156178
0.0147549
0.0136205
0.0122192
0.0105606
0.0086592
0.00654202
0.00424269
0.00180127
-0.000740154
-0.00334767
-0.00598805
-0.00863356
-0.0112607
-0.0138251
-0.0163186
-0.0186986
-0.0209154
-0.0229137
-0.0246384
-0.0260404
-0.0270803
-0.0277308
-0.0279821
-0.0278426
-0.0273356
-0.0264974
-0.0253742
-0.0240193
-0.0224886
-0.0208371
-0.0191165
-0.0173744
-0.0156518
-0.0139838
-0.0123985
-0.0109177
-0.00955773
-0.00832999
-0.00724248
-0.0063004
-0.00550905
-0.00487111
-0.00439214
-0.00407554
-0.00392466
0.00856131
0.00854071
0.00847724
0.00837901
0.00824702
0.00808284
0.00789109
0.00768116
0.00746704
0.00726111
0.00707435
0.00691647
0.00679519
0.00671345
0.00670518
0.00675961
0.00689553
0.00712527
0.00745549
0.00788439
0.00840078
0.0089898
0.00963681
0.0103263
0.0110377
0.0117449
0.0124157
0.013016
0.0135138
0.0138839
0.0141082
0.0141677
0.0140477
0.0137315
0.0132042
0.0124564
0.0114852
0.0102935
0.00889049
0.00728871
0.00550632
0.00357016
0.0015075
-0.00064501
-0.00285827
-0.00510555
-0.00736134
-0.00960119
-0.0117915
-0.0139101
-0.0159222
-0.0177893
-0.0194691
-0.020919
-0.0221015
-0.0229878
-0.0235575
-0.0238018
-0.0237262
-0.0233483
-0.0226952
-0.0218024
-0.0207107
-0.0194646
-0.0181083
-0.0166847
-0.0152334
-0.0137899
-0.0123845
-0.0110425
-0.0097836
-0.00862305
-0.0075719
-0.00663853
-0.00582879
-0.00514871
-0.00460156
-0.00419331
-0.0039265
-0.00380391
0.00735292
0.00733535
0.00729253
0.00722835
0.00713902
0.00702358
0.00688407
0.00672788
0.00656628
0.00641116
0.00627317
0.00616223
0.00608653
0.00605153
0.00606723
0.00613582
0.00626624
0.0064665
0.00674115
0.00708891
0.00750015
0.00796024
0.00845518
0.00897395
0.00950543
0.0100345
0.0105392
0.0109928
0.0113686
0.0116436
0.0118027
0.0118248
0.0117006
0.0114186
0.0109672
0.0103379
0.00952696
0.00853511
0.00736814
0.00603881
0.00456105
0.00295559
0.00124156
-0.000554035
-0.00240402
-0.00428482
-0.00617474
-0.0080529
-0.00989104
-0.0116651
-0.0133444
-0.0148989
-0.0162965
-0.0175044
-0.0184932
-0.019241
-0.0197329
-0.0199619
-0.0199314
-0.0196544
-0.0191514
-0.0184492
-0.0175794
-0.0165766
-0.0154765
-0.014314
-0.0131219
-0.01193
-0.0107643
-0.00964658
-0.00859441
-0.0076215
-0.00673803
-0.00595227
-0.00527019
-0.00469801
-0.0042389
-0.00389835
-0.00367774
-0.00357878
0.00615686
0.00614259
0.00611942
0.00608601
0.00603585
0.00596508
0.00587289
0.0057639
0.00564679
0.00553289
0.0054333
0.00535811
0.00531511
0.00530839
0.00534108
0.00541417
0.00553151
0.00569735
0.00591407
0.00618055
0.00648995
0.00683014
0.00718808
0.00755465
0.00792471
0.00829311
0.00864888
0.00897432
0.00924813
0.00944942
0.00957185
0.0095814
0.00947671
0.00924676
0.00888188
0.00837452
0.00772112
0.0069221
0.00597873
0.00490039
0.00370056
0.00239587
0.00100273
-0.000461102
-0.00197461
-0.00351648
-0.00506758
-0.00661023
-0.00812349
-0.0095776
-0.0109551
-0.0122285
-0.0133726
-0.014363
-0.0151768
-0.0157971
-0.0162133
-0.0164201
-0.0164197
-0.0162215
-0.0158407
-0.0152977
-0.0146167
-0.0138243
-0.0129486
-0.0120176
-0.011058
-0.0100942
-0.00914779
-0.00823722
-0.00737734
-0.00658013
-0.00585466
-0.00520865
-0.00464773
-0.00417781
-0.00380137
-0.00352279
-0.00334221
-0.00326042
0.00497949
0.00497103
0.00496627
0.00495905
0.00494174
0.00490847
0.00485626
0.00478674
0.00470599
0.00462439
0.00455346
0.00450326
0.0044807
0.00448936
0.00452936
0.0045989
0.00469742
0.00482555
0.00498341
0.00516962
0.0053801
0.00560717
0.00584132
0.00607549
0.00630769
0.00653891
0.00676746
0.00698478
0.00717576
0.00732358
0.00741446
0.00742923
0.00735794
0.00719095
0.00691888
0.00653406
0.00603245
0.00541507
0.00468326
0.00384193
0.00290218
0.00187578
0.000777355
-0.000378628
-0.00157723
-0.00280176
-0.00403658
-0.0052663
-0.00647316
-0.00763652
-0.00873732
-0.00975431
-0.0106674
-0.0114585
-0.0121109
-0.0126117
-0.0129532
-0.0131321
-0.0131495
-0.0130123
-0.0127317
-0.0123227
-0.0118036
-0.0111945
-0.0105168
-0.00979234
-0.00904208
-0.00828552
-0.00754
-0.00682036
-0.00613878
-0.00550521
-0.00492751
-0.0044125
-0.00396512
-0.0035905
-0.00329007
-0.00306695
-0.00292006
-0.00284981
0.00382885
0.00382816
0.00383796
0.00385023
0.00385681
0.00385081
0.00382797
0.00378799
0.00373499
0.00367755
0.00362645
0.00359173
0.00358019
0.00359488
0.00363391
0.00369299
0.00376778
0.00385528
0.00395352
0.00406115
0.00417686
0.00429804
0.00442112
0.00454325
0.00466461
0.004788
0.00491604
0.00504676
0.00517122
0.0052758
0.00534655
0.00536759
0.00532839
0.00522022
0.0050352
0.00476694
0.00441173
0.00396861
0.00343832
0.0028227
0.00213005
0.00136883
0.000549517
-0.000316423
-0.00121799
-0.00214244
-0.00307776
-0.00401214
-0.00493184
-0.00582065
-0.00666228
-0.00744008
-0.00813819
-0.00874335
-0.00924394
-0.0096305
-0.00989762
-0.0100433
-0.0100687
-0.0099782
-0.00978002
-0.00948489
-0.00910577
-0.00865736
-0.00815541
-0.00761607
-0.00705521
-0.00648759
-0.00592637
-0.00538293
-0.00486672
-0.00438563
-0.00394608
-0.00355379
-0.00321265
-0.00292673
-0.00269633
-0.00252349
-0.00240621
-0.00234534
0.00270772
0.00271446
0.0027319
0.00275409
0.00277336
0.00278258
0.00277703
0.00275588
0.00272235
0.00268286
0.00264599
0.00262089
0.00261503
0.0026299
0.00266196
0.00270452
0.00275027
0.00279325
0.0028305
0.00286235
0.00289148
0.00292021
0.00295008
0.00298247
0.00301972
0.00306419
0.00311772
0.00318025
0.00324767
0.00331113
0.00335955
0.00338006
0.00336398
0.00330511
0.00319795
0.00303658
0.00281755
0.00253895
0.00220141
0.00180524
0.00135345
0.000850297
0.000302268
-0.000282359
-0.000895995
-0.00153018
-0.00217674
-0.00282718
-0.00347132
-0.00409672
-0.00469044
-0.00524033
-0.00573405
-0.00616199
-0.0065167
-0.00679201
-0.00698432
-0.00709257
-0.00711768
-0.00706265
-0.00693275
-0.00673509
-0.00647832
-0.00617235
-0.00582796
-0.00545631
-0.00506844
-0.00467463
-0.00428403
-0.00390463
-0.00354325
-0.00320567
-0.00289669
-0.00262065
-0.00238017
-0.00217823
-0.00201411
-0.00188916
-0.00180082
-0.00175153
0.00161309
0.00162365
0.00163973
0.00166004
0.00167926
0.00169181
0.00169334
0.00168266
0.00166232
0.00163746
0.00161453
0.00159994
0.00159814
0.00160756
0.00162348
0.00163897
0.00164744
0.00164359
0.00162443
0.00159088
0.00154839
0.00150353
0.00146095
0.00142327
0.00139289
0.0013718
0.0013614
0.00136253
0.00137428
0.00139273
0.00141187
0.00142483
0.00142512
0.0014078
0.00136943
0.00130671
0.0012177
0.0010988
0.000947187
0.00076263
0.000546523
0.000299473
2.23772e-05
-0.000281829
-0.000609112
-0.000954751
-0.00131486
-0.0016853
-0.00205971
-0.00242839
-0.00278149
-0.0031095
-0.00340454
-0.00366029
-0.00387251
-0.00403799
-0.00415488
-0.00422254
-0.00424152
-0.00421349
-0.00414133
-0.00402903
-0.00388146
-0.00370439
-0.00350411
-0.00328714
-0.00305997
-0.00282861
-0.00259846
-0.00237423
-0.00216011
-0.00195976
-0.00177613
-0.00161196
-0.00146862
-0.001348
-0.00124888
-0.00117198
-0.0011138
-0.00108476
0.000536414
0.00054165
0.000547838
0.000556478
0.000565307
0.000571751
0.000573787
0.000570597
0.000563189
0.000553991
0.000546094
0.000541492
0.000537856
0.00053321
0.000523263
0.000502233
0.000465411
0.000411083
0.000340283
0.000255629
0.000160685
5.93828e-05
-4.50553e-05
-0.00014966
-0.000250625
-0.000343639
-0.000424894
-0.00049111
-0.000539385
-0.000568577
-0.000580468
-0.000578214
-0.000564084
-0.000539576
-0.000506933
-0.000470019
-0.000430626
-0.000389955
-0.000351558
-0.000320018
-0.000298491
-0.000289143
-0.000293905
-0.000314623
-0.000352568
-0.000407615
-0.000479751
-0.000570319
-0.000678292
-0.000796053
-0.000913195
-0.00102224
-0.00112046
-0.00120561
-0.00127642
-0.00133211
-0.00137208
-0.00139598
-0.00140388
-0.00139627
-0.00137403
-0.00133846
-0.0012911
-0.00123385
-0.0011688
-0.00109806
-0.00102377
-0.000947899
-0.000872273
-0.000798476
-0.000727912
-0.000661899
-0.000601397
-0.000547422
-0.000500192
-0.000460606
-0.000427597
-0.000402806
-0.000383615
-0.000367776
)
;

boundaryField
{
    lowerWall
    {
        type            fixedFluxPressure;
        gradient        uniform 0;
        value           nonuniform List<scalar> 
80
(
7750.54
7750.72
7751.18
7751.95
7753.02
7754.36
7755.96
7757.8
7759.84
7762.05
7764.4
7766.85
7769.36
7771.88
7774.38
7776.81
7779.14
7781.34
7783.39
7785.25
7786.92
7788.37
7789.62
7790.65
7791.47
7792.1
7792.56
7792.85
7792.99
7793.02
7792.96
7792.82
7792.64
7792.43
7792.21
7792
7791.82
7791.67
7791.58
7791.53
7791.54
7791.61
7791.72
7791.88
7792.08
7792.3
7792.52
7792.74
7792.92
7793.05
7793.1
7793.05
7792.88
7792.57
7792.09
7791.43
7790.57
7789.51
7788.24
7786.75
7785.07
7783.2
7781.15
7778.96
7776.65
7774.25
7771.8
7769.34
7766.91
7764.54
7762.28
7760.17
7758.23
7756.49
7754.99
7753.73
7752.75
7752.04
7751.62
7751.47
)
;
    }
    rightWall
    {
        type            zeroGradient;
    }
    atmosphere
    {
        type            totalPressure;
        rho             rho;
        psi             none;
        gamma           1;
        p0              uniform 0;
        value           nonuniform List<scalar> 
80
(
0
0
0
0
0
0
0
0
0
0
0
-4.99052e-08
-6.02609e-06
-2.32762e-05
-5.35425e-05
-9.82361e-05
-0.000158434
-0.000234613
-0.000326858
-0.000434381
-0.000555974
-0.000689173
-0.000830668
-0.000975261
-0.00111692
-0.00124969
-0.00136819
-0.00146757
-0.00154421
-0.00159608
-0.0016232
-0.00162637
-0.00160586
-0.00156166
-0.00149414
-0.00140473
-0.0012959
-0.00117109
-0.00103432
-0.000890546
-0.0007449
-0.000602616
-0.000468284
-0.000346076
-0.000239065
-0.000149659
-7.95328e-05
-3.0286e-05
-4.54722e-06
0
0
0
0
0
0
0
0
0
0
0
0
0
0
0
0
0
0
0
0
0
0
0
0
0
0
0
0
0
0
0
)
;
    }
    leftWall
    {
        type            zeroGradient;
    }
    frontAndBack
    {
        type            empty;
    }
}


// ************************************************************************* //
