/*--------------------------------*- C++ -*----------------------------------*\
| =========                 |                                                 |
| \\      /  F ield         | OpenFOAM: The Open Source CFD Toolbox           |
|  \\    /   O peration     | Version:  2412                                  |
|   \\  /    A nd           | Website:  www.openfoam.com                      |
|    \\/     M anipulation  |                                                 |
\*---------------------------------------------------------------------------*/
FoamFile
{
    version     2.0;
    format      ascii;
    arch        "LSB;label=32;scalar=64";
    class       volScalarField;
    location    "96";
    object      p_rgh;
}
// * * * * * * * * * * * * * * * * * * * * * * * * * * * * * * * * * * * * * //

dimensions      [1 -1 -2 0 0 0 0];

internalField   nonuniform List<scalar> 
6400
(
21332.9
21323.1
21356.9
21453.2
21595.3
21762.2
21951.1
22149.9
22347.3
22541.4
22726.7
22896.6
23043.1
23167.5
23271.3
23361.5
23436.2
23503.2
23556.8
23584.5
23588.2
23584.3
23585.4
23594.2
23586.4
23534.7
23463.2
23406.5
23350.7
23280.9
23192
23106.1
23027.1
22956.1
22883.6
22783.3
22679.4
22602.1
22509
22445.5
22418.3
22418.7
22406.6
22393.3
22406.8
22442.6
22479
22526.9
22592.1
22674.1
22761.3
22860.9
22965.4
23080.4
23195.6
23323.5
23456.4
23601.8
23742.8
23891.1
24035.3
24184.8
24324.9
24465.1
24590.9
24707.4
24794.8
24868.9
24919.6
24958.2
24972.1
24974.8
24959.6
24938.6
24907.3
24875.8
24840.7
24807
24774.4
24755.2
21345.6
21334.3
21356.2
21422.9
21544
21694.7
21861.1
22033.3
22207.1
22380.9
22550.3
22701.9
22831.5
22940.6
23034.5
23119.5
23196.2
23265.8
23318.2
23336.3
23346.3
23357.4
23382.1
23406.7
23394.7
23344.6
23303.6
23270.2
23244.8
23203.1
23140.9
23074.5
23004.9
22952.8
22908.8
22828
22767.1
22691.3
22621.6
22603.3
22603.2
22612.7
22608.3
22634.4
22663.3
22699.3
22737
22796.8
22873.3
22947.7
23030.6
23118.1
23217.8
23314.1
23410.5
23514.7
23635.4
23759.5
23883.2
24002.3
24131.8
24250.6
24377.5
24497.8
24621.5
24721.2
24795.1
24853
24901.5
24934.9
24950
24944.4
24933.2
24907.6
24881.9
24851.2
24823
24794.9
24771.9
24758.7
21271.5
21263.1
21287.7
21350.4
21451.6
21580
21725.6
21880.8
22034.7
22189.3
22343.5
22481.8
22596.8
22685.7
22780.8
22870.5
22949.4
23012.4
23060.6
23079.3
23099.8
23135.4
23190
23203.9
23192.5
23166.4
23159.8
23170.7
23166.9
23128.5
23089.1
23046.5
23001.3
22958.9
22932.2
22864.5
22825.1
22781.2
22762.9
22789.5
22800.3
22808.9
22823.6
22853.6
22919.5
22965.6
23009.9
23087.1
23171.1
23239.5
23311.6
23405.4
23493.5
23569
23644.2
23754.9
23846.4
23941.4
24035.8
24134
24228.4
24341.6
24457.1
24584.5
24677.6
24761.5
24824.4
24868.2
24914.6
24943.1
24946.6
24941.8
24922.1
24900.7
24873.6
24847
24818
24793.6
24774.2
24770.5
21143.7
21134.4
21159.7
21220.3
21317.7
21438.2
21574.5
21709.5
21842.2
22005
22149.3
22271.4
22350.5
22455.7
22573.9
22656.2
22728.5
22789.2
22830.5
22859.7
22914.1
22989.4
23023.6
23039.5
23057
23056.6
23055.6
23100.3
23110.1
23097
23063.2
23037.3
23008.5
22998.1
22973.4
22915.4
22908.3
22909.1
22925.9
22981
22973.9
22967.4
23025.1
23022.1
23081.4
23122.4
23193.6
23305.1
23343
23439.7
23566.1
23641.9
23705
23717.7
23863.2
23960.6
24027.7
24053.5
24138.2
24218.7
24363.3
24491
24602.8
24682.5
24748.7
24809.9
24902.7
24935.8
24951
24975.6
24985.5
24973.8
24956.1
24928.6
24902.3
24873.5
24846.6
24817.7
24809.3
24809.4
20967.6
20960.1
20986
21054.7
21147.9
21265.4
21397.3
21526.2
21651.9
21815
21953.2
22026.7
22141.8
22280.7
22374.2
22452.3
22508.6
22553.4
22628.7
22717.4
22781.3
22839.4
22875.7
22912.2
22948
22991.4
23046.5
23062.2
23084.8
23084.6
23076.7
23041.9
23050.8
23047.1
23063.8
23077.7
23101.7
23117.4
23126.3
23025.2
23000.4
23050.6
23188.7
23246.6
23227
23296.6
23365.1
23438.7
23513.4
23593.7
23690
23734.3
23801.4
23877.6
23949.6
24064.8
24132.2
24209.1
24278.2
24391.4
24548.9
24600.9
24669.6
24787.9
24880.7
24888.6
24978
25016.8
25030
25041.5
25047.3
25041.8
25020.6
24994.5
24963.9
24937.3
24907.2
24890.1
24888.2
24889.3
20753.8
20752.7
20780.8
20859.2
20953.7
21067.7
21195.9
21326.1
21458.7
21594.5
21681.4
21795.3
21968.8
22086
22176.6
22227.6
22272.1
22369.1
22489.3
22564.5
22635.2
22699.6
22720.4
22778.6
22859.9
22932.5
22994.5
23060.1
23116.1
23045
23091.9
23127.4
23166.2
23190.6
23199.2
23191.5
23209.5
23082.8
23046.3
23072.9
23121.2
23161.9
23353.6
23287.5
23333.6
23413.5
23492.1
23564.9
23644.3
23718.9
23793.1
23863.6
23937.4
24033.8
24159
24201.4
24272.3
24335.4
24405
24509.6
24695
24780.4
24780.7
24859.5
25002.9
25045.4
25062.2
25089.7
25140.1
25146.6
25147.8
25135.7
25117.6
25089.6
25062.6
25035.1
25011.1
25006.1
25007
25013.7
20516.3
20525.1
20565
20637.8
20737.8
20851.6
20979.1
21117.8
21234.5
21333
21464.5
21591.8
21785.4
21889.2
21964.5
21932.1
22083.9
22236
22323.6
22408.9
22451
22518.6
22602.9
22691.9
22798.5
22881
22950.7
23035.1
23102
23014.8
23101.7
23180
23229.9
23266.7
23235
23246.5
23065.8
23095.1
23138.3
23184
23233.8
23281.9
23309.3
23355.6
23431.1
23511.8
23594.6
23659.2
23730.4
23811.9
23879.3
23961.4
24031.8
24271.5
24336.5
24302
24371.3
24438
24614.7
24617.3
24695.8
24904
24993
24989.7
25087.2
25175.3
25189.5
25218.6
25252.7
25272.7
25273
25263
25240.2
25215
25184.9
25158.5
25149.9
25148.7
25157.3
25165.5
20261.2
20271.9
20327.2
20400.7
20505.9
20619.2
20749.8
20888.6
20960.4
21032.6
21332.2
21480
21586.7
21615.6
21636.9
21738.2
21967.6
22058.9
22145.7
22208.1
22288.1
22390.3
22523.5
22642.2
22702.7
22773.7
22908.6
23008.5
23092.8
23007.3
23032.7
23221.5
23279.9
23269.6
23118.5
23257.8
23099.4
23172.8
23238.8
23282.1
23322.5
23362.3
23405.6
23457
23528.5
23607.6
23676.7
23742.5
23801.9
23882.5
23951.8
24023.2
24103.3
24272.8
24418.3
24432.1
24450.8
24518.8
24728.3
24913.6
24831
24908.9
25134
25204.3
25229.4
25286.8
25341
25368.5
25394.7
25406.6
25409.8
25396.7
25372.2
25343.5
25319.3
25303.9
25300.1
25305.1
25321.6
25335.8
19997.3
20014.6
20062.7
20146.9
20265.6
20358.6
20422.7
20507.4
20628.7
20815.1
21125
21197.6
21229.8
21334.5
21456
21617.6
21815.9
21899
21982.3
22092.7
22210
22317.3
22438.7
22555.8
22558.7
22510
22703
23007
23006.7
22949.1
23045.3
23257.9
23176.1
23109.3
23155.4
23177.5
23280.7
23390.7
23309.9
23350.3
23375.3
23419.7
23474.9
23539.6
23612.7
23679.1
23741.7
23809.4
23875
23947.4
24017.6
24089.7
24159.7
24227.7
24502.2
24615.2
24623.3
24606.4
24662
25050.3
25132.2
25076
25217.9
25357.3
25409.2
25444.9
25487.8
25524.6
25542.9
25548.8
25535
25519.1
25498.6
25478.2
25462.1
25450.2
25453.3
25466.7
25495.9
25514.8
19714.2
19744.6
19789
19886.6
19962.9
19983.9
20151.5
20308.7
20454.9
20592.5
20717
20824.2
20925.8
21204.1
21398
21513.3
21611.5
21451
21612.1
21961.1
22116.8
22216.6
22347.4
22309.1
22303.8
22453.6
22607.1
22948.7
22852.7
22943.2
23063.5
23133.8
23240
23396.7
23199.8
23248.1
23366.7
23758.3
23553.3
23386.6
23413
23463.6
23535.8
23599.2
23663.8
23736.1
23800.6
23849.3
23930
24010.7
24083.4
24142.9
24225.8
24304.1
24373.1
24722
24829.3
24890.2
24765.8
25047.8
25300.6
25365
25376.6
25492.9
25568.7
25608
25645.8
25669.8
25674.6
25672
25666.3
25649.6
25630.1
25614.3
25603
25598.4
25609.1
25637.1
25671.2
25705.3
19426.7
19457.6
19530.4
19625.6
19587.5
19787.7
19968.1
20133.2
20285.3
20427.9
20559.1
20674.3
20781.1
20889.7
21225.2
21294
21213.9
21333.4
21464.2
21590.5
21906.6
21841.8
21961.7
22087.9
22233.6
22631.1
22845.3
22776.3
22858.2
23220.7
23354.6
23163
23230.7
23467.2
23579.8
23564.6
23815.5
23859.1
23567.8
23427.9
23470.7
23778.6
23618.4
23683.9
23733.4
23790.7
23845.9
23912.7
23985.6
24068.4
24139.1
24215.8
24297
24388.8
24469
24539.1
24947.3
25061.7
25049.7
25126.9
25319.3
25541.1
25602.7
25667.6
25735.5
25780.6
25797
25800.1
25806.5
25811.5
25806.7
25790.7
25770.1
25754.5
25747.9
25748.9
25772.1
25803.9
25855.4
25896.8
19135.4
19184.3
19290.3
19206.1
19389
19606.5
19798.8
19971.2
20127.5
20269.5
20400
20520
20635.6
20751.4
20859
20961.6
21071
21190.8
21324.9
21458.7
21579.7
21719.7
21854.4
22102.6
22601.5
22881.4
23025.1
23046.2
22958.7
23186.9
23498.1
23602.9
23646.7
23558.5
23651
23914.8
23980.7
23921.9
23661
23597.8
23845.3
24255.6
24264.2
23794
23843.8
23890.7
23940.9
24001.5
24081.8
24159
24236.8
24312.7
24509.7
24498.1
24589.1
24663.7
24732.7
25172.5
25494.9
25435
25523.4
25697.4
25801.5
25867.1
25923
25935.5
25948.2
25957.5
25965.7
25966.2
25957.8
25935.3
25909.7
25890.8
25883.9
25891.8
25918.7
25959.4
26027.2
26088.2
18811.4
18922.4
19027.2
18938.3
19192.1
19427.2
19628.7
19803.6
19958.3
20095.7
20219.4
20335.6
20450.1
20562.6
20667.8
20812
21073.2
21372.1
21635.9
21739.8
21854.7
22155.5
22433.7
22595.3
22725.4
22790.8
22947.1
23157.6
23323.2
23454.9
23499.8
23598.6
23711.9
23797.6
23870.6
23997.8
24018.2
23986.8
24091.4
24255.2
24375.6
24442.9
24455.4
24457.3
24344
24089.8
24128.8
24381.1
24421.5
24318.2
24413.4
24786.7
25108.4
25141.7
25060.5
25159
25283.7
25438.8
25703
25806.8
25869.6
25951.9
26030.1
26071.9
26096.7
26125.8
26143.5
26148.4
26141
26127.8
26104.9
26067
26030.9
26003.6
25999.3
26008.9
26043.4
26095.8
26188.6
26262.9
18460.4
18672
18847.6
19235.7
19350
19469.8
19661.2
19851.6
20048.4
20240.2
20426
20637.1
20860.7
20989.2
21121.9
21346.6
21473
21605
21736.5
21873.4
22020.3
22170.4
22324
22487.9
22659.7
22829.6
22994.6
23152.8
23311.1
23464.6
23608.2
23738.9
23853.7
23959.1
24070.9
24168.7
24261.5
24355.9
24471.6
24578.4
24662.5
24694
24756.6
24854.6
24933.1
24947.5
25012.7
25124.5
25196.6
25207.6
25314.8
25441.6
25525.9
25626.2
25752.6
25869.4
25948.4
25963.2
26036.6
26127.2
26175
26203.3
26235.3
26280.4
26324
26351.6
26360.2
26346.7
26318.8
26284.4
26240.8
26185.9
26136.7
26104.1
26095.8
26107
26143.3
26218.3
26330
26426.6
18102.9
18475.8
18959
19351.7
19662.4
19908.9
20103.9
20268.1
20415.6
20550
20674.9
20794.3
20910.5
21027.2
21146.9
21269.1
21396.1
21529.1
21667.5
21812.3
21966.3
22130.2
22299.5
22474.4
22653.1
22833.6
23012.3
23188
23357.3
23520.4
23670.9
23810.5
23936.3
24056.8
24172.2
24284.5
24393.8
24506.2
24614.1
24720.4
24816
24906.6
24993.2
25089.5
25185.2
25289.8
25384.4
25471.5
25555.1
25652.9
25742.7
25823.6
25891.8
25975.1
26053
26128.3
26189.3
26245.2
26288.3
26350.7
26404.2
26453.6
26501.6
26549.8
26582.6
26597.7
26589.7
26557.4
26505.2
26443.5
26372.9
26294.2
26234.1
26190.9
26178.8
26180.4
26228.8
26309.9
26453
26581.4
17760.3
18341.8
18937.2
19370.5
19690.5
19930.2
20110.5
20258.7
20389.1
20510
20626.2
20742
20858.6
20976.8
21098.9
21225.9
21357.4
21495.2
21640.4
21793.5
21956.5
22129
22310.5
22499.3
22695.1
22894.3
23095.1
23293.1
23487
23671.2
23844.2
24001.9
24146
24276.1
24399.4
24513.2
24620.9
24721.4
24821.4
24915.6
25010.1
25098.1
25188
25276.7
25372.6
25467.5
25563.3
25649.2
25739.7
25829.3
25921.8
26004.3
26089.4
26173.3
26261.7
26340.9
26420.3
26494.2
26569.9
26644.5
26713.5
26772.6
26826.8
26863.7
26879.9
26872.5
26842.7
26785
26703.9
26613.8
26511.2
26408.9
26326.7
26267
26234.3
26227.1
26275.5
26372.3
26539.3
26727.3
17438.3
18313.9
19050.7
19488.8
19777.5
19960.1
20085.2
20185.3
20277.6
20369.6
20465.8
20567.4
20674.9
20787.2
20905.5
21030.2
21162.6
21304.1
21456.6
21621.1
21798.8
21990.3
22195.5
22415.5
22648.5
22889.2
23132.5
23376.4
23616.5
23849.7
24067.8
24266.9
24440.3
24590.4
24721.6
24843.2
24952.3
25055.1
25148.7
25239.7
25324.3
25408.1
25486.5
25569.7
25653.1
25743.9
25831.7
25921.9
26008
26098.6
26183.8
26273.1
26361
26457.8
26552.4
26649.9
26742.3
26837.7
26926.9
27011.2
27079.9
27140.7
27189
27220.7
27224.1
27197.5
27140.8
27049.5
26932.5
26799.9
26654.7
26509.6
26395.7
26299.4
26247.9
26230.1
26278.9
26395
26617.5
26852.5
17065.2
18296.9
19159.6
19546.8
19702.9
19780
19924.1
20039
20140.2
20237.6
20334.4
20433.1
20533.5
20636.4
20741.7
20851.1
20965.4
21086.9
21216.9
21356.9
21507.7
21670.4
21844.8
22030.6
22300.1
22612.8
22921.6
23221.1
23516.3
23815.8
24123.6
24428.5
24701.2
24916.4
25087.5
25229.4
25353.8
25461.6
25560.3
25648.9
25735.4
25814.3
25891.8
25964.7
26043.9
26123.1
26209.6
26293.2
26382.1
26468
26559.1
26648.8
26748.1
26849
26955.4
27055.7
27157.3
27254.2
27349.6
27429.9
27494.8
27546.4
27591.7
27621.5
27606.2
27530.6
27425.7
27291.5
27114
26891.6
26630.9
26386.7
26222.4
26087.9
26021.4
26053.5
26137.8
26298.7
26619.2
27013
16872.7
18975.7
19945.9
19994.2
19622.5
19055.7
18362.2
17768.9
17318.7
17010.4
16825.3
16741.3
16739.4
16800.4
16909.3
17066.9
17272.7
17539.1
17875.6
18284.4
18770.4
19337.1
19979.9
20681
21331.9
21944.1
22514.3
22975.8
23264
23467.6
23672.5
24110.3
24607
24973.3
25238.1
25446.2
25617.9
25769.6
25900.8
26019.4
26123.9
26220.9
26305.3
26387.3
26466.2
26551.1
26635.8
26724.8
26808.6
26895.6
26979.3
27070.8
27163.9
27264.7
27358.9
27449
27532.5
27616.9
27689.7
27751.1
27796.1
27836.2
27868.5
27861.7
27677.3
27383.8
27187.3
26951.1
26652.3
26050.5
25344.3
24758.4
24385
24305
24503.8
24891.1
25353.1
25650.6
26092.1
26881.7
15731.9
13316.7
10188
7406.87
5282.45
3819.3
2857.65
2237.36
1843.5
1600.13
1457.43
1384.88
1365.66
1381.39
1428.2
1504.45
1611.65
1761.97
1967.8
2241.52
2603.08
3082.09
3716
4552.25
5655.22
7113.81
9045.1
11565.8
14666
17628.3
20225.5
22225.6
23971.2
24541.4
24848.5
25152.9
25430.8
25676.7
25891.9
26082.4
26255.4
26405.5
26539.8
26655.7
26765.8
26865.9
26965.4
27056.2
27144.8
27224.9
27306.8
27386
27469.7
27546.8
27618.2
27675.6
27734.1
27790.2
27833.3
27844.9
27804.4
27709.1
27552.6
27260.6
26413.6
24102.7
20809.2
16748.7
12890.8
10128.2
8277.58
7125.33
6621.49
6685.94
7356.44
8740.81
10889.1
13829.7
17246.7
21073.2
-0.0125063
-0.0118144
-0.0104672
-0.0119914
-0.0131788
-0.0133628
-0.0130571
-0.0124785
-0.0121075
-0.0119668
-0.0112675
-0.0125008
-0.0128741
-0.0111531
-0.0117777
-0.0131017
-0.0137468
-0.0141177
-0.0149127
-0.0147524
-0.0150092
-0.0148413
-0.0148119
-0.0154452
-0.0160549
-0.0167082
-0.0179345
-0.0189045
-0.0213491
555.086
1858.5
3731.85
6442.72
10757.7
15978.7
20354.9
23418.6
25569.1
25683.5
25907.1
26122
26323.2
26507.5
26669.8
26814.5
26950.9
27072.1
27183.4
27277.3
27363.6
27437.6
27510.7
27571.7
27627.1
27666.6
27685.9
27680.4
27648.3
27555.3
27330.6
25419.7
22044.7
17173.4
11237.9
6084.11
2937.21
1063.89
367.175
77.2135
0.020782
0.00919921
0.00241174
-0.00162891
-0.00387663
-0.00493119
-0.00527799
9.53447
72.1455
148.639
207.558
-0.0124387
-0.0123755
-0.00628614
0.00470986
0.0142105
0.0200558
0.0232527
0.0233831
0.0178962
0.00339346
-0.0104026
-0.00828103
0.00281969
0.0100125
5.36038e-05
-0.0128608
-0.0137761
-0.0140359
-0.0148361
-0.0146582
-0.0149689
-0.0150582
-0.0144751
-0.0149183
-0.0157013
-0.0162005
-0.0165715
-0.0170817
-0.0196204
-0.0302033
-0.0260841
-0.0209603
-0.0159381
53.3322
548.747
1994.43
4561.99
8245.52
13548.3
18422.3
22067.1
24516.2
26176.1
26643.8
26768.8
26901.3
27030.9
27143.6
27240.8
27321.6
27392.5
27445.5
27483.7
27499.1
27397.3
26164.1
24028.5
20708
15974.3
10245.5
5817.57
2612.36
652.689
7.84504
0.0199123
-0.00446389
-0.0175441
-0.0225358
-0.0244263
-0.0248618
-0.024915
-0.0249324
-0.0248465
-0.0247437
-0.0246809
-0.0246632
-0.0246199
-0.0244708
-0.0243673
-0.022853
-0.0122713
-0.00723647
0.0241182
0.0319451
0.0318338
0.0320675
0.0323171
0.0325224
0.0325078
0.00912945
-0.0119654
-0.00680341
0.016743
0.0170441
0.0135962
-0.0116894
-0.0133609
-0.012652
-0.0133377
-0.0134333
-0.0136458
-0.0135338
-0.0135072
-0.0139152
-0.0147537
-0.0150509
-0.0137132
-0.0103226
-0.00854181
-0.00370665
0.116021
0.122215
0.0358349
-0.0168076
-0.0175772
-0.0167528
-0.0122003
0.000364165
163.987
1048.17
2858.47
5413.19
8387.67
11942.8
15194.2
17654.7
19342.5
20398.6
20691.9
20617.4
20063.5
18804
16764.3
13864.3
10198.2
6978.26
4058.24
1736.47
356.239
0.113934
0.0393559
0.00225685
-0.0177036
-0.0243208
-0.0248077
-0.0250127
-0.0251654
-0.0252018
-0.0251279
-0.0250636
-0.0250517
-0.0250348
-0.0249406
-0.0248189
-0.0247347
-0.0247063
-0.0246761
-0.0245864
-0.0243831
-0.0240013
-0.0123332
-0.0130977
-0.0123362
-0.0122698
-0.0123292
-0.0123015
-0.0122096
-0.0121244
-0.0121067
-0.012086
-0.0119753
-0.0117546
-0.0066946
0.00744127
-0.0069475
-0.013425
-0.0139001
-0.013453
-0.0138241
-0.0139971
-0.0140635
-0.0141348
-0.01384
-0.0146165
-0.015521
-0.0157659
-0.0160762
-0.0156578
-0.0143498
-0.0151864
-0.0166722
-0.0135605
-0.0129653
-0.017054
-0.0177789
-0.017815
-0.0178768
-0.0178727
-0.0171675
-0.0128771
0.000415028
0.0261864
0.0651718
12.5416
224.279
630.789
1108.32
1516.78
1648.23
1599.18
1349.59
904.217
422.927
82.5282
0.159588
0.092834
0.0405984
0.00303816
-0.0178574
-0.0234217
-0.0241037
-0.0245286
-0.0248368
-0.0249617
-0.025028
-0.0251084
-0.0251891
-0.0252279
-0.0251539
-0.0250558
-0.025014
-0.02501
-0.0249498
-0.024827
-0.0247135
-0.024674
-0.0247111
-0.0247739
-0.0247008
-0.0242771
-0.0119939
-0.0126736
-0.0123449
-0.0122686
-0.0123121
-0.0122842
-0.0121938
-0.0121093
-0.012094
-0.0121577
-0.0122143
-0.0120416
-0.0120907
-0.0124167
-0.0127679
-0.0129738
-0.0135444
-0.0134961
-0.0137275
-0.0140111
-0.0141598
-0.014431
-0.0148127
-0.0152374
-0.0154969
-0.0157506
-0.0163567
-0.0170811
-0.0166286
-0.0164325
-0.0167294
-0.0170373
-0.0175349
-0.017769
-0.0178552
-0.0178595
-0.0178811
-0.0178686
-0.0178796
-0.0179398
-0.0179333
-0.0178475
-0.0177359
-0.0174704
-0.0147492
-0.00864459
-0.000353011
0.00763639
0.0110777
0.0108113
0.00624367
-0.00241837
-0.0119663
-0.0189993
-0.0212134
-0.0219315
-0.0226579
-0.0232948
-0.0238583
-0.0241899
-0.0244359
-0.0246529
-0.0248362
-0.0249725
-0.0250395
-0.0250726
-0.02511
-0.0251614
-0.0251602
-0.0250924
-0.0250139
-0.0249732
-0.0249379
-0.0248573
-0.0247393
-0.024613
-0.0245453
-0.0245927
-0.0246447
-0.0245735
-0.0120353
-0.0125957
-0.0124775
-0.0122928
-0.0122396
-0.0122229
-0.0121631
-0.0120545
-0.0119516
-0.0119565
-0.0121089
-0.0121231
-0.0122105
-0.0123897
-0.0125776
-0.0126411
-0.0131569
-0.0133912
-0.0135962
-0.0139014
-0.0141466
-0.0144387
-0.014801
-0.0152063
-0.0154864
-0.0155824
-0.0158734
-0.0167115
-0.0169565
-0.0169723
-0.0170568
-0.0172451
-0.0174735
-0.0176465
-0.017804
-0.0178732
-0.0178972
-0.017904
-0.0179197
-0.0179452
-0.0179608
-0.0179971
-0.018075
-0.0181967
-0.018339
-0.0185465
-0.0187503
-0.0189973
-0.0193407
-0.0197403
-0.0201816
-0.0206923
-0.021246
-0.0217874
-0.0222158
-0.0226038
-0.0230056
-0.023411
-0.0238008
-0.0241222
-0.02436
-0.0245496
-0.0247319
-0.0249122
-0.0250366
-0.025087
-0.0250871
-0.0250896
-0.0250951
-0.0250738
-0.025011
-0.024939
-0.0248834
-0.0248402
-0.024793
-0.0247061
-0.0245901
-0.0245404
-0.0245695
-0.0245633
-0.0120923
-0.0124592
-0.0125094
-0.0123829
-0.0122686
-0.012205
-0.0121713
-0.0121272
-0.0120361
-0.0119464
-0.012011
-0.0120805
-0.012204
-0.0124326
-0.0126839
-0.0126719
-0.0129366
-0.0132289
-0.0134914
-0.0138062
-0.0141011
-0.0143893
-0.0147039
-0.0151221
-0.0155377
-0.0157668
-0.0158939
-0.0163216
-0.016705
-0.016955
-0.0171491
-0.0173225
-0.01749
-0.0176121
-0.0177313
-0.0178157
-0.0178665
-0.0178885
-0.0178954
-0.0179114
-0.0179585
-0.018019
-0.0180968
-0.0182154
-0.0183628
-0.0185613
-0.0188167
-0.0191219
-0.0194857
-0.0198833
-0.0203175
-0.0207694
-0.0212222
-0.0216672
-0.0220904
-0.0225056
-0.022919
-0.0233284
-0.0237195
-0.0240632
-0.0243324
-0.024526
-0.0246716
-0.0248123
-0.0249436
-0.0250357
-0.0250629
-0.0250479
-0.0250272
-0.0250124
-0.0249766
-0.0249078
-0.0248222
-0.0247477
-0.0247083
-0.0246792
-0.0246094
-0.0245319
-0.024514
-0.0245104
-0.0122473
-0.0123199
-0.0124132
-0.012369
-0.0122677
-0.0121626
-0.0120929
-0.0120666
-0.0120394
-0.011968
-0.0119675
-0.0119914
-0.0120446
-0.0122202
-0.0125382
-0.0126703
-0.0128575
-0.013115
-0.0133975
-0.0137099
-0.014037
-0.0143533
-0.0146336
-0.0149614
-0.0153795
-0.0157762
-0.0160344
-0.0163015
-0.016587
-0.0168527
-0.017094
-0.0173062
-0.0174873
-0.0176045
-0.017691
-0.0177572
-0.0178068
-0.0178398
-0.0178572
-0.0178821
-0.0179149
-0.0179811
-0.0180699
-0.0181947
-0.0183474
-0.0185512
-0.0188165
-0.019114
-0.0194605
-0.0198342
-0.02024
-0.0206696
-0.0211109
-0.0215639
-0.022018
-0.0224598
-0.0228749
-0.0232525
-0.0236019
-0.0239333
-0.024233
-0.0244736
-0.0246383
-0.0247552
-0.0248553
-0.0249458
-0.0250007
-0.0250038
-0.0249719
-0.02494
-0.0249118
-0.0248675
-0.0247948
-0.0247024
-0.0246276
-0.0245915
-0.0245562
-0.0244968
-0.0244582
-0.0244473
-0.0124089
-0.0123242
-0.0123464
-0.0123233
-0.0122575
-0.0121582
-0.0120556
-0.0119908
-0.0119715
-0.0119445
-0.0119629
-0.0120083
-0.0120362
-0.0121068
-0.0123514
-0.0125643
-0.0127694
-0.0130039
-0.0132751
-0.0135715
-0.0139038
-0.0142634
-0.0145945
-0.0148929
-0.0152273
-0.0156091
-0.0159713
-0.0162823
-0.0165493
-0.0167955
-0.0170274
-0.0172359
-0.0174253
-0.0175621
-0.0176503
-0.0177053
-0.017742
-0.017773
-0.0178003
-0.0178232
-0.0178545
-0.0179239
-0.0180268
-0.0181666
-0.0183191
-0.0185117
-0.0187726
-0.0190613
-0.0194103
-0.019785
-0.0201821
-0.020588
-0.0210129
-0.0214673
-0.0219315
-0.0223802
-0.0227996
-0.0231807
-0.0235214
-0.0238308
-0.0241144
-0.0243655
-0.0245608
-0.0246959
-0.0247858
-0.0248558
-0.0249098
-0.0249318
-0.0249105
-0.0248653
-0.0248195
-0.0247773
-0.024727
-0.0246526
-0.0245649
-0.0245015
-0.0244652
-0.0244232
-0.0243844
-0.0243663
-0.0124375
-0.0123476
-0.0123102
-0.012262
-0.0122042
-0.01213
-0.0120342
-0.0119406
-0.011884
-0.0118418
-0.0118465
-0.0119125
-0.0119806
-0.0120277
-0.0121856
-0.0123952
-0.0126227
-0.0128688
-0.0131432
-0.0134303
-0.0137394
-0.0140932
-0.0144745
-0.0148285
-0.0151521
-0.0154762
-0.0158261
-0.0161743
-0.0164795
-0.0167448
-0.0169785
-0.0171735
-0.0173441
-0.0174817
-0.0175792
-0.0176376
-0.0176675
-0.0176895
-0.0177197
-0.0177552
-0.0177941
-0.0178548
-0.017959
-0.018116
-0.0182933
-0.018484
-0.0187372
-0.0190069
-0.0193423
-0.019711
-0.020122
-0.0205441
-0.0209734
-0.0214159
-0.0218547
-0.022279
-0.0226846
-0.0230724
-0.0234309
-0.0237474
-0.0240182
-0.0242538
-0.024452
-0.0246067
-0.0247105
-0.0247734
-0.0248135
-0.024837
-0.0248305
-0.0247906
-0.0247314
-0.0246708
-0.024618
-0.0245608
-0.0244849
-0.0244102
-0.0243585
-0.0243187
-0.0242835
-0.024263
-0.0123799
-0.0123365
-0.0122865
-0.0122168
-0.0121413
-0.0120687
-0.0119892
-0.0119028
-0.0118344
-0.0117738
-0.0117364
-0.0117666
-0.0118492
-0.0119228
-0.0120463
-0.0122279
-0.0124496
-0.0127035
-0.0129932
-0.0132992
-0.0136043
-0.013922
-0.0142839
-0.0146748
-0.0150492
-0.0153812
-0.0157034
-0.0160417
-0.0163637
-0.0166507
-0.0169015
-0.0171026
-0.0172614
-0.0173884
-0.017487
-0.0175545
-0.0175872
-0.0175997
-0.0176203
-0.0176633
-0.0177233
-0.0177871
-0.0178805
-0.0180463
-0.0182572
-0.018472
-0.0187306
-0.0189891
-0.0193096
-0.0196614
-0.0200646
-0.0204845
-0.0209116
-0.0213477
-0.0217773
-0.0221882
-0.0225785
-0.0229553
-0.0233162
-0.023644
-0.0239218
-0.0241499
-0.0243374
-0.024493
-0.0246102
-0.024682
-0.0247162
-0.0247289
-0.0247232
-0.0246927
-0.0246368
-0.024566
-0.0244977
-0.0244376
-0.0243714
-0.024299
-0.024237
-0.0241907
-0.0241551
-0.024134
-0.0123006
-0.0122828
-0.0122411
-0.0121733
-0.0120856
-0.011996
-0.0119101
-0.011826
-0.0117619
-0.0117125
-0.0116668
-0.0116568
-0.0117117
-0.0117962
-0.0119168
-0.0120835
-0.0122881
-0.012525
-0.0128041
-0.0131238
-0.0134581
-0.0137813
-0.0141092
-0.0144763
-0.014874
-0.015249
-0.0155846
-0.0159153
-0.0162351
-0.0165256
-0.0167852
-0.017002
-0.0171686
-0.0172913
-0.0173821
-0.0174497
-0.0174875
-0.0174976
-0.0175062
-0.0175456
-0.0176334
-0.0177279
-0.0178238
-0.017971
-0.0181819
-0.0184266
-0.0187107
-0.018984
-0.019298
-0.0196301
-0.020006
-0.0204069
-0.0208217
-0.0212498
-0.0216759
-0.0220862
-0.0224737
-0.0228413
-0.0231932
-0.0235208
-0.0238071
-0.0240408
-0.0242235
-0.0243701
-0.0244876
-0.0245693
-0.0246091
-0.0246156
-0.0246007
-0.0245682
-0.0245168
-0.0244473
-0.0243694
-0.0242968
-0.024228
-0.0241577
-0.0240919
-0.0240391
-0.0240003
-0.0239786
-0.0122312
-0.0122148
-0.0121735
-0.0121123
-0.0120275
-0.011929
-0.0118294
-0.0117316
-0.0116542
-0.0116084
-0.0115768
-0.0115583
-0.0115843
-0.011655
-0.01177
-0.0119329
-0.0121355
-0.0123623
-0.0126152
-0.0129121
-0.0132543
-0.0136092
-0.0139486
-0.0142902
-0.0146692
-0.0150623
-0.0154252
-0.0157679
-0.016093
-0.016386
-0.0166468
-0.0168744
-0.0170592
-0.0171931
-0.0172781
-0.017332
-0.0173619
-0.0173714
-0.0173753
-0.0173974
-0.0174995
-0.017643
-0.0177803
-0.017936
-0.0181233
-0.0183685
-0.0186541
-0.0189468
-0.0192653
-0.0195955
-0.0199433
-0.0203209
-0.0207242
-0.0211452
-0.0215654
-0.0219734
-0.0223605
-0.022725
-0.023069
-0.0233885
-0.0236735
-0.023913
-0.0241004
-0.0242427
-0.024353
-0.0244344
-0.0244799
-0.0244879
-0.0244664
-0.0244255
-0.0243706
-0.0243019
-0.0242216
-0.0241387
-0.0240606
-0.0239868
-0.0239186
-0.0238618
-0.0238197
-0.0237971
-0.0121652
-0.0121471
-0.0120994
-0.012034
-0.0119519
-0.0118527
-0.0117475
-0.0116395
-0.0115427
-0.01148
-0.0114498
-0.0114362
-0.0114502
-0.0115029
-0.0115999
-0.011748
-0.0119483
-0.0121833
-0.012433
-0.012705
-0.0130228
-0.0133837
-0.0137529
-0.0141032
-0.0144653
-0.0148517
-0.0152272
-0.0155837
-0.0159222
-0.0162293
-0.0164991
-0.0167352
-0.0169369
-0.017092
-0.0171821
-0.0172109
-0.0172036
-0.017202
-0.0172306
-0.017254
-0.0173485
-0.0175234
-0.0177102
-0.0179131
-0.0180995
-0.0183503
-0.0186146
-0.0188997
-0.019208
-0.01955
-0.0198887
-0.0202449
-0.0206316
-0.0210406
-0.0214505
-0.0218513
-0.0222348
-0.0225973
-0.0229391
-0.0232522
-0.023529
-0.0237655
-0.0239575
-0.0241038
-0.0242108
-0.0242861
-0.0243298
-0.0243388
-0.024315
-0.0242669
-0.0242034
-0.0241298
-0.024047
-0.023958
-0.0238709
-0.0237899
-0.0237178
-0.0236581
-0.0236135
-0.0235902
-0.0120901
-0.0120737
-0.012025
-0.0119523
-0.011867
-0.0117664
-0.0116588
-0.0115475
-0.0114392
-0.0113555
-0.011311
-0.011296
-0.0113074
-0.0113521
-0.0114346
-0.0115603
-0.0117402
-0.0119734
-0.0122348
-0.0125066
-0.0128023
-0.0131417
-0.0135188
-0.0138889
-0.0142532
-0.0146332
-0.0150119
-0.0153756
-0.0157237
-0.0160478
-0.0163371
-0.0165893
-0.0168083
-0.0169926
-0.0171122
-0.0171346
-0.0170705
-0.0170149
-0.0170709
-0.0171289
-0.0172276
-0.01743
-0.0176508
-0.0178898
-0.0180845
-0.0183465
-0.018602
-0.0188682
-0.0191438
-0.0194729
-0.019814
-0.0201633
-0.0205364
-0.0209298
-0.0213263
-0.0217192
-0.0220982
-0.0224561
-0.0227938
-0.0231047
-0.0233762
-0.0236054
-0.0237949
-0.0239445
-0.0240536
-0.0241253
-0.0241632
-0.0241684
-0.0241421
-0.024089
-0.0240171
-0.0239344
-0.0238459
-0.0237519
-0.023658
-0.0235697
-0.0234922
-0.0234292
-0.0233826
-0.0233587
-0.0120056
-0.0119879
-0.011943
-0.0118675
-0.0117782
-0.0116751
-0.0115654
-0.0114532
-0.0113417
-0.0112439
-0.011181
-0.0111552
-0.0111615
-0.011203
-0.0112814
-0.011394
-0.0115482
-0.0117586
-0.012018
-0.0123004
-0.0125939
-0.0129124
-0.0132753
-0.0136518
-0.0140236
-0.0144035
-0.0147857
-0.0151558
-0.0155096
-0.0158448
-0.0161541
-0.0164286
-0.0166688
-0.0168922
-0.0170877
-0.017167
-0.0170406
-0.0168531
-0.0169832
-0.0170921
-0.0171892
-0.0174156
-0.0176551
-0.0179073
-0.0180882
-0.0183227
-0.0185683
-0.0188244
-0.0190852
-0.0193851
-0.0197172
-0.0200647
-0.0204313
-0.0208105
-0.0211902
-0.0215718
-0.0219474
-0.0223024
-0.0226327
-0.0229383
-0.0232083
-0.023434
-0.0236182
-0.0237652
-0.0238747
-0.0239454
-0.0239787
-0.0239779
-0.0239466
-0.0238886
-0.0238099
-0.0237178
-0.0236206
-0.0235203
-0.0234208
-0.0233265
-0.0232437
-0.0231769
-0.0231283
-0.0231041
-0.0119178
-0.0118941
-0.0118509
-0.0117759
-0.0116848
-0.01158
-0.0114683
-0.0113555
-0.0112446
-0.0111414
-0.0110648
-0.0110241
-0.0110194
-0.0110534
-0.011129
-0.0112395
-0.0113801
-0.0115636
-0.0118014
-0.0120824
-0.0123819
-0.0126929
-0.0130388
-0.0134091
-0.0137828
-0.014162
-0.0145454
-0.0149212
-0.0152804
-0.0156219
-0.0159455
-0.0162434
-0.016507
-0.016756
-0.0170126
-0.0171923
-0.017033
-0.0165715
-0.0167234
-0.017014
-0.0171806
-0.0175603
-0.0177385
-0.0179663
-0.0181358
-0.0183238
-0.0185354
-0.0187775
-0.0190343
-0.0193085
-0.0196207
-0.0199574
-0.0203167
-0.0206854
-0.0210489
-0.0214121
-0.0217767
-0.0221297
-0.0224554
-0.0227532
-0.0230201
-0.0232462
-0.0234278
-0.0235694
-0.0236746
-0.0237426
-0.0237724
-0.0237659
-0.0237282
-0.0236643
-0.0235795
-0.0234795
-0.0233731
-0.0232653
-0.0231598
-0.0230605
-0.0229732
-0.022903
-0.0228527
-0.0228283
-0.0118272
-0.0117986
-0.0117535
-0.0116781
-0.0115856
-0.0114798
-0.0113671
-0.0112534
-0.0111438
-0.0110405
-0.0109571
-0.0109046
-0.0108869
-0.0109075
-0.0109727
-0.0110804
-0.011219
-0.0113875
-0.0115998
-0.0118638
-0.0121615
-0.0124713
-0.0128054
-0.0131657
-0.0135369
-0.0139132
-0.0142932
-0.0146697
-0.0150322
-0.0153761
-0.0157048
-0.0160202
-0.016308
-0.0165586
-0.0168012
-0.0170302
-0.0170355
-0.0164921
-0.0145008
-0.0155375
-0.0155437
-0.0176496
-0.0179073
-0.0180756
-0.0182317
-0.0183816
-0.0185323
-0.0187401
-0.0189822
-0.0192309
-0.0195186
-0.0198361
-0.0201834
-0.0205436
-0.0208997
-0.0212486
-0.0215943
-0.0219376
-0.02226
-0.0225509
-0.0228108
-0.0230355
-0.0232174
-0.0233558
-0.023455
-0.0235174
-0.0235424
-0.0235305
-0.0234861
-0.0234153
-0.0233243
-0.0232179
-0.0231039
-0.0229886
-0.022877
-0.0227729
-0.022682
-0.0226093
-0.0225579
-0.0225337
-0.0117319
-0.0117026
-0.0116547
-0.0115778
-0.0114834
-0.0113757
-0.0112614
-0.0111464
-0.0110367
-0.0109343
-0.0108486
-0.0107901
-0.0107632
-0.0107704
-0.0108188
-0.0109143
-0.0110498
-0.0112143
-0.0114101
-0.0116525
-0.0119379
-0.0122437
-0.012569
-0.0129185
-0.0132843
-0.0136567
-0.0140306
-0.0144027
-0.0147651
-0.0151082
-0.0154312
-0.0157473
-0.0160593
-0.0163308
-0.0165222
-0.0166969
-0.0171448
-0.0169292
0.00627559
0.00284899
0.00418249
-0.0156666
-0.017859
-0.0182342
-0.0183701
-0.0184353
-0.0185207
-0.0186794
-0.0189038
-0.0191382
-0.0194065
-0.0197001
-0.0200282
-0.0203754
-0.0207267
-0.0210723
-0.0214044
-0.0217314
-0.0220468
-0.0223331
-0.0225852
-0.0228035
-0.0229835
-0.0231204
-0.0232151
-0.023271
-0.0232897
-0.0232718
-0.0232207
-0.0231425
-0.0230447
-0.0229325
-0.0228126
-0.0226914
-0.0225745
-0.0224662
-0.0223727
-0.0222982
-0.0222466
-0.0222228
-0.0116342
-0.0116057
-0.0115551
-0.0114765
-0.0113806
-0.0112714
-0.0111548
-0.011037
-0.0109253
-0.010822
-0.0107341
-0.0106715
-0.0106398
-0.0106395
-0.0106735
-0.0107507
-0.010874
-0.011034
-0.0112219
-0.0114468
-0.011715
-0.0120116
-0.0123282
-0.0126666
-0.013024
-0.0133907
-0.0137575
-0.0141215
-0.0144806
-0.0148234
-0.0151362
-0.0154284
-0.0157375
-0.0160696
-0.0163114
-0.0162942
-0.0161898
-0.0154547
0.234158
0.196535
0.20498
0.00707795
-0.013558
-0.0184151
-0.0184183
-0.0184251
-0.0184837
-0.0185954
-0.0187906
-0.019017
-0.0192776
-0.0195502
-0.0198524
-0.0201795
-0.0205208
-0.0208676
-0.0211975
-0.0215099
-0.0218123
-0.022093
-0.0223404
-0.0225519
-0.0227264
-0.0228601
-0.0229512
-0.0230015
-0.0230137
-0.0229898
-0.0229325
-0.0228475
-0.0227428
-0.0226249
-0.0225001
-0.0223746
-0.0222542
-0.0221429
-0.0220476
-0.0219724
-0.0219211
-0.0218981
-0.0115376
-0.0115105
-0.0114581
-0.0113765
-0.0112786
-0.0111686
-0.0110506
-0.0109301
-0.0108151
-0.0107098
-0.0106186
-0.0105505
-0.0105131
-0.0105081
-0.0105341
-0.0105958
-0.0107013
-0.0108499
-0.0110304
-0.0112425
-0.0114934
-0.011777
-0.0120843
-0.0124119
-0.0127587
-0.0131172
-0.0134754
-0.0138278
-0.0141773
-0.0145202
-0.0148322
-0.0150898
-0.0153275
-0.0156375
-0.0160128
-0.0164683
-0.00787796
0.615623
2.92437
2.19047
2.25156
0.209442
0.0673589
-0.0183279
-0.0183171
-0.0183346
-0.0184033
-0.0184895
-0.0186485
-0.0188565
-0.0191138
-0.0193834
-0.0196643
-0.0199658
-0.0202864
-0.0206278
-0.0209629
-0.0212713
-0.0215594
-0.0218297
-0.0220725
-0.022279
-0.0224473
-0.0225755
-0.0226618
-0.0227066
-0.0227129
-0.0226833
-0.0226208
-0.0225306
-0.0224204
-0.0222976
-0.0221688
-0.0220401
-0.0219178
-0.021805
-0.021709
-0.0216341
-0.0215837
-0.0215616
-0.0114414
-0.0114152
-0.0113637
-0.0112809
-0.0111799
-0.0110684
-0.01095
-0.0108279
-0.0107096
-0.0106014
-0.0105073
-0.0104334
-0.0103881
-0.0103758
-0.0103954
-0.0104466
-0.0105357
-0.010668
-0.0108373
-0.0110378
-0.0112726
-0.011541
-0.0118371
-0.0121547
-0.0124903
-0.0128387
-0.0131881
-0.0135274
-0.0138582
-0.0141899
-0.0145125
-0.0147727
-0.0149264
-0.0150299
-0.0151561
-0.0151942
0.015221
53.0867
30.413
22.9731
23.1322
2.06428
3.19101
-0.0181502
-0.0181412
-0.0181573
-0.0182546
-0.018356
-0.0184945
-0.0186719
-0.0189029
-0.0191774
-0.0194641
-0.0197542
-0.0200492
-0.0203667
-0.0206958
-0.0210077
-0.0212889
-0.0215468
-0.0217813
-0.0219833
-0.0221465
-0.0222685
-0.0223487
-0.0223877
-0.022388
-0.022353
-0.0222861
-0.0221922
-0.0220782
-0.0219521
-0.0218207
-0.0216903
-0.0215673
-0.0214545
-0.0213591
-0.021285
-0.0212361
-0.0212149
-0.0113455
-0.0113185
-0.011268
-0.0111873
-0.0110856
-0.0109721
-0.0108526
-0.0107301
-0.0106096
-0.0104983
-0.010401
-0.0103223
-0.0102692
-0.0102473
-0.0102581
-0.0103002
-0.0103757
-0.0104907
-0.0106453
-0.0108336
-0.0110538
-0.0113061
-0.0115887
-0.0118951
-0.0122187
-0.0125545
-0.012895
-0.013226
-0.0135364
-0.0138344
-0.0141434
-0.0144522
-0.0146805
-0.0147467
-0.0147213
-0.0148351
-0.0148076
212.028
7207.28
3653.65
3732.58
6720.81
13.8323
-0.0179915
-0.0179538
-0.0179494
-0.0180482
-0.0181759
-0.0183192
-0.018486
-0.0186736
-0.0189146
-0.0192031
-0.0195051
-0.0197961
-0.0200884
-0.0203979
-0.0207071
-0.0209893
-0.021241
-0.0214663
-0.0216617
-0.0218198
-0.0219365
-0.0220112
-0.022045
-0.0220403
-0.0220008
-0.0219301
-0.0218334
-0.0217173
-0.0215897
-0.0214575
-0.0213269
-0.0212046
-0.0210931
-0.020999
-0.0209267
-0.0208793
-0.020859
-0.0112494
-0.0112213
-0.0111699
-0.0110923
-0.0109932
-0.0108794
-0.0107583
-0.0106351
-0.0105134
-0.0103995
-0.010299
-0.010216
-0.010156
-0.0101246
-0.010125
-0.0101571
-0.0102206
-0.0103194
-0.0104568
-0.0106304
-0.0108366
-0.0110737
-0.0113412
-0.0116347
-0.0119452
-0.0122653
-0.0125928
-0.012921
-0.0132295
-0.0134955
-0.013732
-0.0139836
-0.0142385
-0.0143904
-0.0143672
-0.014406
-0.0145783
352.115
27563.8
24993.4
25105.7
27207.9
41.7782
-0.017788
-0.0177311
-0.0177364
-0.0178063
-0.0179305
-0.0180758
-0.0182547
-0.0184401
-0.0186422
-0.0189035
-0.0192094
-0.0195143
-0.0198002
-0.0200846
-0.0203766
-0.0206567
-0.0209082
-0.0211285
-0.0213166
-0.0214681
-0.0215789
-0.0216486
-0.0216782
-0.0216701
-0.0216278
-0.0215547
-0.0214563
-0.0213393
-0.0212115
-0.0210801
-0.0209508
-0.0208305
-0.0207215
-0.0206298
-0.0205597
-0.0205142
-0.0204947
-0.0111484
-0.0111214
-0.01107
-0.0109942
-0.0108989
-0.0107876
-0.0106665
-0.0105424
-0.0104195
-0.0103034
-0.0101999
-0.0101129
-0.0100473
-0.0100074
-0.00999685
-0.0100175
-0.0100696
-0.0101543
-0.0102744
-0.0104309
-0.0106217
-0.0108435
-0.011095
-0.0113737
-0.0116712
-0.0119753
-0.0122823
-0.0125986
-0.0129212
-0.0132146
-0.0134432
-0.0136359
-0.0138455
-0.014062
-0.0141158
-0.013957
-0.0131341
413.934
28335.9
28288.9
28296.9
28322
115.369
-0.0175651
-0.0174745
-0.017509
-0.0175814
-0.0176691
-0.0177862
-0.0179544
-0.0181622
-0.018358
-0.0185824
-0.018865
-0.0191799
-0.0194818
-0.0197594
-0.0200307
-0.0202977
-0.0205459
-0.0207642
-0.0209475
-0.0210928
-0.0211977
-0.0212625
-0.0212885
-0.0212781
-0.0212343
-0.0211606
-0.021062
-0.0209455
-0.020819
-0.0206897
-0.0205631
-0.0204459
-0.0203404
-0.0202519
-0.0201847
-0.0201412
-0.0201226
-0.0110381
-0.0110139
-0.0109663
-0.0108929
-0.0108008
-0.010693
-0.0105741
-0.0104504
-0.010327
-0.0102092
-0.0101026
-0.0100117
-0.00994114
-0.00989405
-0.00987323
-0.00988155
-0.00992103
-0.00999293
-0.0100981
-0.0102374
-0.0104112
-0.0106166
-0.010851
-0.0111123
-0.0113954
-0.0116871
-0.011974
-0.0122568
-0.0125517
-0.0128535
-0.0131144
-0.0133075
-0.0134589
-0.0136723
-0.0139522
-0.0142864
-0.0160111
412.305
28960.8
28993.3
28999.2
28940.5
150.866
-0.0178357
-0.0172949
-0.0172417
-0.0173614
-0.0174116
-0.0174729
-0.0175918
-0.0178076
-0.0180376
-0.0182547
-0.0184988
-0.0187912
-0.0191029
-0.0193947
-0.0196627
-0.0199175
-0.0201574
-0.0203718
-0.0205518
-0.0206927
-0.0207931
-0.0208542
-0.0208777
-0.020866
-0.0208217
-0.0207483
-0.020651
-0.0205366
-0.020413
-0.0202873
-0.0201646
-0.0200514
-0.0199502
-0.0198657
-0.0198018
-0.0197606
-0.0197429
-0.0109174
-0.0108956
-0.0108539
-0.0107853
-0.0106968
-0.0105925
-0.0104768
-0.0103552
-0.0102328
-0.0101146
-0.0100057
-0.00991104
-0.00983534
-0.00978182
-0.00975207
-0.00974836
-0.00977411
-0.00983264
-0.0099246
-0.0100491
-0.0102064
-0.0103953
-0.0106128
-0.0108558
-0.011122
-0.0114046
-0.0116885
-0.0119583
-0.0122181
-0.0124887
-0.0127564
-0.0129818
-0.0131057
-0.0131446
-0.0130535
-0.0125084
-0.0114834
305.189
16674
24121.9
23972.1
15846.2
165.027
-0.0179112
-0.0165781
-0.0170917
-0.0171648
-0.0171228
-0.0171432
-0.0172035
-0.0173764
-0.017637
-0.0178963
-0.0181372
-0.0183958
-0.0186876
-0.0189844
-0.0192602
-0.0195129
-0.0197456
-0.0199541
-0.0201299
-0.0202673
-0.0203649
-0.020424
-0.0204467
-0.0204349
-0.0203912
-0.0203192
-0.0202243
-0.0201132
-0.019994
-0.0198732
-0.0197557
-0.0196475
-0.0195513
-0.0194713
-0.0194111
-0.0193723
-0.0193555
-0.0107871
-0.0107657
-0.0107288
-0.0106659
-0.0105825
-0.0104826
-0.0103711
-0.0102525
-0.0101322
-0.010015
-0.00990552
-0.00980793
-0.00972717
-0.00966717
-0.00962951
-0.00961545
-0.00962804
-0.00967229
-0.0097508
-0.0098621
-0.0100046
-0.0101775
-0.0103788
-0.0106045
-0.0108508
-0.0111145
-0.0113893
-0.0116583
-0.0119056
-0.0121448
-0.0123944
-0.0126605
-0.0129268
-0.0132079
-0.0137205
-0.014507
0.559844
150.028
-0.00183588
90.9851
60.7867
0.0840541
167.849
-0.0106632
-0.0131421
-0.0170207
-0.0168066
-0.0166942
-0.0167424
-0.0168082
-0.0169238
-0.0171565
-0.0174492
-0.017728
-0.0179869
-0.0182567
-0.0185414
-0.0188195
-0.0190759
-0.0193072
-0.0195114
-0.0196833
-0.0198178
-0.0199137
-0.0199723
-0.0199955
-0.0199853
-0.0199436
-0.0198743
-0.019783
-0.0196765
-0.0195626
-0.0194479
-0.0193367
-0.0192343
-0.0191438
-0.0190687
-0.0190124
-0.018976
-0.0189601
-0.0106437
-0.0106232
-0.0105894
-0.010531
-0.0104529
-0.0103582
-0.0102523
-0.0101382
-0.0100209
-0.00990544
-0.00979654
-0.0096977
-0.00961291
-0.00954646
-0.00950115
-0.00947853
-0.00948059
-0.00951191
-0.00957681
-0.00967521
-0.00980437
-0.00996227
-0.0101479
-0.0103591
-0.0105906
-0.010836
-0.0110909
-0.0113475
-0.0115874
-0.0118
-0.011998
-0.0121677
-0.0123039
-0.0122784
-0.0120952
-0.00940951
1.01477
7.89084
-0.00958819
-0.0103867
-0.0100015
-0.00154775
25.8529
0.24196
-0.011167
-0.0164019
-0.0162164
-0.0161034
-0.0161998
-0.0163517
-0.0164809
-0.0166715
-0.0169458
-0.017249
-0.0175353
-0.0178069
-0.0180797
-0.0183511
-0.0186075
-0.0188396
-0.0190424
-0.0192121
-0.0193453
-0.0194409
-0.0195003
-0.0195253
-0.0195176
-0.0194792
-0.0194139
-0.0193276
-0.0192269
-0.0191196
-0.0190118
-0.0189075
-0.0188117
-0.0187274
-0.0186575
-0.0186054
-0.0185713
-0.0185562
-0.0104826
-0.0104638
-0.0104327
-0.0103775
-0.0103041
-0.0102146
-0.0101148
-0.0100068
-0.009894
-0.00978119
-0.00967363
-0.00957499
-0.0094881
-0.00941639
-0.00936364
-0.00933318
-0.00932724
-0.00934896
-0.00940226
-0.00948853
-0.00960592
-0.00975123
-0.00992231
-0.0101187
-0.0103379
-0.0105708
-0.0108081
-0.0110482
-0.0112808
-0.0114922
-0.0117077
-0.0119127
-0.012195
-0.0123075
-0.0124174
-0.00286787
0.944305
-0.00985156
-0.00968924
-0.0103394
-0.0098837
-0.00866104
-0.00803158
0.375679
-0.00971515
-0.0154203
-0.0154624
-0.0154219
-0.0155327
-0.0157702
-0.0159909
-0.0161959
-0.0164382
-0.0167277
-0.0170302
-0.0173191
-0.0175941
-0.0178603
-0.0181134
-0.0183447
-0.0185472
-0.0187164
-0.0188498
-0.018947
-0.0190089
-0.019037
-0.0190328
-0.0189986
-0.0189386
-0.0188584
-0.0187649
-0.018665
-0.0185649
-0.0184683
-0.0183795
-0.0183016
-0.0182373
-0.0181893
-0.0181575
-0.0181431
-0.0102995
-0.0102833
-0.0102546
-0.0102021
-0.0101329
-0.0100485
-0.00995448
-0.00985313
-0.00974621
-0.00963742
-0.00953204
-0.00943457
-0.00934772
-0.00927343
-0.00921496
-0.00917717
-0.00916409
-0.00917853
-0.00922277
-0.00929799
-0.0094039
-0.00953829
-0.00969773
-0.00988039
-0.0100851
-0.0103042
-0.010524
-0.0107415
-0.0109542
-0.0111306
-0.0112787
-0.0113575
-0.0115364
-0.011673
-0.011915
-0.00134161
0.0760781
-0.0093526
-0.00914926
-0.0100148
-0.0105987
-0.0103618
-0.00715308
0.383885
-0.00977759
-0.0143114
-0.0146233
-0.014757
-0.0148511
-0.0150913
-0.0153932
-0.0156702
-0.0159259
-0.0161989
-0.0164957
-0.0167937
-0.0170771
-0.0173444
-0.0175955
-0.0178254
-0.0180277
-0.0181974
-0.0183325
-0.0184326
-0.0184985
-0.018531
-0.0185314
-0.0185023
-0.0184487
-0.0183758
-0.0182904
-0.018199
-0.0181072
-0.0180186
-0.0179372
-0.017866
-0.0178074
-0.0177635
-0.0177341
-0.0177204
-0.0100916
-0.0100772
-0.0100506
-0.0100007
-0.00993593
-0.00985682
-0.00976843
-0.00967346
-0.00957315
-0.0094699
-0.00936809
-0.00927261
-0.00918714
-0.00911326
-0.00905283
-0.00901038
-0.0089914
-0.00899991
-0.00903775
-0.00910469
-0.00920013
-0.00932386
-0.00947417
-0.00964759
-0.00984034
-0.0100456
-0.0102503
-0.0104505
-0.0106604
-0.0108566
-0.0110312
-0.0110863
-0.0110671
-0.0111058
-0.0110117
-0.00352607
-0.0100269
-0.00994334
-0.00923973
-0.0091745
-0.00962253
-0.009724
-0.0070873
0.0386103
-0.0108809
-0.0132722
-0.0136989
-0.0140948
-0.0142564
-0.0144622
-0.0147583
-0.015078
-0.0153748
-0.0156583
-0.0159495
-0.0162458
-0.0165329
-0.0168031
-0.0170543
-0.0172835
-0.0174858
-0.017657
-0.0177948
-0.017899
-0.0179697
-0.0180076
-0.0180138
-0.0179911
-0.0179443
-0.0178798
-0.0178034
-0.0177212
-0.0176383
-0.0175582
-0.0174844
-0.01742
-0.0173672
-0.0173276
-0.0173006
-0.0172875
-0.00985547
-0.00984223
-0.0098169
-0.00976979
-0.00970968
-0.00963644
-0.00955393
-0.00946516
-0.00937168
-0.0092752
-0.00917887
-0.00908682
-0.00900346
-0.0089315
-0.00887245
-0.00882931
-0.00880699
-0.00881073
-0.00884387
-0.00890591
-0.00899422
-0.00910832
-0.0092494
-0.00941604
-0.00960155
-0.00979563
-0.00998428
-0.0101542
-0.0103203
-0.0104882
-0.0106766
-0.0108069
-0.0107849
-0.0108018
-0.0104678
-0.0101424
-0.0099346
-0.0102144
-0.00988049
-0.00955418
-0.00959622
-0.00966462
-0.00973091
-0.010708
-0.0111354
-0.0124829
-0.0128242
-0.0133069
-0.0136286
-0.0138815
-0.014157
-0.0144692
-0.0147879
-0.015093
-0.0153894
-0.015683
-0.015969
-0.0162402
-0.016492
-0.0167211
-0.0169239
-0.0170971
-0.0172386
-0.0173476
-0.0174238
-0.0174676
-0.0174803
-0.0174649
-0.0174263
-0.0173708
-0.0173041
-0.0172316
-0.017158
-0.0170867
-0.0170208
-0.0169632
-0.0169162
-0.016881
-0.0168566
-0.0168442
-0.00958714
-0.00957495
-0.00955102
-0.00950659
-0.00945121
-0.00938434
-0.00930837
-0.00922614
-0.00913974
-0.00905086
-0.00896203
-0.00887601
-0.00879655
-0.00872748
-0.00867146
-0.00863078
-0.00860864
-0.00860964
-0.00863841
-0.00869652
-0.00878121
-0.00888961
-0.00902224
-0.00918038
-0.00935977
-0.00955032
-0.00974206
-0.00991253
-0.0100482
-0.0101593
-0.0102947
-0.0104371
-0.0104202
-0.0103856
-0.0101909
-0.00983854
-0.00943537
-0.0096805
-0.00973418
-0.0096855
-0.00968548
-0.0098075
-0.0100589
-0.0105568
-0.0112831
-0.0119884
-0.0122558
-0.0125915
-0.0129599
-0.0132841
-0.0135767
-0.013877
-0.0141939
-0.0145099
-0.0148141
-0.0151072
-0.0153904
-0.0156604
-0.0159122
-0.0161415
-0.0163451
-0.0165205
-0.0166659
-0.0167801
-0.0168622
-0.0169123
-0.016932
-0.0169246
-0.0168951
-0.0168494
-0.0167927
-0.0167301
-0.0166661
-0.0166038
-0.0165462
-0.0164954
-0.0164543
-0.0164234
-0.0164017
-0.0163901
-0.00928312
-0.00927192
-0.00925047
-0.00920933
-0.00915862
-0.00909834
-0.00902965
-0.00895472
-0.00887597
-0.00879534
-0.00871527
-0.00863795
-0.00856572
-0.00850194
-0.00845031
-0.00841403
-0.00839592
-0.00839866
-0.00842541
-0.00847932
-0.00856093
-0.00866789
-0.00879733
-0.008947
-0.00911281
-0.00928721
-0.00947148
-0.009654
-0.00979586
-0.00987968
-0.00995635
-0.0100605
-0.0100344
-0.00998298
-0.00993832
-0.009898
-0.00953941
-0.00947264
-0.0094571
-0.00951801
-0.00958342
-0.00973554
-0.00995973
-0.0102902
-0.0108782
-0.0114508
-0.0117444
-0.0119962
-0.0123289
-0.0126743
-0.0129938
-0.0132985
-0.0136086
-0.0139225
-0.0142285
-0.0145212
-0.0148012
-0.0150683
-0.0153187
-0.015548
-0.0157527
-0.0159305
-0.0160796
-0.0161986
-0.0162863
-0.0163429
-0.0163701
-0.0163712
-0.0163513
-0.0163159
-0.0162696
-0.0162172
-0.0161628
-0.0161095
-0.0160602
-0.0160165
-0.0159811
-0.0159545
-0.0159353
-0.0159247
-0.00894169
-0.00893096
-0.00891295
-0.00887642
-0.00883077
-0.00877714
-0.00871642
-0.0086499
-0.00857994
-0.00850852
-0.00843791
-0.00837058
-0.00830842
-0.00825325
-0.00820804
-0.00817715
-0.0081649
-0.00817366
-0.00820396
-0.00825705
-0.00833561
-0.00844173
-0.008574
-0.00872587
-0.00888751
-0.00904657
-0.00920662
-0.00937936
-0.0095346
-0.00962656
-0.00966827
-0.0097266
-0.00969457
-0.00957899
-0.00946799
-0.00957542
-0.00947072
-0.00940754
-0.00930773
-0.0093264
-0.00942078
-0.00962049
-0.00984534
-0.010064
-0.010405
-0.0108621
-0.0111964
-0.0114655
-0.0117633
-0.0120878
-0.0124136
-0.0127263
-0.0130326
-0.0133382
-0.0136389
-0.0139287
-0.0142055
-0.0144686
-0.0147161
-0.0149443
-0.0151499
-0.0153299
-0.0154824
-0.0156055
-0.0156983
-0.0157612
-0.015796
-0.0158062
-0.0157961
-0.015771
-0.0157353
-0.015693
-0.0156482
-0.0156038
-0.0155628
-0.015526
-0.0154963
-0.0154738
-0.0154571
-0.0154475
-0.00856282
-0.00855262
-0.00853773
-0.00850693
-0.00846721
-0.00842043
-0.00836806
-0.00831119
-0.00825174
-0.00819151
-0.00813195
-0.00807557
-0.00802483
-0.00798098
-0.00794558
-0.00792227
-0.0079162
-0.00793146
-0.00796874
-0.00802681
-0.00810607
-0.00820991
-0.0083412
-0.00849604
-0.00866309
-0.00882268
-0.00896269
-0.0091023
-0.0092448
-0.00936373
-0.00942824
-0.00947585
-0.00949326
-0.00940476
-0.00920568
-0.00921962
-0.00921061
-0.00925064
-0.00918794
-0.00914959
-0.00918696
-0.00935489
-0.00960004
-0.00982659
-0.0100332
-0.01034
-0.0106598
-0.0109579
-0.0112454
-0.0115423
-0.0118529
-0.0121626
-0.0124642
-0.0127596
-0.0130501
-0.0133335
-0.0136061
-0.0138653
-0.0141089
-0.0143347
-0.0145398
-0.0147212
-0.0148762
-0.0150029
-0.0151002
-0.015169
-0.0152115
-0.0152306
-0.0152305
-0.0152156
-0.0151902
-0.015158
-0.0151225
-0.0150868
-0.0150536
-0.0150238
-0.0149995
-0.0149808
-0.0149664
-0.0149576
-0.00814834
-0.00813885
-0.00812639
-0.00810166
-0.00806877
-0.00802934
-0.00798543
-0.00793885
-0.00789123
-0.00784427
-0.00779844
-0.00775509
-0.00771662
-0.00768521
-0.00766259
-0.00765104
-0.00765416
-0.00767622
-0.0077199
-0.00778521
-0.00787108
-0.00797783
-0.00810755
-0.0082598
-0.00842868
-0.00859839
-0.00874288
-0.00886729
-0.0089787
-0.00907459
-0.00912523
-0.00913398
-0.00915733
-0.00918392
-0.00907044
-0.00899727
-0.00893267
-0.00898694
-0.00902417
-0.00901405
-0.00900684
-0.00907276
-0.00925315
-0.00949656
-0.00969429
-0.00991418
-0.0101802
-0.0104683
-0.0107502
-0.0110287
-0.0113169
-0.0116114
-0.0119028
-0.0121874
-0.0124662
-0.0127398
-0.0130059
-0.0132604
-0.0135002
-0.0137227
-0.0139258
-0.0141069
-0.0142633
-0.0143927
-0.0144942
-0.0145686
-0.0146182
-0.0146461
-0.0146556
-0.0146506
-0.0146351
-0.0146125
-0.0145861
-0.0145585
-0.0145327
-0.0145095
-0.0144901
-0.0144749
-0.0144627
-0.0144545
-0.00770118
-0.00769281
-0.00768259
-0.00766367
-0.00763814
-0.00760701
-0.00757218
-0.0075363
-0.00750105
-0.00746843
-0.00743859
-0.0074112
-0.00738694
-0.00736837
-0.00735885
-0.00736138
-0.00737841
-0.00741186
-0.00746345
-0.00753485
-0.00762729
-0.00774042
-0.00787252
-0.00802117
-0.00818298
-0.00835292
-0.00850575
-0.00864265
-0.00875347
-0.00885409
-0.00891353
-0.00890613
-0.00884108
-0.0088491
-0.00885792
-0.00883486
-0.0087482
-0.0087097
-0.00875355
-0.00879464
-0.00882466
-0.00884786
-0.00893523
-0.00913312
-0.00934113
-0.00953795
-0.00975626
-0.0100067
-0.0102701
-0.0105333
-0.0108003
-0.0110736
-0.011349
-0.0116213
-0.0118888
-0.0121515
-0.0124084
-0.0126564
-0.0128915
-0.0131105
-0.0133107
-0.0134899
-0.0136459
-0.0137769
-0.0138821
-0.0139618
-0.0140183
-0.0140543
-0.0140728
-0.0140772
-0.0140709
-0.0140572
-0.0140391
-0.0140192
-0.0140003
-0.0139825
-0.0139677
-0.0139557
-0.0139455
-0.0139378
-0.00722589
-0.00721884
-0.00721114
-0.0071978
-0.00717965
-0.00715764
-0.00713316
-0.00710908
-0.00708686
-0.00706886
-0.0070557
-0.00704638
-0.00703954
-0.00703611
-0.00703955
-0.00705484
-0.00708625
-0.00713505
-0.00719993
-0.0072803
-0.00737827
-0.00749565
-0.00762961
-0.00777428
-0.0079252
-0.0080899
-0.00825892
-0.00840461
-0.00850589
-0.00857566
-0.00863414
-0.00867606
-0.00860246
-0.00852027
-0.00852812
-0.00856704
-0.00855547
-0.00849246
-0.00847695
-0.00849527
-0.00855993
-0.00861691
-0.008669
-0.0087982
-0.00897918
-0.00916553
-0.00935625
-0.00956886
-0.0098035
-0.0100476
-0.0102954
-0.0105476
-0.0108039
-0.0110617
-0.0113179
-0.0115703
-0.0118173
-0.0120565
-0.0122849
-0.0124991
-0.0126958
-0.0128724
-0.0130269
-0.0131583
-0.0132662
-0.0133508
-0.0134137
-0.0134571
-0.0134837
-0.0134966
-0.0134986
-0.0134929
-0.0134823
-0.0134691
-0.0134563
-0.0134432
-0.0134324
-0.013423
-0.0134144
-0.0134072
-0.00672904
-0.00672304
-0.00671806
-0.00671024
-0.0066995
-0.00668691
-0.00667366
-0.00666278
-0.00665489
-0.00665205
-0.0066552
-0.00666401
-0.00667668
-0.00669205
-0.00671141
-0.00673946
-0.00678275
-0.00684517
-0.00692542
-0.00701989
-0.00712817
-0.0072532
-0.00739359
-0.00754057
-0.00768229
-0.00782791
-0.00799596
-0.00816408
-0.00827769
-0.0083146
-0.00832112
-0.0083647
-0.00836678
-0.00827344
-0.00822944
-0.0082334
-0.00826372
-0.00824982
-0.00823096
-0.00821
-0.00825212
-0.00833485
-0.00839992
-0.00848894
-0.00862272
-0.00878507
-0.00895686
-0.00914163
-0.00934664
-0.00956764
-0.00979678
-0.0100304
-0.0102683
-0.0105101
-0.0107536
-0.0109957
-0.011233
-0.0114629
-0.0116829
-0.0118903
-0.0120822
-0.0122556
-0.0124083
-0.0125393
-0.012649
-0.0127376
-0.0128062
-0.0128562
-0.0128899
-0.01291
-0.0129193
-0.0129206
-0.0129164
-0.0129088
-0.0129009
-0.012892
-0.0128841
-0.0128767
-0.0128693
-0.0128626
-0.00621778
-0.00621265
-0.00621056
-0.00620823
-0.00620525
-0.00620254
-0.00620083
-0.00620387
-0.00621157
-0.00622482
-0.00624416
-0.00626995
-0.00630149
-0.00633728
-0.00637667
-0.00642168
-0.00647768
-0.00655027
-0.00664098
-0.00674663
-0.00686409
-0.00699524
-0.00714277
-0.00730246
-0.00745695
-0.00759407
-0.00773311
-0.00788708
-0.0080216
-0.00807815
-0.00804712
-0.00802725
-0.00805369
-0.00800799
-0.00796657
-0.00793097
-0.0079332
-0.0079422
-0.00796072
-0.00794717
-0.0079536
-0.00801779
-0.00809151
-0.00816733
-0.00826623
-0.00839764
-0.00854955
-0.00871428
-0.00889461
-0.00909172
-0.00930138
-0.00951851
-0.00974065
-0.00996711
-0.0101968
-0.0104271
-0.0106545
-0.0108752
-0.0110864
-0.0112858
-0.0114712
-0.0116404
-0.0117909
-0.0119215
-0.0120323
-0.0121238
-0.0121969
-0.0122526
-0.0122924
-0.0123186
-0.0123339
-0.0123408
-0.0123419
-0.0123388
-0.0123347
-0.0123288
-0.0123229
-0.0123169
-0.0123101
-0.0123037
-0.00569898
-0.00569444
-0.00569569
-0.00569885
-0.00570399
-0.00571217
-0.00572244
-0.00573929
-0.00576296
-0.00579301
-0.005829
-0.00587116
-0.00591947
-0.00597346
-0.00603305
-0.00609891
-0.00617334
-0.0062596
-0.00635995
-0.00647396
-0.00659831
-0.00673103
-0.00687437
-0.007034
-0.00720742
-0.00736779
-0.00749353
-0.00760119
-0.00770966
-0.00778671
-0.00777583
-0.00771931
-0.00769794
-0.00766712
-0.00765638
-0.00764002
-0.00762195
-0.00761231
-0.00764092
-0.00765714
-0.00765647
-0.00768866
-0.00774887
-0.00781807
-0.00789844
-0.00800335
-0.00813329
-0.00828073
-0.00844236
-0.0086186
-0.0088087
-0.00900949
-0.00921758
-0.00943064
-0.009647
-0.00986465
-0.0100807
-0.0102916
-0.0104941
-0.0106855
-0.0108638
-0.0110275
-0.0111751
-0.011305
-0.0114166
-0.0115102
-0.0115867
-0.0116468
-0.0116915
-0.0117227
-0.0117427
-0.0117541
-0.0117592
-0.0117593
-0.0117576
-0.0117537
-0.0117489
-0.0117434
-0.0117368
-0.0117304
-0.00517999
-0.00517532
-0.00518022
-0.00518913
-0.00520231
-0.00522235
-0.00524563
-0.00527607
-0.00531501
-0.00536166
-0.00541496
-0.0054744
-0.00553927
-0.0056089
-0.00568417
-0.00576732
-0.00586062
-0.0059648
-0.00607907
-0.00620363
-0.00633841
-0.00647992
-0.00662202
-0.00676643
-0.0069319
-0.00711498
-0.00726326
-0.0073443
-0.00739132
-0.00743528
-0.00744887
-0.00741398
-0.00736353
-0.00730142
-0.0072849
-0.00730129
-0.00730481
-0.00728482
-0.00729341
-0.00731937
-0.00732978
-0.00734537
-0.00738461
-0.00744293
-0.00751317
-0.00760018
-0.00770931
-0.00783901
-0.00798509
-0.00814498
-0.00831781
-0.0085024
-0.00869648
-0.00889713
-0.0091015
-0.00930697
-0.00951101
-0.00971093
-0.00990402
-0.0100875
-0.010259
-0.0104171
-0.0105609
-0.0106894
-0.0108014
-0.0108965
-0.0109754
-0.0110387
-0.0110871
-0.0111223
-0.0111459
-0.0111605
-0.0111684
-0.0111705
-0.0111699
-0.0111666
-0.0111619
-0.011156
-0.0111491
-0.0111426
-0.00466786
-0.00466252
-0.00467086
-0.00468604
-0.0047068
-0.00473869
-0.00477619
-0.00482038
-0.00487332
-0.00493492
-0.00500461
-0.00508168
-0.00516485
-0.00525173
-0.00534131
-0.00543616
-0.00554126
-0.00565959
-0.00578852
-0.00592496
-0.0060709
-0.00622829
-0.00638777
-0.00653236
-0.00667501
-0.00684698
-0.00701696
-0.00711024
-0.00711547
-0.00708638
-0.00706824
-0.00705754
-0.00702612
-0.00694436
-0.00689761
-0.00691226
-0.00694402
-0.00694105
-0.00693532
-0.00694973
-0.00696543
-0.0069788
-0.00700426
-0.00704937
-0.0071104
-0.00718577
-0.00727839
-0.0073905
-0.00752108
-0.00766712
-0.00782599
-0.00799617
-0.00817636
-0.00836436
-0.00855708
-0.00875121
-0.00894376
-0.00913237
-0.00931516
-0.0094902
-0.00965524
-0.00980821
-0.00994808
-0.0100743
-0.010186
-0.0102821
-0.0103626
-0.0104281
-0.0104793
-0.0105173
-0.0105434
-0.0105602
-0.0105696
-0.0105725
-0.0105717
-0.0105678
-0.010562
-0.010555
-0.0105475
-0.0105409
-0.00416858
-0.00416285
-0.00417386
-0.0041958
-0.0042241
-0.00426667
-0.00431881
-0.00437756
-0.00444386
-0.0045185
-0.004602
-0.0046941
-0.00479409
-0.00489927
-0.00500598
-0.00511352
-0.00522655
-0.00535219
-0.00549148
-0.00563891
-0.00579357
-0.00596271
-0.00614748
-0.00632245
-0.00646675
-0.00660574
-0.00675091
-0.00685067
-0.00685589
-0.00677953
-0.00669237
-0.00665668
-0.00663651
-0.00656764
-0.00651694
-0.00651067
-0.00654602
-0.0065634
-0.00656159
-0.00656442
-0.00657585
-0.0065892
-0.0066084
-0.00664223
-0.00669276
-0.00675842
-0.0068391
-0.00693656
-0.007052
-0.00718439
-0.00733099
-0.00748903
-0.0076566
-0.00783187
-0.00801236
-0.00819497
-0.00837653
-0.00855443
-0.00872701
-0.00889315
-0.00905135
-0.00919947
-0.00933571
-0.00945933
-0.00956985
-0.00966625
-0.00974781
-0.00981475
-0.00986771
-0.00990761
-0.00993537
-0.00995311
-0.00996274
-0.00996525
-0.00996318
-0.00995739
-0.00994963
-0.00994085
-0.00993247
-0.00992594
-0.00368768
-0.00368264
-0.00369518
-0.00372338
-0.00376024
-0.00381186
-0.00387725
-0.00395101
-0.00403118
-0.00411836
-0.00421404
-0.00431824
-0.0044305
-0.00454906
-0.00467051
-0.00479188
-0.00491445
-0.00504538
-0.005191
-0.00534875
-0.00551297
-0.00568789
-0.0058886
-0.00610693
-0.00630061
-0.00643765
-0.00652359
-0.00657087
-0.00656443
-0.00648401
-0.00635232
-0.0062583
-0.00620346
-0.00615714
-0.00611426
-0.00611403
-0.0061362
-0.00615863
-0.00616548
-0.00616581
-0.00617162
-0.00618246
-0.00619798
-0.00622357
-0.00626355
-0.00631909
-0.00639004
-0.00647665
-0.00657955
-0.00669885
-0.00683317
-0.00697988
-0.00713615
-0.00729947
-0.00746747
-0.00763778
-0.00780794
-0.0079755
-0.0081386
-0.00829608
-0.00844706
-0.00858996
-0.00872264
-0.00884363
-0.0089524
-0.0090483
-0.00913035
-0.00919816
-0.00925218
-0.00929315
-0.00932156
-0.00933923
-0.00934798
-0.00934895
-0.00934454
-0.009336
-0.00932549
-0.00931458
-0.00930497
-0.00929839
-0.00322969
-0.00322733
-0.0032397
-0.00327428
-0.0033197
-0.00337903
-0.00345431
-0.00354108
-0.00363495
-0.00373478
-0.00384229
-0.00395796
-0.00408106
-0.00420901
-0.00433945
-0.0044705
-0.00460209
-0.00473834
-0.00488721
-0.00505306
-0.00523163
-0.00541914
-0.00563071
-0.00588313
-0.00613458
-0.00630881
-0.00635641
-0.00631769
-0.00624948
-0.0061601
-0.00601688
-0.00587279
-0.00576378
-0.00571452
-0.00569865
-0.00571098
-0.00572583
-0.00574204
-0.00575124
-0.00575269
-0.0057551
-0.00576242
-0.00577471
-0.00579461
-0.00582598
-0.00587177
-0.00593342
-0.00601112
-0.0061043
-0.00621235
-0.00633457
-0.00646939
-0.00661424
-0.0067661
-0.0069221
-0.00707992
-0.007238
-0.00739485
-0.00754875
-0.00769815
-0.00784196
-0.00797907
-0.0081077
-0.00822593
-0.0083327
-0.00842747
-0.00850939
-0.00857754
-0.00863198
-0.00867327
-0.00870149
-0.00871816
-0.00872499
-0.00872341
-0.00871593
-0.00870412
-0.00869044
-0.00867715
-0.00866633
-0.00865923
-0.00279789
-0.00280085
-0.00281393
-0.00285209
-0.00290533
-0.00297215
-0.00305431
-0.00315007
-0.00325471
-0.00336512
-0.00348202
-0.00360723
-0.00374004
-0.00387676
-0.00401394
-0.00415032
-0.00428744
-0.00442777
-0.00457631
-0.00474119
-0.00492845
-0.0051389
-0.00537992
-0.00566068
-0.00594029
-0.00613916
-0.00618082
-0.00608528
-0.0059314
-0.00579104
-0.00563852
-0.00547554
-0.00533908
-0.0052736
-0.00527256
-0.00529722
-0.00531107
-0.00531956
-0.00532574
-0.0053272
-0.0053272
-0.00533087
-0.00534015
-0.00535647
-0.00538224
-0.00542045
-0.00547355
-0.00554251
-0.00562675
-0.00572496
-0.00583598
-0.00595862
-0.00609108
-0.00623079
-0.00637484
-0.00652062
-0.00666661
-0.00681222
-0.00695653
-0.00709792
-0.00723472
-0.00736571
-0.00748955
-0.00760452
-0.00770905
-0.00780229
-0.0078835
-0.00795146
-0.00800572
-0.00804667
-0.00807401
-0.00808891
-0.00809304
-0.00808808
-0.00807695
-0.00806172
-0.00804486
-0.00802925
-0.00801691
-0.00800919
-0.00239499
-0.00240484
-0.00242012
-0.00245919
-0.00251799
-0.00259206
-0.00268009
-0.0027818
-0.00289352
-0.00301142
-0.0031342
-0.00326386
-0.00340171
-0.00354515
-0.00368902
-0.00382978
-0.00396944
-0.00411219
-0.00426067
-0.00441866
-0.0045954
-0.0048178
-0.00509515
-0.00540792
-0.00568781
-0.00586718
-0.00589695
-0.00578205
-0.00558289
-0.00538335
-0.00520896
-0.00505415
-0.00492427
-0.00485579
-0.00485323
-0.00487429
-0.0048876
-0.00489148
-0.00489313
-0.00489293
-0.00489078
-0.00489086
-0.0048969
-0.00491071
-0.0049335
-0.00496709
-0.00501348
-0.00507393
-0.0051486
-0.00523664
-0.00533679
-0.00544757
-0.00556723
-0.00569378
-0.00582502
-0.00595868
-0.00609295
-0.00622722
-0.00636128
-0.00649402
-0.00662354
-0.00674818
-0.00686665
-0.00697767
-0.00707954
-0.00717093
-0.00725094
-0.00731817
-0.00737167
-0.0074116
-0.00743751
-0.00745016
-0.00745127
-0.00744265
-0.00742756
-0.00740879
-0.00738889
-0.0073711
-0.00735715
-0.00734907
-0.0020252
-0.00203889
-0.00205785
-0.00209726
-0.00215828
-0.00223735
-0.00232992
-0.00243547
-0.00255118
-0.00267368
-0.00279994
-0.00293009
-0.00306668
-0.00321046
-0.00335782
-0.00350211
-0.00364111
-0.00377975
-0.00392446
-0.00407646
-0.00424105
-0.0044496
-0.00473235
-0.00505914
-0.00532367
-0.00545657
-0.00545422
-0.005341
-0.00515013
-0.0049407
-0.00476075
-0.00462334
-0.00451857
-0.00445808
-0.0044456
-0.00445076
-0.00445777
-0.00445858
-0.00445637
-0.00445371
-0.00445007
-0.0044477
-0.00445048
-0.00446134
-0.00448161
-0.00451198
-0.00455321
-0.004606
-0.00467085
-0.00474786
-0.00483648
-0.00493538
-0.00504253
-0.00515577
-0.00527344
-0.00539422
-0.00551663
-0.00563964
-0.00576297
-0.00588609
-0.00600747
-0.0061252
-0.0062378
-0.0063441
-0.00644259
-0.00653159
-0.00660986
-0.00667576
-0.00672781
-0.00676598
-0.00678991
-0.00680001
-0.00679799
-0.00678592
-0.00676717
-0.00674509
-0.00672248
-0.00670239
-0.00668718
-0.00667907
-0.0016907
-0.00170473
-0.00172775
-0.00176807
-0.00182859
-0.0019092
-0.0020035
-0.00210969
-0.0022254
-0.00234829
-0.0024753
-0.00260419
-0.00273595
-0.00287344
-0.00301742
-0.00316207
-0.00329927
-0.00342853
-0.00355955
-0.00370056
-0.00385129
-0.00403257
-0.00427707
-0.00456537
-0.00479826
-0.00489816
-0.00487593
-0.00477768
-0.00463331
-0.00447064
-0.00432333
-0.0042088
-0.00412434
-0.00406913
-0.00404412
-0.00403124
-0.0040261
-0.00402153
-0.00401528
-0.00400946
-0.00400475
-0.00400197
-0.00400326
-0.00401147
-0.00402865
-0.00405539
-0.00409158
-0.00413722
-0.00419269
-0.00425859
-0.00433512
-0.00442159
-0.0045162
-0.00461653
-0.00472069
-0.00482796
-0.00493777
-0.00504922
-0.00516153
-0.00527426
-0.00538641
-0.00549634
-0.0056024
-0.00570328
-0.00579752
-0.00588329
-0.00595905
-0.00602288
-0.00607277
-0.00610836
-0.00612977
-0.00613732
-0.00613241
-0.00611734
-0.00609565
-0.00607082
-0.00604593
-0.00602418
-0.00600805
-0.00599993
-0.00139045
-0.00140265
-0.0014293
-0.00147163
-0.00153006
-0.00160879
-0.00170206
-0.00180612
-0.00191813
-0.00203616
-0.00215865
-0.00228321
-0.00240855
-0.00253607
-0.00266911
-0.00280653
-0.00293959
-0.00306048
-0.00317298
-0.00329107
-0.00342129
-0.00357296
-0.0037594
-0.00396989
-0.00414565
-0.00422794
-0.00421737
-0.0041543
-0.00407319
-0.00398608
-0.00389869
-0.00381427
-0.00373638
-0.00367555
-0.00363743
-0.00361106
-0.00359476
-0.00358349
-0.00357293
-0.0035635
-0.0035567
-0.00355346
-0.00355449
-0.00356115
-0.00357519
-0.0035975
-0.00362791
-0.00366624
-0.00371279
-0.00376824
-0.00383303
-0.00390687
-0.00398854
-0.00407597
-0.00416703
-0.0042608
-0.00435734
-0.00445642
-0.00455722
-0.00465899
-0.00476101
-0.00486206
-0.00496063
-0.00505524
-0.00514424
-0.00522566
-0.00529781
-0.00535871
-0.00540596
-0.00543844
-0.00545649
-0.00546109
-0.00545368
-0.00543641
-0.00541305
-0.0053864
-0.00536022
-0.00533786
-0.00532172
-0.00531394
-0.00112432
-0.00113288
-0.00116036
-0.00120495
-0.00126074
-0.0013338
-0.00142225
-0.00152182
-0.00162844
-0.00173886
-0.0018518
-0.00196663
-0.00208245
-0.00219857
-0.00231672
-0.0024388
-0.00256092
-0.00267459
-0.0027741
-0.00286623
-0.00296443
-0.00307994
-0.00321127
-0.00334305
-0.00344882
-0.00351108
-0.00352956
-0.00352231
-0.00351067
-0.00349493
-0.00346429
-0.00340998
-0.00333716
-0.00326623
-0.00321346
-0.00317946
-0.00315672
-0.00314032
-0.00312639
-0.00311456
-0.00310547
-0.00310065
-0.00310098
-0.00310682
-0.00311862
-0.00313679
-0.00316134
-0.00319239
-0.0032305
-0.00327644
-0.00333056
-0.00339247
-0.0034612
-0.00353535
-0.00361324
-0.00369372
-0.00377669
-0.00386254
-0.0039509
-0.00404093
-0.0041319
-0.00422291
-0.00431267
-0.00439968
-0.0044821
-0.00455765
-0.00462448
-0.00468082
-0.00472469
-0.00475439
-0.0047694
-0.00477102
-0.00476125
-0.00474252
-0.00471797
-0.00469087
-0.00466452
-0.00464241
-0.00462692
-0.00462007
-0.000891579
-0.000897579
-0.000921062
-0.000964817
-0.00101799
-0.00108318
-0.0011621
-0.00125281
-0.00135165
-0.00145371
-0.00155552
-0.00165655
-0.00175814
-0.00186052
-0.00196285
-0.00206557
-0.00216853
-0.00226903
-0.00235985
-0.00243576
-0.00250343
-0.00257672
-0.00265891
-0.00273124
-0.00278471
-0.00282583
-0.00286547
-0.00290935
-0.00295701
-0.00299142
-0.00299628
-0.00296321
-0.00289715
-0.00282312
-0.00276456
-0.00273001
-0.00270566
-0.00268643
-0.0026709
-0.00265928
-0.00264914
-0.00264264
-0.00264128
-0.00264567
-0.00265546
-0.00267009
-0.00268932
-0.00271352
-0.00274366
-0.00278075
-0.00282514
-0.0028762
-0.0029328
-0.00299386
-0.00305846
-0.00312578
-0.00319545
-0.00326784
-0.00334316
-0.00342078
-0.00349996
-0.00357995
-0.00365965
-0.00373764
-0.00381214
-0.00388061
-0.00394085
-0.00399088
-0.00402939
-0.0040554
-0.00406794
-0.00406775
-0.00405678
-0.00403769
-0.00401335
-0.00398715
-0.00396211
-0.00394137
-0.00392689
-0.00392037
-0.00068662
-0.000693892
-0.000711714
-0.000748792
-0.000797178
-0.000854398
-0.000921725
-0.000999237
-0.00108551
-0.00117642
-0.00126646
-0.00135256
-0.00143646
-0.00152154
-0.00160766
-0.00169245
-0.00177436
-0.00185428
-0.0019306
-0.00199493
-0.00204483
-0.0020846
-0.00212482
-0.00215784
-0.00218216
-0.00221007
-0.00225618
-0.00232319
-0.00240176
-0.00246299
-0.00248472
-0.00245825
-0.00240192
-0.00233983
-0.00229201
-0.00226101
-0.00223825
-0.00221953
-0.00220435
-0.00219225
-0.00218336
-0.00217669
-0.00217438
-0.00217722
-0.00218491
-0.00219649
-0.00221137
-0.00222985
-0.00225298
-0.00228193
-0.00231713
-0.00235796
-0.00240319
-0.00245176
-0.00250316
-0.00255724
-0.00261371
-0.00267264
-0.00273446
-0.00279899
-0.00286553
-0.00293337
-0.00300149
-0.00306856
-0.00313301
-0.00319247
-0.00324495
-0.00328828
-0.00332072
-0.00334191
-0.00335151
-0.00335004
-0.00333906
-0.00332097
-0.00329832
-0.00327438
-0.0032519
-0.00323365
-0.00322122
-0.00321572
-0.000502672
-0.000513344
-0.000528244
-0.000555693
-0.000595001
-0.0006428
-0.000697977
-0.000760156
-0.000829313
-0.000904018
-0.000979905
-0.00105168
-0.00111824
-0.0011835
-0.00125038
-0.00131716
-0.00138044
-0.00143959
-0.00149648
-0.0015453
-0.00158376
-0.0016074
-0.00162281
-0.0016319
-0.00163961
-0.00165852
-0.00170019
-0.00176342
-0.00183928
-0.00190111
-0.00192245
-0.00190298
-0.00186319
-0.00182493
-0.00179452
-0.00177193
-0.00175426
-0.00173921
-0.00172626
-0.0017154
-0.00170704
-0.00170151
-0.00169958
-0.00170164
-0.00170737
-0.00171599
-0.00172701
-0.00174069
-0.00175786
-0.00177952
-0.00180609
-0.00183708
-0.00187144
-0.00190819
-0.00194695
-0.00198796
-0.00203132
-0.00207688
-0.00212493
-0.00217567
-0.00222868
-0.00228331
-0.00233859
-0.00239329
-0.00244607
-0.00249456
-0.00253703
-0.00257217
-0.00259818
-0.00261452
-0.00262121
-0.00261886
-0.00260878
-0.00259296
-0.00257358
-0.00255335
-0.00253453
-0.00251923
-0.0025087
-0.00250423
-0.000338793
-0.000348877
-0.000362378
-0.000382002
-0.000410397
-0.000446468
-0.000488386
-0.000534499
-0.000584223
-0.000637759
-0.000694044
-0.000749321
-0.000800134
-0.00084738
-0.000894383
-0.000941534
-0.000986406
-0.00102698
-0.0010656
-0.00109754
-0.00112331
-0.00113904
-0.00114595
-0.00114637
-0.00114593
-0.00115571
-0.00118608
-0.00123112
-0.00128032
-0.00132087
-0.00133836
-0.00133332
-0.00131591
-0.00129889
-0.00128352
-0.00126967
-0.00125763
-0.00124705
-0.00123752
-0.00122897
-0.00122198
-0.0012177
-0.00121634
-0.00121802
-0.00122218
-0.00122822
-0.00123587
-0.00124547
-0.00125763
-0.00127294
-0.00129171
-0.00131355
-0.00133775
-0.00136363
-0.00139079
-0.00141949
-0.00145019
-0.00148283
-0.00151737
-0.001554
-0.00159261
-0.0016327
-0.00167343
-0.00171377
-0.00175315
-0.00178973
-0.00182144
-0.00184741
-0.0018665
-0.00187817
-0.00188247
-0.00187998
-0.00187174
-0.00185928
-0.00184436
-0.001829
-0.00181502
-0.00180395
-0.00179625
-0.00179232
-0.000193555
-0.000199282
-0.000208798
-0.000221318
-0.000238363
-0.000260318
-0.000286524
-0.000315737
-0.000346756
-0.000379208
-0.000413181
-0.00044754
-0.000479543
-0.000508196
-0.000535545
-0.000563002
-0.000589614
-0.000612974
-0.000635237
-0.000652976
-0.000666611
-0.000675116
-0.000679059
-0.000679296
-0.000678006
-0.000680912
-0.000696962
-0.000720173
-0.000740973
-0.000758907
-0.000771186
-0.000776895
-0.000775572
-0.000771485
-0.000766125
-0.000759896
-0.000753601
-0.000747613
-0.000742007
-0.000736875
-0.000732666
-0.000730111
-0.000729508
-0.000730743
-0.000733315
-0.000736809
-0.000741201
-0.00074686
-0.000754212
-0.00076347
-0.000774652
-0.000787538
-0.000801784
-0.0008171
-0.000833187
-0.000850078
-0.00086822
-0.000887816
-0.000908765
-0.000931069
-0.000954737
-0.000979538
-0.00100486
-0.00102955
-0.00105339
-0.00107574
-0.0010952
-0.00111103
-0.00112259
-0.00112953
-0.00113185
-0.00112998
-0.0011246
-0.00111664
-0.00110721
-0.00109746
-0.00108851
-0.00108166
-0.00107782
-0.0010765
-6.05011e-05
-6.20664e-05
-6.53259e-05
-6.98686e-05
-7.57315e-05
-8.29126e-05
-9.1349e-05
-0.000100976
-0.000111554
-0.000122824
-0.000134802
-0.000147368
-0.000159238
-0.000168995
-0.000177073
-0.000185152
-0.000194051
-0.000202147
-0.000209646
-0.000215041
-0.000218773
-0.000221123
-0.000222583
-0.000223874
-0.000225349
-0.000226863
-0.000231099
-0.000236058
-0.000238449
-0.000240573
-0.000244057
-0.000248509
-0.00025077
-0.000250818
-0.000249644
-0.0002478
-0.000245684
-0.000243507
-0.000241414
-0.00023957
-0.00023818
-0.000237456
-0.000237477
-0.000238167
-0.000239312
-0.000240732
-0.000242429
-0.000244568
-0.000247349
-0.000250824
-0.000254912
-0.000259527
-0.000264559
-0.000269933
-0.00027561
-0.000281546
-0.000287841
-0.000294602
-0.000301793
-0.000309388
-0.000317378
-0.000325755
-0.000334479
-0.000343045
-0.000351215
-0.000358806
-0.00036543
-0.000370802
-0.000374707
-0.000377017
-0.000377728
-0.000377018
-0.000375137
-0.000372409
-0.000369249
-0.000366021
-0.000362932
-0.000360257
-0.000358694
-0.000358064
)
;

boundaryField
{
    lowerWall
    {
        type            fixedFluxPressure;
        gradient        uniform 0;
        value           nonuniform List<scalar> 
80
(
21332.9
21323.1
21356.9
21453.2
21595.3
21762.2
21951.1
22149.9
22347.3
22541.4
22726.7
22896.6
23043.1
23167.5
23271.3
23361.5
23436.2
23503.2
23556.8
23584.5
23588.2
23584.3
23585.4
23594.2
23586.4
23534.7
23463.2
23406.5
23350.7
23280.9
23192
23106.1
23027.1
22956.1
22883.6
22783.3
22679.4
22602.1
22509
22445.5
22418.3
22418.7
22406.6
22393.3
22406.8
22442.6
22479
22526.9
22592.1
22674.1
22761.3
22860.9
22965.4
23080.4
23195.6
23323.5
23456.4
23601.8
23742.8
23891.1
24035.3
24184.8
24324.9
24465.1
24590.9
24707.4
24794.8
24868.9
24919.6
24958.2
24972.1
24974.8
24959.6
24938.6
24907.3
24875.8
24840.7
24807
24774.4
24755.2
)
;
    }
    rightWall
    {
        type            zeroGradient;
    }
    atmosphere
    {
        type            totalPressure;
        rho             rho;
        psi             none;
        gamma           1;
        p0              uniform 0;
        value           uniform 0;
    }
    leftWall
    {
        type            zeroGradient;
    }
    frontAndBack
    {
        type            empty;
    }
}


// ************************************************************************* //
