/*--------------------------------*- C++ -*----------------------------------*\
| =========                 |                                                 |
| \\      /  F ield         | OpenFOAM: The Open Source CFD Toolbox           |
|  \\    /   O peration     | Version:  2412                                  |
|   \\  /    A nd           | Website:  www.openfoam.com                      |
|    \\/     M anipulation  |                                                 |
\*---------------------------------------------------------------------------*/
FoamFile
{
    version     2.0;
    format      ascii;
    arch        "LSB;label=32;scalar=64";
    class       volScalarField;
    location    "8.35";
    object      p;
}
// * * * * * * * * * * * * * * * * * * * * * * * * * * * * * * * * * * * * * //

dimensions      [1 -1 -2 0 0 0 0];

internalField   nonuniform List<scalar> 
6400
(
7099.05
7098.68
7097.88
7096.68
7095.12
7093.25
7091.16
7088.95
7086.7
7084.52
7082.51
7080.73
7079.25
7078.14
7077.43
7077.15
7077.3
7077.89
7078.89
7080.29
7082.05
7084.12
7086.45
7088.99
7091.69
7094.49
7097.33
7100.17
7102.96
7105.65
7108.21
7110.6
7112.79
7114.76
7116.48
7117.96
7119.16
7120.08
7120.72
7121.07
7121.12
7120.87
7120.33
7119.5
7118.38
7116.98
7115.31
7113.39
7111.24
7108.89
7106.36
7103.7
7100.94
7098.13
7095.33
7092.59
7089.96
7087.51
7085.3
7083.37
7081.77
7080.56
7079.76
7079.4
7079.48
7080.02
7080.99
7082.36
7084.09
7086.12
7088.38
7090.79
7093.24
7095.64
7097.89
7099.9
7101.57
7102.84
7103.69
7104.09
6736.44
6736.05
6735.23
6733.99
6732.36
6730.43
6728.26
6725.96
6723.63
6721.37
6719.28
6717.44
6715.92
6714.77
6714.04
6713.75
6713.91
6714.51
6715.54
6716.98
6718.78
6720.9
6723.28
6725.88
6728.64
6731.49
6734.39
6737.28
6740.11
6742.83
6745.42
6747.84
6750.05
6752.04
6753.79
6755.27
6756.48
6757.41
6758.05
6758.4
6758.45
6758.21
6757.67
6756.83
6755.7
6754.29
6752.6
6750.67
6748.49
6746.11
6743.54
6740.84
6738.03
6735.18
6732.32
6729.52
6726.84
6724.33
6722.06
6720.08
6718.44
6717.19
6716.36
6715.99
6716.07
6716.62
6717.62
6719.03
6720.82
6722.91
6725.25
6727.73
6730.27
6732.76
6735.09
6737.17
6738.89
6740.22
6741.09
6741.5
6374.25
6373.82
6372.94
6371.61
6369.86
6367.78
6365.44
6362.96
6360.46
6358.04
6355.8
6353.83
6352.21
6350.99
6350.21
6349.9
6350.07
6350.7
6351.79
6353.3
6355.19
6357.41
6359.91
6362.62
6365.49
6368.45
6371.45
6374.43
6377.35
6380.16
6382.81
6385.28
6387.54
6389.57
6391.35
6392.85
6394.08
6395.03
6395.68
6396.03
6396.09
6395.84
6395.29
6394.45
6393.3
6391.87
6390.15
6388.18
6385.95
6383.51
6380.87
6378.08
6375.18
6372.22
6369.25
6366.33
6363.53
6360.91
6358.52
6356.44
6354.72
6353.4
6352.52
6352.12
6352.2
6352.78
6353.83
6355.33
6357.22
6359.45
6361.94
6364.6
6367.32
6369.98
6372.49
6374.71
6376.56
6377.97
6378.9
6379.34
6012.49
6012.03
6011.05
6009.58
6007.64
6005.32
6002.71
5999.96
5997.18
5994.5
5992.04
5989.88
5988.1
5986.76
5985.91
5985.57
5985.75
5986.44
5987.62
5989.24
5991.27
5993.65
5996.31
5999.19
6002.23
6005.36
6008.52
6011.65
6014.7
6017.62
6020.38
6022.93
6025.26
6027.35
6029.17
6030.71
6031.97
6032.93
6033.59
6033.96
6034.02
6033.77
6033.22
6032.36
6031.19
6029.72
6027.97
6025.93
6023.63
6021.09
6018.34
6015.42
6012.38
6009.26
6006.12
6003.03
6000.04
5997.24
5994.68
5992.44
5990.58
5989.15
5988.2
5987.76
5987.84
5988.46
5989.59
5991.22
5993.28
5995.72
5998.45
6001.38
6004.37
6007.33
6010.1
6012.56
6014.6
6016.15
6017.17
6017.66
5651.23
5650.7
5649.6
5647.92
5645.72
5643.06
5640.08
5636.93
5633.77
5630.74
5627.96
5625.53
5623.54
5622.04
5621.1
5620.72
5620.92
5621.68
5622.98
5624.77
5626.99
5629.59
5632.48
5635.6
5638.88
5642.24
5645.61
5648.94
5652.17
5655.24
5658.13
5660.8
5663.23
5665.38
5667.26
5668.85
5670.14
5671.13
5671.81
5672.19
5672.25
5672.01
5671.44
5670.57
5669.37
5667.87
5666.05
5663.93
5661.53
5658.87
5655.98
5652.89
5649.65
5646.31
5642.94
5639.6
5636.37
5633.31
5630.52
5628.06
5626.01
5624.43
5623.36
5622.86
5622.94
5623.61
5624.87
5626.67
5628.96
5631.69
5634.75
5638.04
5641.43
5644.78
5647.93
5650.73
5653.04
5654.79
5655.93
5656.48
5290.52
5289.91
5288.64
5286.7
5284.13
5281.02
5277.53
5273.87
5270.2
5266.71
5263.51
5260.73
5258.47
5256.77
5255.71
5255.29
5255.52
5256.39
5257.85
5259.86
5262.34
5265.22
5268.42
5271.85
5275.43
5279.09
5282.74
5286.32
5289.77
5293.05
5296.11
5298.91
5301.45
5303.69
5305.64
5307.28
5308.61
5309.62
5310.33
5310.72
5310.8
5310.55
5309.98
5309.09
5307.87
5306.31
5304.43
5302.22
5299.7
5296.88
5293.8
5290.5
5287.01
5283.39
5279.72
5276.06
5272.5
5269.12
5266.02
5263.27
5260.96
5259.17
5257.96
5257.37
5257.44
5258.18
5259.59
5261.61
5264.2
5267.31
5270.8
5274.57
5278.47
5282.35
5286.01
5289.26
5291.93
5293.94
5295.25
5295.87
4930.44
4929.75
4928.25
4925.97
4922.92
4919.2
4915.05
4910.71
4906.42
4902.34
4898.63
4895.42
4892.81
4890.87
4889.66
4889.2
4889.49
4890.5
4892.18
4894.47
4897.28
4900.52
4904.11
4907.93
4911.9
4915.93
4919.93
4923.82
4927.55
4931.06
4934.32
4937.29
4939.95
4942.3
4944.32
4946.01
4947.38
4948.43
4949.16
4949.57
4949.66
4949.42
4948.85
4947.94
4946.69
4945.09
4943.13
4940.81
4938.15
4935.15
4931.85
4928.28
4924.48
4920.52
4916.47
4912.41
4908.44
4904.65
4901.15
4898.03
4895.39
4893.33
4891.92
4891.22
4891.27
4892.09
4893.67
4895.99
4898.98
4902.52
4906.54
4910.91
4915.45
4920
4924.33
4928.19
4931.34
4933.69
4935.22
4935.91
4571.08
4570.34
4568.55
4565.77
4562.03
4557.51
4552.52
4547.38
4542.32
4537.55
4533.22
4529.49
4526.47
4524.24
4522.86
4522.36
4522.73
4523.92
4525.89
4528.54
4531.77
4535.48
4539.55
4543.86
4548.31
4552.79
4557.21
4561.47
4565.53
4569.32
4572.81
4575.96
4578.77
4581.22
4583.32
4585.07
4586.48
4587.56
4588.31
4588.74
4588.84
4588.61
4588.05
4587.13
4585.86
4584.21
4582.17
4579.74
4576.92
4573.72
4570.16
4566.27
4562.11
4557.73
4553.22
4548.67
4544.19
4539.88
4535.88
4532.29
4529.24
4526.83
4525.16
4524.31
4524.32
4525.22
4527.02
4529.67
4533.1
4537.2
4541.88
4546.96
4552.26
4557.6
4562.76
4567.43
4571.28
4574.14
4575.96
4576.67
4212.55
4211.79
4209.49
4205.81
4200.96
4195.38
4189.52
4183.62
4177.77
4172.23
4167.17
4162.82
4159.3
4156.73
4155.17
4154.64
4155.12
4156.57
4158.9
4162.01
4165.78
4170.06
4174.73
4179.65
4184.68
4189.7
4194.62
4199.33
4203.77
4207.88
4211.62
4214.97
4217.93
4220.49
4222.66
4224.46
4225.91
4227.01
4227.78
4228.23
4228.35
4228.14
4227.59
4226.68
4225.4
4223.71
4221.6
4219.06
4216.07
4212.64
4208.78
4204.53
4199.93
4195.06
4190
4184.86
4179.75
4174.81
4170.18
4166.01
4162.43
4159.58
4157.58
4156.52
4156.47
4157.46
4159.5
4162.54
4166.5
4171.28
4176.71
4182.58
4188.63
4194.68
4200.67
4206.38
4211.39
4215.2
4217.55
4218.25
3854.99
3854.01
3850.73
3845.49
3839.03
3832.21
3825.58
3819.16
3812.71
3806.29
3800.37
3795.27
3791.18
3788.21
3786.44
3785.9
3786.55
3788.33
3791.13
3794.82
3799.25
3804.25
3809.66
3815.3
3821.03
3826.71
3832.22
3837.45
3842.32
3846.79
3850.81
3854.37
3857.48
3860.14
3862.37
3864.2
3865.67
3866.79
3867.58
3868.04
3868.19
3868.01
3867.49
3866.61
3865.33
3863.63
3861.46
3858.81
3855.65
3851.97
3847.79
3843.12
3838.03
3832.57
3826.85
3820.99
3815.12
3809.41
3804.02
3799.12
3794.88
3791.48
3789.04
3787.71
3787.55
3788.63
3790.95
3794.46
3799.06
3804.62
3810.94
3817.64
3824.29
3830.8
3837.47
3844.36
3850.98
3856.45
3859.84
3860.76
3498.54
3496.92
3492.15
3485.01
3476.76
3468.62
3461.17
3454.16
3446.98
3439.61
3432.68
3426.7
3421.91
3418.48
3416.48
3415.95
3416.83
3419.04
3422.45
3426.87
3432.13
3438.01
3444.32
3450.85
3457.43
3463.88
3470.08
3475.9
3481.27
3486.13
3490.44
3494.22
3497.46
3500.2
3502.46
3504.31
3505.77
3506.9
3507.69
3508.17
3508.35
3508.22
3507.76
3506.93
3505.69
3503.99
3501.8
3499.06
3495.73
3491.8
3487.26
3482.13
3476.46
3470.32
3463.83
3457.11
3450.33
3443.67
3437.34
3431.55
3426.49
3422.38
3419.4
3417.7
3417.39
3418.55
3421.19
3425.26
3430.63
3437.14
3444.49
3452.15
3459.51
3466.58
3474
3482.1
3490.39
3497.75
3502.71
3504.33
3143.48
3140.88
3134.65
3125.97
3116.17
3106.53
3097.73
3089.47
3080.98
3072.26
3064.03
3056.93
3051.29
3047.3
3045.05
3044.57
3045.78
3048.56
3052.73
3058.08
3064.36
3071.33
3078.73
3086.33
3093.92
3101.28
3108.28
3114.79
3120.71
3125.99
3130.61
3134.58
3137.93
3140.71
3142.98
3144.79
3146.23
3147.31
3148.09
3148.59
3148.82
3148.76
3148.38
3147.64
3146.49
3144.86
3142.67
3139.88
3136.41
3132.23
3127.31
3121.67
3115.35
3108.42
3101.01
3093.27
3085.39
3077.59
3070.11
3063.21
3057.14
3052.14
3048.45
3046.27
3045.75
3046.98
3049.99
3054.73
3061.07
3068.77
3077.47
3086.51
3095.22
3103.6
3112.33
3121.79
3131.44
3140.13
3146.52
3149.19
2790.32
2786.79
2779.62
2769.9
2758.68
2747.23
2736.32
2725.74
2715.01
2704.27
2694.28
2685.75
2679.04
2674.38
2671.86
2671.48
2673.13
2676.66
2681.82
2688.33
2695.89
2704.19
2712.93
2721.82
2730.59
2739.04
2746.96
2754.24
2760.76
2766.49
2771.41
2775.55
2778.96
2781.72
2783.93
2785.66
2787
2788.03
2788.78
2789.29
2789.58
2789.61
2789.36
2788.77
2787.76
2786.26
2784.15
2781.36
2777.79
2773.37
2768.07
2761.87
2754.81
2746.98
2738.5
2729.55
2720.35
2711.17
2702.29
2694.02
2686.68
2680.57
2675.98
2673.17
2672.33
2673.61
2677.06
2682.63
2690.17
2699.42
2709.96
2721.07
2732.05
2742.78
2753.6
2764.71
2775.54
2785.03
2792.21
2795.8
2439.72
2435.62
2427.85
2417.19
2404.3
2390.54
2376.79
2362.91
2348.98
2335.44
2323.12
2312.78
2304.78
2299.34
2296.53
2296.34
2298.61
2303.12
2309.54
2317.52
2326.66
2336.6
2346.95
2357.38
2367.58
2377.28
2386.28
2394.41
2401.59
2407.78
2412.97
2417.22
2420.62
2423.29
2425.34
2426.9
2428.1
2429.01
2429.7
2430.22
2430.58
2430.75
2430.68
2430.31
2429.54
2428.24
2426.31
2423.6
2420
2415.39
2409.7
2402.91
2395.04
2386.17
2376.44
2366.06
2355.28
2344.42
2333.83
2323.89
2314.98
2307.47
2301.73
2298.08
2296.79
2298.07
2302
2308.57
2317.61
2328.84
2341.79
2355.75
2369.92
2383.9
2397.55
2410.73
2422.88
2433.13
2440.73
2444.79
2092.38
2087.96
2079.5
2067.73
2052.32
2035.46
2018.28
2000.37
1982.31
1965.22
1949.99
1937.51
1928
1921.66
1918.58
1918.71
1921.85
1927.65
1935.69
1945.51
1956.62
1968.55
1980.86
1993.15
2005.03
2016.21
2026.43
2035.53
2043.41
2050.04
2055.46
2059.74
2063.02
2065.46
2067.24
2068.52
2069.47
2070.2
2070.8
2071.32
2071.76
2072.12
2072.31
2072.25
2071.82
2070.87
2069.24
2066.74
2063.2
2058.47
2052.43
2045.02
2036.25
2026.2
2015.01
2002.94
1990.27
1977.38
1964.71
1952.71
1941.85
1932.58
1925.36
1920.61
1918.69
1919.87
1924.31
1932.04
1942.9
1956.55
1972.5
1990.02
2008.21
2026.17
2043.32
2059.17
2073.14
2084.48
2092.6
2096.87
1749.01
1744.18
1734.55
1720.58
1702.28
1682.07
1660.21
1637.33
1614.53
1592.94
1574.15
1559.28
1548.05
1540.7
1537.39
1538.06
1542.38
1549.89
1560.02
1572.17
1585.71
1600.08
1614.77
1629.28
1643.17
1656.06
1667.68
1677.85
1686.46
1693.52
1699.07
1703.25
1706.25
1708.29
1709.63
1710.49
1711.07
1711.53
1711.98
1712.48
1713.04
1713.65
1714.19
1714.57
1714.63
1714.19
1713.03
1710.91
1707.6
1702.85
1696.51
1688.47
1678.72
1667.33
1654.47
1640.39
1625.45
1610.11
1594.89
1580.37
1567.09
1555.61
1546.5
1540.29
1537.45
1538.38
1543.34
1552.4
1565.4
1581.93
1601.43
1623.14
1646.04
1668.78
1690.23
1709.55
1726.09
1739.14
1748.21
1752.72
1410.54
1405.05
1393.48
1376.58
1354.95
1329.9
1302.43
1273.61
1244.9
1217.9
1194.88
1177.42
1164.25
1155.75
1152.26
1153.78
1159.73
1169.49
1182.32
1197.41
1213.93
1231.27
1248.82
1265.99
1282.25
1297.15
1310.37
1321.7
1331.07
1338.48
1344.05
1347.94
1350.43
1351.84
1352.5
1352.73
1352.78
1352.87
1353.11
1353.57
1354.27
1355.24
1356.22
1357.19
1357.93
1358.22
1357.78
1356.29
1353.41
1348.83
1342.28
1333.62
1322.81
1309.93
1295.12
1278.67
1261.01
1242.68
1224.36
1206.75
1190.5
1176.23
1164.69
1156.56
1152.43
1152.87
1158.3
1168.85
1184.43
1204.42
1228.13
1254.77
1283.28
1311.71
1338.38
1362.15
1382.17
1397.71
1408.33
1413.27
1077.72
1071.28
1057.29
1036.54
1010.02
979.166
945.297
909.599
873.679
839.094
812.399
791.871
776.141
766.265
762.675
765.351
773.442
786.067
802.356
821.179
841.278
862.171
883.144
903.478
922.542
939.795
954.828
967.425
977.545
985.243
990.648
994
995.681
996.128
995.785
995.12
994.465
994.052
994.031
994.476
995.373
996.671
998.253
1000.02
1001.67
1002.96
1003.55
1003.03
1000.9
996.72
990.113
980.856
968.9
954.35
937.322
918.06
897.12
875.181
853.059
831.729
811.876
794.1
779.494
768.907
763.066
762.71
768.452
780.687
799.193
823.249
851.787
884.569
920.387
955.474
988.122
1017.26
1041.73
1060.54
1073.25
1078.86
750.138
741.99
725.112
700.219
668.64
631.327
589.761
545.984
504.913
466.592
431.565
402.67
383.276
371.827
367.937
372.217
382.765
399.22
420.145
444.022
468.257
493.388
518.443
542.519
564.887
584.853
601.895
615.786
626.593
634.429
639.425
641.848
642.256
641.25
639.395
637.494
635.881
634.777
634.349
634.694
635.82
637.651
640.066
642.843
645.698
648.362
650.463
651.437
650.569
647.156
640.707
630.929
617.768
601.416
581.902
559.286
534.401
508.077
481.251
455.48
431.26
408.781
390.198
376.34
368.147
366.696
372.484
386.457
409.209
439.607
475.566
516.856
558.294
601.403
641.139
675.781
704.447
726.657
741.761
748.63
436.543
426.521
405.513
374.079
335.323
292.383
246.288
200.007
157.303
123.997
100.984
87.0602
78.9787
74.8926
74.0501
76.7255
82.9401
92.7567
105.648
121.99
140.375
160.815
182.467
204.241
225.257
244.447
260.979
274.205
284.154
290.882
294.411
295.062
293.476
290.374
286.681
283.367
280.901
279.469
279.034
279.518
280.757
282.588
285.076
288.153
291.713
295.625
299.643
303.002
304.516
303.027
297.945
289.084
276.469
260.336
241.333
219.854
196.942
173.658
150.562
130.538
113.137
98.4751
87.6372
79.5309
74.6229
73.5214
76.0899
82.7879
95.108
113.869
138.187
171.147
214.454
260.072
303.618
342.599
377.485
404.863
423.226
432.111
169.746
161.504
143.759
118.086
87.6325
58.8556
33.745
13.9537
1.19398
-5.64061
-8.14176
-8.81833
-9.05677
-9.15455
-9.15149
-9.06641
-8.93557
-8.69777
-8.14048
-6.38413
-2.79995
2.54562
9.37256
17.4491
26.2862
35.0119
42.849
49.1524
53.8043
56.7403
57.8383
57.3721
55.6691
53.1751
50.6159
48.5864
47.2235
46.551
46.4544
46.8219
47.4822
48.36
49.5461
51.1116
53.0551
55.3422
57.9849
60.6287
62.5388
62.7891
60.9096
56.7605
50.5398
42.459
33.509
24.0614
14.9254
6.86348
0.15972
-4.73815
-7.28396
-8.06792
-8.29035
-8.35638
-8.32181
-8.22455
-8.0599
-7.77385
-7.23484
-6.02656
-2.14219
6.22817
20.4219
40.5629
65.3433
92.95
120.589
141.806
155.662
162.348
18.52
12.7801
5.15949
-2.78769
-8.34889
-10.1361
-9.97602
-9.81383
-9.76361
-9.73321
-9.69309
-9.7144
-9.77039
-9.7799
-9.76176
-9.74986
-9.7545
-9.77833
-9.87053
-9.98807
-9.97498
-9.96604
-10.0407
-10.1536
-10.2423
-10.2977
-10.332
-10.3514
-10.3646
-10.3765
-10.3867
-10.397
-10.388
-10.4155
-10.4592
-10.4974
-10.5374
-10.5771
-10.6094
-10.6204
-10.603
-10.5565
-10.4812
-10.3964
-10.322
-10.2803
-10.3012
-10.3681
-10.4129
-10.4137
-10.3939
-10.3666
-10.3373
-10.2986
-10.2562
-10.1913
-10.0593
-9.91394
-9.89612
-9.93329
-9.72894
-9.45509
-9.30886
-9.19753
-9.08559
-8.97834
-8.88607
-8.81316
-8.69991
-8.8388
-9.00056
-9.03573
-9.422
-10.0908
-9.99555
-7.75355
-2.73532
3.51482
9.01207
12.2757
-10.3422
-10.4188
-10.3982
-10.4255
-10.5637
-10.5756
-10.4908
-10.3819
-10.356
-10.3373
-10.2734
-10.2843
-10.3033
-10.3059
-10.2992
-10.298
-10.3058
-10.3275
-10.3788
-10.4538
-10.5188
-10.5501
-10.5901
-10.654
-10.7147
-10.7567
-10.7854
-10.8082
-10.8302
-10.8514
-10.8667
-10.8753
-10.8773
-10.9039
-10.9393
-10.9721
-11.007
-11.0437
-11.0754
-11.0903
-11.0815
-11.0499
-10.9971
-10.9265
-10.859
-10.8135
-10.8175
-10.8594
-10.89
-10.8834
-10.8484
-10.8179
-10.7923
-10.757
-10.7153
-10.6663
-10.6002
-10.5503
-10.5294
-10.4413
-10.2718
-10.1006
-9.94693
-9.81944
-9.70001
-9.58578
-9.47838
-9.38276
-9.31409
-9.35136
-9.54556
-9.79335
-10.0564
-10.4675
-10.8032
-10.7331
-10.5942
-10.5317
-10.4698
-10.4748
-10.5994
-10.7909
-11.0806
-11.3189
-11.365
-11.2136
-11.0831
-10.9962
-10.9414
-10.8951
-10.8505
-10.8375
-10.8418
-10.8451
-10.836
-10.8287
-10.8346
-10.8603
-10.9036
-10.9612
-11.0157
-11.0637
-11.1131
-11.166
-11.2148
-11.25
-11.2723
-11.2873
-11.3005
-11.3142
-11.3248
-11.3358
-11.3582
-11.3932
-11.4402
-11.4918
-11.5423
-11.5885
-11.6242
-11.6323
-11.611
-11.569
-11.5104
-11.4428
-11.3868
-11.3464
-11.343
-11.3794
-11.4011
-11.3797
-11.3296
-11.2899
-11.26
-11.2308
-11.2038
-11.1813
-11.165
-11.1676
-11.154
-11.0591
-10.9124
-10.772
-10.6263
-10.4878
-10.3605
-10.2453
-10.1448
-10.0681
-10.0446
-10.095
-10.2628
-10.49
-10.7267
-10.9803
-11.193
-11.1983
-11.0203
-10.8561
-10.7733
-10.7505
-11.1532
-11.373
-11.7971
-12.2224
-12.3643
-12.2608
-11.9911
-11.7147
-11.5495
-11.4531
-11.3921
-11.3666
-11.36
-11.3572
-11.3583
-11.3597
-11.3712
-11.3964
-11.433
-11.4773
-11.5259
-11.5743
-11.6215
-11.6695
-11.7149
-11.7519
-11.7779
-11.7932
-11.8008
-11.8049
-11.8073
-11.8136
-11.8414
-11.8875
-11.951
-12.0247
-12.0853
-12.1352
-12.1765
-12.1867
-12.1562
-12.103
-12.0397
-11.9708
-11.9183
-11.887
-11.8853
-11.9192
-11.9346
-11.9055
-11.8435
-11.791
-11.7566
-11.7361
-11.7319
-11.7378
-11.7518
-11.7786
-11.7746
-11.6947
-11.569
-11.4323
-11.2903
-11.1507
-11.024
-10.9186
-10.8391
-10.7912
-10.801
-10.8909
-11.0844
-11.3297
-11.5481
-11.6868
-11.7113
-11.5935
-11.3877
-11.2507
-11.2128
-11.2197
-11.9843
-12.255
-12.7502
-13.217
-13.4166
-13.3404
-13.01
-12.5591
-12.2238
-12.0372
-11.9396
-11.9009
-11.8895
-11.8874
-11.8903
-11.8978
-11.9121
-11.9345
-11.9653
-12.0024
-12.0432
-12.0852
-12.1271
-12.1688
-12.2092
-12.246
-12.277
-12.2992
-12.3138
-12.3213
-12.3233
-12.3268
-12.3512
-12.4067
-12.4888
-12.5881
-12.6546
-12.7002
-12.7312
-12.7369
-12.7015
-12.6386
-12.5683
-12.496
-12.4374
-12.4076
-12.4074
-12.4345
-12.4474
-12.4245
-12.3673
-12.3142
-12.285
-12.2789
-12.293
-12.3123
-12.3392
-12.3754
-12.3813
-12.3177
-12.2093
-12.079
-11.9385
-11.7989
-11.6772
-11.5897
-11.5438
-11.547
-11.5932
-11.7418
-11.9956
-12.253
-12.4351
-12.5067
-12.4213
-12.2227
-12.0101
-11.8832
-11.8404
-11.8372
-12.8337
-13.1397
-13.6412
-14.0874
-14.2876
-14.2451
-13.9205
-13.3948
-12.9317
-12.6383
-12.4867
-12.4336
-12.42
-12.4184
-12.4224
-12.4312
-12.4457
-12.4665
-12.4935
-12.5254
-12.5607
-12.5977
-12.635
-12.6721
-12.7081
-12.7414
-12.771
-12.7976
-12.8202
-12.8382
-12.8522
-12.8661
-12.8946
-12.9544
-13.0487
-13.1533
-13.2306
-13.267
-13.2717
-13.2584
-13.2169
-13.1478
-13.0706
-12.9973
-12.938
-12.9038
-12.9049
-12.9295
-12.9408
-12.9269
-12.8874
-12.8476
-12.8328
-12.8394
-12.8573
-12.8768
-12.9059
-12.9434
-12.9559
-12.9149
-12.8332
-12.7261
-12.5992
-12.4662
-12.3518
-12.2825
-12.2732
-12.3365
-12.4584
-12.6622
-12.9421
-13.1935
-13.3297
-13.3321
-13.1773
-12.933
-12.7209
-12.6025
-12.5537
-12.5424
-13.4858
-13.7965
-14.2871
-14.7135
-14.916
-14.8886
-14.6061
-14.0796
-13.5773
-13.23
-13.0367
-12.9677
-12.9541
-12.9518
-12.9555
-12.9638
-12.9771
-12.9956
-13.0191
-13.0468
-13.0776
-13.1102
-13.1435
-13.1769
-13.2095
-13.2406
-13.2697
-13.2967
-13.322
-13.3471
-13.3723
-13.3986
-13.4323
-13.4866
-13.5687
-13.6649
-13.7418
-13.7754
-13.7624
-13.726
-13.6708
-13.5956
-13.5193
-13.4483
-13.3981
-13.3668
-13.3745
-13.4073
-13.425
-13.4227
-13.4014
-13.3813
-13.3806
-13.3928
-13.4086
-13.4273
-13.4568
-13.4947
-13.5166
-13.5037
-13.4587
-13.3814
-13.2754
-13.1561
-13.0535
-13.0011
-13.0219
-13.1308
-13.3007
-13.5558
-13.8623
-14.0997
-14.1944
-14.1385
-13.9232
-13.6531
-13.4516
-13.3442
-13.2897
-13.2688
-13.95
-14.2042
-14.6704
-15.0913
-15.303
-15.2979
-15.0606
-14.5901
-14.1087
-13.7672
-13.5741
-13.5022
-13.4899
-13.4861
-13.4881
-13.4948
-13.5063
-13.5225
-13.543
-13.5672
-13.5943
-13.6234
-13.6535
-13.6839
-13.714
-13.7433
-13.7714
-13.7988
-13.8257
-13.8535
-13.8842
-13.9181
-13.9532
-13.9913
-14.0394
-14.0977
-14.1509
-14.1784
-14.1659
-14.122
-14.0565
-13.983
-13.9132
-13.8504
-13.814
-13.7972
-13.8154
-13.8643
-13.8959
-13.9122
-13.9102
-13.911
-13.9214
-13.9355
-13.9514
-13.9716
-14.0021
-14.0425
-14.0784
-14.0953
-14.0848
-14.0387
-13.9575
-13.8585
-13.774
-13.7374
-13.7828
-13.9114
-14.0875
-14.3979
-14.7439
-14.9615
-15.0213
-14.9268
-14.6693
-14.3836
-14.1896
-14.0824
-14.0146
-13.9812
-14.386
-14.5263
-14.8896
-15.2656
-15.4719
-15.4894
-15.3101
-14.9375
-14.5387
-14.2468
-14.0941
-14.0359
-14.0225
-14.0186
-14.0189
-14.0239
-14.0336
-14.0477
-14.0656
-14.087
-14.1111
-14.1372
-14.1646
-14.1926
-14.2205
-14.2481
-14.2751
-14.3017
-14.3288
-14.3575
-14.3897
-14.427
-14.4649
-14.4935
-14.5094
-14.5215
-14.5358
-14.5467
-14.5413
-14.5103
-14.4513
-14.3727
-14.2917
-14.2371
-14.2124
-14.2111
-14.242
-14.2899
-14.343
-14.3863
-14.4152
-14.4401
-14.4597
-14.4761
-14.4927
-14.5131
-14.5435
-14.5863
-14.6359
-14.6787
-14.6992
-14.6818
-14.6261
-14.5509
-14.4873
-14.4702
-14.5416
-14.6835
-14.8835
-15.2402
-15.5905
-15.7802
-15.8149
-15.7006
-15.4167
-15.1136
-14.9114
-14.7894
-14.7034
-14.6587
-14.886
-14.9517
-15.1452
-15.3915
-15.5469
-15.5612
-15.4275
-15.1677
-14.8882
-14.6937
-14.6
-14.564
-14.5518
-14.5475
-14.5468
-14.5505
-14.5586
-14.5708
-14.5867
-14.6057
-14.6275
-14.6513
-14.6765
-14.7023
-14.7284
-14.7543
-14.7799
-14.8051
-14.8305
-14.8569
-14.8868
-14.9221
-14.9594
-14.9867
-14.9915
-14.978
-14.9635
-14.9588
-14.9587
-14.9443
-14.8958
-14.8121
-14.7175
-14.6503
-14.6303
-14.6388
-14.6724
-14.7159
-14.7857
-14.8608
-14.9268
-14.9734
-15.0007
-15.0193
-15.0347
-15.0511
-15.076
-15.117
-15.174
-15.2348
-15.2806
-15.2901
-15.2598
-15.2086
-15.1695
-15.1766
-15.2741
-15.4415
-15.7046
-16.0679
-16.3948
-16.561
-16.5819
-16.4598
-16.1564
-15.8136
-15.5795
-15.4405
-15.3364
-15.283
-15.4172
-15.4561
-15.5298
-15.6201
-15.668
-15.6383
-15.5383
-15.3858
-15.2417
-15.1525
-15.1092
-15.0879
-15.0776
-15.0726
-15.0712
-15.0739
-15.0807
-15.0914
-15.1057
-15.123
-15.143
-15.165
-15.1884
-15.2126
-15.237
-15.2614
-15.2854
-15.309
-15.3323
-15.3557
-15.3798
-15.4058
-15.435
-15.4594
-15.4656
-15.4509
-15.4302
-15.4203
-15.4253
-15.4263
-15.3898
-15.3028
-15.1925
-15.1091
-15.0851
-15.1083
-15.1286
-15.1645
-15.2498
-15.3566
-15.4518
-15.5128
-15.5464
-15.5662
-15.5784
-15.5862
-15.5979
-15.6278
-15.6813
-15.7478
-15.8093
-15.8435
-15.8372
-15.8113
-15.7974
-15.8313
-15.9545
-16.1593
-16.4726
-16.8369
-17.1603
-17.3151
-17.3286
-17.1989
-16.8642
-16.454
-16.1718
-16.0104
-15.8981
-15.8415
-15.9276
-15.9645
-15.9958
-15.9996
-15.9596
-15.8822
-15.8004
-15.7277
-15.6785
-15.651
-15.6288
-15.6108
-15.5999
-15.5938
-15.5917
-15.5937
-15.5996
-15.6092
-15.6222
-15.6384
-15.6571
-15.6779
-15.7001
-15.723
-15.7461
-15.7691
-15.7916
-15.8136
-15.835
-15.8556
-15.8755
-15.8947
-15.9138
-15.9301
-15.9378
-15.9331
-15.9212
-15.9145
-15.9215
-15.9304
-15.9049
-15.8217
-15.7041
-15.6116
-15.5716
-15.6231
-15.6426
-15.6548
-15.7459
-15.8739
-15.9863
-16.0565
-16.0971
-16.1195
-16.1277
-16.1234
-16.1152
-16.1219
-16.1568
-16.2153
-16.2802
-16.3299
-16.3458
-16.3418
-16.3531
-16.414
-16.5653
-16.8108
-17.1392
-17.544
-17.8876
-18.04
-18.0474
-17.9061
-17.4966
-17.0106
-16.6822
-16.4926
-16.3855
-16.3337
-16.4112
-16.4442
-16.4702
-16.4635
-16.4007
-16.3107
-16.2402
-16.2024
-16.186
-16.1682
-16.1461
-16.1285
-16.1171
-16.1105
-16.1081
-16.1096
-16.1149
-16.1238
-16.1362
-16.1516
-16.1696
-16.1897
-16.2112
-16.2334
-16.2556
-16.2776
-16.299
-16.3196
-16.3394
-16.358
-16.3754
-16.3911
-16.4048
-16.4161
-16.4238
-16.4265
-16.4238
-16.4204
-16.4256
-16.4356
-16.418
-16.3452
-16.2337
-16.1449
-16.0922
-16.1685
-16.1898
-16.1785
-16.2639
-16.3995
-16.5215
-16.6006
-16.6517
-16.6807
-16.6874
-16.6724
-16.6426
-16.618
-16.6164
-16.6502
-16.7076
-16.7594
-16.7875
-16.7999
-16.8314
-16.9154
-17.0939
-17.3778
-17.7325
-18.1812
-18.5477
-18.7052
-18.7057
-18.5262
-18.0531
-17.4948
-17.1184
-16.9152
-16.8134
-16.7717
-16.8782
-16.8997
-16.9166
-16.9097
-16.8705
-16.8067
-16.7581
-16.7233
-16.6998
-16.6766
-16.6559
-16.64
-16.6292
-16.6227
-16.6203
-16.6217
-16.6267
-16.6354
-16.6474
-16.6626
-16.6805
-16.7006
-16.7221
-16.7443
-16.7662
-16.7877
-16.8084
-16.828
-16.8463
-16.8634
-16.8789
-16.8924
-16.9037
-16.9125
-16.9187
-16.9221
-16.9228
-16.9213
-16.9252
-16.9339
-16.9214
-16.8625
-16.7714
-16.6957
-16.6568
-16.7312
-16.72
-16.712
-16.7795
-16.9161
-17.0492
-17.1402
-17.2069
-17.2486
-17.2597
-17.2421
-17.1979
-17.1505
-17.1042
-17.0993
-17.1292
-17.1669
-17.1891
-17.2039
-17.2422
-17.3389
-17.5321
-17.8433
-18.2292
-18.6979
-19.0822
-19.2648
-19.2555
-19.0252
-18.4946
-17.8836
-17.499
-17.3031
-17.213
-17.18
-17.3467
-17.3575
-17.3597
-17.3499
-17.3248
-17.2903
-17.2564
-17.2274
-17.2008
-17.1789
-17.1608
-17.1467
-17.1368
-17.1308
-17.1286
-17.1301
-17.1351
-17.1439
-17.1561
-17.1716
-17.19
-17.2109
-17.2333
-17.2564
-17.2792
-17.3011
-17.3216
-17.3405
-17.3575
-17.3729
-17.3861
-17.3971
-17.4057
-17.4117
-17.4151
-17.4163
-17.4159
-17.4152
-17.4178
-17.4246
-17.4161
-17.3733
-17.3181
-17.2535
-17.2614
-17.2832
-17.2512
-17.235
-17.278
-17.4081
-17.5571
-17.6678
-17.753
-17.8122
-17.8341
-17.8224
-17.7858
-17.7175
-17.6365
-17.5831
-17.5693
-17.5791
-17.5824
-17.582
-17.6107
-17.7032
-17.8917
-18.1981
-18.5832
-19.0289
-19.4144
-19.6172
-19.6027
-19.3248
-18.7673
-18.1992
-17.8593
-17.6876
-17.6087
-17.5873
-17.8219
-17.8259
-17.8212
-17.8101
-17.7921
-17.768
-17.7425
-17.7186
-17.6966
-17.6776
-17.6619
-17.6495
-17.6406
-17.6353
-17.6334
-17.6351
-17.6404
-17.6495
-17.6624
-17.6788
-17.6985
-17.7211
-17.7456
-17.771
-17.796
-17.8193
-17.8404
-17.8589
-17.8747
-17.8879
-17.8983
-17.906
-17.9108
-17.9132
-17.9134
-17.9118
-17.9092
-17.9068
-17.907
-17.9107
-17.9064
-17.8808
-17.8762
-17.8375
-17.8458
-17.8331
-17.7971
-17.7325
-17.7463
-17.8713
-18.0366
-18.1711
-18.2739
-18.3477
-18.3791
-18.3679
-18.3262
-18.26
-18.169
-18.0804
-18.0244
-18.0004
-17.9807
-17.9582
-17.9659
-18.0346
-18.1929
-18.4609
-18.8011
-19.1706
-19.4998
-19.6811
-19.6633
-19.3934
-18.9234
-18.4895
-18.2299
-18.0929
-18.0335
-18.0263
-18.2982
-18.2989
-18.2918
-18.281
-18.2662
-18.2476
-18.2277
-18.2082
-18.1901
-18.1739
-18.1602
-18.1492
-18.1413
-18.1365
-18.135
-18.137
-18.1428
-18.1525
-18.1664
-18.1844
-18.2065
-18.2321
-18.2604
-18.2897
-18.3183
-18.3444
-18.3669
-18.3854
-18.3997
-18.41
-18.4166
-18.4198
-18.4199
-18.4176
-18.4137
-18.4088
-18.4036
-18.3986
-18.3961
-18.3965
-18.397
-18.3904
-18.4288
-18.4419
-18.4231
-18.3879
-18.3208
-18.2011
-18.2024
-18.3168
-18.4854
-18.6359
-18.7511
-18.8328
-18.8693
-18.8565
-18.8078
-18.7392
-18.6532
-18.5533
-18.475
-18.4264
-18.3869
-18.3463
-18.3305
-18.3639
-18.4734
-18.6778
-18.9466
-19.2237
-19.4653
-19.6013
-19.585
-19.3875
-19.0819
-18.8048
-18.6286
-18.5323
-18.5048
-18.515
-18.774
-18.7731
-18.7658
-18.7561
-18.7439
-18.7294
-18.7134
-18.6974
-18.682
-18.6681
-18.6561
-18.6464
-18.6392
-18.6349
-18.6337
-18.6361
-18.6424
-18.653
-18.6684
-18.689
-18.7149
-18.7455
-18.7795
-18.8148
-18.849
-18.8794
-18.9042
-18.9226
-18.9346
-18.9408
-18.9418
-18.9389
-18.9328
-18.9247
-18.9158
-18.9071
-18.8993
-18.892
-18.8871
-18.8851
-18.8883
-18.896
-18.9537
-19.0073
-18.9795
-18.9277
-18.8519
-18.7161
-18.6808
-18.7697
-18.9221
-19.0644
-19.175
-19.2529
-19.2881
-19.2753
-19.2263
-19.159
-19.0807
-18.9907
-18.9116
-18.8558
-18.8046
-18.7537
-18.72
-18.7165
-18.7741
-18.9091
-19.1027
-19.3027
-19.4724
-19.5764
-19.5804
-19.4797
-19.3205
-19.1696
-19.062
-19.0093
-19.0056
-19.0188
-19.2504
-19.2486
-19.243
-19.2348
-19.2246
-19.2127
-19.1995
-19.1861
-19.173
-19.161
-19.1503
-19.1415
-19.1349
-19.1309
-19.1299
-19.1325
-19.1393
-19.151
-19.1686
-19.1931
-19.225
-19.2632
-19.3053
-19.3487
-19.3902
-19.4263
-19.4541
-19.4722
-19.4809
-19.4811
-19.4745
-19.4632
-19.4492
-19.4341
-19.4193
-19.4062
-19.3957
-19.387
-19.3799
-19.3755
-19.3767
-19.3901
-19.447
-19.5157
-19.4999
-19.4534
-19.3976
-19.273
-19.1963
-19.2604
-19.3815
-19.4827
-19.5592
-19.6156
-19.6423
-19.6321
-19.5929
-19.5381
-19.4726
-19.4029
-19.3398
-19.29
-19.2371
-19.1839
-19.1401
-19.1079
-19.123
-19.1986
-19.329
-19.4743
-19.6019
-19.6943
-19.731
-19.7094
-19.652
-19.5879
-19.5373
-19.5139
-19.5164
-19.5174
-19.7288
-19.7269
-19.7226
-19.7158
-19.7072
-19.6972
-19.6862
-19.6748
-19.6635
-19.6528
-19.6431
-19.635
-19.6287
-19.6248
-19.6238
-19.6264
-19.6336
-19.6465
-19.667
-19.6973
-19.7378
-19.7855
-19.8367
-19.8886
-19.9382
-19.9809
-20.0128
-20.0314
-20.0366
-20.0295
-20.0133
-19.9919
-19.9684
-19.9449
-19.9231
-19.9046
-19.891
-19.8804
-19.8716
-19.8651
-19.861
-19.872
-19.9171
-19.9888
-19.9823
-19.9446
-19.9068
-19.8257
-19.7647
-19.8009
-19.8768
-19.9185
-19.9382
-19.9563
-19.9667
-19.9596
-19.9355
-19.8994
-19.8557
-19.8102
-19.7699
-19.7305
-19.6841
-19.635
-19.5879
-19.5425
-19.5287
-19.5613
-19.6427
-19.7513
-19.858
-19.9478
-20.0111
-20.0435
-20.0536
-20.0515
-20.0424
-20.0283
-20.015
-20.0067
-20.2097
-20.208
-20.2045
-20.1988
-20.1915
-20.183
-20.1735
-20.1636
-20.1536
-20.144
-20.1351
-20.1274
-20.1212
-20.1172
-20.1158
-20.1181
-20.1252
-20.1393
-20.1636
-20.2014
-20.2522
-20.3095
-20.3678
-20.4264
-20.4838
-20.5337
-20.5708
-20.5922
-20.5956
-20.5818
-20.5557
-20.5232
-20.4892
-20.4568
-20.4272
-20.4023
-20.384
-20.369
-20.3586
-20.3513
-20.3433
-20.3458
-20.3729
-20.4296
-20.4278
-20.4029
-20.3818
-20.3562
-20.3459
-20.3675
-20.3915
-20.375
-20.3393
-20.3159
-20.3064
-20.3002
-20.2894
-20.2723
-20.2514
-20.2293
-20.2074
-20.1797
-20.1438
-20.1026
-20.0585
-20.0145
-19.9874
-19.9935
-20.0381
-20.1155
-20.2067
-20.2983
-20.3801
-20.4472
-20.5026
-20.5387
-20.5437
-20.5235
-20.4945
-20.4861
-20.6927
-20.6913
-20.6883
-20.6835
-20.6771
-20.6697
-20.6615
-20.6527
-20.6437
-20.6349
-20.6265
-20.619
-20.6128
-20.6083
-20.6063
-20.6077
-20.6141
-20.6291
-20.6574
-20.7029
-20.7643
-20.828
-20.8896
-20.9543
-21.0216
-21.0813
-21.1257
-21.15
-21.1524
-21.1319
-21.096
-21.0525
-21.0087
-20.9684
-20.9315
-20.9007
-20.8775
-20.8545
-20.8406
-20.8359
-20.8266
-20.8167
-20.8207
-20.845
-20.8443
-20.8327
-20.8338
-20.8599
-20.8916
-20.9103
-20.893
-20.8359
-20.7658
-20.7144
-20.6893
-20.681
-20.679
-20.6769
-20.6732
-20.6665
-20.6566
-20.6402
-20.6145
-20.5826
-20.5472
-20.5126
-20.4869
-20.4818
-20.5061
-20.5599
-20.6315
-20.7189
-20.8121
-20.902
-20.9777
-21.021
-21.0208
-20.9892
-20.9648
-20.9574
-21.1776
-21.1765
-21.1737
-21.1696
-21.164
-21.1576
-21.1502
-21.1423
-21.1341
-21.1258
-21.1178
-21.1104
-21.1039
-21.0988
-21.0957
-21.0956
-21.1007
-21.1153
-21.1454
-21.1991
-21.2699
-21.3342
-21.3943
-21.4648
-21.5451
-21.6211
-21.6803
-21.7115
-21.7105
-21.6807
-21.6333
-21.5792
-21.5261
-21.4776
-21.4339
-21.3993
-21.3739
-21.3502
-21.3328
-21.3268
-21.3144
-21.2904
-21.2694
-21.2626
-21.2553
-21.2523
-21.2858
-21.3458
-21.3966
-21.4051
-21.3619
-21.2886
-21.2091
-21.1487
-21.1173
-21.1091
-21.1121
-21.1164
-21.1213
-21.1231
-21.1215
-21.1121
-21.0946
-21.0719
-21.0473
-21.0253
-21.0096
-21.0107
-21.0284
-21.0618
-21.1218
-21.2029
-21.2947
-21.384
-21.452
-21.4803
-21.4693
-21.4429
-21.4278
-21.4233
-21.6641
-21.6632
-21.6606
-21.657
-21.6521
-21.6463
-21.6397
-21.6325
-21.6249
-21.6171
-21.6094
-21.602
-21.5952
-21.5893
-21.585
-21.5831
-21.586
-21.5974
-21.6268
-21.688
-21.7659
-21.8251
-21.8806
-21.9537
-22.0437
-22.1356
-22.2146
-22.2645
-22.2689
-22.2342
-22.1749
-22.1098
-22.0462
-21.9857
-21.9311
-21.8914
-21.8643
-21.8534
-21.8408
-21.8279
-21.809
-21.7697
-21.7283
-21.7007
-21.6829
-21.6969
-21.7528
-21.8199
-21.868
-21.8603
-21.8069
-21.7357
-21.6638
-21.6102
-21.5826
-21.5762
-21.5799
-21.5875
-21.5926
-21.5973
-21.5984
-21.5932
-21.5823
-21.5678
-21.5527
-21.5406
-21.5347
-21.5398
-21.5576
-21.5913
-21.6445
-21.7116
-21.7879
-21.8573
-21.9014
-21.9151
-21.9064
-21.8948
-21.8889
-21.8872
-22.152
-22.1513
-22.1489
-22.1456
-22.1412
-22.136
-22.13
-22.1234
-22.1163
-22.1089
-22.1015
-22.0941
-22.0871
-22.0808
-22.0754
-22.072
-22.0723
-22.0788
-22.1055
-22.1749
-22.2509
-22.3037
-22.3536
-22.4268
-22.5161
-22.6079
-22.6982
-22.7653
-22.7886
-22.762
-22.702
-22.63
-22.5575
-22.4839
-22.4166
-22.3722
-22.3538
-22.3546
-22.3534
-22.3378
-22.3069
-22.2532
-22.1994
-22.1614
-22.1462
-22.179
-22.2341
-22.2888
-22.3194
-22.2973
-22.248
-22.189
-22.1337
-22.0931
-22.072
-22.0648
-22.0661
-22.071
-22.0768
-22.0818
-22.0836
-22.0814
-22.0755
-22.0676
-22.0599
-22.0551
-22.0558
-22.0645
-22.0818
-22.1108
-22.153
-22.2049
-22.2591
-22.3041
-22.3346
-22.3486
-22.3524
-22.3522
-22.352
-22.3523
-22.6412
-22.6404
-22.6383
-22.6353
-22.6314
-22.6266
-22.6212
-22.6151
-22.6085
-22.6015
-22.5944
-22.5873
-22.5803
-22.5739
-22.5681
-22.5642
-22.563
-22.5664
-22.5983
-22.6719
-22.7324
-22.7784
-22.8236
-22.8925
-22.9716
-23.0526
-23.1363
-23.2044
-23.2365
-23.2301
-23.1867
-23.1214
-23.0447
-22.9649
-22.8996
-22.8628
-22.8568
-22.8616
-22.867
-22.85
-22.8034
-22.737
-22.6772
-22.6394
-22.6369
-22.6701
-22.7099
-22.7447
-22.7572
-22.7354
-22.6985
-22.656
-22.6165
-22.5869
-22.5695
-22.5621
-22.5612
-22.5642
-22.5686
-22.5725
-22.5747
-22.5746
-22.5724
-22.5692
-22.5668
-22.5668
-22.571
-22.5811
-22.5975
-22.621
-22.652
-22.6882
-22.7251
-22.7585
-22.7848
-22.8019
-22.8114
-22.816
-22.8186
-22.8199
-23.1315
-23.1306
-23.1288
-23.1261
-23.1225
-23.1182
-23.1132
-23.1076
-23.1015
-23.095
-23.0883
-23.0816
-23.075
-23.0689
-23.0636
-23.0605
-23.06
-23.0649
-23.1046
-23.1722
-23.2194
-23.2554
-23.2977
-23.3571
-23.4246
-23.4966
-23.5689
-23.631
-23.6665
-23.6696
-23.6436
-23.5935
-23.5249
-23.4548
-23.4026
-23.3767
-23.3707
-23.3736
-23.3734
-23.3485
-23.2866
-23.215
-23.1589
-23.1276
-23.1305
-23.1537
-23.1772
-23.197
-23.2014
-23.1866
-23.1618
-23.132
-23.1041
-23.0826
-23.0687
-23.0617
-23.0598
-23.0611
-23.0641
-23.0673
-23.0697
-23.071
-23.0714
-23.0715
-23.0724
-23.0754
-23.0816
-23.0919
-23.1067
-23.1262
-23.15
-23.177
-23.2048
-23.2309
-23.2524
-23.2681
-23.2786
-23.2851
-23.2889
-23.2908
-23.6228
-23.6219
-23.6203
-23.6178
-23.6146
-23.6107
-23.6061
-23.601
-23.5954
-23.5894
-23.5832
-23.5771
-23.5712
-23.5658
-23.5615
-23.5598
-23.5612
-23.5706
-23.6086
-23.6653
-23.7063
-23.7334
-23.7711
-23.8204
-23.8795
-23.9451
-24.0125
-24.0699
-24.1075
-24.1188
-24.1048
-24.0681
-24.0163
-23.963
-23.921
-23.8938
-23.879
-23.8691
-23.8525
-23.8143
-23.7492
-23.6865
-23.6412
-23.6195
-23.6219
-23.6356
-23.6502
-23.661
-23.6618
-23.6516
-23.6345
-23.6139
-23.5944
-23.5786
-23.5676
-23.5613
-23.559
-23.5596
-23.5617
-23.5645
-23.5671
-23.5694
-23.5714
-23.5735
-23.5765
-23.5812
-23.5883
-23.5984
-23.6117
-23.6281
-23.6474
-23.6685
-23.6901
-23.7103
-23.7277
-23.7416
-23.7517
-23.7585
-23.7627
-23.7648
-24.1149
-24.1142
-24.1127
-24.1105
-24.1076
-24.1041
-24.0999
-24.0952
-24.0901
-24.0847
-24.0792
-24.0737
-24.0686
-24.0641
-24.061
-24.0605
-24.0641
-24.0771
-24.1077
-24.1533
-24.187
-24.2083
-24.2382
-24.2798
-24.331
-24.3914
-24.4506
-24.5039
-24.5427
-24.5614
-24.5576
-24.5339
-24.4975
-24.4554
-24.4162
-24.3835
-24.3572
-24.3321
-24.3006
-24.2563
-24.2024
-24.1552
-24.1234
-24.1092
-24.1103
-24.1182
-24.1269
-24.1329
-24.1327
-24.1259
-24.114
-24.0997
-24.0858
-24.074
-24.0656
-24.0605
-24.0585
-24.0588
-24.0605
-24.063
-24.0658
-24.0686
-24.0716
-24.075
-24.0793
-24.0848
-24.0921
-24.1017
-24.1135
-24.1275
-24.1435
-24.1603
-24.1774
-24.1936
-24.208
-24.2199
-24.229
-24.2355
-24.2396
-24.2417
-24.608
-24.6073
-24.606
-24.604
-24.6014
-24.5982
-24.5945
-24.5903
-24.5857
-24.5809
-24.576
-24.5713
-24.5669
-24.5633
-24.5612
-24.5615
-24.5666
-24.5815
-24.6032
-24.6372
-24.6619
-24.676
-24.6994
-24.7338
-24.7784
-24.8323
-24.8861
-24.9374
-24.9775
-25.0003
-25.0039
-24.991
-24.964
-24.9272
-24.8873
-24.8499
-24.8154
-24.7814
-24.7446
-24.7033
-24.6615
-24.6276
-24.6057
-24.5963
-24.5965
-24.6014
-24.6072
-24.611
-24.6107
-24.606
-24.5979
-24.5879
-24.578
-24.5694
-24.5632
-24.5594
-24.5579
-24.5582
-24.5598
-24.5622
-24.5651
-24.5683
-24.5718
-24.5758
-24.5806
-24.5865
-24.5937
-24.6026
-24.6131
-24.625
-24.638
-24.6522
-24.6662
-24.6795
-24.6915
-24.7016
-24.7096
-24.7155
-24.7193
-24.7212
-25.1018
-25.1012
-25.1
-25.0983
-25.096
-25.0932
-25.0899
-25.0862
-25.0822
-25.078
-25.0737
-25.0696
-25.0659
-25.063
-25.0615
-25.0622
-25.0675
-25.0812
-25.098
-25.1188
-25.1333
-25.1381
-25.1583
-25.1869
-25.2281
-25.2796
-25.3364
-25.3905
-25.4343
-25.4619
-25.4711
-25.4623
-25.4375
-25.401
-25.3595
-25.3179
-25.278
-25.2395
-25.2015
-25.1646
-25.1317
-25.1064
-25.0907
-25.0841
-25.0841
-25.0875
-25.0915
-25.0941
-25.0939
-25.0907
-25.085
-25.078
-25.0709
-25.0649
-25.0605
-25.0578
-25.057
-25.0575
-25.0592
-25.0615
-25.0645
-25.0678
-25.0716
-25.076
-25.081
-25.0869
-25.0938
-25.1018
-25.1112
-25.1216
-25.1328
-25.1444
-25.1561
-25.1671
-25.1771
-25.1857
-25.1926
-25.1978
-25.2013
-25.203
-25.5964
-25.5958
-25.5948
-25.5933
-25.5913
-25.5888
-25.586
-25.5828
-25.5793
-25.5757
-25.572
-25.5685
-25.5654
-25.563
-25.5619
-25.5624
-25.5664
-25.5767
-25.5906
-25.6007
-25.6061
-25.6034
-25.6198
-25.6456
-25.6864
-25.7414
-25.8048
-25.8643
-25.9137
-25.9472
-25.9614
-25.9533
-25.9263
-25.8861
-25.8397
-25.7925
-25.7477
-25.7066
-25.6686
-25.6357
-25.6092
-25.5903
-25.5792
-25.5746
-25.5747
-25.5772
-25.58
-25.5817
-25.5814
-25.5788
-25.5745
-25.5694
-25.5644
-25.5604
-25.5575
-25.556
-25.5558
-25.5567
-25.5584
-25.5609
-25.5638
-25.5672
-25.5711
-25.5756
-25.5806
-25.5863
-25.5929
-25.6003
-25.6086
-25.6176
-25.6272
-25.637
-25.6467
-25.6559
-25.6643
-25.6716
-25.6776
-25.6821
-25.6852
-25.6867
-26.0916
-26.0911
-26.0903
-26.089
-26.0873
-26.0852
-26.0828
-26.0801
-26.0771
-26.074
-26.0709
-26.068
-26.0654
-26.0634
-26.0624
-26.0626
-26.0649
-26.0716
-26.0825
-26.0871
-26.0848
-26.0775
-26.0868
-26.111
-26.1573
-26.2198
-26.2908
-26.3557
-26.4096
-26.4489
-26.4694
-26.4648
-26.4351
-26.3882
-26.3332
-26.2779
-26.2265
-26.1806
-26.1427
-26.1126
-26.0912
-26.0776
-26.0702
-26.0673
-26.0676
-26.0695
-26.0716
-26.0727
-26.0719
-26.0693
-26.0658
-26.062
-26.0587
-26.0562
-26.0547
-26.0541
-26.0545
-26.0557
-26.0576
-26.0601
-26.063
-26.0665
-26.0703
-26.0747
-26.0796
-26.085
-26.0912
-26.0979
-26.1052
-26.1131
-26.1213
-26.1297
-26.1379
-26.1457
-26.1528
-26.159
-26.1642
-26.1681
-26.1707
-26.1721
-26.5874
-26.587
-26.5863
-26.5853
-26.5838
-26.5821
-26.5801
-26.5779
-26.5755
-26.573
-26.5704
-26.568
-26.5659
-26.5642
-26.5633
-26.5632
-26.5641
-26.5678
-26.5759
-26.5796
-26.5704
-26.556
-26.5571
-26.5826
-26.6364
-26.7112
-26.7906
-26.8612
-26.9187
-26.9656
-26.9959
-26.9984
-26.9691
-26.9153
-26.8495
-26.7829
-26.7216
-26.6694
-26.6279
-26.5976
-26.5782
-26.5679
-26.5631
-26.5617
-26.5621
-26.5635
-26.5649
-26.5652
-26.5638
-26.5614
-26.5586
-26.556
-26.554
-26.5527
-26.5522
-26.5523
-26.5532
-26.5546
-26.5566
-26.5591
-26.5621
-26.5654
-26.5692
-26.5734
-26.578
-26.5832
-26.5888
-26.5949
-26.6015
-26.6084
-26.6155
-26.6226
-26.6296
-26.6363
-26.6424
-26.6477
-26.6521
-26.6555
-26.6578
-26.6589
-27.0838
-27.0835
-27.0829
-27.0821
-27.0809
-27.0796
-27.078
-27.0763
-27.0744
-27.0724
-27.0704
-27.0686
-27.0669
-27.0656
-27.0648
-27.0645
-27.0647
-27.0658
-27.0709
-27.0769
-27.065
-27.0399
-27.0296
-27.0598
-27.1194
-27.2061
-27.2973
-27.3754
-27.4395
-27.4965
-27.5399
-27.5539
-27.5286
-27.4687
-27.3892
-27.3087
-27.2346
-27.1725
-27.125
-27.0918
-27.0713
-27.0615
-27.0578
-27.0571
-27.0577
-27.0586
-27.0591
-27.0584
-27.0569
-27.0549
-27.0529
-27.0513
-27.0503
-27.0499
-27.05
-27.0507
-27.0519
-27.0535
-27.0555
-27.058
-27.0609
-27.0641
-27.0678
-27.0717
-27.0761
-27.0809
-27.086
-27.0915
-27.0974
-27.1034
-27.1096
-27.1158
-27.1219
-27.1276
-27.1328
-27.1373
-27.1411
-27.144
-27.146
-27.147
-27.5806
-27.5804
-27.5799
-27.5793
-27.5785
-27.5775
-27.5763
-27.575
-27.5737
-27.5723
-27.5709
-27.5697
-27.5685
-27.5677
-27.5671
-27.567
-27.5671
-27.5674
-27.5709
-27.5784
-27.5705
-27.5382
-27.5126
-27.5413
-27.6044
-27.7005
-27.8053
-27.8957
-27.9694
-28.0372
-28.0983
-28.1326
-28.1223
-28.063
-27.9662
-27.8588
-27.7639
-27.686
-27.6301
-27.5935
-27.5699
-27.5582
-27.5539
-27.5532
-27.5537
-27.5542
-27.5539
-27.553
-27.5516
-27.5501
-27.5487
-27.5479
-27.5475
-27.5477
-27.5482
-27.5492
-27.5505
-27.5523
-27.5543
-27.5568
-27.5595
-27.5626
-27.566
-27.5698
-27.5738
-27.5782
-27.5829
-27.5879
-27.5931
-27.5985
-27.6039
-27.6093
-27.6145
-27.6194
-27.6239
-27.6278
-27.6311
-27.6336
-27.6353
-27.6361
-28.0777
-28.0776
-28.0773
-28.0769
-28.0763
-28.0757
-28.0749
-28.0741
-28.0733
-28.0726
-28.0719
-28.0712
-28.0707
-28.0704
-28.0704
-28.0707
-28.0713
-28.0721
-28.0749
-28.0836
-28.0848
-28.0547
-28.0151
-28.0223
-28.0872
-28.1918
-28.314
-28.4231
-28.512
-28.5916
-28.6659
-28.7224
-28.7351
-28.6854
-28.5784
-28.4416
-28.313
-28.2095
-28.139
-28.0989
-28.0722
-28.0578
-28.0517
-28.05
-28.0502
-28.0505
-28.0501
-28.0491
-28.0479
-28.0467
-28.0458
-28.0455
-28.0455
-28.046
-28.0468
-28.0479
-28.0493
-28.051
-28.053
-28.0554
-28.058
-28.0609
-28.0641
-28.0676
-28.0714
-28.0754
-28.0797
-28.0841
-28.0888
-28.0935
-28.0983
-28.103
-28.1075
-28.1117
-28.1156
-28.119
-28.1218
-28.1239
-28.1254
-28.1261
-28.5751
-28.575
-28.5749
-28.5747
-28.5744
-28.5741
-28.5738
-28.5735
-28.5733
-28.5731
-28.5731
-28.5732
-28.5735
-28.5739
-28.5746
-28.5756
-28.577
-28.579
-28.5823
-28.5903
-28.5998
-28.584
-28.5383
-28.5088
-28.5634
-28.6789
-28.8217
-28.9549
-29.0648
-29.1561
-29.2372
-29.305
-29.3297
-29.288
-29.1801
-29.0314
-28.8774
-28.7431
-28.649
-28.6047
-28.5765
-28.5594
-28.5516
-28.5485
-28.5479
-28.5481
-28.5477
-28.5469
-28.5458
-28.5448
-28.5441
-28.544
-28.5442
-28.5448
-28.5456
-28.5467
-28.5481
-28.5498
-28.5517
-28.5539
-28.5563
-28.5591
-28.562
-28.5653
-28.5687
-28.5724
-28.5762
-28.5803
-28.5844
-28.5886
-28.5928
-28.5969
-28.6008
-28.6045
-28.6078
-28.6107
-28.6131
-28.615
-28.6162
-28.6169
-29.0727
-29.0727
-29.0727
-29.0727
-29.0727
-29.0727
-29.0728
-29.0731
-29.0734
-29.0739
-29.0746
-29.0755
-29.0765
-29.0778
-29.0794
-29.0815
-29.084
-29.087
-29.0914
-29.0985
-29.1076
-29.111
-29.0845
-29.0285
-29.0214
-29.1672
-29.3256
-29.4819
-29.6107
-29.7108
-29.7937
-29.8568
-29.877
-29.8363
-29.7311
-29.5764
-29.4181
-29.2746
-29.161
-29.1098
-29.082
-29.063
-29.0536
-29.0491
-29.0476
-29.0474
-29.047
-29.0461
-29.0451
-29.0441
-29.0435
-29.0433
-29.0435
-29.044
-29.0447
-29.0457
-29.047
-29.0485
-29.0503
-29.0523
-29.0546
-29.0571
-29.0598
-29.0628
-29.0659
-29.0692
-29.0727
-29.0763
-29.08
-29.0837
-29.0873
-29.0909
-29.0943
-29.0975
-29.1004
-29.1029
-29.105
-29.1066
-29.1077
-29.1083
-29.5704
-29.5705
-29.5706
-29.5708
-29.571
-29.5714
-29.572
-29.5727
-29.5736
-29.5747
-29.5761
-29.5778
-29.5798
-29.5821
-29.5848
-29.588
-29.5919
-29.5964
-29.6018
-29.6091
-29.6188
-29.6285
-29.6349
-29.6013
-29.519
-29.672
-29.8276
-29.9941
-30.1356
-30.2385
-30.3138
-30.3606
-30.3665
-30.3167
-30.2101
-30.0556
-29.9041
-29.7822
-29.674
-29.615
-29.5888
-29.5689
-29.558
-29.5521
-29.5494
-29.5484
-29.5477
-29.5466
-29.5453
-29.5442
-29.5434
-29.5431
-29.5431
-29.5434
-29.5441
-29.5449
-29.5459
-29.5473
-29.5489
-29.5507
-29.5528
-29.555
-29.5575
-29.5601
-29.563
-29.566
-29.5691
-29.5723
-29.5755
-29.5788
-29.582
-29.5851
-29.5881
-29.5909
-29.5934
-29.5956
-29.5974
-29.5988
-29.5997
-29.6002
-30.0682
-30.0683
-30.0685
-30.0689
-30.0694
-30.0701
-30.071
-30.0722
-30.0737
-30.0754
-30.0776
-30.08
-30.083
-30.0864
-30.0904
-30.095
-30.1004
-30.1067
-30.1139
-30.1225
-30.1343
-30.1479
-30.1696
-30.1873
-30.1166
-30.1929
-30.3279
-30.4838
-30.6236
-30.7242
-30.7884
-30.8161
-30.801
-30.7381
-30.63
-30.4924
-30.3549
-30.2606
-30.1804
-30.1239
-30.0982
-30.0779
-30.065
-30.0574
-30.0532
-30.0511
-30.0496
-30.048
-30.0463
-30.0448
-30.0437
-30.0431
-30.0429
-30.0429
-30.0433
-30.0439
-30.0448
-30.0459
-30.0473
-30.0489
-30.0508
-30.0528
-30.055
-30.0574
-30.0599
-30.0626
-30.0653
-30.0682
-30.071
-30.0739
-30.0768
-30.0795
-30.0821
-30.0845
-30.0867
-30.0886
-30.0902
-30.0914
-30.0923
-30.0927
-30.5659
-30.566
-30.5664
-30.5669
-30.5677
-30.5687
-30.57
-30.5715
-30.5735
-30.5758
-30.5787
-30.582
-30.586
-30.5906
-30.5959
-30.602
-30.6092
-30.6175
-30.6271
-30.6381
-30.6524
-30.6697
-30.6973
-30.7363
-30.7258
-30.7011
-30.8177
-30.9487
-31.0617
-31.1512
-31.2032
-31.2149
-31.1875
-31.1231
-31.0323
-30.9263
-30.818
-30.7387
-30.6862
-30.6381
-30.6109
-30.5893
-30.5743
-30.5646
-30.5587
-30.555
-30.5524
-30.55
-30.5477
-30.5457
-30.5442
-30.5432
-30.5427
-30.5424
-30.5425
-30.5429
-30.5436
-30.5445
-30.5456
-30.547
-30.5486
-30.5504
-30.5524
-30.5545
-30.5567
-30.5591
-30.5615
-30.5641
-30.5666
-30.5692
-30.5716
-30.5741
-30.5763
-30.5785
-30.5804
-30.582
-30.5834
-30.5845
-30.5852
-30.5855
-31.0635
-31.0637
-31.0641
-31.0648
-31.0657
-31.067
-31.0686
-31.0706
-31.073
-31.0759
-31.0794
-31.0836
-31.0885
-31.0942
-31.1009
-31.1088
-31.1179
-31.1284
-31.1408
-31.1551
-31.172
-31.1918
-31.2193
-31.2533
-31.2596
-31.2059
-31.3075
-31.3912
-31.4549
-31.5192
-31.5591
-31.5664
-31.5454
-31.5054
-31.4459
-31.3768
-31.3037
-31.2424
-31.1988
-31.1539
-31.1245
-31.1012
-31.0843
-31.0727
-31.0649
-31.0597
-31.0557
-31.0522
-31.0492
-31.0467
-31.0448
-31.0433
-31.0424
-31.0418
-31.0417
-31.0418
-31.0422
-31.0429
-31.0438
-31.045
-31.0464
-31.0479
-31.0496
-31.0515
-31.0535
-31.0556
-31.0577
-31.06
-31.0622
-31.0645
-31.0666
-31.0688
-31.0708
-31.0726
-31.0743
-31.0757
-31.0769
-31.0778
-31.0784
-31.0788
-31.5609
-31.5611
-31.5616
-31.5624
-31.5636
-31.565
-31.5669
-31.5692
-31.572
-31.5754
-31.5795
-31.5844
-31.5902
-31.5971
-31.6052
-31.6148
-31.626
-31.6393
-31.655
-31.6734
-31.6946
-31.7191
-31.7459
-31.7733
-31.7942
-31.7631
-31.8215
-31.8248
-31.8313
-31.8661
-31.8982
-31.9104
-31.9155
-31.9036
-31.8786
-31.8441
-31.7971
-31.7568
-31.7071
-31.6653
-31.6351
-31.6111
-31.5931
-31.5801
-31.5708
-31.5641
-31.5588
-31.5543
-31.5506
-31.5475
-31.5451
-31.5433
-31.542
-31.5411
-31.5407
-31.5405
-31.5407
-31.5412
-31.5419
-31.5428
-31.544
-31.5453
-31.5468
-31.5484
-31.5502
-31.552
-31.5539
-31.5559
-31.5578
-31.5598
-31.5617
-31.5636
-31.5653
-31.5669
-31.5684
-31.5696
-31.5707
-31.5715
-31.572
-31.5722
-32.058
-32.0583
-32.0589
-32.0598
-32.0611
-32.0627
-32.0648
-32.0673
-32.0705
-32.0743
-32.0789
-32.0844
-32.091
-32.0989
-32.1083
-32.1196
-32.133
-32.1494
-32.1697
-32.1941
-32.223
-32.258
-32.2894
-32.3284
-32.379
-32.3862
-32.3637
-32.2624
-32.2234
-32.2359
-32.2623
-32.2859
-32.3111
-32.3246
-32.3271
-32.3159
-32.2902
-32.2582
-32.2043
-32.1695
-32.1408
-32.1177
-32.0995
-32.0857
-32.0754
-32.0675
-32.0611
-32.0558
-32.0515
-32.048
-32.0452
-32.043
-32.0414
-32.0402
-32.0395
-32.0391
-32.0391
-32.0393
-32.0398
-32.0406
-32.0415
-32.0426
-32.0439
-32.0453
-32.0468
-32.0484
-32.05
-32.0517
-32.0535
-32.0552
-32.0569
-32.0585
-32.06
-32.0614
-32.0626
-32.0637
-32.0646
-32.0653
-32.0658
-32.066
-32.555
-32.5553
-32.5559
-32.5569
-32.5583
-32.56
-32.5622
-32.565
-32.5683
-32.5724
-32.5774
-32.5833
-32.5904
-32.5991
-32.6096
-32.6224
-32.6383
-32.6583
-32.6843
-32.7185
-32.7643
-32.8171
-32.8751
-32.9695
-33.0368
-33.0385
-32.8865
-32.7103
-32.648
-32.6398
-32.6652
-32.7052
-32.7339
-32.7742
-32.7926
-32.7877
-32.7729
-32.7394
-32.7007
-32.6689
-32.6424
-32.6205
-32.6029
-32.5889
-32.5781
-32.5694
-32.5624
-32.5566
-32.5518
-32.5479
-32.5448
-32.5423
-32.5404
-32.539
-32.5381
-32.5375
-32.5372
-32.5373
-32.5376
-32.5381
-32.5388
-32.5397
-32.5408
-32.542
-32.5433
-32.5446
-32.5461
-32.5476
-32.5491
-32.5506
-32.552
-32.5534
-32.5547
-32.556
-32.5571
-32.558
-32.5588
-32.5594
-32.5598
-32.56
-33.0517
-33.052
-33.0527
-33.0537
-33.0551
-33.0569
-33.0592
-33.062
-33.0655
-33.0697
-33.0748
-33.0809
-33.0884
-33.0975
-33.1087
-33.1226
-33.1404
-33.163
-33.1949
-33.2405
-33.3089
-33.3963
-33.5222
-33.6564
-33.6896
-33.6255
-33.3812
-33.182
-33.1037
-33.0805
-33.1148
-33.1638
-33.2145
-33.2528
-33.2718
-33.269
-33.2507
-33.2213
-33.1911
-33.1637
-33.1401
-33.12
-33.1033
-33.0898
-33.0788
-33.0699
-33.0625
-33.0564
-33.0513
-33.0472
-33.0438
-33.0412
-33.0391
-33.0375
-33.0363
-33.0355
-33.0351
-33.035
-33.0351
-33.0354
-33.036
-33.0367
-33.0376
-33.0386
-33.0397
-33.0408
-33.0421
-33.0434
-33.0447
-33.046
-33.0472
-33.0485
-33.0496
-33.0507
-33.0516
-33.0524
-33.0531
-33.0536
-33.054
-33.0542
-33.5481
-33.5484
-33.5491
-33.5501
-33.5515
-33.5534
-33.5557
-33.5585
-33.5619
-33.5661
-33.5712
-33.5773
-33.5847
-33.5937
-33.6049
-33.6191
-33.6375
-33.6624
-33.6984
-33.7501
-33.838
-33.9632
-34.1395
-34.2625
-34.255
-34.1151
-33.8522
-33.6787
-33.6008
-33.592
-33.626
-33.6706
-33.7243
-33.7546
-33.7595
-33.7493
-33.7284
-33.7037
-33.6789
-33.6557
-33.6349
-33.6167
-33.6013
-33.5884
-33.5777
-33.5688
-33.5614
-33.5552
-33.5501
-33.5458
-33.5423
-33.5395
-33.5373
-33.5355
-33.5342
-33.5333
-33.5328
-33.5325
-33.5324
-33.5326
-33.533
-33.5336
-33.5343
-33.5351
-33.536
-33.537
-33.5381
-33.5392
-33.5403
-33.5414
-33.5425
-33.5436
-33.5446
-33.5455
-33.5463
-33.547
-33.5476
-33.5481
-33.5484
-33.5485
-34.0442
-34.0445
-34.0452
-34.0462
-34.0476
-34.0494
-34.0516
-34.0543
-34.0577
-34.0617
-34.0665
-34.0723
-34.0793
-34.0878
-34.0984
-34.1117
-34.1289
-34.1524
-34.1869
-34.2419
-34.3334
-34.4718
-34.6257
-34.71
-34.6768
-34.5437
-34.3534
-34.2241
-34.1739
-34.1801
-34.1873
-34.2157
-34.2469
-34.2541
-34.2437
-34.2277
-34.2085
-34.1871
-34.166
-34.1459
-34.1276
-34.1114
-34.0973
-34.0852
-34.0751
-34.0665
-34.0592
-34.0531
-34.048
-34.0437
-34.0402
-34.0374
-34.035
-34.0332
-34.0319
-34.0308
-34.0302
-34.0298
-34.0296
-34.0297
-34.0299
-34.0303
-34.0309
-34.0316
-34.0323
-34.0332
-34.0341
-34.035
-34.036
-34.0369
-34.0379
-34.0388
-34.0397
-34.0404
-34.0412
-34.0418
-34.0423
-34.0427
-34.043
-34.0431
-34.54
-34.5403
-34.5409
-34.5419
-34.5432
-34.5449
-34.547
-34.5496
-34.5527
-34.5564
-34.5608
-34.5661
-34.5724
-34.58
-34.5892
-34.6007
-34.6153
-34.6346
-34.6625
-34.7087
-34.7859
-34.8909
-34.9868
-35.0315
-35.0334
-34.996
-34.9047
-34.8332
-34.8059
-34.7904
-34.7787
-34.7774
-34.7669
-34.7503
-34.73
-34.7098
-34.6904
-34.6712
-34.6526
-34.635
-34.6189
-34.6044
-34.5916
-34.5806
-34.5711
-34.563
-34.5561
-34.5502
-34.5452
-34.5411
-34.5376
-34.5348
-34.5325
-34.5306
-34.5292
-34.5281
-34.5274
-34.5269
-34.5266
-34.5266
-34.5267
-34.527
-34.5275
-34.528
-34.5286
-34.5293
-34.5301
-34.5309
-34.5317
-34.5325
-34.5333
-34.5341
-34.5348
-34.5355
-34.5361
-34.5367
-34.5371
-34.5374
-34.5377
-34.5378
-35.0355
-35.0358
-35.0364
-35.0373
-35.0385
-35.0401
-35.042
-35.0444
-35.0471
-35.0505
-35.0543
-35.0589
-35.0644
-35.0707
-35.0783
-35.0873
-35.0984
-35.112
-35.1306
-35.1611
-35.209
-35.2626
-35.305
-35.3435
-35.4169
-35.4919
-35.4973
-35.4709
-35.4369
-35.4005
-35.3634
-35.3187
-35.277
-35.2431
-35.2151
-35.1924
-35.173
-35.1553
-35.1387
-35.1232
-35.109
-35.0961
-35.0847
-35.0747
-35.066
-35.0585
-35.052
-35.0465
-35.0418
-35.0378
-35.0345
-35.0317
-35.0295
-35.0277
-35.0263
-35.0252
-35.0244
-35.0238
-35.0235
-35.0234
-35.0235
-35.0237
-35.024
-35.0244
-35.0249
-35.0255
-35.0261
-35.0267
-35.0274
-35.0281
-35.0288
-35.0295
-35.0301
-35.0307
-35.0312
-35.0316
-35.032
-35.0323
-35.0325
-35.0326
-35.5307
-35.531
-35.5316
-35.5324
-35.5335
-35.5349
-35.5366
-35.5387
-35.5411
-35.544
-35.5473
-35.5511
-35.5555
-35.5606
-35.5663
-35.5728
-35.5801
-35.5883
-35.5983
-35.6134
-35.6336
-35.6498
-35.6616
-35.7078
-35.8299
-35.9835
-36.0758
-36.072
-36.0298
-35.9735
-35.8992
-35.8242
-35.7684
-35.7263
-35.696
-35.6734
-35.655
-35.6389
-35.6241
-35.6105
-35.5981
-35.5868
-35.5767
-35.5678
-35.56
-35.5531
-35.5472
-35.5421
-35.5378
-35.534
-35.5309
-35.5283
-35.5262
-35.5245
-35.5231
-35.522
-35.5212
-35.5206
-35.5203
-35.5201
-35.5201
-35.5202
-35.5204
-35.5207
-35.5211
-35.5215
-35.522
-35.5226
-35.5232
-35.5237
-35.5243
-35.5248
-35.5254
-35.5258
-35.5263
-35.5266
-35.527
-35.5272
-35.5274
-35.5274
-36.0258
-36.026
-36.0265
-36.0272
-36.0282
-36.0294
-36.0309
-36.0326
-36.0347
-36.0371
-36.0398
-36.0429
-36.0463
-36.05
-36.0541
-36.0583
-36.0626
-36.0668
-36.0707
-36.0753
-36.0795
-36.079
-36.0797
-36.1204
-36.2409
-36.4082
-36.5459
-36.573
-36.531
-36.4598
-36.3717
-36.2949
-36.2384
-36.1992
-36.1722
-36.1522
-36.1359
-36.1217
-36.1089
-36.0971
-36.0864
-36.0767
-36.0679
-36.0601
-36.0531
-36.047
-36.0417
-36.0371
-36.0332
-36.0298
-36.0269
-36.0245
-36.0225
-36.0209
-36.0196
-36.0186
-36.0178
-36.0172
-36.0168
-36.0166
-36.0165
-36.0165
-36.0167
-36.0169
-36.0172
-36.0175
-36.018
-36.0184
-36.0188
-36.0193
-36.0198
-36.0202
-36.0206
-36.021
-36.0214
-36.0217
-36.022
-36.0222
-36.0223
-36.0224
-36.5206
-36.5208
-36.5212
-36.5218
-36.5226
-36.5236
-36.5249
-36.5264
-36.5281
-36.53
-36.5321
-36.5345
-36.537
-36.5396
-36.5422
-36.5447
-36.5469
-36.5484
-36.549
-36.5486
-36.5468
-36.543
-36.543
-36.5689
-36.6514
-36.7787
-36.8935
-36.9368
-36.9128
-36.8582
-36.7926
-36.7365
-36.6952
-36.6663
-36.6455
-36.6293
-36.6157
-36.6037
-36.5929
-36.5831
-36.574
-36.5658
-36.5583
-36.5516
-36.5456
-36.5403
-36.5357
-36.5316
-36.5281
-36.5251
-36.5225
-36.5204
-36.5186
-36.5171
-36.5159
-36.5149
-36.5142
-36.5136
-36.5132
-36.513
-36.5128
-36.5128
-36.5129
-36.513
-36.5132
-36.5135
-36.5138
-36.5141
-36.5145
-36.5149
-36.5152
-36.5156
-36.5159
-36.5163
-36.5166
-36.5168
-36.517
-36.5172
-36.5173
-36.5174
-37.0153
-37.0154
-37.0157
-37.0162
-37.0169
-37.0177
-37.0187
-37.0199
-37.0213
-37.0227
-37.0243
-37.026
-37.0278
-37.0295
-37.0311
-37.0323
-37.0332
-37.0333
-37.0325
-37.0307
-37.0279
-37.025
-37.0262
-37.0415
-37.0844
-37.1548
-37.2251
-37.263
-37.2627
-37.2382
-37.206
-37.1757
-37.1513
-37.1325
-37.1176
-37.1053
-37.0947
-37.0851
-37.0765
-37.0685
-37.0612
-37.0544
-37.0482
-37.0427
-37.0376
-37.0332
-37.0292
-37.0257
-37.0227
-37.0201
-37.0178
-37.0159
-37.0143
-37.013
-37.0119
-37.0111
-37.0104
-37.0098
-37.0094
-37.0092
-37.009
-37.0089
-37.0089
-37.009
-37.0092
-37.0094
-37.0096
-37.0098
-37.0101
-37.0104
-37.0107
-37.011
-37.0113
-37.0115
-37.0118
-37.012
-37.0121
-37.0123
-37.0124
-37.0124
-37.5098
-37.5099
-37.5101
-37.5105
-37.511
-37.5117
-37.5125
-37.5133
-37.5143
-37.5154
-37.5165
-37.5177
-37.5188
-37.5198
-37.5207
-37.5212
-37.5213
-37.5209
-37.5198
-37.5181
-37.516
-37.5146
-37.5164
-37.5259
-37.5469
-37.5809
-37.618
-37.6452
-37.655
-37.6505
-37.6374
-37.6237
-37.6107
-37.5993
-37.5895
-37.5809
-37.5732
-37.5661
-37.5596
-37.5535
-37.5479
-37.5426
-37.5378
-37.5333
-37.5292
-37.5256
-37.5224
-37.5195
-37.517
-37.5148
-37.5129
-37.5112
-37.5099
-37.5087
-37.5078
-37.507
-37.5064
-37.5059
-37.5055
-37.5053
-37.5051
-37.505
-37.505
-37.505
-37.5051
-37.5052
-37.5054
-37.5055
-37.5057
-37.506
-37.5062
-37.5064
-37.5066
-37.5068
-37.507
-37.5071
-37.5073
-37.5074
-37.5075
-37.5075
-38.0042
-38.0043
-38.0045
-38.0047
-38.0051
-38.0055
-38.0061
-38.0067
-38.0074
-38.0081
-38.0088
-38.0095
-38.0102
-38.0107
-38.0111
-38.0112
-38.011
-38.0105
-38.0096
-38.0084
-38.0073
-38.0069
-38.0088
-38.0148
-38.0263
-38.0436
-38.0632
-38.0799
-38.0889
-38.0902
-38.0863
-38.0799
-38.0734
-38.0673
-38.0616
-38.0564
-38.0515
-38.0469
-38.0425
-38.0383
-38.0343
-38.0305
-38.027
-38.0236
-38.0205
-38.0177
-38.0152
-38.0129
-38.0109
-38.0092
-38.0076
-38.0063
-38.0052
-38.0042
-38.0035
-38.0028
-38.0023
-38.0019
-38.0015
-38.0013
-38.0011
-38.001
-38.001
-38.0009
-38.001
-38.001
-38.0011
-38.0013
-38.0014
-38.0015
-38.0017
-38.0018
-38.002
-38.0021
-38.0022
-38.0024
-38.0025
-38.0025
-38.0026
-38.0026
-38.4985
-38.4986
-38.4987
-38.4989
-38.4991
-38.4993
-38.4997
-38.5
-38.5004
-38.5008
-38.5012
-38.5016
-38.5019
-38.5021
-38.5022
-38.5022
-38.5019
-38.5015
-38.501
-38.5003
-38.4998
-38.4999
-38.5012
-38.5047
-38.5107
-38.5192
-38.5287
-38.5371
-38.5423
-38.544
-38.5431
-38.5408
-38.5384
-38.5362
-38.5341
-38.532
-38.5299
-38.5277
-38.5254
-38.523
-38.5207
-38.5183
-38.5159
-38.5137
-38.5115
-38.5096
-38.5078
-38.5061
-38.5046
-38.5033
-38.5022
-38.5012
-38.5003
-38.4996
-38.499
-38.4985
-38.4981
-38.4978
-38.4975
-38.4973
-38.4971
-38.497
-38.4969
-38.4969
-38.4969
-38.4969
-38.497
-38.497
-38.4971
-38.4972
-38.4972
-38.4973
-38.4974
-38.4975
-38.4976
-38.4976
-38.4977
-38.4977
-38.4978
-38.4978
-38.9929
-38.9929
-38.9929
-38.993
-38.993
-38.9931
-38.9932
-38.9933
-38.9934
-38.9935
-38.9937
-38.9937
-38.9938
-38.9938
-38.9937
-38.9936
-38.9935
-38.9933
-38.9931
-38.993
-38.993
-38.9933
-38.994
-38.9952
-38.997
-38.9993
-39.0018
-39.004
-39.0054
-39.0059
-39.0057
-39.0054
-39.0057
-39.0066
-39.0075
-39.0082
-39.0085
-39.0085
-39.0082
-39.0076
-39.0068
-39.0058
-39.0047
-39.0036
-39.0024
-39.0013
-39.0002
-38.9992
-38.9983
-38.9975
-38.9967
-38.9961
-38.9955
-38.995
-38.9946
-38.9943
-38.994
-38.9938
-38.9936
-38.9934
-38.9933
-38.9931
-38.9931
-38.993
-38.9929
-38.9929
-38.9929
-38.9929
-38.9929
-38.9929
-38.9929
-38.9929
-38.9929
-38.993
-38.993
-38.993
-38.993
-38.993
-38.993
-38.993
)
;

boundaryField
{
    lowerWall
    {
        type            calculated;
        value           nonuniform List<scalar> 
80
(
7280.54
7280.16
7279.37
7278.17
7276.6
7274.73
7272.65
7270.43
7268.19
7266.01
7263.99
7262.21
7260.74
7259.63
7258.92
7258.63
7258.78
7259.37
7260.38
7261.78
7263.53
7265.6
7267.93
7270.48
7273.18
7275.97
7278.82
7281.66
7284.45
7287.14
7289.69
7292.08
7294.27
7296.24
7297.97
7299.44
7300.64
7301.57
7302.2
7302.55
7302.6
7302.36
7301.82
7300.98
7299.86
7298.46
7296.79
7294.88
7292.73
7290.37
7287.85
7285.18
7282.42
7279.62
7276.82
7274.07
7271.45
7269
7266.78
7264.85
7263.26
7262.04
7261.24
7260.88
7260.97
7261.51
7262.47
7263.85
7265.58
7267.61
7269.87
7272.27
7274.72
7277.13
7279.38
7281.38
7283.05
7284.33
7285.17
7285.57
)
;
    }
    rightWall
    {
        type            calculated;
        value           nonuniform List<scalar> 
80
(
7104.09
6741.5
6379.34
6017.66
5656.48
5295.87
4935.91
4576.67
4218.25
3860.76
3504.33
3149.19
2795.8
2444.79
2096.87
1752.72
1413.27
1078.86
748.63
432.111
162.348
12.2757
-10.4748
-10.7505
-11.2197
-11.8372
-12.5424
-13.2688
-13.9812
-14.6587
-15.283
-15.8415
-16.3337
-16.7717
-17.18
-17.5873
-18.0263
-18.515
-19.0188
-19.5174
-20.0067
-20.4861
-20.9574
-21.4233
-21.8872
-22.3523
-22.8199
-23.2908
-23.7648
-24.2417
-24.7212
-25.203
-25.6867
-26.1721
-26.6589
-27.147
-27.6361
-28.1261
-28.6169
-29.1083
-29.6002
-30.0927
-30.5855
-31.0788
-31.5722
-32.066
-32.56
-33.0542
-33.5485
-34.0431
-34.5378
-35.0326
-35.5274
-36.0224
-36.5174
-37.0124
-37.5075
-38.0026
-38.4978
-38.993
)
;
    }
    atmosphere
    {
        type            calculated;
        value           nonuniform List<scalar> 
80
(
-39.24
-39.24
-39.24
-39.24
-39.24
-39.24
-39.24
-39.24
-39.24
-39.24
-39.24
-39.24
-39.24
-39.24
-39.24
-39.24
-39.24
-39.24
-39.24
-39.24
-39.24
-39.24
-39.24
-39.24
-39.24
-39.2401
-39.24
-39.24
-39.24
-39.24
-39.24
-39.2402
-39.2414
-39.2431
-39.2449
-39.2465
-39.2478
-39.2488
-39.2494
-39.2497
-39.2497
-39.2494
-39.249
-39.2485
-39.2478
-39.2471
-39.2465
-39.2458
-39.2452
-39.2446
-39.2441
-39.2436
-39.2432
-39.2429
-39.2426
-39.2423
-39.2421
-39.2419
-39.2417
-39.2416
-39.2414
-39.2413
-39.2412
-39.2411
-39.2411
-39.241
-39.241
-39.2409
-39.2409
-39.2409
-39.2408
-39.2408
-39.2408
-39.2408
-39.2408
-39.2408
-39.2408
-39.2407
-39.2407
-39.2407
)
;
    }
    leftWall
    {
        type            calculated;
        value           nonuniform List<scalar> 
80
(
7099.05
6736.44
6374.25
6012.49
5651.23
5290.52
4930.44
4571.08
4212.55
3854.99
3498.54
3143.48
2790.32
2439.72
2092.38
1749.01
1410.54
1077.72
750.138
436.543
169.746
18.52
-10.3422
-10.5994
-11.1532
-11.9843
-12.8337
-13.4858
-13.95
-14.386
-14.886
-15.4172
-15.9276
-16.4112
-16.8782
-17.3467
-17.8219
-18.2982
-18.774
-19.2504
-19.7288
-20.2097
-20.6927
-21.1776
-21.6641
-22.152
-22.6412
-23.1315
-23.6228
-24.1149
-24.608
-25.1018
-25.5964
-26.0916
-26.5874
-27.0838
-27.5806
-28.0777
-28.5751
-29.0727
-29.5704
-30.0682
-30.5659
-31.0635
-31.5609
-32.058
-32.555
-33.0517
-33.5481
-34.0442
-34.54
-35.0355
-35.5307
-36.0258
-36.5206
-37.0153
-37.5098
-38.0042
-38.4985
-38.9929
)
;
    }
    frontAndBack
    {
        type            empty;
    }
}


// ************************************************************************* //
