/*--------------------------------*- C++ -*----------------------------------*\
| =========                 |                                                 |
| \\      /  F ield         | OpenFOAM: The Open Source CFD Toolbox           |
|  \\    /   O peration     | Version:  2412                                  |
|   \\  /    A nd           | Website:  www.openfoam.com                      |
|    \\/     M anipulation  |                                                 |
\*---------------------------------------------------------------------------*/
FoamFile
{
    version     2.0;
    format      ascii;
    arch        "LSB;label=32;scalar=64";
    class       volScalarField;
    location    "3.55";
    object      p;
}
// * * * * * * * * * * * * * * * * * * * * * * * * * * * * * * * * * * * * * //

dimensions      [1 -1 -2 0 0 0 0];

internalField   nonuniform List<scalar> 
6400
(
8188.77
8188.91
8188.9
8188.62
8188.06
8187.25
8186.2
8184.96
8183.54
8181.97
8180.26
8178.43
8176.5
8174.48
8172.38
8170.23
8168.02
8165.79
8163.55
8161.3
8159.07
8156.88
8154.74
8152.66
8150.65
8148.73
8146.91
8145.19
8143.59
8142.11
8140.76
8139.54
8138.45
8137.49
8136.68
8135.99
8135.45
8135.04
8134.77
8134.63
8134.62
8134.75
8135.01
8135.4
8135.93
8136.59
8137.39
8138.31
8139.38
8140.57
8141.89
8143.34
8144.9
8146.58
8148.37
8150.25
8152.22
8154.27
8156.38
8158.53
8160.72
8162.93
8165.15
8167.35
8169.52
8171.65
8173.72
8175.72
8177.63
8179.43
8181.11
8182.66
8184.06
8185.28
8186.3
8187.09
8187.63
8187.89
8187.89
8187.74
7771.7
7771.84
7771.82
7771.53
7770.98
7770.19
7769.17
7767.95
7766.55
7765
7763.3
7761.48
7759.55
7757.53
7755.44
7753.28
7751.08
7748.85
7746.6
7744.37
7742.15
7739.96
7737.83
7735.75
7733.76
7731.85
7730.03
7728.33
7726.74
7725.26
7723.92
7722.7
7721.62
7720.67
7719.85
7719.17
7718.63
7718.22
7717.94
7717.8
7717.8
7717.93
7718.19
7718.58
7719.11
7719.77
7720.57
7721.49
7722.55
7723.74
7725.06
7726.5
7728.06
7729.73
7731.51
7733.38
7735.34
7737.37
7739.47
7741.62
7743.8
7746.01
7748.21
7750.41
7752.58
7754.71
7756.78
7758.77
7760.67
7762.47
7764.14
7765.67
7767.04
7768.24
7769.23
7770.01
7770.54
7770.81
7770.82
7770.67
7354.78
7354.94
7354.92
7354.63
7354.08
7353.29
7352.29
7351.08
7349.69
7348.14
7346.44
7344.61
7342.68
7340.64
7338.53
7336.36
7334.15
7331.91
7329.66
7327.41
7325.19
7323
7320.86
7318.79
7316.8
7314.89
7313.08
7311.38
7309.79
7308.32
7306.98
7305.77
7304.69
7303.74
7302.93
7302.25
7301.71
7301.3
7301.03
7300.89
7300.88
7301.01
7301.27
7301.67
7302.2
7302.86
7303.65
7304.58
7305.64
7306.82
7308.14
7309.57
7311.13
7312.8
7314.57
7316.44
7318.4
7320.43
7322.53
7324.68
7326.86
7329.07
7331.29
7333.49
7335.67
7337.81
7339.89
7341.89
7343.8
7345.6
7347.27
7348.8
7350.16
7351.35
7352.33
7353.09
7353.62
7353.9
7353.91
7353.74
6938.14
6938.31
6938.29
6937.99
6937.43
6936.64
6935.62
6934.41
6933.01
6931.44
6929.72
6927.87
6925.9
6923.84
6921.7
6919.5
6917.25
6914.98
6912.7
6910.43
6908.19
6905.98
6903.83
6901.75
6899.74
6897.83
6896.01
6894.31
6892.72
6891.25
6889.91
6888.69
6887.61
6886.67
6885.86
6885.18
6884.64
6884.24
6883.97
6883.83
6883.82
6883.95
6884.22
6884.61
6885.14
6885.8
6886.59
6887.52
6888.58
6889.77
6891.08
6892.52
6894.08
6895.75
6897.53
6899.4
6901.37
6903.41
6905.53
6907.69
6909.9
6912.13
6914.37
6916.6
6918.81
6920.98
6923.08
6925.11
6927.05
6928.87
6930.56
6932.11
6933.48
6934.67
6935.66
6936.43
6936.97
6937.26
6937.27
6937.09
6521.79
6521.95
6521.92
6521.6
6521.02
6520.2
6519.17
6517.92
6516.49
6514.88
6513.13
6511.23
6509.22
6507.11
6504.92
6502.67
6500.38
6498.06
6495.74
6493.43
6491.15
6488.91
6486.73
6484.62
6482.59
6480.66
6478.83
6477.12
6475.52
6474.04
6472.7
6471.48
6470.4
6469.46
6468.65
6467.98
6467.44
6467.04
6466.77
6466.63
6466.63
6466.76
6467.02
6467.42
6467.95
6468.61
6469.4
6470.33
6471.39
6472.58
6473.9
6475.34
6476.91
6478.59
6480.38
6482.27
6484.26
6486.33
6488.47
6490.67
6492.91
6495.18
6497.46
6499.73
6501.99
6504.2
6506.35
6508.43
6510.41
6512.27
6514
6515.58
6516.99
6518.21
6519.22
6520.01
6520.57
6520.88
6520.9
6520.72
6105.74
6105.88
6105.81
6105.46
6104.85
6103.99
6102.92
6101.63
6100.14
6098.48
6096.67
6094.71
6092.64
6090.46
6088.2
6085.89
6083.53
6081.15
6078.77
6076.4
6074.07
6071.78
6069.56
6067.41
6065.35
6063.39
6061.54
6059.81
6058.2
6056.71
6055.36
6054.14
6053.06
6052.11
6051.31
6050.64
6050.1
6049.7
6049.43
6049.3
6049.3
6049.43
6049.7
6050.09
6050.62
6051.28
6052.08
6053.01
6054.07
6055.26
6056.59
6058.04
6059.62
6061.32
6063.14
6065.05
6067.07
6069.18
6071.35
6073.6
6075.89
6078.21
6080.55
6082.89
6085.2
6087.48
6089.7
6091.84
6093.88
6095.81
6097.59
6099.22
6100.68
6101.94
6103
6103.83
6104.42
6104.76
6104.81
6104.65
5689.97
5690.08
5689.97
5689.57
5688.91
5688.01
5686.87
5685.52
5683.97
5682.24
5680.35
5678.31
5676.15
5673.89
5671.55
5669.14
5666.7
5664.24
5661.78
5659.34
5656.94
5654.59
5652.31
5650.12
5648.01
5646.02
5644.14
5642.38
5640.75
5639.25
5637.89
5636.66
5635.58
5634.63
5633.83
5633.16
5632.63
5632.23
5631.97
5631.84
5631.84
5631.97
5632.24
5632.63
5633.16
5633.82
5634.62
5635.55
5636.62
5637.82
5639.15
5640.62
5642.22
5643.94
5645.78
5647.74
5649.79
5651.95
5654.18
5656.48
5658.83
5661.23
5663.64
5666.06
5668.46
5670.82
5673.12
5675.35
5677.47
5679.48
5681.34
5683.04
5684.56
5685.89
5687
5687.88
5688.52
5688.9
5688.99
5688.87
5274.5
5274.56
5274.4
5273.95
5273.22
5272.25
5271.05
5269.62
5267.98
5266.16
5264.17
5262.03
5259.76
5257.39
5254.94
5252.43
5249.89
5247.33
5244.77
5242.24
5239.76
5237.33
5234.98
5232.73
5230.57
5228.53
5226.61
5224.82
5223.17
5221.65
5220.28
5219.05
5217.96
5217.01
5216.21
5215.55
5215.02
5214.63
5214.37
5214.24
5214.24
5214.38
5214.64
5215.04
5215.56
5216.23
5217.02
5217.96
5219.03
5220.24
5221.59
5223.07
5224.69
5226.44
5228.32
5230.32
5232.43
5234.64
5236.93
5239.31
5241.75
5244.23
5246.73
5249.25
5251.75
5254.22
5256.63
5258.96
5261.19
5263.29
5265.25
5267.04
5268.64
5270.05
5271.23
5272.17
5272.87
5273.31
5273.45
5273.37
4859.33
4859.33
4859.1
4858.58
4857.79
4856.74
4855.44
4853.92
4852.18
4850.25
4848.14
4845.88
4843.48
4840.98
4838.4
4835.76
4833.09
4830.41
4827.73
4825.1
4822.51
4819.99
4817.56
4815.24
4813.02
4810.92
4808.96
4807.13
4805.45
4803.91
4802.53
4801.29
4800.2
4799.25
4798.45
4797.79
4797.27
4796.89
4796.63
4796.51
4796.52
4796.65
4796.91
4797.31
4797.83
4798.49
4799.29
4800.22
4801.3
4802.52
4803.88
4805.39
4807.03
4808.82
4810.74
4812.79
4814.96
4817.24
4819.62
4822.08
4824.61
4827.2
4829.82
4832.45
4835.08
4837.67
4840.21
4842.67
4845.02
4847.25
4849.32
4851.22
4852.93
4854.42
4855.69
4856.71
4857.48
4857.98
4858.19
4858.16
4444.45
4444.39
4444.09
4443.48
4442.6
4441.46
4440.07
4438.43
4436.57
4434.51
4432.26
4429.85
4427.31
4424.65
4421.91
4419.12
4416.3
4413.47
4410.66
4407.9
4405.19
4402.57
4400.05
4397.63
4395.34
4393.19
4391.17
4389.3
4387.59
4386.03
4384.63
4383.38
4382.29
4381.35
4380.56
4379.91
4379.39
4379.02
4378.77
4378.65
4378.66
4378.79
4379.06
4379.45
4379.97
4380.62
4381.41
4382.35
4383.42
4384.65
4386.03
4387.56
4389.24
4391.07
4393.04
4395.15
4397.39
4399.75
4402.22
4404.78
4407.43
4410.14
4412.89
4415.67
4418.44
4421.18
4423.87
4426.48
4428.98
4431.35
4433.56
4435.59
4437.42
4439.02
4440.39
4441.51
4442.36
4442.94
4443.22
4443.25
4029.89
4029.75
4029.35
4028.66
4027.68
4026.44
4024.93
4023.17
4021.17
4018.95
4016.55
4013.97
4011.24
4008.4
4005.48
4002.51
3999.51
3996.52
3993.55
3990.64
3987.8
3985.05
3982.42
3979.91
3977.53
3975.31
3973.23
3971.32
3969.57
3967.99
3966.57
3965.32
3964.23
3963.3
3962.52
3961.88
3961.38
3961.01
3960.78
3960.66
3960.68
3960.81
3961.07
3961.45
3961.97
3962.61
3963.4
3964.33
3965.41
3966.64
3968.03
3969.58
3971.29
3973.17
3975.19
3977.37
3979.69
3982.14
3984.72
3987.41
3990.18
3993.04
3995.94
3998.88
4001.82
4004.74
4007.61
4010.4
4013.08
4015.62
4017.99
4020.17
4022.13
4023.87
4025.34
4026.56
4027.51
4028.17
4028.54
4028.65
3615.64
3615.41
3614.91
3614.11
3613.04
3611.68
3610.04
3608.14
3605.98
3603.59
3600.99
3598.22
3595.29
3592.24
3589.11
3585.93
3582.73
3579.54
3576.39
3573.3
3570.31
3567.42
3564.66
3562.04
3559.58
3557.27
3555.14
3553.17
3551.39
3549.78
3548.35
3547.1
3546.02
3545.09
3544.33
3543.71
3543.23
3542.88
3542.66
3542.55
3542.57
3542.7
3542.96
3543.33
3543.84
3544.47
3545.24
3546.16
3547.23
3548.47
3549.87
3551.45
3553.2
3555.11
3557.2
3559.45
3561.86
3564.42
3567.11
3569.93
3572.86
3575.88
3578.96
3582.09
3585.23
3588.36
3591.43
3594.43
3597.31
3600.05
3602.61
3604.96
3607.08
3608.96
3610.56
3611.89
3612.93
3613.7
3614.17
3614.37
3201.73
3201.38
3200.75
3199.85
3198.67
3197.19
3195.42
3193.36
3191.02
3188.43
3185.62
3182.61
3179.45
3176.16
3172.79
3169.37
3165.93
3162.52
3159.16
3155.88
3152.71
3149.67
3146.77
3144.03
3141.46
3139.07
3136.87
3134.85
3133.03
3131.4
3129.96
3128.71
3127.64
3126.74
3125.99
3125.4
3124.95
3124.62
3124.41
3124.32
3124.34
3124.48
3124.72
3125.09
3125.57
3126.19
3126.94
3127.84
3128.9
3130.14
3131.55
3133.14
3134.93
3136.9
3139.05
3141.38
3143.89
3146.56
3149.38
3152.35
3155.45
3158.65
3161.94
3165.28
3168.65
3172.02
3175.33
3178.57
3181.69
3184.65
3187.42
3189.98
3192.28
3194.31
3196.05
3197.49
3198.64
3199.51
3200.1
3200.43
2788.15
2787.64
2786.87
2785.86
2784.58
2783
2781.09
2778.85
2776.31
2773.49
2770.43
2767.16
2763.73
2760.17
2756.52
2752.82
2749.11
2745.44
2741.85
2738.35
2734.99
2731.77
2728.72
2725.85
2723.17
2720.69
2718.41
2716.34
2714.48
2712.83
2711.38
2710.14
2709.09
2708.22
2707.51
2706.96
2706.54
2706.24
2706.05
2705.98
2706
2706.13
2706.37
2706.72
2707.18
2707.76
2708.48
2709.36
2710.4
2711.62
2713.04
2714.65
2716.47
2718.49
2720.72
2723.14
2725.75
2728.54
2731.52
2734.65
2737.93
2741.34
2744.86
2748.45
2752.08
2755.72
2759.32
2762.83
2766.22
2769.44
2772.46
2775.24
2777.75
2779.95
2781.83
2783.39
2784.64
2785.6
2786.34
2786.8
2374.87
2374.17
2373.25
2372.16
2370.81
2369.12
2367.07
2364.65
2361.88
2358.8
2355.46
2351.89
2348.14
2344.26
2340.29
2336.27
2332.26
2328.3
2324.44
2320.7
2317.11
2313.71
2310.49
2307.48
2304.68
2302.1
2299.74
2297.62
2295.72
2294.05
2292.61
2291.38
2290.36
2289.53
2288.88
2288.37
2288
2287.74
2287.58
2287.52
2287.55
2287.68
2287.9
2288.22
2288.65
2289.2
2289.88
2290.7
2291.71
2292.91
2294.33
2295.96
2297.81
2299.89
2302.18
2304.7
2307.43
2310.36
2313.48
2316.8
2320.29
2323.93
2327.71
2331.58
2335.52
2339.47
2343.39
2347.22
2350.92
2354.44
2357.74
2360.78
2363.52
2365.91
2367.93
2369.59
2370.91
2371.96
2372.84
2373.48
1961.77
1960.89
1959.84
1958.73
1957.35
1955.59
1953.41
1950.79
1947.76
1944.38
1940.71
1936.79
1932.69
1928.44
1924.1
1919.73
1915.36
1911.07
1906.9
1902.89
1899.07
1895.45
1892.06
1888.9
1885.97
1883.28
1880.85
1878.67
1876.74
1875.05
1873.61
1872.42
1871.45
1870.68
1870.1
1869.66
1869.34
1869.13
1869.01
1868.97
1869.01
1869.13
1869.33
1869.62
1870.01
1870.51
1871.12
1871.88
1872.83
1874.01
1875.4
1877.05
1878.94
1881.07
1883.44
1886.05
1888.9
1891.97
1895.26
1898.78
1902.49
1906.4
1910.46
1914.65
1918.93
1923.25
1927.54
1931.74
1935.79
1939.65
1943.28
1946.62
1949.62
1952.22
1954.39
1956.12
1957.46
1958.54
1959.53
1960.36
1548.69
1547.67
1546.57
1545.55
1544.24
1542.45
1540.14
1537.3
1533.96
1530.23
1526.18
1521.87
1517.36
1512.7
1507.95
1503.16
1498.39
1493.72
1489.22
1484.92
1480.83
1476.99
1473.42
1470.1
1467.04
1464.24
1461.74
1459.5
1457.53
1455.82
1454.39
1453.25
1452.33
1451.65
1451.16
1450.81
1450.58
1450.43
1450.35
1450.33
1450.38
1450.48
1450.66
1450.92
1451.26
1451.69
1452.21
1452.86
1453.75
1454.88
1456.25
1457.91
1459.84
1462.03
1464.48
1467.2
1470.18
1473.4
1476.86
1480.57
1484.53
1488.72
1493.09
1497.64
1502.32
1507.06
1511.78
1516.38
1520.83
1525.08
1529.09
1532.78
1536.09
1538.92
1541.22
1542.99
1544.27
1545.25
1546.28
1547.23
1135.33
1134.28
1133.33
1132.61
1131.5
1129.75
1127.31
1124.21
1120.49
1116.33
1111.84
1107.09
1102.14
1097.03
1091.84
1086.58
1081.33
1076.23
1071.37
1066.74
1062.39
1058.32
1054.57
1051.11
1047.88
1044.94
1042.36
1040.07
1038.02
1036.26
1034.87
1033.8
1032.96
1032.38
1032.04
1031.81
1031.68
1031.62
1031.58
1031.6
1031.66
1031.73
1031.88
1032.11
1032.38
1032.73
1033.12
1033.6
1034.4
1035.46
1036.79
1038.47
1040.47
1042.73
1045.27
1048.13
1051.26
1054.63
1058.24
1062.16
1066.38
1070.87
1075.58
1080.51
1085.65
1090.91
1096.11
1101.16
1106.04
1110.71
1115.13
1119.25
1122.94
1126.07
1128.49
1130.23
1131.32
1132.01
1132.88
1133.85
720.293
719.838
720.029
720.232
719.57
717.916
715.343
711.865
707.648
702.928
697.923
692.667
687.188
681.566
675.855
670.006
664.102
658.44
653.164
648.178
643.47
639.118
635.204
631.599
628.152
625.047
622.417
620.112
618.01
616.17
614.854
613.986
613.197
612.82
612.742
612.673
612.702
612.773
612.755
612.828
612.923
612.907
613.007
613.23
613.378
613.696
613.873
613.919
614.653
615.624
616.811
618.482
620.574
622.887
625.491
628.495
631.838
635.356
639.096
643.239
647.788
652.641
657.744
663.125
668.871
674.841
680.689
686.246
691.586
696.74
701.678
706.346
710.556
714.037
716.653
718.297
718.974
718.755
718.481
718.779
307
309.7
313.054
315.052
315.195
314.028
311.826
308.557
304.402
299.675
294.879
289.949
284.837
279.75
274.833
269.891
264.703
259.606
254.937
250.7
246.899
243.614
240.842
238.104
235.137
232.532
230.685
229.321
228.25
227.647
227.65
227.73
227.232
226.428
225.746
224.98
224.328
223.936
223.662
223.524
223.551
223.732
224.054
224.481
225.032
225.904
226.822
227.702
228.672
229.03
228.974
229.296
230.236
231.539
233.246
235.637
238.49
241.337
244.067
247.094
250.675
254.743
259.182
263.946
269.188
274.473
279.494
284.321
289.163
293.964
298.662
303.294
307.478
310.808
313.129
314.215
314.149
312.222
308.865
305.991
44.3234
48.284
51.371
53.0603
53.5629
53.2298
52.2726
50.9426
49.4063
47.3727
45.2305
42.9608
40.6318
38.4374
36.342
34.4355
32.7939
30.9251
29.1445
27.5302
26.1702
25.0445
23.9926
22.881
22.2927
21.6711
21.1656
20.9347
20.9826
21.3244
21.473
21.1392
20.7964
20.1065
19.3529
18.5596
17.8175
17.3428
17.1146
16.9187
16.8638
17.1148
17.3932
17.6584
18.1987
18.8903
19.7972
20.9249
21.5334
21.9443
22.1383
21.9159
21.7616
21.8999
22.2932
22.8839
23.4382
24.463
25.6771
26.7807
28.0292
29.5391
31.2643
33.1063
34.9998
36.5768
38.383
40.4587
42.6958
44.9158
47.0335
49.0129
50.5988
51.9178
52.8906
53.2891
52.7972
51.1825
48.1604
44.195
-10.2626
-10.2368
-10.2314
-10.2298
-10.2125
-10.1968
-10.188
-10.0204
-9.41015
-9.10933
-8.99079
-9.00497
-9.06832
-9.04827
-9.23491
-9.34257
-8.62957
-8.26977
-8.10129
-8.04897
-8.10282
-8.29221
-8.67748
-9.1481
-8.08666
-7.62467
-7.58319
-7.62459
-7.66392
-7.83227
-8.6963
-10.0736
-10.4201
-10.4131
-10.4226
-10.436
-10.4358
-10.4209
-10.4057
-10.3901
-10.3857
-10.4058
-10.4177
-10.4294
-10.4367
-10.4265
-10.4131
-10.4183
-10.2999
-9.43642
-8.06362
-7.49766
-7.36628
-7.29999
-7.27911
-7.57654
-8.53359
-8.54681
-7.88573
-7.56335
-7.4451
-7.45608
-7.56929
-7.7901
-8.24559
-9.18609
-9.34289
-9.19147
-9.03021
-8.97701
-9.05869
-9.30809
-9.89505
-10.136
-10.166
-10.1775
-10.1878
-10.1834
-10.1867
-10.2137
-10.7282
-10.7225
-10.7127
-10.7013
-10.6879
-10.6767
-10.6833
-10.6614
-10.4817
-10.2815
-10.1356
-10.0506
-10.0255
-10.0196
-10.0988
-10.1659
-9.94994
-9.75982
-9.64367
-9.61343
-9.65179
-9.78173
-9.97199
-10.1631
-9.76791
-9.59578
-9.64575
-9.70904
-9.75259
-9.87915
-10.4568
-10.8783
-10.9055
-10.8875
-10.898
-10.9083
-10.9148
-10.9144
-10.9085
-10.9016
-10.9003
-10.908
-10.9133
-10.9145
-10.9105
-10.9001
-10.8891
-10.8976
-10.8923
-10.727
-10.0905
-9.68853
-9.60099
-9.53052
-9.44644
-9.4862
-9.80704
-9.79936
-9.59816
-9.38839
-9.30309
-9.31004
-9.39152
-9.56447
-9.80557
-10.1155
-10.1164
-10.075
-10.0476
-10.0928
-10.2239
-10.4032
-10.6045
-10.6462
-10.6413
-10.6515
-10.66
-10.6669
-10.6742
-10.6799
-11.215
-11.2106
-11.2053
-11.1987
-11.1863
-11.1724
-11.1737
-11.1829
-11.1849
-11.1613
-11.1292
-11.0952
-11.0713
-11.0835
-11.131
-11.1845
-11.2583
-11.2281
-11.1761
-11.1692
-11.1967
-11.2629
-11.2836
-11.2567
-11.3907
-11.4037
-11.4065
-11.4114
-11.4168
-11.4232
-11.4308
-11.427
-11.4128
-11.4038
-11.413
-11.4241
-11.425
-11.4166
-11.4086
-11.4008
-11.3997
-11.4071
-11.4124
-11.4193
-11.4238
-11.4172
-11.4053
-11.4089
-11.4215
-11.4292
-11.4258
-11.4108
-11.4043
-11.398
-11.3936
-11.3674
-11.1821
-11.1582
-11.275
-11.1825
-11.1288
-11.1213
-11.1562
-11.2398
-11.247
-11.1305
-11.0535
-11.04
-11.0533
-11.0798
-11.1218
-11.1607
-11.1672
-11.1525
-11.1448
-11.1536
-11.1586
-11.1584
-11.1609
-11.1656
-11.7119
-11.7127
-11.7196
-11.7152
-11.6941
-11.6679
-11.657
-11.6589
-11.6648
-11.6841
-11.7222
-11.7571
-11.7864
-11.8059
-11.8189
-11.8237
-11.8221
-11.8281
-11.8466
-11.8623
-11.8746
-11.8772
-11.8848
-11.8892
-11.8922
-11.8943
-11.8949
-11.8969
-11.8995
-11.9039
-11.9135
-11.9181
-11.9118
-11.9088
-11.9189
-11.9319
-11.93
-11.9192
-11.9117
-11.9054
-11.9036
-11.9084
-11.9115
-11.9205
-11.9287
-11.9246
-11.9109
-11.9095
-11.9169
-11.9159
-11.9048
-11.8939
-11.8891
-11.886
-11.8841
-11.8811
-11.8796
-11.8721
-11.8599
-11.8578
-11.848
-11.832
-11.8124
-11.792
-11.7873
-11.7811
-11.7707
-11.7532
-11.7298
-11.6986
-11.6655
-11.6524
-11.6527
-11.6429
-11.6491
-11.6688
-11.6799
-11.676
-11.6649
-11.6633
-12.2284
-12.2517
-12.2787
-12.2692
-12.2233
-12.1693
-12.1375
-12.1308
-12.1429
-12.1641
-12.1977
-12.2323
-12.2637
-12.2893
-12.3059
-12.3143
-12.3221
-12.3323
-12.3438
-12.3552
-12.3656
-12.3738
-12.3803
-12.3835
-12.3841
-12.387
-12.3909
-12.395
-12.3982
-12.4033
-12.413
-12.4129
-12.4089
-12.4066
-12.4175
-12.4315
-12.4282
-12.4145
-12.407
-12.4023
-12.4002
-12.402
-12.4055
-12.4149
-12.4265
-12.4225
-12.408
-12.4043
-12.4104
-12.4127
-12.4018
-12.3916
-12.3864
-12.3815
-12.3765
-12.3725
-12.3699
-12.3646
-12.3571
-12.3493
-12.338
-12.3248
-12.3105
-12.2958
-12.2815
-12.269
-12.2572
-12.2357
-12.206
-12.174
-12.1467
-12.1335
-12.128
-12.1313
-12.1615
-12.208
-12.2393
-12.234
-12.2005
-12.1797
-12.765
-12.8212
-12.863
-12.843
-12.7667
-12.675
-12.6148
-12.5962
-12.616
-12.6563
-12.6982
-12.7306
-12.7577
-12.78
-12.7968
-12.8087
-12.8194
-12.8305
-12.8415
-12.8515
-12.8597
-12.8664
-12.8724
-12.877
-12.8794
-12.8809
-12.883
-12.8851
-12.8876
-12.8912
-12.8959
-12.8993
-12.8994
-12.8988
-12.909
-12.922
-12.9187
-12.9054
-12.8983
-12.8955
-12.8933
-12.8937
-12.8967
-12.9045
-12.9137
-12.9106
-12.8972
-12.8909
-12.8911
-12.8888
-12.8847
-12.88
-12.8761
-12.873
-12.8703
-12.8679
-12.8643
-12.8581
-12.8503
-12.8427
-12.8335
-12.8219
-12.8084
-12.7936
-12.7791
-12.7654
-12.75
-12.729
-12.7018
-12.6705
-12.6345
-12.6026
-12.5896
-12.6148
-12.6764
-12.7558
-12.8079
-12.801
-12.7511
-12.7088
-13.2822
-13.3528
-13.4005
-13.3778
-13.2883
-13.1785
-13.1016
-13.084
-13.1089
-13.1495
-13.1886
-13.2249
-13.2545
-13.2776
-13.2953
-13.309
-13.3204
-13.3309
-13.3406
-13.3493
-13.3565
-13.3624
-13.367
-13.3706
-13.3733
-13.3756
-13.378
-13.3803
-13.3825
-13.3847
-13.386
-13.3857
-13.3848
-13.3855
-13.3935
-13.4028
-13.4014
-13.3932
-13.3885
-13.3869
-13.3854
-13.3852
-13.3872
-13.3909
-13.3943
-13.3913
-13.3822
-13.3764
-13.3758
-13.377
-13.377
-13.3744
-13.3712
-13.3679
-13.3644
-13.3608
-13.3568
-13.3518
-13.3457
-13.3387
-13.3301
-13.3197
-13.3075
-13.2941
-13.2797
-13.2643
-13.2464
-13.2241
-13.1966
-13.1638
-13.1265
-13.0913
-13.0723
-13.1
-13.18
-13.2753
-13.3375
-13.3316
-13.2702
-13.2137
-13.7463
-13.8225
-13.8757
-13.8626
-13.7797
-13.6736
-13.6016
-13.5871
-13.6115
-13.6512
-13.6922
-13.7285
-13.758
-13.7811
-13.7988
-13.8125
-13.8236
-13.8331
-13.8413
-13.8484
-13.8543
-13.8591
-13.8629
-13.8658
-13.8681
-13.8701
-13.8718
-13.8733
-13.8746
-13.8756
-13.8758
-13.875
-13.8733
-13.8737
-13.8782
-13.8839
-13.885
-13.8822
-13.8798
-13.8787
-13.8779
-13.8777
-13.8788
-13.8797
-13.879
-13.8753
-13.8701
-13.8669
-13.867
-13.8676
-13.8667
-13.8655
-13.8635
-13.8611
-13.8584
-13.8553
-13.8517
-13.8474
-13.8421
-13.8358
-13.8283
-13.8193
-13.8088
-13.7967
-13.783
-13.7674
-13.7488
-13.726
-13.6983
-13.6658
-13.6294
-13.5953
-13.5755
-13.5946
-13.6686
-13.7615
-13.8198
-13.8119
-13.7436
-13.6712
-14.1514
-14.2279
-14.2957
-14.3076
-14.2541
-14.1742
-14.1146
-14.0979
-14.1228
-14.1617
-14.2048
-14.2418
-14.2702
-14.2916
-14.3076
-14.3197
-14.3292
-14.3369
-14.3434
-14.3488
-14.3532
-14.3567
-14.3594
-14.3617
-14.3635
-14.365
-14.3664
-14.3676
-14.3686
-14.3691
-14.3691
-14.368
-14.3668
-14.3663
-14.3683
-14.3719
-14.3741
-14.3738
-14.3723
-14.3713
-14.3708
-14.3705
-14.3713
-14.3714
-14.3701
-14.3669
-14.363
-14.3611
-14.3609
-14.3609
-14.3606
-14.3596
-14.3579
-14.3557
-14.3533
-14.3505
-14.3473
-14.3436
-14.3393
-14.3341
-14.328
-14.3206
-14.3117
-14.3013
-14.289
-14.2742
-14.2561
-14.2335
-14.2057
-14.1726
-14.1361
-14.1024
-14.0832
-14.0958
-14.1495
-14.2192
-14.2572
-14.2316
-14.1561
-14.0848
-14.5287
-14.6014
-14.6942
-14.7506
-14.7489
-14.701
-14.6421
-14.6195
-14.638
-14.6848
-14.7305
-14.7676
-14.7927
-14.8096
-14.8218
-14.8306
-14.8372
-14.8424
-14.8466
-14.8501
-14.8528
-14.8549
-14.8567
-14.8581
-14.8593
-14.8603
-14.8612
-14.862
-14.8625
-14.8627
-14.8625
-14.8618
-14.8612
-14.8609
-14.8624
-14.8648
-14.8663
-14.8663
-14.8653
-14.8644
-14.8641
-14.8638
-14.8644
-14.864
-14.8626
-14.8602
-14.8577
-14.856
-14.8554
-14.855
-14.8544
-14.8535
-14.8522
-14.8505
-14.8485
-14.8463
-14.8437
-14.8408
-14.8375
-14.8335
-14.8288
-14.8232
-14.8164
-14.8081
-14.798
-14.7855
-14.7695
-14.7492
-14.7236
-14.6916
-14.6546
-14.6199
-14.5961
-14.6045
-14.6387
-14.6726
-14.6713
-14.6162
-14.5314
-14.4647
-14.938
-15.0145
-15.1336
-15.2436
-15.3006
-15.2863
-15.2511
-15.2387
-15.2387
-15.2551
-15.2827
-15.3098
-15.3259
-15.3348
-15.3407
-15.3446
-15.3472
-15.3493
-15.3509
-15.3521
-15.3531
-15.3538
-15.3545
-15.355
-15.3556
-15.356
-15.3565
-15.3568
-15.357
-15.3569
-15.3567
-15.3562
-15.3559
-15.3561
-15.3569
-15.3584
-15.3595
-15.3595
-15.3586
-15.3579
-15.3578
-15.3575
-15.3577
-15.3573
-15.3561
-15.3543
-15.3524
-15.351
-15.3502
-15.3496
-15.349
-15.3483
-15.3472
-15.3459
-15.3444
-15.3427
-15.3409
-15.3388
-15.3365
-15.3338
-15.3308
-15.3271
-15.3227
-15.3172
-15.3102
-15.3011
-15.2892
-15.2734
-15.2523
-15.2221
-15.1828
-15.1377
-15.1149
-15.1271
-15.1565
-15.1589
-15.1113
-15.0196
-14.9177
-14.8557
-15.4291
-15.5117
-15.6598
-15.8282
-15.9608
-16.0251
-16.052
-16.0239
-15.9427
-15.8788
-15.861
-15.8681
-15.8695
-15.8659
-15.8632
-15.861
-15.8589
-15.8572
-15.8559
-15.8548
-15.8539
-15.8532
-15.8527
-15.8524
-15.8522
-15.8521
-15.8521
-15.852
-15.8518
-15.8516
-15.8512
-15.8509
-15.8507
-15.8508
-15.8514
-15.8523
-15.8529
-15.8528
-15.8521
-15.8516
-15.8516
-15.8514
-15.8513
-15.8508
-15.8498
-15.8485
-15.847
-15.8459
-15.8451
-15.8445
-15.844
-15.8434
-15.8427
-15.8418
-15.8408
-15.8397
-15.8386
-15.8374
-15.8362
-15.835
-15.8336
-15.8321
-15.8304
-15.8281
-15.8251
-15.8208
-15.8147
-15.8062
-15.7938
-15.7732
-15.7443
-15.7169
-15.6935
-15.6935
-15.7154
-15.7
-15.6139
-15.4866
-15.3672
-15.3067
-16.0181
-16.1071
-16.2797
-16.5017
-16.7152
-16.8605
-16.9137
-16.839
-16.702
-16.5623
-16.4673
-16.4372
-16.4208
-16.4009
-16.3878
-16.3786
-16.3713
-16.3657
-16.3613
-16.3578
-16.3551
-16.353
-16.3514
-16.3502
-16.3492
-16.3485
-16.3479
-16.3474
-16.3469
-16.3465
-16.346
-16.3457
-16.3454
-16.3455
-16.3458
-16.3462
-16.3466
-16.3464
-16.3457
-16.3454
-16.3454
-16.3452
-16.3449
-16.3445
-16.3437
-16.3427
-16.3417
-16.3408
-16.3402
-16.3397
-16.3392
-16.3388
-16.3384
-16.338
-16.3375
-16.3371
-16.3368
-16.3366
-16.3366
-16.3368
-16.3373
-16.3381
-16.3392
-16.3406
-16.3422
-16.3437
-16.345
-16.3468
-16.3485
-16.3463
-16.3392
-16.3625
-16.4083
-16.4093
-16.3836
-16.3212
-16.1928
-16.031
-15.8909
-15.8373
-16.6807
-16.7721
-16.9574
-17.2119
-17.4872
-17.6832
-17.7059
-17.5953
-17.4335
-17.2533
-17.0967
-17.0148
-16.9718
-16.9354
-16.9123
-16.896
-16.8837
-16.8742
-16.8668
-16.861
-16.8565
-16.853
-16.8502
-16.8481
-16.8464
-16.845
-16.8439
-16.843
-16.8422
-16.8416
-16.8409
-16.8405
-16.8401
-16.84
-16.84
-16.8401
-16.8402
-16.8399
-16.8391
-16.8391
-16.8393
-16.839
-16.8386
-16.8382
-16.8376
-16.8369
-16.8362
-16.8356
-16.8352
-16.8349
-16.8346
-16.8345
-16.8344
-16.8344
-16.8345
-16.8348
-16.8353
-16.8361
-16.8373
-16.839
-16.8413
-16.8445
-16.8487
-16.854
-16.8606
-16.8688
-16.8787
-16.8934
-16.9135
-16.9323
-16.9768
-17.0766
-17.1951
-17.2332
-17.1505
-17.0219
-16.8437
-16.6474
-16.4847
-16.433
-17.3614
-17.4518
-17.6358
-17.8917
-18.1789
-18.3898
-18.4212
-18.3191
-18.1384
-17.9225
-17.7224
-17.59
-17.5146
-17.4669
-17.4351
-17.4122
-17.3952
-17.3821
-17.3719
-17.364
-17.3578
-17.3529
-17.349
-17.346
-17.3436
-17.3416
-17.34
-17.3387
-17.3376
-17.3367
-17.3359
-17.3352
-17.3348
-17.3344
-17.3343
-17.3341
-17.334
-17.3337
-17.3331
-17.3329
-17.3331
-17.3328
-17.3324
-17.3321
-17.3316
-17.3312
-17.3308
-17.3304
-17.3302
-17.3301
-17.3301
-17.3302
-17.3305
-17.331
-17.3316
-17.3326
-17.3339
-17.3357
-17.3381
-17.3413
-17.3455
-17.3511
-17.3583
-17.3676
-17.3795
-17.3948
-17.4145
-17.4434
-17.4801
-17.5359
-17.6512
-17.8042
-17.9496
-18.0287
-17.9488
-17.7681
-17.5423
-17.3203
-17.1538
-17.096
-18.011
-18.097
-18.2675
-18.5002
-18.7575
-18.9567
-19.0158
-18.9626
-18.8091
-18.5815
-18.3418
-18.1529
-18.0483
-17.9953
-17.9556
-17.9267
-17.9054
-17.8889
-17.8762
-17.8663
-17.8586
-17.8525
-17.8476
-17.8438
-17.8407
-17.8381
-17.8361
-17.8344
-17.833
-17.8318
-17.8308
-17.83
-17.8293
-17.8288
-17.8284
-17.8281
-17.8278
-17.8275
-17.827
-17.8268
-17.8268
-17.8265
-17.8262
-17.826
-17.8257
-17.8255
-17.8253
-17.8252
-17.8251
-17.8253
-17.8256
-17.826
-17.8267
-17.8275
-17.8287
-17.8303
-17.8324
-17.8352
-17.8387
-17.8433
-17.8493
-17.8571
-17.8673
-17.8805
-17.8977
-17.9202
-17.9506
-17.9936
-18.0502
-18.1486
-18.3195
-18.51
-18.6787
-18.7695
-18.7184
-18.5156
-18.2507
-18.0154
-17.8587
-17.8075
-18.5998
-18.6855
-18.8337
-19.0331
-19.2491
-19.4283
-19.5088
-19.4919
-19.3781
-19.1832
-18.9352
-18.7096
-18.5848
-18.5204
-18.4731
-18.4386
-18.4133
-18.394
-18.3791
-18.3676
-18.3586
-18.3515
-18.3458
-18.3412
-18.3375
-18.3345
-18.332
-18.33
-18.3283
-18.3268
-18.3256
-18.3246
-18.3238
-18.3231
-18.3226
-18.3221
-18.3217
-18.3213
-18.321
-18.3207
-18.3206
-18.3203
-18.3201
-18.3199
-18.3198
-18.3198
-18.3198
-18.3199
-18.3201
-18.3204
-18.321
-18.3217
-18.3227
-18.324
-18.3257
-18.3279
-18.3307
-18.3343
-18.3389
-18.3448
-18.3523
-18.3622
-18.375
-18.3918
-18.4138
-18.4433
-18.4842
-18.5409
-18.6217
-18.7638
-18.9776
-19.1902
-19.3593
-19.448
-19.4132
-19.2006
-18.9198
-18.6835
-18.5319
-18.4939
-19.1199
-19.2122
-19.3388
-19.5088
-19.6917
-19.8489
-19.9349
-19.9317
-19.8445
-19.6912
-19.4724
-19.2514
-19.1174
-19.0371
-18.9845
-18.9461
-18.918
-18.8967
-18.8804
-18.8676
-18.8576
-18.8496
-18.8432
-18.8381
-18.8339
-18.8305
-18.8277
-18.8253
-18.8234
-18.8217
-18.8203
-18.8191
-18.8182
-18.8174
-18.8167
-18.8161
-18.8157
-18.8152
-18.815
-18.8145
-18.8144
-18.8142
-18.814
-18.814
-18.814
-18.8141
-18.8142
-18.8145
-18.8149
-18.8155
-18.8163
-18.8173
-18.8186
-18.8203
-18.8224
-18.8252
-18.8286
-18.8329
-18.8384
-18.8453
-18.8542
-18.8657
-18.8807
-18.9003
-18.9263
-18.9615
-19.0107
-19.0796
-19.1867
-19.3721
-19.6181
-19.8215
-19.9519
-20.0246
-19.9837
-19.7703
-19.514
-19.2993
-19.1595
-19.1187
-19.5984
-19.6775
-19.7886
-19.9405
-20.1019
-20.2393
-20.3186
-20.3206
-20.2573
-20.1413
-19.9647
-19.754
-19.6225
-19.541
-19.4874
-19.4481
-19.4189
-19.3967
-19.3795
-19.366
-19.3554
-19.3469
-19.34
-19.3344
-19.3299
-19.3261
-19.323
-19.3205
-19.3183
-19.3164
-19.3149
-19.3135
-19.3124
-19.3115
-19.3108
-19.3101
-19.3096
-19.3091
-19.3089
-19.3084
-19.3083
-19.3081
-19.308
-19.308
-19.3081
-19.3083
-19.3086
-19.3091
-19.3096
-19.3104
-19.3114
-19.3127
-19.3143
-19.3163
-19.3188
-19.322
-19.3259
-19.3308
-19.3369
-19.3447
-19.3545
-19.3672
-19.3837
-19.4053
-19.4339
-19.4726
-19.527
-19.6042
-19.7318
-19.9428
-20.1934
-20.3614
-20.4578
-20.5042
-20.4457
-20.2464
-20.0308
-19.8508
-19.7383
-19.68
-20.0707
-20.1039
-20.1918
-20.329
-20.4757
-20.5949
-20.6646
-20.6679
-20.6265
-20.5551
-20.4151
-20.233
-20.1069
-20.0337
-19.9832
-19.9448
-19.9159
-19.8937
-19.8764
-19.8628
-19.8518
-19.8431
-19.8359
-19.8301
-19.8253
-19.8214
-19.8181
-19.8153
-19.8129
-19.8109
-19.8092
-19.8078
-19.8066
-19.8056
-19.8048
-19.8041
-19.8035
-19.8029
-19.8027
-19.8023
-19.8021
-19.802
-19.8019
-19.802
-19.8022
-19.8025
-19.8029
-19.8035
-19.8043
-19.8052
-19.8064
-19.8079
-19.8097
-19.812
-19.8148
-19.8183
-19.8226
-19.8279
-19.8345
-19.8427
-19.8532
-19.8665
-19.8837
-19.9062
-19.9359
-19.9761
-20.0318
-20.1112
-20.2482
-20.4617
-20.6842
-20.819
-20.8985
-20.9227
-20.8554
-20.683
-20.4859
-20.3186
-20.231
-20.1794
-20.5504
-20.5278
-20.5856
-20.7043
-20.8297
-20.925
-20.9814
-20.9841
-20.9732
-20.9618
-20.8512
-20.6951
-20.5845
-20.5189
-20.4724
-20.4367
-20.4093
-20.3879
-20.3713
-20.3578
-20.347
-20.3382
-20.331
-20.3251
-20.3202
-20.3161
-20.3127
-20.3098
-20.3073
-20.3052
-20.3034
-20.3019
-20.3006
-20.2996
-20.2987
-20.2979
-20.2973
-20.2968
-20.2965
-20.2961
-20.296
-20.2959
-20.2959
-20.296
-20.2963
-20.2966
-20.2972
-20.2978
-20.2987
-20.2998
-20.3011
-20.3028
-20.3048
-20.3073
-20.3103
-20.314
-20.3185
-20.3241
-20.3309
-20.3394
-20.3501
-20.3635
-20.3808
-20.4031
-20.4327
-20.4726
-20.5258
-20.6015
-20.7372
-20.9404
-21.1153
-21.2123
-21.2741
-21.2926
-21.2276
-21.0786
-20.8805
-20.7127
-20.6456
-20.6391
-21.0277
-20.9903
-21.022
-21.1099
-21.2073
-21.2759
-21.3125
-21.3209
-21.3499
-21.3782
-21.2773
-21.1469
-21.0555
-20.9988
-20.957
-20.9248
-20.8997
-20.8798
-20.8641
-20.8513
-20.8408
-20.8324
-20.8253
-20.8194
-20.8145
-20.8104
-20.8069
-20.804
-20.8014
-20.7993
-20.7974
-20.7958
-20.7945
-20.7934
-20.7924
-20.7917
-20.791
-20.7905
-20.7901
-20.7898
-20.7897
-20.7897
-20.7897
-20.7899
-20.7902
-20.7907
-20.7913
-20.792
-20.793
-20.7942
-20.7957
-20.7974
-20.7996
-20.8022
-20.8053
-20.8092
-20.8138
-20.8194
-20.8263
-20.8348
-20.8453
-20.8583
-20.875
-20.8964
-20.9242
-20.961
-21.01
-21.08
-21.2029
-21.3804
-21.5188
-21.5677
-21.6006
-21.6105
-21.5492
-21.413
-21.2327
-21.0912
-21.0671
-21.1117
-21.4566
-21.4749
-21.5217
-21.5686
-21.6176
-21.6697
-21.6997
-21.7349
-21.8036
-21.7998
-21.7002
-21.5939
-21.5214
-21.474
-21.438
-21.4098
-21.3875
-21.3696
-21.3552
-21.3433
-21.3336
-21.3255
-21.3188
-21.3131
-21.3083
-21.3043
-21.3008
-21.2978
-21.2953
-21.293
-21.2912
-21.2896
-21.2882
-21.2871
-21.2861
-21.2853
-21.2846
-21.2841
-21.2837
-21.2834
-21.2834
-21.2834
-21.2835
-21.2837
-21.2841
-21.2846
-21.2852
-21.2861
-21.2871
-21.2884
-21.2899
-21.2918
-21.294
-21.2967
-21.2999
-21.3038
-21.3084
-21.3139
-21.3206
-21.3288
-21.3388
-21.3512
-21.3667
-21.3864
-21.4116
-21.4446
-21.4875
-21.5482
-21.6534
-21.8051
-21.9201
-21.922
-21.9161
-21.9123
-21.8627
-21.7535
-21.6152
-21.5227
-21.5373
-21.5832
-21.8729
-21.9356
-22.0314
-22.0812
-22.0997
-22.1259
-22.1651
-22.2324
-22.2778
-22.2252
-22.1267
-22.0417
-21.986
-21.9469
-21.9166
-21.8926
-21.8734
-21.8578
-21.845
-21.8343
-21.8254
-21.8179
-21.8115
-21.8062
-21.8016
-21.7977
-21.7943
-21.7913
-21.7888
-21.7866
-21.7847
-21.7831
-21.7817
-21.7806
-21.7796
-21.7788
-21.7781
-21.7775
-21.7772
-21.7769
-21.7769
-21.777
-21.7771
-21.7774
-21.7778
-21.7784
-21.7791
-21.78
-21.781
-21.7824
-21.784
-21.7858
-21.7881
-21.7908
-21.794
-21.7978
-21.8023
-21.8076
-21.814
-21.8217
-21.831
-21.8424
-21.8564
-21.8739
-21.896
-21.9246
-21.9613
-22.0116
-22.098
-22.2265
-22.3381
-22.3327
-22.281
-22.2591
-22.2181
-22.1436
-22.0733
-22.0295
-22.0024
-21.996
-22.3646
-22.4162
-22.5284
-22.6079
-22.6391
-22.6539
-22.6865
-22.7303
-22.7196
-22.6476
-22.5557
-22.4911
-22.4494
-22.4182
-22.3937
-22.3741
-22.3581
-22.3449
-22.3337
-22.3243
-22.3164
-22.3095
-22.3037
-22.2987
-22.2944
-22.2906
-22.2874
-22.2845
-22.2821
-22.2799
-22.2781
-22.2765
-22.2751
-22.274
-22.273
-22.2721
-22.2714
-22.2709
-22.2705
-22.2703
-22.2704
-22.2705
-22.2707
-22.271
-22.2714
-22.272
-22.2727
-22.2737
-22.2748
-22.2761
-22.2777
-22.2796
-22.2818
-22.2845
-22.2876
-22.2912
-22.2956
-22.3006
-22.3066
-22.3137
-22.3222
-22.3323
-22.3446
-22.3596
-22.3784
-22.4021
-22.4322
-22.4723
-22.5396
-22.6455
-22.7529
-22.7857
-22.7322
-22.6755
-22.6395
-22.6121
-22.592
-22.5448
-22.4654
-22.4314
-22.9084
-22.929
-23.0129
-23.1069
-23.1563
-23.1696
-23.1765
-23.1779
-23.1356
-23.0565
-22.986
-22.9422
-22.9124
-22.8892
-22.8705
-22.8551
-22.8423
-22.8313
-22.8219
-22.8138
-22.8068
-22.8007
-22.7954
-22.7908
-22.7868
-22.7833
-22.7802
-22.7775
-22.7751
-22.773
-22.7712
-22.7697
-22.7684
-22.7672
-22.7663
-22.7654
-22.7647
-22.7641
-22.7638
-22.7636
-22.7637
-22.7639
-22.7641
-22.7645
-22.7649
-22.7655
-22.7663
-22.7672
-22.7683
-22.7696
-22.7712
-22.7731
-22.7753
-22.7778
-22.7808
-22.7843
-22.7884
-22.7931
-22.7986
-22.805
-22.8125
-22.8213
-22.8318
-22.8444
-22.8596
-22.8785
-22.9022
-22.9324
-22.9795
-23.0606
-23.1614
-23.2248
-23.2131
-23.1623
-23.1436
-23.1372
-23.1053
-23.0264
-22.9507
-22.9331
-23.4494
-23.4654
-23.519
-23.5809
-23.6174
-23.6242
-23.61
-23.5788
-23.5212
-23.4609
-23.4216
-23.3967
-23.3774
-23.3615
-23.348
-23.3364
-23.3264
-23.3176
-23.3098
-23.3029
-23.2968
-23.2915
-23.2868
-23.2826
-23.2789
-23.2756
-23.2727
-23.2701
-23.2679
-23.2659
-23.2642
-23.2627
-23.2614
-23.2603
-23.2594
-23.2586
-23.2579
-23.2573
-23.2569
-23.2569
-23.257
-23.2573
-23.2575
-23.2579
-23.2584
-23.259
-23.2597
-23.2606
-23.2617
-23.2629
-23.2645
-23.2663
-23.2684
-23.2708
-23.2737
-23.2769
-23.2807
-23.2851
-23.29
-23.2958
-23.3023
-23.3099
-23.3186
-23.3289
-23.3409
-23.3552
-23.3727
-23.3941
-23.4233
-23.4746
-23.5548
-23.6314
-23.6573
-23.6508
-23.6538
-23.6439
-23.5969
-23.5206
-23.4643
-23.4631
-23.9706
-24.0001
-24.0309
-24.0449
-24.0425
-24.0297
-24.0013
-23.9543
-23.9107
-23.8862
-23.8708
-23.8582
-23.8468
-23.8365
-23.8271
-23.8187
-23.811
-23.804
-23.7976
-23.7918
-23.7867
-23.782
-23.7778
-23.7741
-23.7707
-23.7677
-23.765
-23.7626
-23.7604
-23.7586
-23.757
-23.7556
-23.7544
-23.7534
-23.7525
-23.7517
-23.751
-23.7504
-23.7501
-23.7501
-23.7504
-23.7506
-23.7509
-23.7513
-23.7517
-23.7523
-23.7529
-23.7538
-23.7548
-23.7561
-23.7575
-23.7593
-23.7613
-23.7636
-23.7662
-23.7693
-23.7727
-23.7767
-23.7812
-23.7862
-23.7919
-23.7983
-23.8055
-23.8136
-23.8229
-23.8334
-23.8456
-23.8597
-23.8764
-23.8999
-23.943
-24.0034
-24.055
-24.0838
-24.1035
-24.1061
-24.0821
-24.0423
-24.0076
-23.9869
-24.4628
-24.493
-24.5098
-24.5007
-24.4624
-24.4232
-24.3908
-24.3647
-24.3497
-24.3405
-24.3337
-24.3275
-24.3211
-24.3145
-24.3082
-24.3021
-24.2963
-24.2908
-24.2856
-24.2808
-24.2764
-24.2724
-24.2687
-24.2653
-24.2623
-24.2595
-24.257
-24.2548
-24.2529
-24.2511
-24.2497
-24.2484
-24.2472
-24.2463
-24.2454
-24.2447
-24.2441
-24.2436
-24.2432
-24.2433
-24.2437
-24.2441
-24.2444
-24.2447
-24.245
-24.2455
-24.2461
-24.2468
-24.2478
-24.249
-24.2504
-24.252
-24.2539
-24.2561
-24.2585
-24.2613
-24.2645
-24.268
-24.272
-24.2765
-24.2814
-24.2868
-24.2927
-24.2991
-24.3062
-24.3138
-24.3222
-24.3313
-24.341
-24.3517
-24.3652
-24.3895
-24.4357
-24.4842
-24.5165
-24.5438
-24.5611
-24.5494
-24.5235
-24.4948
-24.9333
-24.9469
-24.9583
-24.945
-24.9044
-24.8631
-24.836
-24.8217
-24.8141
-24.8098
-24.8068
-24.8036
-24.7998
-24.7957
-24.7913
-24.7869
-24.7824
-24.7781
-24.7739
-24.7699
-24.7662
-24.7627
-24.7595
-24.7565
-24.7537
-24.7512
-24.7489
-24.7469
-24.7451
-24.7435
-24.7422
-24.741
-24.74
-24.7391
-24.7383
-24.7377
-24.7372
-24.7368
-24.7365
-24.7367
-24.7373
-24.7378
-24.738
-24.738
-24.7382
-24.7386
-24.739
-24.7397
-24.7406
-24.7417
-24.743
-24.7445
-24.7463
-24.7483
-24.7506
-24.7532
-24.756
-24.7592
-24.7628
-24.7667
-24.7709
-24.7755
-24.7803
-24.7855
-24.791
-24.7966
-24.8025
-24.8084
-24.8142
-24.8203
-24.8277
-24.8382
-24.8561
-24.8883
-24.9314
-24.9814
-25.0187
-25.0183
-24.9958
-24.9751
-25.3951
-25.4
-25.4019
-25.3888
-25.3605
-25.3305
-25.3095
-25.2977
-25.2917
-25.2888
-25.2868
-25.2847
-25.2822
-25.2794
-25.2762
-25.2729
-25.2694
-25.2659
-25.2625
-25.2592
-25.256
-25.253
-25.2502
-25.2475
-25.245
-25.2428
-25.2407
-25.2388
-25.2372
-25.2358
-25.2345
-25.2335
-25.2325
-25.2318
-25.2311
-25.2307
-25.2303
-25.2301
-25.23
-25.2302
-25.2309
-25.2318
-25.2318
-25.2315
-25.2314
-25.2315
-25.2319
-25.2324
-25.2332
-25.2342
-25.2354
-25.2369
-25.2385
-25.2404
-25.2425
-25.2449
-25.2475
-25.2503
-25.2535
-25.2569
-25.2606
-25.2645
-25.2685
-25.2728
-25.2771
-25.2815
-25.2858
-25.2901
-25.2944
-25.2985
-25.3036
-25.3115
-25.3238
-25.3457
-25.3809
-25.4246
-25.4563
-25.4615
-25.4502
-25.4399
-25.8587
-25.859
-25.856
-25.8447
-25.8259
-25.8059
-25.7907
-25.7812
-25.776
-25.7731
-25.7711
-25.7693
-25.7673
-25.7651
-25.7626
-25.76
-25.7572
-25.7544
-25.7515
-25.7487
-25.746
-25.7434
-25.7408
-25.7385
-25.7363
-25.7342
-25.7323
-25.7307
-25.7292
-25.7279
-25.7268
-25.7258
-25.725
-25.7243
-25.7238
-25.7235
-25.7233
-25.7234
-25.7237
-25.7238
-25.7245
-25.7257
-25.7255
-25.7248
-25.7243
-25.7242
-25.7244
-25.7249
-25.7256
-25.7266
-25.7277
-25.7291
-25.7306
-25.7324
-25.7343
-25.7365
-25.7388
-25.7414
-25.7442
-25.7472
-25.7505
-25.7538
-25.7573
-25.7609
-25.7645
-25.7681
-25.7716
-25.775
-25.7785
-25.7822
-25.7868
-25.7934
-25.8044
-25.8218
-25.8467
-25.8755
-25.8975
-25.9058
-25.9043
-25.9012
-26.3276
-26.327
-26.323
-26.3139
-26.3005
-26.2867
-26.2756
-26.268
-26.2632
-26.2601
-26.2579
-26.256
-26.2542
-26.2523
-26.2502
-26.248
-26.2457
-26.2433
-26.2409
-26.2385
-26.2361
-26.2338
-26.2315
-26.2294
-26.2274
-26.2256
-26.2239
-26.2224
-26.2211
-26.2199
-26.2189
-26.218
-26.2172
-26.2167
-26.2163
-26.2161
-26.2162
-26.2167
-26.2173
-26.2172
-26.2176
-26.2189
-26.2188
-26.2176
-26.2168
-26.2167
-26.2168
-26.2172
-26.2179
-26.2187
-26.2198
-26.2211
-26.2225
-26.2242
-26.226
-26.228
-26.2301
-26.2325
-26.235
-26.2377
-26.2405
-26.2435
-26.2465
-26.2496
-26.2527
-26.2559
-26.259
-26.2622
-26.2654
-26.269
-26.2735
-26.2797
-26.2887
-26.302
-26.3194
-26.3386
-26.3546
-26.3634
-26.366
-26.3662
-26.8044
-26.802
-26.798
-26.7908
-26.7809
-26.771
-26.7625
-26.7562
-26.7518
-26.7486
-26.7462
-26.7442
-26.7423
-26.7405
-26.7386
-26.7367
-26.7347
-26.7326
-26.7305
-26.7284
-26.7263
-26.7243
-26.7223
-26.7204
-26.7186
-26.7169
-26.7154
-26.7141
-26.7129
-26.7118
-26.7108
-26.71
-26.7094
-26.7089
-26.7086
-26.7085
-26.7086
-26.7094
-26.7103
-26.71
-26.7097
-26.7109
-26.7109
-26.7097
-26.7089
-26.7087
-26.7089
-26.7093
-26.7099
-26.7108
-26.7118
-26.713
-26.7144
-26.7159
-26.7176
-26.7194
-26.7214
-26.7235
-26.7258
-26.7282
-26.7308
-26.7334
-26.7361
-26.7389
-26.7417
-26.7446
-26.7475
-26.7505
-26.7537
-26.7574
-26.7619
-26.7677
-26.7754
-26.7857
-26.7984
-26.8125
-26.8243
-26.8319
-26.8353
-26.8364
-27.2823
-27.2805
-27.2771
-27.2713
-27.2641
-27.2568
-27.2502
-27.245
-27.2409
-27.2378
-27.2352
-27.2331
-27.2313
-27.2295
-27.2277
-27.2259
-27.2241
-27.2223
-27.2204
-27.2185
-27.2167
-27.2148
-27.213
-27.2113
-27.2097
-27.2083
-27.2069
-27.2057
-27.2046
-27.2036
-27.2027
-27.202
-27.2013
-27.2009
-27.2006
-27.2004
-27.2006
-27.2013
-27.2024
-27.2016
-27.2006
-27.2016
-27.2018
-27.201
-27.2004
-27.2005
-27.2007
-27.2012
-27.2019
-27.2027
-27.2037
-27.2048
-27.2061
-27.2075
-27.2091
-27.2108
-27.2126
-27.2146
-27.2166
-27.2188
-27.2212
-27.2236
-27.2261
-27.2286
-27.2312
-27.2339
-27.2366
-27.2396
-27.2428
-27.2465
-27.2509
-27.2563
-27.263
-27.2713
-27.2811
-27.2914
-27.3004
-27.3066
-27.3099
-27.3111
-27.763
-27.7616
-27.7587
-27.7543
-27.7489
-27.7433
-27.7382
-27.7338
-27.7302
-27.7272
-27.7247
-27.7226
-27.7207
-27.7189
-27.7172
-27.7155
-27.7139
-27.7122
-27.7105
-27.7088
-27.7071
-27.7055
-27.7039
-27.7023
-27.7009
-27.6996
-27.6983
-27.6972
-27.6962
-27.6953
-27.6945
-27.6938
-27.6932
-27.6927
-27.6924
-27.6922
-27.6921
-27.6924
-27.6931
-27.6919
-27.6908
-27.6916
-27.6921
-27.6919
-27.6918
-27.6921
-27.6925
-27.693
-27.6937
-27.6945
-27.6955
-27.6965
-27.6977
-27.6991
-27.7005
-27.7021
-27.7038
-27.7056
-27.7075
-27.7095
-27.7117
-27.7139
-27.7162
-27.7186
-27.721
-27.7236
-27.7262
-27.7291
-27.7323
-27.7359
-27.7401
-27.745
-27.7509
-27.7577
-27.7653
-27.773
-27.7799
-27.7849
-27.7879
-27.7893
-28.2457
-28.2446
-28.2423
-28.2388
-28.2347
-28.2305
-28.2264
-28.2227
-28.2195
-28.2167
-28.2143
-28.2122
-28.2104
-28.2087
-28.207
-28.2054
-28.2039
-28.2023
-28.2008
-28.1992
-28.1977
-28.1962
-28.1947
-28.1934
-28.1921
-28.1909
-28.1898
-28.1887
-28.1878
-28.187
-28.1862
-28.1856
-28.185
-28.1845
-28.1842
-28.1838
-28.1836
-28.1834
-28.1833
-28.1822
-28.1815
-28.1821
-28.1827
-28.1831
-28.1834
-28.1838
-28.1843
-28.1849
-28.1855
-28.1863
-28.1872
-28.1882
-28.1893
-28.1906
-28.192
-28.1934
-28.195
-28.1967
-28.1984
-28.2003
-28.2023
-28.2043
-28.2065
-28.2087
-28.211
-28.2135
-28.2161
-28.2188
-28.2219
-28.2253
-28.2292
-28.2337
-28.2388
-28.2444
-28.2504
-28.2563
-28.2616
-28.2658
-28.2683
-28.2695
-28.73
-28.729
-28.7272
-28.7245
-28.7214
-28.718
-28.7148
-28.7117
-28.7088
-28.7063
-28.7041
-28.7021
-28.7003
-28.6986
-28.697
-28.6955
-28.6941
-28.6926
-28.6911
-28.6897
-28.6883
-28.6869
-28.6856
-28.6844
-28.6832
-28.6821
-28.6811
-28.6802
-28.6794
-28.6786
-28.6779
-28.6773
-28.6768
-28.6763
-28.6759
-28.6756
-28.6753
-28.675
-28.6745
-28.6738
-28.6734
-28.6738
-28.6744
-28.6748
-28.6752
-28.6756
-28.6761
-28.6767
-28.6773
-28.678
-28.6788
-28.6798
-28.6809
-28.6821
-28.6833
-28.6847
-28.6862
-28.6878
-28.6894
-28.6911
-28.6929
-28.6949
-28.6969
-28.699
-28.7012
-28.7035
-28.706
-28.7087
-28.7116
-28.7148
-28.7184
-28.7224
-28.7267
-28.7314
-28.7362
-28.7409
-28.745
-28.7484
-28.7505
-28.7516
-29.2154
-29.2146
-29.2131
-29.211
-29.2086
-29.2059
-29.2033
-29.2006
-29.1982
-29.1959
-29.1939
-29.192
-29.1903
-29.1887
-29.1872
-29.1857
-29.1843
-29.183
-29.1816
-29.1803
-29.179
-29.1778
-29.1766
-29.1755
-29.1744
-29.1734
-29.1725
-29.1716
-29.1709
-29.1702
-29.1695
-29.169
-29.1685
-29.1681
-29.1677
-29.1674
-29.1671
-29.1668
-29.1665
-29.1661
-29.1658
-29.1661
-29.1664
-29.1667
-29.167
-29.1675
-29.1679
-29.1684
-29.169
-29.1697
-29.1705
-29.1714
-29.1724
-29.1735
-29.1747
-29.176
-29.1774
-29.1788
-29.1804
-29.182
-29.1837
-29.1855
-29.1874
-29.1894
-29.1914
-29.1936
-29.196
-29.1985
-29.2013
-29.2042
-29.2075
-29.211
-29.2148
-29.2187
-29.2226
-29.2263
-29.2296
-29.2323
-29.2341
-29.235
-29.7018
-29.701
-29.6999
-29.6982
-29.6963
-29.6941
-29.6919
-29.6897
-29.6875
-29.6855
-29.6837
-29.6819
-29.6803
-29.6788
-29.6774
-29.676
-29.6747
-29.6734
-29.6722
-29.6709
-29.6698
-29.6686
-29.6676
-29.6665
-29.6656
-29.6647
-29.6638
-29.6631
-29.6623
-29.6617
-29.6611
-29.6606
-29.6601
-29.6598
-29.6594
-29.6591
-29.6589
-29.6586
-29.6584
-29.6581
-29.658
-29.6581
-29.6583
-29.6586
-29.6589
-29.6593
-29.6597
-29.6602
-29.6607
-29.6614
-29.6621
-29.6629
-29.6639
-29.6649
-29.666
-29.6672
-29.6685
-29.6699
-29.6713
-29.6729
-29.6744
-29.6761
-29.6779
-29.6797
-29.6817
-29.6838
-29.686
-29.6884
-29.6909
-29.6936
-29.6966
-29.6997
-29.7029
-29.7062
-29.7094
-29.7124
-29.7151
-29.7173
-29.7188
-29.7196
-30.1887
-30.1881
-30.1872
-30.1859
-30.1843
-30.1826
-30.1807
-30.1788
-30.177
-30.1752
-30.1735
-30.1719
-30.1704
-30.169
-30.1677
-30.1664
-30.1651
-30.1639
-30.1628
-30.1617
-30.1606
-30.1595
-30.1586
-30.1576
-30.1568
-30.1559
-30.1551
-30.1544
-30.1538
-30.1532
-30.1527
-30.1522
-30.1518
-30.1514
-30.1511
-30.1509
-30.1506
-30.1504
-30.1502
-30.1501
-30.15
-30.1501
-30.1502
-30.1504
-30.1507
-30.1511
-30.1515
-30.1519
-30.1524
-30.153
-30.1537
-30.1544
-30.1553
-30.1563
-30.1573
-30.1584
-30.1596
-30.1609
-30.1623
-30.1637
-30.1652
-30.1668
-30.1684
-30.1702
-30.172
-30.1739
-30.176
-30.1782
-30.1805
-30.183
-30.1856
-30.1883
-30.1911
-30.1939
-30.1966
-30.1991
-30.2013
-30.203
-30.2043
-30.205
-30.6763
-30.6758
-30.675
-30.6739
-30.6726
-30.6712
-30.6696
-30.668
-30.6664
-30.6649
-30.6633
-30.6619
-30.6605
-30.6592
-30.658
-30.6568
-30.6556
-30.6545
-30.6534
-30.6524
-30.6514
-30.6505
-30.6496
-30.6487
-30.6479
-30.6471
-30.6464
-30.6458
-30.6452
-30.6446
-30.6442
-30.6438
-30.6434
-30.6431
-30.6428
-30.6426
-30.6424
-30.6422
-30.642
-30.6419
-30.6419
-30.6419
-30.642
-30.6422
-30.6425
-30.6428
-30.6432
-30.6436
-30.644
-30.6446
-30.6452
-30.6459
-30.6467
-30.6476
-30.6485
-30.6496
-30.6507
-30.6519
-30.6532
-30.6545
-30.6559
-30.6574
-30.6589
-30.6606
-30.6623
-30.6641
-30.666
-30.668
-30.6702
-30.6724
-30.6747
-30.6771
-30.6795
-30.6819
-30.6841
-30.6862
-30.688
-30.6894
-30.6904
-30.6911
-31.1642
-31.1638
-31.1631
-31.1623
-31.1612
-31.16
-31.1587
-31.1573
-31.1559
-31.1546
-31.1532
-31.1519
-31.1507
-31.1495
-31.1483
-31.1472
-31.1461
-31.1451
-31.1441
-31.1432
-31.1423
-31.1414
-31.1406
-31.1398
-31.139
-31.1384
-31.1377
-31.1371
-31.1366
-31.1361
-31.1356
-31.1353
-31.1349
-31.1347
-31.1344
-31.1342
-31.1341
-31.1339
-31.1338
-31.1337
-31.1337
-31.1337
-31.1338
-31.134
-31.1342
-31.1345
-31.1348
-31.1352
-31.1356
-31.1361
-31.1367
-31.1373
-31.138
-31.1389
-31.1398
-31.1407
-31.1417
-31.1428
-31.144
-31.1453
-31.1466
-31.148
-31.1494
-31.1509
-31.1525
-31.1542
-31.156
-31.1578
-31.1598
-31.1618
-31.1638
-31.1659
-31.168
-31.17
-31.1719
-31.1737
-31.1751
-31.1763
-31.1772
-31.1777
-31.6525
-31.6521
-31.6516
-31.6509
-31.65
-31.649
-31.6479
-31.6467
-31.6455
-31.6443
-31.6431
-31.642
-31.6408
-31.6397
-31.6387
-31.6376
-31.6367
-31.6357
-31.6348
-31.6339
-31.6331
-31.6323
-31.6316
-31.6308
-31.6302
-31.6295
-31.6289
-31.6284
-31.6279
-31.6275
-31.6271
-31.6268
-31.6265
-31.6262
-31.626
-31.6258
-31.6257
-31.6256
-31.6255
-31.6254
-31.6254
-31.6254
-31.6255
-31.6256
-31.6258
-31.6261
-31.6264
-31.6267
-31.6272
-31.6276
-31.6281
-31.6287
-31.6294
-31.6301
-31.6309
-31.6318
-31.6328
-31.6338
-31.6349
-31.636
-31.6373
-31.6385
-31.6399
-31.6413
-31.6428
-31.6443
-31.6459
-31.6476
-31.6493
-31.6511
-31.653
-31.6548
-31.6566
-31.6583
-31.66
-31.6614
-31.6626
-31.6636
-31.6643
-31.6648
-32.141
-32.1407
-32.1403
-32.1397
-32.139
-32.1381
-32.1372
-32.1362
-32.1352
-32.1341
-32.1331
-32.132
-32.131
-32.13
-32.129
-32.1281
-32.1272
-32.1264
-32.1255
-32.1247
-32.124
-32.1232
-32.1225
-32.1219
-32.1213
-32.1207
-32.1202
-32.1197
-32.1192
-32.1188
-32.1185
-32.1182
-32.1179
-32.1177
-32.1175
-32.1174
-32.1172
-32.1171
-32.1171
-32.117
-32.117
-32.117
-32.1171
-32.1172
-32.1174
-32.1176
-32.1179
-32.1182
-32.1186
-32.1191
-32.1195
-32.1201
-32.1207
-32.1213
-32.1221
-32.1229
-32.1238
-32.1247
-32.1257
-32.1268
-32.1279
-32.1291
-32.1303
-32.1316
-32.133
-32.1344
-32.1358
-32.1373
-32.1389
-32.1405
-32.1421
-32.1437
-32.1453
-32.1468
-32.1482
-32.1494
-32.1504
-32.1513
-32.1518
-32.1522
-32.6298
-32.6296
-32.6292
-32.6287
-32.6281
-32.6274
-32.6266
-32.6258
-32.6249
-32.624
-32.623
-32.6221
-32.6212
-32.6203
-32.6194
-32.6186
-32.6178
-32.617
-32.6162
-32.6155
-32.6148
-32.6141
-32.6135
-32.6129
-32.6123
-32.6118
-32.6113
-32.6109
-32.6105
-32.6102
-32.6099
-32.6096
-32.6094
-32.6092
-32.609
-32.6089
-32.6088
-32.6087
-32.6086
-32.6086
-32.6085
-32.6086
-32.6086
-32.6087
-32.6089
-32.6091
-32.6094
-32.6097
-32.61
-32.6104
-32.6109
-32.6114
-32.6119
-32.6125
-32.6132
-32.6139
-32.6147
-32.6156
-32.6165
-32.6175
-32.6185
-32.6196
-32.6207
-32.6219
-32.6231
-32.6244
-32.6257
-32.6271
-32.6285
-32.6299
-32.6313
-32.6327
-32.6341
-32.6354
-32.6365
-32.6376
-32.6385
-32.6392
-32.6397
-32.64
-33.1189
-33.1187
-33.1184
-33.118
-33.1175
-33.1169
-33.1162
-33.1155
-33.1147
-33.1139
-33.1131
-33.1122
-33.1114
-33.1106
-33.1098
-33.1091
-33.1083
-33.1076
-33.1069
-33.1062
-33.1056
-33.105
-33.1044
-33.1039
-33.1034
-33.1029
-33.1025
-33.1021
-33.1018
-33.1015
-33.1012
-33.101
-33.1008
-33.1006
-33.1004
-33.1003
-33.1002
-33.1001
-33.1001
-33.1
-33.1
-33.1001
-33.1001
-33.1002
-33.1004
-33.1005
-33.1008
-33.1011
-33.1014
-33.1018
-33.1022
-33.1026
-33.1031
-33.1037
-33.1043
-33.1049
-33.1056
-33.1064
-33.1073
-33.1081
-33.1091
-33.1101
-33.1111
-33.1122
-33.1133
-33.1145
-33.1156
-33.1169
-33.1181
-33.1193
-33.1206
-33.1218
-33.123
-33.1241
-33.1251
-33.126
-33.1268
-33.1273
-33.1278
-33.128
-33.6081
-33.6079
-33.6077
-33.6073
-33.6069
-33.6064
-33.6058
-33.6052
-33.6045
-33.6038
-33.6031
-33.6024
-33.6017
-33.6009
-33.6002
-33.5995
-33.5989
-33.5982
-33.5976
-33.597
-33.5964
-33.5959
-33.5954
-33.5949
-33.5944
-33.594
-33.5937
-33.5933
-33.593
-33.5927
-33.5925
-33.5923
-33.5921
-33.5919
-33.5918
-33.5917
-33.5916
-33.5915
-33.5915
-33.5915
-33.5915
-33.5915
-33.5916
-33.5916
-33.5918
-33.5919
-33.5921
-33.5924
-33.5927
-33.593
-33.5934
-33.5938
-33.5943
-33.5948
-33.5953
-33.5959
-33.5965
-33.5972
-33.598
-33.5988
-33.5996
-33.6005
-33.6015
-33.6024
-33.6035
-33.6045
-33.6056
-33.6066
-33.6077
-33.6088
-33.6099
-33.611
-33.612
-33.613
-33.6138
-33.6146
-33.6152
-33.6157
-33.6161
-33.6163
-34.0974
-34.0973
-34.0971
-34.0968
-34.0965
-34.0961
-34.0956
-34.095
-34.0944
-34.0938
-34.0932
-34.0925
-34.0919
-34.0913
-34.0906
-34.09
-34.0894
-34.0888
-34.0883
-34.0877
-34.0872
-34.0867
-34.0863
-34.0858
-34.0855
-34.0851
-34.0848
-34.0845
-34.0842
-34.084
-34.0837
-34.0835
-34.0834
-34.0832
-34.0831
-34.083
-34.083
-34.0829
-34.0829
-34.0828
-34.0829
-34.0829
-34.0829
-34.083
-34.0831
-34.0833
-34.0834
-34.0837
-34.0839
-34.0842
-34.0846
-34.085
-34.0854
-34.0858
-34.0863
-34.0868
-34.0874
-34.0881
-34.0887
-34.0894
-34.0902
-34.091
-34.0918
-34.0927
-34.0936
-34.0945
-34.0955
-34.0964
-34.0974
-34.0984
-34.0993
-34.1003
-34.1011
-34.102
-34.1027
-34.1034
-34.1039
-34.1043
-34.1046
-34.1048
-34.587
-34.5869
-34.5867
-34.5865
-34.5861
-34.5858
-34.5854
-34.5849
-34.5844
-34.5838
-34.5833
-34.5827
-34.5821
-34.5816
-34.581
-34.5805
-34.5799
-34.5794
-34.5789
-34.5784
-34.578
-34.5776
-34.5772
-34.5768
-34.5765
-34.5761
-34.5759
-34.5756
-34.5754
-34.5751
-34.575
-34.5748
-34.5746
-34.5745
-34.5744
-34.5743
-34.5743
-34.5742
-34.5742
-34.5742
-34.5742
-34.5742
-34.5743
-34.5743
-34.5744
-34.5746
-34.5747
-34.5749
-34.5751
-34.5754
-34.5757
-34.5761
-34.5764
-34.5768
-34.5773
-34.5778
-34.5783
-34.5788
-34.5794
-34.5801
-34.5807
-34.5814
-34.5822
-34.583
-34.5838
-34.5846
-34.5854
-34.5863
-34.5871
-34.588
-34.5888
-34.5896
-34.5904
-34.5911
-34.5917
-34.5923
-34.5927
-34.5931
-34.5933
-34.5935
-35.0766
-35.0765
-35.0763
-35.0761
-35.0759
-35.0755
-35.0752
-35.0748
-35.0743
-35.0738
-35.0734
-35.0729
-35.0724
-35.0719
-35.0714
-35.0709
-35.0704
-35.07
-35.0696
-35.0691
-35.0688
-35.0684
-35.068
-35.0677
-35.0674
-35.0672
-35.0669
-35.0667
-35.0665
-35.0663
-35.0661
-35.066
-35.0659
-35.0657
-35.0656
-35.0656
-35.0655
-35.0655
-35.0655
-35.0655
-35.0655
-35.0655
-35.0655
-35.0656
-35.0657
-35.0658
-35.0659
-35.0661
-35.0663
-35.0665
-35.0668
-35.0671
-35.0674
-35.0678
-35.0682
-35.0686
-35.0691
-35.0696
-35.0701
-35.0706
-35.0712
-35.0719
-35.0725
-35.0732
-35.0739
-35.0746
-35.0754
-35.0761
-35.0769
-35.0776
-35.0783
-35.079
-35.0796
-35.0803
-35.0808
-35.0813
-35.0817
-35.082
-35.0822
-35.0823
-35.5662
-35.5661
-35.566
-35.5658
-35.5656
-35.5653
-35.565
-35.5647
-35.5643
-35.5639
-35.5635
-35.563
-35.5626
-35.5622
-35.5618
-35.5613
-35.5609
-35.5606
-35.5602
-35.5598
-35.5595
-35.5592
-35.5589
-35.5586
-35.5584
-35.5582
-35.558
-35.5578
-35.5576
-35.5574
-35.5573
-35.5571
-35.557
-35.5569
-35.5568
-35.5568
-35.5567
-35.5567
-35.5567
-35.5567
-35.5567
-35.5567
-35.5568
-35.5568
-35.5569
-35.557
-35.5571
-35.5573
-35.5574
-35.5576
-35.5579
-35.5581
-35.5584
-35.5587
-35.5591
-35.5594
-35.5598
-35.5602
-35.5607
-35.5612
-35.5617
-35.5623
-35.5628
-35.5634
-35.564
-35.5647
-35.5653
-35.566
-35.5666
-35.5672
-35.5678
-35.5684
-35.569
-35.5695
-35.57
-35.5704
-35.5707
-35.571
-35.5711
-35.5712
-36.0559
-36.0558
-36.0557
-36.0556
-36.0554
-36.0552
-36.0549
-36.0546
-36.0543
-36.0539
-36.0536
-36.0532
-36.0529
-36.0525
-36.0522
-36.0518
-36.0515
-36.0511
-36.0508
-36.0505
-36.0503
-36.05
-36.0498
-36.0495
-36.0493
-36.0491
-36.049
-36.0488
-36.0487
-36.0485
-36.0484
-36.0483
-36.0482
-36.0481
-36.048
-36.048
-36.0479
-36.0479
-36.0479
-36.0479
-36.0479
-36.0479
-36.048
-36.048
-36.0481
-36.0482
-36.0483
-36.0484
-36.0486
-36.0487
-36.0489
-36.0491
-36.0493
-36.0496
-36.0499
-36.0502
-36.0505
-36.0509
-36.0513
-36.0517
-36.0522
-36.0526
-36.0531
-36.0536
-36.0541
-36.0547
-36.0552
-36.0558
-36.0563
-36.0569
-36.0574
-36.0579
-36.0584
-36.0588
-36.0592
-36.0595
-36.0598
-36.06
-36.0601
-36.0602
-36.5457
-36.5456
-36.5455
-36.5454
-36.5452
-36.545
-36.5448
-36.5445
-36.5443
-36.544
-36.5437
-36.5434
-36.5431
-36.5428
-36.5426
-36.5423
-36.542
-36.5417
-36.5415
-36.5412
-36.541
-36.5408
-36.5406
-36.5404
-36.5403
-36.5401
-36.54
-36.5398
-36.5397
-36.5396
-36.5395
-36.5394
-36.5393
-36.5392
-36.5392
-36.5391
-36.5391
-36.5391
-36.5391
-36.5391
-36.5391
-36.5391
-36.5392
-36.5392
-36.5393
-36.5393
-36.5394
-36.5395
-36.5396
-36.5398
-36.5399
-36.5401
-36.5403
-36.5405
-36.5407
-36.541
-36.5412
-36.5415
-36.5419
-36.5422
-36.5426
-36.543
-36.5434
-36.5438
-36.5442
-36.5447
-36.5452
-36.5456
-36.5461
-36.5465
-36.547
-36.5474
-36.5478
-36.5481
-36.5484
-36.5487
-36.5489
-36.5491
-36.5492
-36.5493
-37.0354
-37.0354
-37.0353
-37.0352
-37.0351
-37.0349
-37.0347
-37.0345
-37.0343
-37.0341
-37.0339
-37.0337
-37.0334
-37.0332
-37.033
-37.0327
-37.0325
-37.0323
-37.0321
-37.0319
-37.0317
-37.0316
-37.0314
-37.0313
-37.0312
-37.031
-37.0309
-37.0308
-37.0307
-37.0306
-37.0305
-37.0305
-37.0304
-37.0303
-37.0303
-37.0302
-37.0302
-37.0302
-37.0302
-37.0302
-37.0302
-37.0303
-37.0303
-37.0303
-37.0304
-37.0305
-37.0305
-37.0306
-37.0307
-37.0308
-37.0309
-37.031
-37.0312
-37.0313
-37.0315
-37.0317
-37.0319
-37.0322
-37.0324
-37.0327
-37.033
-37.0333
-37.0336
-37.034
-37.0343
-37.0347
-37.0351
-37.0355
-37.0358
-37.0362
-37.0366
-37.0369
-37.0372
-37.0375
-37.0377
-37.038
-37.0381
-37.0383
-37.0384
-37.0384
-37.5253
-37.5252
-37.5252
-37.5251
-37.525
-37.5249
-37.5247
-37.5246
-37.5244
-37.5243
-37.5241
-37.5239
-37.5237
-37.5236
-37.5234
-37.5232
-37.5231
-37.5229
-37.5228
-37.5226
-37.5225
-37.5224
-37.5222
-37.5221
-37.522
-37.5219
-37.5219
-37.5218
-37.5217
-37.5216
-37.5216
-37.5215
-37.5215
-37.5214
-37.5214
-37.5214
-37.5213
-37.5213
-37.5213
-37.5213
-37.5214
-37.5214
-37.5214
-37.5214
-37.5215
-37.5215
-37.5216
-37.5216
-37.5217
-37.5218
-37.5219
-37.522
-37.5221
-37.5222
-37.5223
-37.5224
-37.5226
-37.5228
-37.523
-37.5232
-37.5234
-37.5237
-37.5239
-37.5242
-37.5245
-37.5247
-37.525
-37.5253
-37.5256
-37.5259
-37.5262
-37.5264
-37.5267
-37.5269
-37.5271
-37.5273
-37.5274
-37.5275
-37.5276
-37.5276
-38.0151
-38.0151
-38.0151
-38.015
-38.0149
-38.0149
-38.0148
-38.0147
-38.0146
-38.0144
-38.0143
-38.0142
-38.0141
-38.014
-38.0138
-38.0137
-38.0136
-38.0135
-38.0134
-38.0133
-38.0132
-38.0131
-38.013
-38.013
-38.0129
-38.0128
-38.0128
-38.0127
-38.0127
-38.0126
-38.0126
-38.0126
-38.0125
-38.0125
-38.0125
-38.0125
-38.0124
-38.0124
-38.0124
-38.0124
-38.0125
-38.0125
-38.0125
-38.0125
-38.0126
-38.0126
-38.0126
-38.0127
-38.0127
-38.0128
-38.0128
-38.0129
-38.0129
-38.013
-38.0131
-38.0132
-38.0133
-38.0134
-38.0135
-38.0137
-38.0138
-38.014
-38.0142
-38.0144
-38.0146
-38.0148
-38.015
-38.0152
-38.0154
-38.0156
-38.0158
-38.016
-38.0162
-38.0163
-38.0165
-38.0166
-38.0167
-38.0168
-38.0168
-38.0168
-38.5051
-38.505
-38.505
-38.505
-38.5049
-38.5049
-38.5048
-38.5048
-38.5047
-38.5047
-38.5046
-38.5045
-38.5044
-38.5044
-38.5043
-38.5042
-38.5042
-38.5041
-38.504
-38.504
-38.5039
-38.5039
-38.5038
-38.5038
-38.5038
-38.5037
-38.5037
-38.5037
-38.5037
-38.5036
-38.5036
-38.5036
-38.5036
-38.5036
-38.5036
-38.5035
-38.5035
-38.5035
-38.5035
-38.5036
-38.5036
-38.5036
-38.5036
-38.5036
-38.5036
-38.5036
-38.5037
-38.5037
-38.5037
-38.5037
-38.5037
-38.5038
-38.5038
-38.5038
-38.5039
-38.5039
-38.504
-38.5041
-38.5041
-38.5042
-38.5043
-38.5044
-38.5045
-38.5046
-38.5047
-38.5049
-38.505
-38.5051
-38.5052
-38.5053
-38.5055
-38.5056
-38.5057
-38.5058
-38.5059
-38.5059
-38.506
-38.506
-38.5061
-38.5061
-38.995
-38.995
-38.995
-38.995
-38.995
-38.995
-38.9949
-38.9949
-38.9949
-38.9949
-38.9949
-38.9948
-38.9948
-38.9948
-38.9948
-38.9947
-38.9947
-38.9947
-38.9947
-38.9947
-38.9946
-38.9946
-38.9946
-38.9946
-38.9946
-38.9946
-38.9946
-38.9946
-38.9946
-38.9946
-38.9946
-38.9946
-38.9946
-38.9946
-38.9946
-38.9946
-38.9946
-38.9946
-38.9947
-38.9947
-38.9947
-38.9947
-38.9947
-38.9947
-38.9947
-38.9947
-38.9947
-38.9947
-38.9947
-38.9947
-38.9947
-38.9947
-38.9947
-38.9947
-38.9947
-38.9947
-38.9947
-38.9947
-38.9947
-38.9947
-38.9948
-38.9948
-38.9948
-38.9949
-38.9949
-38.9949
-38.995
-38.995
-38.9951
-38.9951
-38.9952
-38.9952
-38.9952
-38.9953
-38.9953
-38.9953
-38.9953
-38.9953
-38.9954
-38.9954
)
;

boundaryField
{
    lowerWall
    {
        type            calculated;
        value           nonuniform List<scalar> 
80
(
8397.23
8397.37
8397.37
8397.08
8396.53
8395.71
8394.67
8393.42
8392
8390.43
8388.72
8386.89
8384.96
8382.94
8380.85
8378.69
8376.49
8374.25
8372.01
8369.76
8367.54
8365.34
8363.2
8361.12
8359.11
8357.19
8355.37
8353.65
8352.05
8350.57
8349.22
8348
8346.91
8345.96
8345.14
8344.46
8343.91
8343.5
8343.23
8343.09
8343.08
8343.21
8343.47
8343.86
8344.39
8345.05
8345.85
8346.78
8347.84
8349.03
8350.35
8351.8
8353.37
8355.05
8356.83
8358.72
8360.69
8362.73
8364.84
8366.99
8369.19
8371.4
8373.61
8375.81
8377.99
8380.12
8382.19
8384.18
8386.09
8387.89
8389.58
8391.13
8392.52
8393.74
8394.76
8395.56
8396.09
8396.36
8396.35
8396.2
)
;
    }
    rightWall
    {
        type            calculated;
        value           nonuniform List<scalar> 
80
(
8187.74
7770.67
7353.74
6937.09
6520.72
6104.65
5688.87
5273.37
4858.16
4443.25
4028.65
3614.37
3200.43
2786.8
2373.48
1960.36
1547.23
1133.85
718.779
305.991
44.195
-10.2137
-10.6799
-11.1656
-11.6633
-12.1797
-12.7088
-13.2137
-13.6712
-14.0848
-14.4647
-14.8557
-15.3067
-15.8373
-16.433
-17.096
-17.8075
-18.4939
-19.1187
-19.68
-20.1794
-20.6391
-21.1117
-21.5832
-21.996
-22.4314
-22.9331
-23.4631
-23.9869
-24.4948
-24.9751
-25.4399
-25.9012
-26.3662
-26.8364
-27.3111
-27.7893
-28.2695
-28.7516
-29.235
-29.7196
-30.205
-30.6911
-31.1777
-31.6648
-32.1522
-32.64
-33.128
-33.6163
-34.1048
-34.5935
-35.0823
-35.5712
-36.0602
-36.5493
-37.0384
-37.5276
-38.0168
-38.5061
-38.9954
)
;
    }
    atmosphere
    {
        type            calculated;
        value           nonuniform List<scalar> 
80
(
-39.24
-39.24
-39.24
-39.24
-39.24
-39.24
-39.24
-39.24
-39.24
-39.24
-39.24
-39.24
-39.24
-39.24
-39.24
-39.24
-39.24
-39.24
-39.24
-39.24
-39.24
-39.24
-39.24
-39.24
-39.24
-39.2401
-39.2401
-39.2401
-39.2401
-39.2401
-39.2401
-39.2401
-39.2402
-39.2402
-39.2402
-39.2402
-39.2402
-39.2402
-39.2402
-39.2402
-39.2402
-39.2402
-39.2402
-39.2402
-39.2402
-39.2402
-39.2402
-39.2402
-39.2402
-39.2402
-39.2401
-39.2401
-39.2401
-39.2401
-39.2401
-39.2401
-39.24
-39.24
-39.24
-39.24
-39.24
-39.24
-39.24
-39.24
-39.24
-39.24
-39.24
-39.24
-39.24
-39.24
-39.24
-39.24
-39.24
-39.24
-39.24
-39.24
-39.24
-39.24
-39.24
-39.24
)
;
    }
    leftWall
    {
        type            calculated;
        value           nonuniform List<scalar> 
80
(
8188.77
7771.7
7354.78
6938.14
6521.79
6105.74
5689.97
5274.5
4859.33
4444.45
4029.89
3615.64
3201.73
2788.15
2374.87
1961.77
1548.69
1135.33
720.293
307
44.3234
-10.2626
-10.7282
-11.215
-11.7119
-12.2284
-12.765
-13.2822
-13.7463
-14.1514
-14.5287
-14.938
-15.4291
-16.0181
-16.6807
-17.3614
-18.011
-18.5998
-19.1199
-19.5984
-20.0707
-20.5504
-21.0277
-21.4566
-21.8729
-22.3646
-22.9084
-23.4494
-23.9706
-24.4628
-24.9333
-25.3951
-25.8587
-26.3276
-26.8044
-27.2823
-27.763
-28.2457
-28.73
-29.2154
-29.7018
-30.1887
-30.6763
-31.1642
-31.6525
-32.141
-32.6298
-33.1189
-33.6081
-34.0974
-34.587
-35.0766
-35.5662
-36.0559
-36.5457
-37.0354
-37.5253
-38.0151
-38.5051
-38.995
)
;
    }
    frontAndBack
    {
        type            empty;
    }
}


// ************************************************************************* //
