/*--------------------------------*- C++ -*----------------------------------*\
| =========                 |                                                 |
| \\      /  F ield         | OpenFOAM: The Open Source CFD Toolbox           |
|  \\    /   O peration     | Version:  2412                                  |
|   \\  /    A nd           | Website:  www.openfoam.com                      |
|    \\/     M anipulation  |                                                 |
\*---------------------------------------------------------------------------*/
FoamFile
{
    version     2.0;
    format      ascii;
    arch        "LSB;label=32;scalar=64";
    class       volScalarField;
    location    "28";
    object      p;
}
// * * * * * * * * * * * * * * * * * * * * * * * * * * * * * * * * * * * * * //

dimensions      [1 -1 -2 0 0 0 0];

internalField   nonuniform List<scalar> 
6400
(
57767.9
58046.5
58687.4
59509.2
60453.1
61578.1
62809.6
64090.7
65393.1
66655.8
67829.7
68881.3
69775.5
70478.9
70963.2
71197.8
71155.1
70812.3
70146.2
69129.6
67737
65954.7
63788.9
61263.8
58415.3
55281.3
51896
48288.4
44484.9
40513.6
36408.7
32212.5
27974
23746.7
19584.7
15540.9
11665.4
8005.56
4605.23
1504.37
-1262.19
-3665.9
-5685.36
-7306.53
-8522.59
-9333.36
-9744.83
-9768.76
-9422.48
-8728.8
-7715.89
-6416.77
-4868.64
-3111.9
-1189.14
855.934
2979.63
5139.4
7295.07
9410.1
11452.7
13397
15223.7
16919.9
18479.7
19902.2
21190.4
22349.8
23386.3
24305.5
25111.8
25808.9
26400.1
26889.4
27282.4
27586.4
27809.8
27959.9
28043
28074.4
56270.6
56543
57113.4
57940.5
58910.2
60035.5
61281.8
62584.4
63899.3
65170
66350.6
67411.5
68320
69037.1
69531
69776.7
69752.1
69432.8
68788.4
67786.3
66401.4
64624.5
62466.4
59954
57122.6
54007.5
50639.7
47045.3
43249.3
39280.3
35174.1
30974.5
26731.8
22500
18333.5
14285.5
10406.7
6744.66
3343.59
243.154
-2522.49
-4925.67
-6945.67
-8568.87
-9788.41
-10603.8
-11020.6
-11050.2
-10709.8
-10022.2
-9015.94
-7724.16
-6184.03
-4435.55
-2520.6
-482.06
1637.07
3794.64
5950.55
8068.09
10115.3
12066.2
13901.4
15608.2
17180.3
18616.2
19918.3
21091.1
22140.1
23070.3
23886.3
24590.9
25187.1
25678.9
26072.1
26374.9
26597.1
26747.3
26829
26850.4
54402.9
54746.2
55321.8
56142.6
57136.4
58284.5
59546.7
60863.8
62185.8
63461.7
64650.5
65719.9
66635.3
67360.3
67866.6
68130.8
68129.2
67833.7
67210.8
66228.2
64863.5
63111.3
60984
58507.6
55714.3
52636
49300.6
45732.7
41956.9
38002.5
33906.3
29713.7
25476.4
21249.7
17089
13048
9177.78
5525.82
2135.74
-953.771
-3709.79
-6105.82
-8122.06
-9745.31
-10968.7
-11791.5
-12219
-12262.5
-11939.1
-11272
-10289.4
-9024.03
-7511.98
-5791.76
-3903.56
-1888.66
211.306
2355.17
4503.49
6619.84
8672.23
10634.3
12485.9
14213.4
15809.3
17270.8
18598.7
19796.4
20868.4
21819.1
22652
23369.2
23972.1
24464.2
24851.7
25144.1
25353.3
25492.7
25572.7
25593.5
52342.6
52689.6
53286.5
54112.5
55108.2
56264.5
57524.6
58830.5
60138.5
61402
62580.3
63638.5
64543.1
65261.8
65769.7
66045.9
66064.8
65794.6
65200.1
64250.3
62925.9
61224
59157.4
56749.3
54027.3
51018.2
47746.5
44235.5
40510.5
36602.1
32548.8
28397
24199.1
20011
15888.8
11886.8
8056.03
4443.61
1091.83
-1962.37
-4688.02
-7060.46
-9061.32
-10678.3
-11905
-12740.5
-13189.7
-13263.6
-12978.8
-12357.9
-11428.1
-10220.7
-8769.59
-7110.45
-5280.57
-3318.49
-1263.69
844.284
2967.04
5068.85
7118.07
9088.2
10958.4
12713.4
14342.8
15840.5
17204.2
18434.9
19536.1
20511.7
21365.3
22098.6
22712.5
23209.5
23596.3
23882.9
24080.2
24202.6
24270.6
24290.9
50157.8
50493.6
51080.1
51901.6
52886.3
54022.4
55253.5
56525.3
57798.2
59025.3
60164.7
61183.7
62055
62752.7
63252
63529.9
63560.3
63311.1
62748.2
61842.3
60576
58946.7
56965.2
54650.6
52025.4
49111.9
45931.9
42507.6
38865.1
35036.5
31061.8
26988.3
22869
18759.7
14716.4
10792.8
7039.05
3501.14
219.759
-2770.12
-5439.73
-7766.61
-9734.43
-11332.5
-12555.4
-13402.7
-13879.2
-13995
-13765.9
-13212.7
-12360.6
-11238.2
-9876.21
-8306.74
-6563.53
-4681.77
-2698
-649.415
1427.34
3497.64
5530.28
7498.54
9380.54
11159.1
12820.9
14356.2
15758.8
17026
18158.4
19158.6
20029.5
20773.7
21393
21891.4
22276.7
22560.4
22752.9
22865.4
22921.5
22940.5
47763.2
48114.1
48684
49472.9
50424.7
51517.4
52695.2
53907.4
55119
56285.3
57364.7
58326.9
59148.8
59811.3
60292.3
60566.7
60606.6
60380.7
59856.5
59006.6
57814.3
56276.2
54400.3
52201.4
49697.2
46906
43846.8
40541.2
37015.9
33304.6
29448.4
25495.4
21498.5
17512.4
13591.9
9788.99
6152.3
2725.77
-451.955
-3348.27
-5936.96
-8198.18
-10117.9
-11687.4
-12902.4
-13762.9
-14273.3
-14442.5
-14284.4
-13817.7
-13064.4
-12049.7
-10800.4
-9344.62
-7712.06
-5934.23
-4044.37
-2076.88
-66.2076
1954.56
3954.95
5908.04
7790.73
9583.4
11269.5
12835.2
14270.4
15568.9
16728.6
17750.3
18635.9
19388.1
20010.4
20508.4
20891.5
21172.4
21363.2
21473.4
21523.2
21541.3
45205.9
45545.7
46093
46840.7
47739.8
48766.8
49871.1
51002.9
52131.2
53216.7
54219.1
55113
55877.1
56495.4
56949.2
57213.6
57260.2
57058.2
56576.9
55790.3
54682
53246.9
51490.1
49422.4
47057.5
44410.3
41497.7
38340.7
34966.4
31409.6
27712.3
23922.7
20092.5
16274.6
12521.1
8881.53
5401.81
2123.32
-918.059
-3692.62
-6177.09
-8354.38
-10212.8
-11745.1
-12948
-13821.4
-14369
-14598.1
-14520.4
-14151.5
-13510.3
-12618.1
-11497.5
-10172.7
-8669.15
-7014.51
-5238.32
-3371.83
-1447.08
504.369
2452.76
4371.11
6235.51
8024.59
9718.9
11301
12756.2
14074.5
15251.1
16285.7
17180.2
17937.8
18563
19062.4
19445.4
19724.6
19914.4
20026.7
20077.1
20096.5
42501.4
42815.6
43324.3
44022.5
44853
45794.4
46806.3
47840.3
48868.1
49859.2
50774.5
51591.2
52291.3
52858.9
53277.6
53525.2
53574.6
53395.6
52958.4
52237.8
51217.4
49891.2
48261.5
46335.8
44124.5
41639.5
38896.2
35915.1
32723.7
29357.2
25857.9
22272.8
18651.7
15044.8
11500.9
8065.94
4782.34
1687.67
-1185.94
-3812.38
-6171.49
-8248.61
-10033.7
-11520.4
-12705.6
-13588.7
-14172.1
-14461.7
-14466.7
-14199.9
-13676.7
-12914.5
-11932.1
-10749.3
-9387.64
-7870.76
-6224.46
-4476.63
-2656.66
-794.369
1081.2
2942.97
4766.22
6528.28
8207.82
9784.84
11241.7
12564.8
13746.3
14784
15679.8
16437.7
17063.4
17564
17948.4
18228.1
18418.6
18536.3
18593
18617.4
39603.4
39894.9
40360.6
40994.3
41742.1
42584.8
43492.2
44418.6
45333.1
46218
47040.7
47776.8
48410.8
48927.1
49309
49536.5
49585.6
49428.2
49035.3
48382.5
47452.9
46239.3
44741.9
42966.1
40919.5
38612.3
36058.8
33279
30300.3
27157.9
23892.6
20549.8
17176.5
13819.4
10523.2
7329.67
4276.46
1396.39
-1282.97
-3739.41
-5955.73
-7919.07
-9620.2
-11052.8
-12213.1
-13099.8
-13713.8
-14059.3
-14143.2
-13975.5
-13568.3
-12935.5
-12091.9
-11053.8
-9839.05
-8467.39
-6961.01
-5344.5
-3644.61
-1889.46
-107.263
1674.91
3431.93
5140.4
6778.14
8324.06
9759.15
11068
12240
13270.6
14160
14912.2
15533.5
16032.1
16417.5
16700.1
16894.4
17020.5
17087.2
17120.6
36533.8
36795.4
37213.3
37770.2
38423.7
39156.8
39948.1
40760.7
41556.2
42323.4
43044.5
43695.8
44260.9
44724.7
45070.5
45279
45328
45191.5
44842.6
44257.3
43419
42319.4
40957.4
39336.7
37463.6
35347.5
33002
30446.7
27708.3
24820.5
21822.2
18755.8
15664.9
12592.2
9577.65
6657.96
3865.28
1227.03
-1234.14
-3499.95
-5555.88
-7390.47
-8994.77
-10362
-11487.3
-12368
-13003.7
-13396.4
-13551
-13474.8
-13176.7
-12667.3
-11958.3
-11062.6
-9994.82
-8771.59
-7411.72
-5936.59
-4370.21
-2738.74
-1069.45
610.788
2276.59
3904.34
5471.83
6958.22
8344.67
9615.53
10759.3
11769
12642.4
13381.8
13993.5
14486.6
14872.1
15159.5
15361
15497.4
15575.3
15618.8
33300.4
33525.3
33881.4
34355.3
34912
35532.7
36199
36890.3
37568.6
38216.4
38828.5
39389.7
39883.4
40293.7
40603.7
40794.6
40844.8
40729.7
40424
39904.9
39156.4
38170.2
36944.6
35482.5
33789.8
31875.5
29753.1
27441.6
24966.4
22358.9
19655.2
16894
14114.5
11354.5
8648.91
6028.65
3520.18
1145.48
-1077.55
-3134.33
-5012.78
-6702.68
-8195.26
-9483.04
-10560
-11421.7
-12065.8
-12492.6
-12704.6
-12706.7
-12505.3
-12108.2
-11524.3
-10763.8
-9838.68
-8762.82
-7552.31
-6225.76
-4804.58
-3312.79
-1776.08
-220.382
1329.48
2850.34
4320.67
5720.54
7032.03
8240.18
9333.66
10304.9
11150
11868.6
12465.8
12950.3
13334.4
13626.8
13836.3
13982.5
14070.7
14121.7
29901.3
30088.3
30374.7
30762.2
31223.2
31737.1
32280.3
32843
33404.9
33943.3
34450.9
34921.1
35341.9
35698.1
35972.4
36146
36197.4
36103.1
35839
35384
34723.2
33849.2
32760.4
31459.7
29953.1
28249.7
26362.7
24310.3
22116.2
19808.9
17420.9
14986.4
12539.5
10112.6
7734.62
5430.94
3222.45
1126.08
-844.565
-2678.25
-4365.15
-5896.16
-7262.6
-8456.26
-9469.69
-10296.8
-10933.3
-11377.6
-11630.2
-11694.1
-11573.4
-11273.6
-10801.7
-10165.9
-9376.22
-8444.52
-7384.54
-6212.21
-4946.21
-3608.04
-2221.34
-810.5
600.795
1990.58
3338.92
4627.79
5841.02
6964.69
7987.9
8903.1
9705.73
10394.1
10970.7
11442.9
11822.2
12116.8
12331.7
12484.9
12580.5
12636.2
26356.4
26503.5
26726.7
27030.4
27395.2
27804.8
28237.9
28677.4
29120.2
29555
29970.6
30359.1
30711.5
31014.6
31252.7
31407.2
31457.3
31380.7
31155
30761.5
30186.8
29424.5
28473.5
27336.9
26021.2
24535.6
22893.2
21111
19210.7
17217.6
15159.8
13066.2
10965.1
8882.84
6842.7
4864.37
2963.84
1153.65
-556.257
-2157.51
-3642.22
-5002.28
-6229.02
-7313.48
-8246.96
-9021.9
-9632.65
-10076
-10351.1
-10459
-10402.2
-10184.3
-9810.52
-9288.02
-8625.8
-7834.47
-6925.86
-5913.25
-4812.06
-3640.47
-2419.23
-1170.6
83.286
1321.85
2527.1
3683.64
4778.05
5798.29
6733.92
7577.08
8322.94
8969.3
9516.7
9969.79
10338.2
10629
10844
10999.7
11098.2
11156.1
22703.3
22811.6
22981.9
23209.4
23482.2
23783.8
24111.8
24446.1
24780.4
25113.8
25440.9
25753.8
26042.7
26295.3
26496.6
26629.4
26674.4
26611.1
26419.9
26084.5
25594
24942.9
24130.8
23161
22040.1
20777.5
19385.7
17880.6
16281.5
14610.1
12889.5
11143
9392.81
7659.26
5959.92
4309.42
2719.34
1198.6
-245.812
-1607.72
-2880.71
-4057.44
-5129.4
-6087.24
-6921.6
-7624.08
-8188.16
-8609.7
-8886.8
-9019.28
-9008.23
-8855.99
-8566.68
-8146.58
-7604.01
-6948.56
-6190.42
-5340.31
-4410.32
-3414.92
-2371.37
-1299.03
-217.875
853.399
1898.85
2905.76
3863.76
4763.22
5594.62
6349.63
7022.82
7612.14
8116.97
8539.71
8887.12
9164.47
9371.71
9524.05
9619.75
9673.98
18979.2
19051.7
19172
19327.7
19521.1
19727.1
19949.4
20184.7
20427
20673.3
20920.2
21162.1
21390.3
21593.4
21757.5
21866.7
21903.9
21851.1
21692
21413.2
21005.9
20466.3
19794.4
18993.9
18071.1
17035
15897.1
14671.6
13374.8
12024.6
10639.3
9236.63
7833.23
6443.7
5080.45
3753.53
2470.71
1237.84
59.6842
-1059.13
-2113.19
-3095.78
-3998.83
-4813.31
-5529.97
-6140.31
-6637.48
-7016.81
-7275.84
-7413.79
-7431.14
-7329.65
-7112.67
-6785.58
-6355.54
-5830.67
-5219.35
-4530.11
-3772.34
-2957.36
-2098.95
-1213.01
-316.29
575.339
1448.5
2292.91
3100.63
3864.27
4575.71
5226.66
5811.21
6327.59
6774.69
7153.2
7467.17
7719.85
7909.54
8050.78
8138.89
8186.19
15223.1
15259.3
15326.7
15409.9
15524.9
15657.7
15801.3
15954.3
16116.7
16287.6
16464.2
16641.9
16813.6
16969.6
17097.5
17183.5
17212.4
17169.6
17042.1
16819.9
16496.8
16070.1
15540.7
14912.1
14189.8
13381.6
12497.3
11548.5
10548.5
9511.18
8450.66
7379.94
6310.6
5252.37
4213.08
3198.74
2213.82
1261.81
345.902
-530.246
-1362
-2143.48
-2867.62
-3526.36
-4111.23
-4614.1
-5028.22
-5348.93
-5573.87
-5702.46
-5735.28
-5673.74
-5520.26
-5278.68
-4954.32
-4553.49
-4082.99
-3549.82
-2961.59
-2327.12
-1656.91
-962.971
-258.004
445.986
1138.83
1812.57
2460.74
3077.34
3655.69
4188.65
4670.6
5100.1
5475.83
5797.07
6065.6
6283.26
6446.81
6569.31
6644.73
6685.4
11464.7
11462
11475.9
11504.3
11549.9
11611.5
11688.4
11777.9
11878.1
11987.7
12105
12226.9
12347.8
12459.7
12552.9
12615.9
12636.7
12604.2
12508.8
12343.7
12105.3
11792.5
11406.4
10949.9
10427.1
9843.97
9207.71
8527.19
7812.46
7074.06
6322.16
5565.81
4812.44
4067.71
3335.66
2618.98
1919.57
1239.16
579.873
-55.3534
-662.688
-1237.44
-1774.02
-2265.95
-2706.05
-3087.14
-3403.16
-3650.11
-3826.36
-3932.07
-3968.19
-3935.72
-3835.78
-3670.18
-3442
-3155.8
-2817.27
-2432.68
-2008.48
-1551.27
-1068.11
-566.817
-55.7519
457.107
964.965
1462.12
1943.24
2403.06
2836.44
3238.4
3604.84
3934.23
4224.6
4474.4
4684.08
4854.73
4982.85
5080.57
5138.44
5169.22
7753.86
7716.07
7675.6
7665.36
7674.63
7694.18
7724.5
7766.14
7817.93
7878.57
7946.98
8021.17
8097.35
8169.65
8230.55
8271.71
8284.92
8262.88
8199.9
8092.21
7937.99
7737.05
7490.42
7199.96
6868.32
6499.05
6096.88
5667.73
5218.52
4756.44
4288.23
3819.47
3354.23
2895.05
2443.26
1999.42
1563.88
1137.34
721.123
317.276
-71.5194
-442.027
-790.341
-1111.72
-1400.73
-1651.94
-1860.96
-2025.26
-2144.28
-2218.56
-2248.8
-2235.2
-2177.68
-2076.62
-1933.69
-1752.12
-1536.43
-1291.7
-1022.77
-733.916
-429.098
-112.47
211.449
538.252
864.138
1185.57
1498.53
1798.64
2082.13
2346.28
2589.47
2810.56
3005.97
3173.89
3315.9
3432.09
3517.04
3585.75
3626.99
3643.92
4206.96
4159.52
4104.4
4079.63
4072.19
4073.02
4080.47
4094.56
4114.88
4140.87
4171.97
4207.25
4244.77
4281.29
4312.54
4333.79
4340.59
4329.29
4297.36
4243.4
4166.93
4068.15
3947.62
3806.15
3644.83
3465.29
3269.85
3061.66
2844.42
2622.01
2397.95
2174.89
1954.5
1737.41
1523.58
1312.66
1104.41
899.048
697.301
500.295
309.4
126.228
-47.1515
-208.014
-353.086
-479.143
-583.819
-666.157
-726.442
-765.445
-783.523
-780.258
-754.804
-706.734
-636.781
-547.05
-440.6
-320.651
-189.883
-50.2034
96.9216
249.975
407.189
566.776
727.059
886.115
1041.53
1191.02
1332.93
1465.73
1588.69
1701.91
1802.05
1886.66
1959.32
2021.17
2062.45
2098.02
2125.79
2134.18
1004.65
1018.12
987.964
980.397
980.113
980.575
981.362
982.975
985.622
989.391
994.336
1000.35
1007.03
1013.69
1019.46
1023.42
1024.74
1022.8
1017.17
1007.68
994.33
977.228
956.515
932.319
904.786
874.149
840.806
805.345
768.497
731.014
693.549
656.548
620.222
584.57
549.447
514.664
480.084
445.713
411.707
378.314
345.8
314.44
284.581
256.732
231.558
209.743
191.776
177.809
167.673
161.087
157.896
158.199
162.273
170.359
182.431
198.087
216.623
237.28
259.47
282.877
307.37
332.827
359.092
386.036
413.475
440.869
467.38
492.648
517.057
540.306
561.458
581.104
599.163
613.782
625.787
637.593
643.824
649.226
657.992
656.05
-9.59276
-9.22439
-9.19
-9.10637
-9.02583
-8.96806
-8.92394
-8.88504
-8.85873
-8.84178
-8.83282
-8.82905
-8.82617
-8.81434
-8.80035
-8.78986
-8.78554
-8.78889
-8.80167
-8.82365
-8.85361
-8.89103
-8.9349
-8.98431
-9.0394
-9.09955
-9.16391
-9.23091
-9.29865
-9.36535
-9.4297
-9.49103
-9.54916
-9.60409
-9.6521
-9.69417
-9.73482
-9.77367
-9.81068
-9.84551
-9.8778
-9.90731
-9.93398
-9.95751
-9.97754
-9.99356
-10.0055
-10.0149
-10.0221
-10.0276
-10.0317
-10.0344
-10.036
-10.0365
-10.0362
-10.0352
-10.0326
-10.0299
-10.0265
-10.0229
-10.0192
-10.0158
-10.0126
-10.0096
-10.0068
-10.0044
-10.0026
-9.99997
-9.99606
-9.98993
-9.97997
-9.96818
-9.95426
-9.93965
-9.92515
-9.91158
-9.90627
-9.91293
-9.92755
-9.96774
-10.5652
-10.5651
-10.5651
-10.5651
-10.565
-10.5648
-10.5647
-10.5645
-10.5643
-10.5641
-10.5639
-10.5637
-10.5634
-10.5632
-10.5629
-10.5626
-10.5622
-10.5619
-10.5615
-10.561
-10.5605
-10.5601
-10.5596
-10.5591
-10.5586
-10.5581
-10.5576
-10.557
-10.5565
-10.5559
-10.5554
-10.5548
-10.5542
-10.5537
-10.5531
-10.5525
-10.5518
-10.5512
-10.5506
-10.5499
-10.5493
-10.5487
-10.548
-10.5474
-10.5467
-10.5461
-10.5454
-10.5448
-10.5441
-10.5435
-10.5429
-10.5423
-10.5418
-10.5413
-10.5409
-10.5404
-10.54
-10.5397
-10.5392
-10.5388
-10.5383
-10.5378
-10.5374
-10.5368
-10.5364
-10.5359
-10.5356
-10.5353
-10.535
-10.5348
-10.5347
-10.5345
-10.5343
-10.5341
-10.534
-10.5338
-10.5337
-10.5338
-10.534
-10.5338
-11.0557
-11.0556
-11.0556
-11.0556
-11.0555
-11.0553
-11.0552
-11.055
-11.0548
-11.0546
-11.0544
-11.0542
-11.0539
-11.0537
-11.0534
-11.0531
-11.0528
-11.0524
-11.052
-11.0515
-11.051
-11.0506
-11.0501
-11.0496
-11.0491
-11.0486
-11.0481
-11.0475
-11.047
-11.0464
-11.0459
-11.0453
-11.0447
-11.0441
-11.0435
-11.0429
-11.0423
-11.0417
-11.041
-11.0404
-11.0398
-11.0391
-11.0385
-11.0379
-11.0372
-11.0366
-11.0359
-11.0352
-11.0346
-11.034
-11.0334
-11.0328
-11.0323
-11.0318
-11.0313
-11.0309
-11.0305
-11.0301
-11.0297
-11.0293
-11.0288
-11.0283
-11.0278
-11.0273
-11.0269
-11.0264
-11.0261
-11.0258
-11.0255
-11.0253
-11.0251
-11.025
-11.0248
-11.0247
-11.0245
-11.0243
-11.0241
-11.0241
-11.0242
-11.0242
-11.5462
-11.5462
-11.5461
-11.546
-11.5459
-11.5458
-11.5457
-11.5455
-11.5453
-11.5451
-11.5449
-11.5447
-11.5444
-11.5442
-11.5439
-11.5436
-11.5432
-11.5429
-11.5424
-11.542
-11.5415
-11.5411
-11.5406
-11.5401
-11.5396
-11.5391
-11.5385
-11.538
-11.5375
-11.5369
-11.5363
-11.5358
-11.5352
-11.5346
-11.534
-11.5334
-11.5328
-11.5321
-11.5315
-11.5309
-11.5302
-11.5296
-11.529
-11.5283
-11.5277
-11.527
-11.5264
-11.5257
-11.5251
-11.5245
-11.5239
-11.5233
-11.5228
-11.5223
-11.5218
-11.5214
-11.521
-11.5206
-11.5202
-11.5197
-11.5193
-11.5188
-11.5183
-11.5178
-11.5173
-11.5169
-11.5165
-11.5162
-11.516
-11.5158
-11.5157
-11.5154
-11.5152
-11.5151
-11.515
-11.515
-11.5149
-11.5148
-11.5149
-11.5147
-12.0367
-12.0367
-12.0366
-12.0365
-12.0364
-12.0363
-12.0362
-12.036
-12.0358
-12.0356
-12.0354
-12.0351
-12.0349
-12.0346
-12.0343
-12.034
-12.0337
-12.0333
-12.0329
-12.0325
-12.032
-12.0315
-12.031
-12.0305
-12.03
-12.0295
-12.0289
-12.0284
-12.0279
-12.0273
-12.0267
-12.0262
-12.0256
-12.025
-12.0244
-12.0238
-12.0232
-12.0226
-12.0219
-12.0213
-12.0207
-12.0201
-12.0194
-12.0188
-12.0181
-12.0175
-12.0168
-12.0162
-12.0156
-12.0149
-12.0143
-12.0137
-12.0132
-12.0127
-12.0123
-12.0119
-12.0114
-12.011
-12.0106
-12.0101
-12.0097
-12.0092
-12.0087
-12.0083
-12.0078
-12.0074
-12.007
-12.0067
-12.0065
-12.0063
-12.0061
-12.0059
-12.0057
-12.0055
-12.0054
-12.0053
-12.0053
-12.0052
-12.0052
-12.0051
-12.5271
-12.5271
-12.5271
-12.527
-12.5269
-12.5267
-12.5266
-12.5265
-12.5263
-12.5261
-12.5258
-12.5256
-12.5253
-12.5251
-12.5248
-12.5244
-12.5241
-12.5237
-12.5234
-12.5229
-12.5225
-12.522
-12.5215
-12.521
-12.5204
-12.5199
-12.5193
-12.5188
-12.5182
-12.5177
-12.5171
-12.5166
-12.516
-12.5154
-12.5148
-12.5142
-12.5136
-12.513
-12.5123
-12.5117
-12.5111
-12.5105
-12.5099
-12.5092
-12.5086
-12.5079
-12.5073
-12.5066
-12.506
-12.5054
-12.5048
-12.5042
-12.5037
-12.5032
-12.5027
-12.5023
-12.5018
-12.5014
-12.501
-12.5005
-12.5001
-12.4996
-12.4992
-12.4987
-12.4983
-12.4979
-12.4975
-12.4972
-12.4969
-12.4967
-12.4965
-12.4964
-12.4963
-12.4962
-12.496
-12.4959
-12.4959
-12.4957
-12.4957
-12.4955
-13.0175
-13.0175
-13.0175
-13.0174
-13.0173
-13.0172
-13.0171
-13.0169
-13.0167
-13.0165
-13.0163
-13.016
-13.0157
-13.0155
-13.0152
-13.0148
-13.0145
-13.0142
-13.0138
-13.0134
-13.0129
-13.0124
-13.0119
-13.0114
-13.0108
-13.0103
-13.0097
-13.0092
-13.0086
-13.0081
-13.0075
-13.0069
-13.0063
-13.0058
-13.0052
-13.0046
-13.004
-13.0034
-13.0027
-13.0021
-13.0015
-13.0009
-13.0003
-12.9996
-12.999
-12.9984
-12.9977
-12.9971
-12.9965
-12.9958
-12.9952
-12.9947
-12.9941
-12.9936
-12.9932
-12.9927
-12.9922
-12.9918
-12.9914
-12.9909
-12.9905
-12.9901
-12.9896
-12.9892
-12.9888
-12.9883
-12.988
-12.9877
-12.9874
-12.9872
-12.987
-12.9868
-12.9867
-12.9866
-12.9865
-12.9864
-12.9863
-12.9862
-12.9862
-12.9861
-13.508
-13.508
-13.5079
-13.5079
-13.5078
-13.5077
-13.5076
-13.5074
-13.5072
-13.507
-13.5067
-13.5064
-13.5061
-13.5058
-13.5055
-13.5052
-13.5049
-13.5046
-13.5042
-13.5038
-13.5034
-13.5029
-13.5024
-13.5018
-13.5013
-13.5007
-13.5002
-13.4996
-13.499
-13.4984
-13.4979
-13.4973
-13.4967
-13.4961
-13.4956
-13.495
-13.4944
-13.4938
-13.4932
-13.4926
-13.4919
-13.4913
-13.4907
-13.4901
-13.4894
-13.4888
-13.4882
-13.4876
-13.4869
-13.4863
-13.4857
-13.4852
-13.4846
-13.4841
-13.4836
-13.4832
-13.4827
-13.4822
-13.4818
-13.4814
-13.4809
-13.4805
-13.4801
-13.4797
-13.4792
-13.4788
-13.4785
-13.4782
-13.478
-13.4778
-13.4776
-13.4774
-13.4773
-13.4772
-13.4771
-13.4769
-13.4768
-13.4766
-13.4766
-13.4766
-13.9984
-13.9984
-13.9984
-13.9983
-13.9982
-13.9981
-13.998
-13.9978
-13.9976
-13.9974
-13.9971
-13.9968
-13.9965
-13.9962
-13.9959
-13.9956
-13.9953
-13.995
-13.9946
-13.9942
-13.9938
-13.9933
-13.9928
-13.9923
-13.9917
-13.9912
-13.9906
-13.99
-13.9894
-13.9888
-13.9882
-13.9877
-13.9871
-13.9866
-13.986
-13.9854
-13.9848
-13.9842
-13.9836
-13.983
-13.9824
-13.9817
-13.9811
-13.9805
-13.9799
-13.9793
-13.9787
-13.9781
-13.9775
-13.9768
-13.9762
-13.9757
-13.9751
-13.9746
-13.9741
-13.9736
-13.9731
-13.9727
-13.9722
-13.9718
-13.9714
-13.971
-13.9706
-13.9701
-13.9698
-13.9694
-13.9691
-13.9688
-13.9685
-13.9683
-13.9681
-13.9679
-13.9678
-13.9676
-13.9675
-13.9674
-13.9674
-13.9672
-13.9672
-13.9672
-14.4889
-14.4889
-14.4888
-14.4888
-14.4887
-14.4886
-14.4884
-14.4883
-14.488
-14.4878
-14.4875
-14.4872
-14.4869
-14.4866
-14.4863
-14.486
-14.4857
-14.4854
-14.485
-14.4846
-14.4842
-14.4838
-14.4833
-14.4827
-14.4822
-14.4816
-14.481
-14.4804
-14.4798
-14.4792
-14.4787
-14.4781
-14.4776
-14.477
-14.4765
-14.4759
-14.4753
-14.4747
-14.4741
-14.4734
-14.4728
-14.4722
-14.4716
-14.471
-14.4704
-14.4698
-14.4692
-14.4686
-14.468
-14.4674
-14.4668
-14.4662
-14.4657
-14.4651
-14.4646
-14.4641
-14.4636
-14.4632
-14.4627
-14.4623
-14.4619
-14.4615
-14.4611
-14.4607
-14.4603
-14.46
-14.4597
-14.4594
-14.4591
-14.4588
-14.4586
-14.4584
-14.4583
-14.4582
-14.4581
-14.4579
-14.4579
-14.4579
-14.4579
-14.4579
-14.9793
-14.9793
-14.9793
-14.9792
-14.9791
-14.979
-14.9788
-14.9786
-14.9784
-14.9781
-14.9779
-14.9776
-14.9773
-14.977
-14.9767
-14.9764
-14.9761
-14.9758
-14.9754
-14.975
-14.9746
-14.9742
-14.9737
-14.9732
-14.9726
-14.9721
-14.9715
-14.9708
-14.9703
-14.9697
-14.9691
-14.9686
-14.9681
-14.9675
-14.967
-14.9664
-14.9658
-14.9652
-14.9646
-14.9639
-14.9633
-14.9627
-14.962
-14.9614
-14.9609
-14.9603
-14.9597
-14.9591
-14.9585
-14.9579
-14.9573
-14.9567
-14.9562
-14.9556
-14.9551
-14.9546
-14.9541
-14.9537
-14.9532
-14.9528
-14.9524
-14.952
-14.9516
-14.9512
-14.9509
-14.9506
-14.9503
-14.95
-14.9497
-14.9494
-14.9492
-14.949
-14.9488
-14.9487
-14.9487
-14.9486
-14.9485
-14.9485
-14.9485
-14.9485
-15.4697
-15.4697
-15.4697
-15.4696
-15.4695
-15.4694
-15.4692
-15.469
-15.4688
-15.4685
-15.4682
-15.4679
-15.4677
-15.4674
-15.4671
-15.4668
-15.4664
-15.4661
-15.4658
-15.4654
-15.465
-15.4646
-15.4641
-15.4636
-15.4631
-15.4625
-15.4619
-15.4613
-15.4607
-15.4602
-15.4596
-15.4591
-15.4586
-15.458
-15.4575
-15.4569
-15.4563
-15.4557
-15.4551
-15.4544
-15.4538
-15.4531
-15.4525
-15.4519
-15.4514
-15.4508
-15.4502
-15.4496
-15.449
-15.4484
-15.4478
-15.4473
-15.4467
-15.4461
-15.4456
-15.4451
-15.4446
-15.4442
-15.4437
-15.4433
-15.4429
-15.4425
-15.4422
-15.4418
-15.4415
-15.4412
-15.4409
-15.4406
-15.4403
-15.44
-15.4398
-15.4396
-15.4394
-15.4393
-15.4392
-15.4392
-15.4391
-15.4391
-15.4391
-15.4391
-15.9601
-15.9601
-15.9601
-15.96
-15.9599
-15.9598
-15.9596
-15.9594
-15.9591
-15.9588
-15.9586
-15.9583
-15.958
-15.9577
-15.9574
-15.9571
-15.9568
-15.9565
-15.9562
-15.9558
-15.9554
-15.955
-15.9545
-15.954
-15.9535
-15.9529
-15.9523
-15.9518
-15.9512
-15.9507
-15.9501
-15.9496
-15.9491
-15.9486
-15.948
-15.9474
-15.9468
-15.9462
-15.9456
-15.9449
-15.9443
-15.9437
-15.943
-15.9424
-15.9419
-15.9413
-15.9407
-15.9401
-15.9396
-15.939
-15.9384
-15.9378
-15.9372
-15.9367
-15.9361
-15.9356
-15.9352
-15.9347
-15.9343
-15.9339
-15.9335
-15.9331
-15.9328
-15.9325
-15.9322
-15.9318
-15.9315
-15.9312
-15.9309
-15.9306
-15.9304
-15.9302
-15.9301
-15.9299
-15.9298
-15.9297
-15.9297
-15.9297
-15.9297
-15.9297
-16.4505
-16.4505
-16.4504
-16.4504
-16.4503
-16.4501
-16.4499
-16.4497
-16.4494
-16.4492
-16.4489
-16.4487
-16.4484
-16.4481
-16.4478
-16.4475
-16.4472
-16.4469
-16.4466
-16.4462
-16.4458
-16.4454
-16.4449
-16.4444
-16.4439
-16.4433
-16.4428
-16.4422
-16.4417
-16.4412
-16.4407
-16.4402
-16.4396
-16.4391
-16.4385
-16.438
-16.4374
-16.4368
-16.4361
-16.4355
-16.4348
-16.4342
-16.4335
-16.4329
-16.4323
-16.4318
-16.4312
-16.4307
-16.4301
-16.4295
-16.429
-16.4284
-16.4278
-16.4273
-16.4267
-16.4262
-16.4257
-16.4253
-16.4249
-16.4245
-16.4241
-16.4237
-16.4233
-16.423
-16.4227
-16.4224
-16.4221
-16.4218
-16.4215
-16.4212
-16.421
-16.4209
-16.4207
-16.4205
-16.4204
-16.4203
-16.4203
-16.4202
-16.4202
-16.4202
-16.9408
-16.9408
-16.9408
-16.9407
-16.9406
-16.9404
-16.9402
-16.94
-16.9398
-16.9395
-16.9393
-16.939
-16.9387
-16.9385
-16.9382
-16.9379
-16.9376
-16.9373
-16.937
-16.9366
-16.9362
-16.9357
-16.9353
-16.9348
-16.9343
-16.9338
-16.9332
-16.9327
-16.9322
-16.9317
-16.9312
-16.9307
-16.9301
-16.9296
-16.9291
-16.9285
-16.9279
-16.9273
-16.9266
-16.926
-16.9253
-16.9247
-16.924
-16.9234
-16.9228
-16.9223
-16.9217
-16.9212
-16.9206
-16.9201
-16.9196
-16.919
-16.9184
-16.9178
-16.9173
-16.9168
-16.9163
-16.9159
-16.9154
-16.915
-16.9146
-16.9143
-16.9139
-16.9136
-16.9133
-16.913
-16.9127
-16.9124
-16.9121
-16.9119
-16.9117
-16.9115
-16.9113
-16.9112
-16.911
-16.9109
-16.9108
-16.9108
-16.9108
-16.9107
-17.4312
-17.4312
-17.4311
-17.4311
-17.4309
-17.4308
-17.4305
-17.4303
-17.4301
-17.4299
-17.4296
-17.4294
-17.4291
-17.4288
-17.4286
-17.4283
-17.428
-17.4277
-17.4273
-17.427
-17.4265
-17.4261
-17.4256
-17.4252
-17.4247
-17.4242
-17.4237
-17.4232
-17.4227
-17.4222
-17.4217
-17.4212
-17.4206
-17.4201
-17.4195
-17.419
-17.4184
-17.4178
-17.4171
-17.4165
-17.4158
-17.4152
-17.4145
-17.4139
-17.4133
-17.4128
-17.4122
-17.4117
-17.4112
-17.4106
-17.4101
-17.4096
-17.409
-17.4084
-17.4079
-17.4074
-17.4069
-17.4065
-17.406
-17.4056
-17.4052
-17.4049
-17.4045
-17.4042
-17.4038
-17.4035
-17.4032
-17.4029
-17.4027
-17.4025
-17.4023
-17.4022
-17.402
-17.4018
-17.4016
-17.4015
-17.4014
-17.4013
-17.4013
-17.4013
-17.9215
-17.9215
-17.9214
-17.9213
-17.9212
-17.921
-17.9208
-17.9206
-17.9204
-17.9202
-17.9199
-17.9197
-17.9195
-17.9192
-17.919
-17.9187
-17.9184
-17.9181
-17.9177
-17.9173
-17.9169
-17.9165
-17.916
-17.9156
-17.9151
-17.9146
-17.9141
-17.9136
-17.9131
-17.9126
-17.9121
-17.9116
-17.9111
-17.9106
-17.91
-17.9094
-17.9088
-17.9082
-17.9076
-17.9069
-17.9063
-17.9057
-17.905
-17.9044
-17.9038
-17.9033
-17.9027
-17.9022
-17.9017
-17.9012
-17.9007
-17.9001
-17.8995
-17.899
-17.8985
-17.898
-17.8975
-17.8971
-17.8967
-17.8962
-17.8958
-17.8954
-17.8951
-17.8947
-17.8944
-17.8941
-17.8937
-17.8935
-17.8933
-17.8931
-17.8929
-17.8928
-17.8926
-17.8924
-17.8922
-17.8921
-17.892
-17.8919
-17.8919
-17.8919
-18.4117
-18.4117
-18.4117
-18.4116
-18.4115
-18.4113
-18.4111
-18.4109
-18.4107
-18.4105
-18.4103
-18.4101
-18.4098
-18.4096
-18.4094
-18.4091
-18.4088
-18.4084
-18.4081
-18.4076
-18.4072
-18.4068
-18.4064
-18.406
-18.4055
-18.405
-18.4046
-18.4041
-18.4036
-18.4031
-18.4026
-18.402
-18.4015
-18.401
-18.4004
-18.3999
-18.3993
-18.3986
-18.398
-18.3974
-18.3968
-18.3962
-18.3955
-18.3949
-18.3944
-18.3938
-18.3932
-18.3927
-18.3922
-18.3917
-18.3912
-18.3906
-18.3901
-18.3895
-18.389
-18.3885
-18.3881
-18.3877
-18.3873
-18.3868
-18.3864
-18.386
-18.3856
-18.3853
-18.385
-18.3846
-18.3843
-18.384
-18.3838
-18.3837
-18.3835
-18.3834
-18.3832
-18.383
-18.3828
-18.3827
-18.3826
-18.3825
-18.3824
-18.3824
-18.902
-18.9019
-18.9019
-18.9018
-18.9017
-18.9016
-18.9014
-18.9012
-18.901
-18.9008
-18.9006
-18.9004
-18.9002
-18.9
-18.8998
-18.8995
-18.8991
-18.8988
-18.8984
-18.898
-18.8976
-18.8972
-18.8968
-18.8964
-18.8959
-18.8954
-18.895
-18.8945
-18.894
-18.8935
-18.893
-18.8925
-18.8919
-18.8914
-18.8908
-18.8902
-18.8896
-18.889
-18.8885
-18.8879
-18.8873
-18.8867
-18.8861
-18.8854
-18.8848
-18.8843
-18.8837
-18.8832
-18.8827
-18.8822
-18.8817
-18.8811
-18.8806
-18.8801
-18.8796
-18.8791
-18.8787
-18.8783
-18.8778
-18.8774
-18.877
-18.8766
-18.8762
-18.8759
-18.8755
-18.8752
-18.8749
-18.8746
-18.8744
-18.8742
-18.8741
-18.8739
-18.8738
-18.8736
-18.8735
-18.8734
-18.8732
-18.8731
-18.873
-18.873
-19.3922
-19.3921
-19.3921
-19.392
-19.3919
-19.3918
-19.3917
-19.3915
-19.3913
-19.3912
-19.391
-19.3908
-19.3906
-19.3904
-19.3901
-19.3898
-19.3895
-19.3891
-19.3887
-19.3883
-19.388
-19.3876
-19.3872
-19.3867
-19.3863
-19.3858
-19.3854
-19.3849
-19.3844
-19.3839
-19.3834
-19.3829
-19.3823
-19.3818
-19.3812
-19.3806
-19.38
-19.3795
-19.3789
-19.3783
-19.3777
-19.3771
-19.3766
-19.376
-19.3754
-19.3748
-19.3742
-19.3737
-19.3732
-19.3727
-19.3721
-19.3716
-19.3711
-19.3706
-19.3701
-19.3697
-19.3692
-19.3688
-19.3684
-19.368
-19.3676
-19.3672
-19.3668
-19.3665
-19.3661
-19.3658
-19.3655
-19.3652
-19.365
-19.3648
-19.3647
-19.3645
-19.3644
-19.3643
-19.3641
-19.364
-19.3638
-19.3637
-19.3636
-19.3636
-19.8823
-19.8823
-19.8823
-19.8822
-19.8821
-19.882
-19.8819
-19.8818
-19.8816
-19.8815
-19.8813
-19.8811
-19.8809
-19.8807
-19.8804
-19.8801
-19.8798
-19.8794
-19.8791
-19.8787
-19.8783
-19.8779
-19.8775
-19.8771
-19.8767
-19.8762
-19.8758
-19.8753
-19.8748
-19.8743
-19.8738
-19.8733
-19.8727
-19.8721
-19.8716
-19.871
-19.8705
-19.8699
-19.8693
-19.8688
-19.8682
-19.8676
-19.867
-19.8665
-19.8659
-19.8653
-19.8647
-19.8642
-19.8637
-19.8632
-19.8626
-19.8621
-19.8616
-19.8611
-19.8606
-19.8602
-19.8598
-19.8593
-19.8589
-19.8585
-19.8582
-19.8578
-19.8575
-19.8571
-19.8567
-19.8564
-19.8561
-19.8558
-19.8556
-19.8554
-19.8553
-19.8552
-19.855
-19.8549
-19.8548
-19.8546
-19.8544
-19.8543
-19.8542
-19.8541
-20.3725
-20.3725
-20.3724
-20.3724
-20.3723
-20.3722
-20.3721
-20.372
-20.3719
-20.3717
-20.3716
-20.3714
-20.3712
-20.371
-20.3707
-20.3704
-20.3701
-20.3698
-20.3694
-20.369
-20.3687
-20.3683
-20.3679
-20.3675
-20.3671
-20.3666
-20.3662
-20.3657
-20.3653
-20.3648
-20.3642
-20.3636
-20.3631
-20.3625
-20.362
-20.3614
-20.3609
-20.3603
-20.3598
-20.3592
-20.3587
-20.3581
-20.3576
-20.357
-20.3564
-20.3558
-20.3552
-20.3547
-20.3541
-20.3536
-20.3531
-20.3526
-20.3521
-20.3517
-20.3512
-20.3507
-20.3503
-20.3499
-20.3495
-20.3491
-20.3487
-20.3484
-20.348
-20.3477
-20.3473
-20.347
-20.3467
-20.3465
-20.3463
-20.3461
-20.3459
-20.3458
-20.3457
-20.3455
-20.3454
-20.3452
-20.345
-20.3449
-20.3448
-20.3447
-20.8627
-20.8627
-20.8626
-20.8626
-20.8625
-20.8624
-20.8623
-20.8622
-20.8621
-20.862
-20.8619
-20.8617
-20.8615
-20.8613
-20.861
-20.8607
-20.8604
-20.8601
-20.8597
-20.8593
-20.859
-20.8586
-20.8582
-20.8578
-20.8574
-20.857
-20.8566
-20.8562
-20.8557
-20.8552
-20.8546
-20.854
-20.8535
-20.8529
-20.8524
-20.8519
-20.8513
-20.8508
-20.8502
-20.8497
-20.8492
-20.8486
-20.8481
-20.8475
-20.8469
-20.8463
-20.8457
-20.8452
-20.8446
-20.8441
-20.8436
-20.8432
-20.8427
-20.8422
-20.8417
-20.8413
-20.8408
-20.8404
-20.8401
-20.8397
-20.8393
-20.839
-20.8386
-20.8383
-20.838
-20.8377
-20.8374
-20.8372
-20.837
-20.8368
-20.8366
-20.8364
-20.8363
-20.8361
-20.836
-20.8358
-20.8356
-20.8355
-20.8354
-20.8354
-21.3529
-21.3529
-21.3528
-21.3528
-21.3527
-21.3526
-21.3525
-21.3524
-21.3523
-21.3522
-21.3521
-21.3519
-21.3517
-21.3515
-21.3512
-21.351
-21.3506
-21.3503
-21.35
-21.3496
-21.3493
-21.3489
-21.3486
-21.3482
-21.3478
-21.3475
-21.347
-21.3466
-21.3461
-21.3455
-21.345
-21.3444
-21.3439
-21.3434
-21.3428
-21.3423
-21.3418
-21.3413
-21.3407
-21.3402
-21.3396
-21.3391
-21.3385
-21.3379
-21.3374
-21.3368
-21.3362
-21.3357
-21.3351
-21.3346
-21.3341
-21.3337
-21.3332
-21.3328
-21.3323
-21.3319
-21.3314
-21.331
-21.3306
-21.3302
-21.3299
-21.3295
-21.3292
-21.3289
-21.3286
-21.3283
-21.3281
-21.3279
-21.3277
-21.3275
-21.3273
-21.3271
-21.3269
-21.3267
-21.3266
-21.3264
-21.3263
-21.3261
-21.3261
-21.326
-21.8431
-21.8431
-21.843
-21.843
-21.8429
-21.8428
-21.8427
-21.8427
-21.8426
-21.8425
-21.8423
-21.8422
-21.842
-21.8417
-21.8415
-21.8412
-21.8409
-21.8405
-21.8402
-21.8399
-21.8395
-21.8392
-21.8389
-21.8385
-21.8382
-21.8378
-21.8374
-21.8369
-21.8364
-21.8359
-21.8354
-21.8348
-21.8343
-21.8338
-21.8333
-21.8328
-21.8322
-21.8317
-21.8312
-21.8306
-21.8301
-21.8295
-21.8289
-21.8284
-21.8278
-21.8273
-21.8267
-21.8262
-21.8257
-21.8252
-21.8247
-21.8242
-21.8237
-21.8233
-21.8229
-21.8224
-21.822
-21.8216
-21.8212
-21.8208
-21.8205
-21.8201
-21.8198
-21.8195
-21.8192
-21.819
-21.8188
-21.8186
-21.8183
-21.8181
-21.8179
-21.8177
-21.8175
-21.8174
-21.8172
-21.8171
-21.817
-21.8168
-21.8167
-21.8167
-22.3333
-22.3333
-22.3332
-22.3332
-22.3331
-22.333
-22.333
-22.3329
-22.3328
-22.3327
-22.3325
-22.3324
-22.3322
-22.3319
-22.3317
-22.3314
-22.3311
-22.3308
-22.3304
-22.3301
-22.3298
-22.3295
-22.3292
-22.3289
-22.3285
-22.3281
-22.3277
-22.3273
-22.3268
-22.3263
-22.3258
-22.3252
-22.3248
-22.3243
-22.3237
-22.3232
-22.3227
-22.3222
-22.3216
-22.321
-22.3205
-22.3199
-22.3193
-22.3187
-22.3182
-22.3177
-22.3172
-22.3167
-22.3162
-22.3157
-22.3152
-22.3147
-22.3142
-22.3138
-22.3134
-22.313
-22.3126
-22.3121
-22.3118
-22.3114
-22.3111
-22.3107
-22.3104
-22.3101
-22.3099
-22.3097
-22.3094
-22.3092
-22.309
-22.3088
-22.3086
-22.3084
-22.3082
-22.3081
-22.3079
-22.3078
-22.3077
-22.3076
-22.3075
-22.3074
-22.8235
-22.8235
-22.8235
-22.8234
-22.8233
-22.8233
-22.8232
-22.8231
-22.823
-22.8229
-22.8227
-22.8225
-22.8223
-22.8221
-22.8218
-22.8215
-22.8212
-22.8209
-22.8206
-22.8203
-22.82
-22.8197
-22.8194
-22.8191
-22.8188
-22.8184
-22.818
-22.8175
-22.8171
-22.8167
-22.8162
-22.8157
-22.8152
-22.8147
-22.8142
-22.8137
-22.8132
-22.8126
-22.8121
-22.8115
-22.8109
-22.8102
-22.8096
-22.8091
-22.8085
-22.808
-22.8076
-22.8071
-22.8066
-22.8062
-22.8057
-22.8052
-22.8048
-22.8043
-22.8039
-22.8035
-22.8031
-22.8027
-22.8023
-22.802
-22.8017
-22.8014
-22.8011
-22.8008
-22.8006
-22.8003
-22.8001
-22.7999
-22.7997
-22.7995
-22.7993
-22.7991
-22.7989
-22.7988
-22.7986
-22.7985
-22.7984
-22.7983
-22.7982
-22.7981
-23.3137
-23.3137
-23.3137
-23.3136
-23.3136
-23.3135
-23.3134
-23.3133
-23.3132
-23.3131
-23.3129
-23.3127
-23.3125
-23.3123
-23.312
-23.3117
-23.3114
-23.3111
-23.3108
-23.3105
-23.3103
-23.31
-23.3096
-23.3093
-23.309
-23.3086
-23.3082
-23.3078
-23.3074
-23.307
-23.3066
-23.3061
-23.3056
-23.3052
-23.3047
-23.3042
-23.3037
-23.3031
-23.3025
-23.3018
-23.3012
-23.3005
-23.2999
-23.2993
-23.2988
-23.2983
-23.2979
-23.2976
-23.2971
-23.2967
-23.2962
-23.2957
-23.2953
-23.2948
-23.2944
-23.294
-23.2936
-23.2932
-23.2929
-23.2925
-23.2922
-23.292
-23.2917
-23.2915
-23.2912
-23.291
-23.2908
-23.2906
-23.2903
-23.2901
-23.2899
-23.2898
-23.2896
-23.2895
-23.2894
-23.2892
-23.2891
-23.289
-23.2889
-23.2888
-23.8039
-23.8039
-23.8039
-23.8039
-23.8038
-23.8037
-23.8036
-23.8035
-23.8034
-23.8032
-23.8031
-23.8029
-23.8027
-23.8024
-23.8022
-23.8019
-23.8016
-23.8013
-23.801
-23.8008
-23.8005
-23.8002
-23.7998
-23.7995
-23.7991
-23.7988
-23.7985
-23.7981
-23.7978
-23.7974
-23.797
-23.7965
-23.7961
-23.7957
-23.7952
-23.7947
-23.7941
-23.7936
-23.7929
-23.7922
-23.7914
-23.7908
-23.7901
-23.7895
-23.789
-23.7886
-23.7882
-23.7879
-23.7876
-23.7872
-23.7867
-23.7862
-23.7858
-23.7853
-23.7849
-23.7845
-23.7841
-23.7837
-23.7834
-23.7831
-23.7828
-23.7826
-23.7824
-23.7821
-23.7819
-23.7816
-23.7814
-23.7812
-23.781
-23.7808
-23.7806
-23.7805
-23.7803
-23.7802
-23.7801
-23.7799
-23.7798
-23.7797
-23.7796
-23.7796
-24.2941
-24.2941
-24.2941
-24.2941
-24.294
-24.2939
-24.2938
-24.2937
-24.2936
-24.2934
-24.2932
-24.2931
-24.2929
-24.2926
-24.2924
-24.2921
-24.2918
-24.2915
-24.2913
-24.291
-24.2906
-24.2903
-24.29
-24.2897
-24.2893
-24.2891
-24.2888
-24.2885
-24.2881
-24.2877
-24.2873
-24.287
-24.2866
-24.2861
-24.2857
-24.2852
-24.2846
-24.284
-24.2834
-24.2826
-24.2817
-24.281
-24.2803
-24.2797
-24.2793
-24.2789
-24.2786
-24.2783
-24.278
-24.2776
-24.2773
-24.2768
-24.2763
-24.2758
-24.2754
-24.275
-24.2746
-24.2742
-24.2739
-24.2736
-24.2734
-24.2732
-24.273
-24.2727
-24.2725
-24.2723
-24.272
-24.2719
-24.2717
-24.2715
-24.2713
-24.2711
-24.271
-24.2709
-24.2708
-24.2707
-24.2705
-24.2704
-24.2703
-24.2703
-24.7843
-24.7843
-24.7843
-24.7842
-24.7842
-24.7841
-24.784
-24.7838
-24.7837
-24.7836
-24.7834
-24.7833
-24.783
-24.7828
-24.7826
-24.7823
-24.782
-24.7818
-24.7815
-24.7812
-24.7808
-24.7805
-24.7802
-24.7799
-24.7796
-24.7793
-24.779
-24.7788
-24.7784
-24.7781
-24.7777
-24.7774
-24.777
-24.7766
-24.7762
-24.7758
-24.7752
-24.7744
-24.7738
-24.7731
-24.7721
-24.7713
-24.7706
-24.77
-24.7695
-24.7692
-24.769
-24.7687
-24.7684
-24.7681
-24.7678
-24.7674
-24.7669
-24.7664
-24.7659
-24.7655
-24.7651
-24.7647
-24.7644
-24.7642
-24.764
-24.7638
-24.7636
-24.7634
-24.7631
-24.7629
-24.7627
-24.7625
-24.7623
-24.7622
-24.762
-24.7618
-24.7617
-24.7616
-24.7615
-24.7614
-24.7613
-24.7612
-24.7611
-24.7611
-25.2744
-25.2744
-25.2744
-25.2744
-25.2743
-25.2742
-25.2741
-25.274
-25.2739
-25.2738
-25.2736
-25.2735
-25.2733
-25.273
-25.2728
-25.2725
-25.2723
-25.272
-25.2717
-25.2714
-25.271
-25.2707
-25.2704
-25.2701
-25.2699
-25.2696
-25.2693
-25.269
-25.2687
-25.2684
-25.2681
-25.2678
-25.2675
-25.2671
-25.2668
-25.2664
-25.2659
-25.265
-25.2641
-25.2633
-25.2624
-25.2615
-25.2608
-25.2603
-25.2599
-25.2596
-25.2593
-25.2592
-25.2589
-25.2586
-25.2583
-25.2579
-25.2575
-25.257
-25.2565
-25.256
-25.2556
-25.2553
-25.255
-25.2548
-25.2546
-25.2544
-25.2542
-25.254
-25.2538
-25.2536
-25.2534
-25.2532
-25.253
-25.2528
-25.2527
-25.2525
-25.2524
-25.2524
-25.2523
-25.2522
-25.2521
-25.252
-25.2519
-25.2519
-25.7646
-25.7646
-25.7645
-25.7645
-25.7644
-25.7643
-25.7642
-25.7641
-25.764
-25.7639
-25.7638
-25.7636
-25.7634
-25.7632
-25.763
-25.7627
-25.7625
-25.7622
-25.7619
-25.7616
-25.7612
-25.7609
-25.7606
-25.7604
-25.7601
-25.7599
-25.7596
-25.7593
-25.7591
-25.7588
-25.7585
-25.7583
-25.758
-25.7577
-25.7573
-25.7569
-25.7568
-25.7563
-25.7548
-25.7538
-25.7524
-25.7516
-25.751
-25.7505
-25.7502
-25.75
-25.7498
-25.7496
-25.7494
-25.7491
-25.7488
-25.7484
-25.748
-25.7476
-25.7471
-25.7467
-25.7462
-25.7459
-25.7456
-25.7454
-25.7453
-25.7451
-25.7449
-25.7447
-25.7444
-25.7442
-25.744
-25.7438
-25.7437
-25.7435
-25.7434
-25.7433
-25.7432
-25.7431
-25.7431
-25.743
-25.7429
-25.7428
-25.7427
-25.7427
-26.2547
-26.2546
-26.2546
-26.2546
-26.2545
-26.2544
-26.2543
-26.2543
-26.2542
-26.2541
-26.254
-26.2538
-26.2536
-26.2534
-26.2532
-26.2529
-26.2527
-26.2524
-26.2521
-26.2518
-26.2515
-26.2512
-26.2509
-26.2507
-26.2504
-26.2502
-26.2499
-26.2497
-26.2494
-26.2492
-26.2489
-26.2487
-26.2485
-26.2482
-26.2479
-26.2474
-26.2472
-26.2474
-26.2455
-26.2443
-26.2423
-26.2419
-26.2411
-26.2408
-26.2405
-26.2404
-26.2402
-26.24
-26.2398
-26.2396
-26.2393
-26.2389
-26.2385
-26.2381
-26.2377
-26.2373
-26.2369
-26.2365
-26.2363
-26.2361
-26.2359
-26.2357
-26.2355
-26.2353
-26.2351
-26.2349
-26.2347
-26.2345
-26.2344
-26.2342
-26.2341
-26.234
-26.2339
-26.2339
-26.2339
-26.2338
-26.2337
-26.2336
-26.2335
-26.2334
-26.7447
-26.7447
-26.7447
-26.7446
-26.7446
-26.7445
-26.7445
-26.7444
-26.7443
-26.7442
-26.7441
-26.744
-26.7438
-26.7436
-26.7434
-26.7431
-26.7429
-26.7426
-26.7423
-26.742
-26.7417
-26.7414
-26.7412
-26.7409
-26.7407
-26.7405
-26.7403
-26.74
-26.7398
-26.7396
-26.7393
-26.7391
-26.7389
-26.7387
-26.7386
-26.7383
-26.7369
-26.7385
-26.7367
-26.7381
-26.735
-26.7327
-26.7313
-26.7311
-26.7309
-26.7308
-26.7307
-26.7305
-26.7303
-26.7301
-26.7298
-26.7294
-26.7291
-26.7287
-26.7283
-26.7279
-26.7275
-26.7272
-26.727
-26.7268
-26.7266
-26.7264
-26.7262
-26.726
-26.7258
-26.7256
-26.7254
-26.7252
-26.7251
-26.7249
-26.7249
-26.7248
-26.7247
-26.7247
-26.7246
-26.7246
-26.7245
-26.7243
-26.7242
-26.7242
-27.2348
-27.2348
-27.2347
-27.2347
-27.2347
-27.2346
-27.2346
-27.2345
-27.2344
-27.2343
-27.2342
-27.2341
-27.2339
-27.2337
-27.2335
-27.2333
-27.2331
-27.2328
-27.2325
-27.2322
-27.2319
-27.2317
-27.2315
-27.2312
-27.231
-27.2308
-27.2306
-27.2304
-27.2302
-27.2299
-27.2297
-27.2295
-27.2292
-27.229
-27.2291
-27.2296
-27.23
-27.2363
-28.4487
-28.3899
-28.308
-28.3894
-27.22
-27.2213
-27.2213
-27.2212
-27.2212
-27.221
-27.2208
-27.2206
-27.2203
-27.22
-27.2197
-27.2193
-27.2189
-27.2185
-27.2182
-27.2179
-27.2177
-27.2175
-27.2173
-27.2172
-27.2169
-27.2167
-27.2165
-27.2162
-27.2161
-27.2159
-27.2158
-27.2157
-27.2156
-27.2155
-27.2155
-27.2154
-27.2154
-27.2153
-27.2152
-27.215
-27.2149
-27.2149
-27.7249
-27.7248
-27.7248
-27.7248
-27.7247
-27.7247
-27.7247
-27.7246
-27.7245
-27.7244
-27.7243
-27.7242
-27.724
-27.7239
-27.7237
-27.7235
-27.7233
-27.723
-27.7227
-27.7225
-27.7222
-27.7219
-27.7217
-27.7215
-27.7213
-27.7211
-27.7209
-27.7207
-27.7205
-27.7203
-27.7201
-27.7199
-27.7196
-27.7191
-27.7187
-27.7187
-27.7203
-27.728
-88.347
-116.882
-105.329
-78.4046
-27.7113
-27.7118
-27.7118
-27.7118
-27.7117
-27.7116
-27.7114
-27.7111
-27.7108
-27.7105
-27.7102
-27.7099
-27.7096
-27.7092
-27.7089
-27.7086
-27.7084
-27.7082
-27.7081
-27.7079
-27.7077
-27.7074
-27.7072
-27.707
-27.7068
-27.7066
-27.7065
-27.7064
-27.7064
-27.7063
-27.7062
-27.7062
-27.7061
-27.706
-27.7059
-27.7058
-27.7057
-27.7056
-28.2149
-28.2149
-28.2149
-28.2149
-28.2148
-28.2148
-28.2148
-28.2147
-28.2146
-28.2145
-28.2144
-28.2143
-28.2141
-28.214
-28.2138
-28.2136
-28.2134
-28.2132
-28.2129
-28.2127
-28.2124
-28.2122
-28.212
-28.2118
-28.2116
-28.2114
-28.2113
-28.211
-28.2108
-28.2106
-28.2103
-28.2102
-28.2101
-28.21
-28.2094
-28.2085
-28.2053
-28.1429
-19.5423
-17.5935
3.65927
-31.7947
-28.4317
-28.2024
-28.2025
-28.2024
-28.2023
-28.2022
-28.202
-28.2017
-28.2014
-28.2011
-28.2008
-28.2005
-28.2002
-28.1999
-28.1996
-28.1994
-28.1992
-28.199
-28.1988
-28.1986
-28.1984
-28.1982
-28.1979
-28.1977
-28.1975
-28.1974
-28.1973
-28.1972
-28.1971
-28.1971
-28.197
-28.1969
-28.1969
-28.1967
-28.1966
-28.1965
-28.1964
-28.1964
-28.705
-28.705
-28.705
-28.705
-28.7049
-28.7049
-28.7048
-28.7047
-28.7047
-28.7046
-28.7045
-28.7044
-28.7042
-28.7041
-28.7039
-28.7037
-28.7035
-28.7033
-28.7031
-28.7029
-28.7027
-28.7025
-28.7023
-28.7021
-28.7019
-28.7017
-28.7016
-28.7013
-28.7011
-28.7008
-28.7005
-28.7001
-28.7
-28.7001
-28.7005
-28.7014
-28.7014
-28.5327
58.9453
131.128
121.998
29.506
-29.0371
-28.6931
-28.6931
-28.693
-28.6929
-28.6927
-28.6925
-28.6923
-28.692
-28.6916
-28.6914
-28.6911
-28.6908
-28.6905
-28.6903
-28.6901
-28.6899
-28.6898
-28.6896
-28.6894
-28.6892
-28.6889
-28.6886
-28.6884
-28.6882
-28.6881
-28.688
-28.688
-28.6879
-28.6878
-28.6878
-28.6877
-28.6876
-28.6875
-28.6873
-28.6872
-28.6872
-28.6871
-29.1951
-29.195
-29.195
-29.195
-29.195
-29.195
-29.1949
-29.1948
-29.1947
-29.1946
-29.1945
-29.1944
-29.1943
-29.1941
-29.194
-29.1938
-29.1936
-29.1934
-29.1933
-29.193
-29.1928
-29.1926
-29.1925
-29.1923
-29.1921
-29.192
-29.1918
-29.1916
-29.1913
-29.1911
-29.1909
-29.1905
-29.19
-29.1895
-29.1892
-29.1898
-29.1897
-28.8263
7.40302
35.9085
14.7792
2.26777
-28.8717
-29.1838
-29.1837
-29.1837
-29.1835
-29.1833
-29.1831
-29.1828
-29.1825
-29.1822
-29.182
-29.1817
-29.1815
-29.1812
-29.181
-29.1808
-29.1807
-29.1805
-29.1803
-29.1801
-29.1799
-29.1796
-29.1793
-29.1791
-29.179
-29.1789
-29.1788
-29.1787
-29.1787
-29.1786
-29.1785
-29.1785
-29.1783
-29.1782
-29.1781
-29.178
-29.1779
-29.1778
-29.6851
-29.6851
-29.6851
-29.6851
-29.6851
-29.685
-29.6849
-29.6848
-29.6847
-29.6846
-29.6845
-29.6844
-29.6843
-29.6842
-29.684
-29.6839
-29.6837
-29.6836
-29.6834
-29.6832
-29.683
-29.6828
-29.6826
-29.6825
-29.6823
-29.6822
-29.6819
-29.6817
-29.6814
-29.6811
-29.681
-29.6809
-29.6807
-29.6803
-29.6795
-29.6793
-29.6789
-29.6778
-29.677
-29.6765
-29.6761
-29.6757
-29.675
-29.6744
-29.6743
-29.6742
-29.6741
-29.6739
-29.6737
-29.6734
-29.6731
-29.6728
-29.6725
-29.6723
-29.6721
-29.6719
-29.6717
-29.6715
-29.6714
-29.6712
-29.6711
-29.6708
-29.6706
-29.6703
-29.67
-29.6698
-29.6697
-29.6696
-29.6695
-29.6695
-29.6694
-29.6694
-29.6693
-29.6692
-29.6691
-29.669
-29.6688
-29.6687
-29.6686
-29.6686
-30.1752
-30.1752
-30.1752
-30.1752
-30.1751
-30.175
-30.175
-30.1749
-30.1748
-30.1747
-30.1746
-30.1744
-30.1743
-30.1742
-30.174
-30.1739
-30.1738
-30.1737
-30.1735
-30.1734
-30.1732
-30.173
-30.1728
-30.1726
-30.1725
-30.1723
-30.1721
-30.1719
-30.1716
-30.1712
-30.171
-30.1707
-30.1706
-30.1705
-30.1699
-30.1693
-30.1687
-30.1681
-30.1675
-30.1671
-30.1667
-30.1662
-30.1658
-30.1653
-30.165
-30.1648
-30.1647
-30.1645
-30.1642
-30.1639
-30.1636
-30.1634
-30.1631
-30.1629
-30.1627
-30.1625
-30.1624
-30.1622
-30.1621
-30.1619
-30.1618
-30.1615
-30.1613
-30.161
-30.1607
-30.1605
-30.1604
-30.1603
-30.1603
-30.1602
-30.1602
-30.1601
-30.1601
-30.16
-30.1599
-30.1597
-30.1596
-30.1594
-30.1593
-30.1593
-30.6652
-30.6652
-30.6652
-30.6652
-30.6651
-30.6651
-30.665
-30.6649
-30.6648
-30.6647
-30.6646
-30.6645
-30.6643
-30.6642
-30.6641
-30.664
-30.6639
-30.6638
-30.6636
-30.6635
-30.6633
-30.6631
-30.6629
-30.6627
-30.6626
-30.6624
-30.6621
-30.6619
-30.6617
-30.6615
-30.6612
-30.6609
-30.6605
-30.6604
-30.66
-30.6595
-30.659
-30.6585
-30.658
-30.6575
-30.657
-30.6565
-30.6562
-30.6559
-30.6557
-30.6554
-30.6552
-30.655
-30.6548
-30.6545
-30.6542
-30.654
-30.6538
-30.6536
-30.6534
-30.6532
-30.6531
-30.6529
-30.6528
-30.6526
-30.6524
-30.6522
-30.6519
-30.6517
-30.6514
-30.6513
-30.6512
-30.6511
-30.651
-30.651
-30.6509
-30.6509
-30.6508
-30.6507
-30.6506
-30.6505
-30.6503
-30.6502
-30.6501
-30.6501
-31.1552
-31.1552
-31.1552
-31.1552
-31.1552
-31.1551
-31.155
-31.1549
-31.1548
-31.1547
-31.1546
-31.1545
-31.1544
-31.1542
-31.1542
-31.1541
-31.154
-31.1539
-31.1538
-31.1536
-31.1534
-31.1532
-31.153
-31.1529
-31.1527
-31.1525
-31.1523
-31.152
-31.1518
-31.1516
-31.1514
-31.1511
-31.1507
-31.1504
-31.1501
-31.1496
-31.1492
-31.1489
-31.1485
-31.1481
-31.1476
-31.1471
-31.1467
-31.1465
-31.1463
-31.146
-31.1458
-31.1455
-31.1453
-31.145
-31.1448
-31.1446
-31.1444
-31.1442
-31.144
-31.1439
-31.1437
-31.1436
-31.1434
-31.1433
-31.1431
-31.1429
-31.1426
-31.1423
-31.1421
-31.142
-31.1419
-31.1418
-31.1418
-31.1417
-31.1417
-31.1417
-31.1416
-31.1415
-31.1414
-31.1412
-31.1411
-31.141
-31.141
-31.141
-31.6452
-31.6452
-31.6452
-31.6452
-31.6452
-31.6451
-31.645
-31.6449
-31.6448
-31.6447
-31.6446
-31.6445
-31.6444
-31.6443
-31.6442
-31.6442
-31.6441
-31.644
-31.6439
-31.6437
-31.6435
-31.6433
-31.6431
-31.643
-31.6428
-31.6426
-31.6424
-31.6421
-31.6419
-31.6417
-31.6415
-31.6413
-31.6409
-31.6406
-31.6403
-31.6399
-31.6395
-31.6392
-31.6389
-31.6386
-31.6382
-31.6378
-31.6374
-31.637
-31.6368
-31.6366
-31.6364
-31.6361
-31.6358
-31.6356
-31.6354
-31.6352
-31.635
-31.6348
-31.6347
-31.6345
-31.6344
-31.6342
-31.6341
-31.6339
-31.6337
-31.6335
-31.6333
-31.633
-31.6329
-31.6327
-31.6326
-31.6326
-31.6325
-31.6325
-31.6325
-31.6325
-31.6324
-31.6323
-31.6322
-31.632
-31.6319
-31.6319
-31.6318
-31.6318
-32.1352
-32.1352
-32.1352
-32.1352
-32.1351
-32.1351
-32.135
-32.1349
-32.1349
-32.1348
-32.1347
-32.1346
-32.1345
-32.1344
-32.1344
-32.1343
-32.1342
-32.1341
-32.134
-32.1338
-32.1336
-32.1334
-32.1333
-32.1331
-32.1329
-32.1327
-32.1325
-32.1323
-32.132
-32.1318
-32.1316
-32.1314
-32.1311
-32.1308
-32.1306
-32.1302
-32.1299
-32.1296
-32.1293
-32.129
-32.1287
-32.1283
-32.128
-32.1277
-32.1274
-32.1271
-32.1269
-32.1267
-32.1264
-32.1262
-32.126
-32.1258
-32.1256
-32.1255
-32.1253
-32.1251
-32.125
-32.1249
-32.1248
-32.1246
-32.1244
-32.1242
-32.124
-32.1238
-32.1236
-32.1235
-32.1234
-32.1233
-32.1233
-32.1233
-32.1233
-32.1232
-32.1232
-32.1231
-32.123
-32.1228
-32.1228
-32.1227
-32.1227
-32.1227
-32.6252
-32.6252
-32.6252
-32.6252
-32.6251
-32.6251
-32.625
-32.625
-32.6249
-32.6249
-32.6248
-32.6247
-32.6246
-32.6245
-32.6245
-32.6244
-32.6243
-32.6242
-32.624
-32.6239
-32.6237
-32.6236
-32.6234
-32.6232
-32.623
-32.6228
-32.6226
-32.6224
-32.6222
-32.622
-32.6218
-32.6216
-32.6214
-32.6211
-32.6208
-32.6206
-32.6203
-32.6201
-32.6198
-32.6195
-32.6191
-32.6189
-32.6186
-32.6183
-32.618
-32.6177
-32.6175
-32.6172
-32.617
-32.6168
-32.6166
-32.6165
-32.6163
-32.6161
-32.6159
-32.6158
-32.6157
-32.6155
-32.6154
-32.6153
-32.6151
-32.6149
-32.6147
-32.6145
-32.6144
-32.6143
-32.6142
-32.6141
-32.6141
-32.6141
-32.614
-32.614
-32.6139
-32.6138
-32.6137
-32.6137
-32.6136
-32.6136
-32.6136
-32.6136
-33.1152
-33.1152
-33.1152
-33.1152
-33.1151
-33.1151
-33.115
-33.115
-33.115
-33.1149
-33.1149
-33.1148
-33.1147
-33.1146
-33.1145
-33.1145
-33.1144
-33.1143
-33.1142
-33.114
-33.1138
-33.1137
-33.1135
-33.1134
-33.1132
-33.1129
-33.1127
-33.1125
-33.1123
-33.1121
-33.112
-33.1118
-33.1117
-33.1114
-33.1112
-33.111
-33.1107
-33.1105
-33.1103
-33.11
-33.1096
-33.1094
-33.1091
-33.1088
-33.1086
-33.1083
-33.1081
-33.1079
-33.1077
-33.1075
-33.1073
-33.1071
-33.107
-33.1068
-33.1066
-33.1065
-33.1063
-33.1062
-33.1061
-33.1059
-33.1058
-33.1056
-33.1055
-33.1053
-33.1052
-33.1051
-33.105
-33.1049
-33.1049
-33.1049
-33.1048
-33.1048
-33.1047
-33.1046
-33.1045
-33.1045
-33.1044
-33.1044
-33.1044
-33.1044
-33.6052
-33.6052
-33.6052
-33.6052
-33.6051
-33.6051
-33.6051
-33.605
-33.605
-33.605
-33.6049
-33.6049
-33.6048
-33.6047
-33.6046
-33.6045
-33.6045
-33.6044
-33.6043
-33.6041
-33.604
-33.6038
-33.6037
-33.6035
-33.6033
-33.6031
-33.6029
-33.6027
-33.6025
-33.6024
-33.6022
-33.6021
-33.602
-33.6018
-33.6016
-33.6014
-33.6011
-33.6009
-33.6007
-33.6004
-33.6001
-33.5999
-33.5996
-33.5994
-33.5991
-33.5989
-33.5987
-33.5985
-33.5983
-33.5981
-33.598
-33.5978
-33.5976
-33.5974
-33.5973
-33.5971
-33.597
-33.5969
-33.5968
-33.5966
-33.5965
-33.5964
-33.5962
-33.5961
-33.596
-33.5959
-33.5958
-33.5957
-33.5957
-33.5956
-33.5956
-33.5955
-33.5955
-33.5954
-33.5953
-33.5953
-33.5953
-33.5953
-33.5953
-33.5953
-34.0951
-34.0951
-34.0952
-34.0952
-34.0952
-34.0951
-34.0951
-34.0951
-34.095
-34.095
-34.095
-34.0949
-34.0948
-34.0948
-34.0947
-34.0946
-34.0945
-34.0945
-34.0944
-34.0942
-34.0941
-34.0939
-34.0938
-34.0936
-34.0935
-34.0933
-34.0931
-34.0929
-34.0927
-34.0926
-34.0925
-34.0924
-34.0923
-34.0921
-34.0919
-34.0918
-34.0915
-34.0913
-34.0911
-34.0908
-34.0906
-34.0903
-34.0901
-34.0899
-34.0897
-34.0895
-34.0893
-34.0891
-34.089
-34.0888
-34.0886
-34.0884
-34.0883
-34.0881
-34.088
-34.0878
-34.0877
-34.0876
-34.0874
-34.0873
-34.0872
-34.0871
-34.087
-34.087
-34.0869
-34.0868
-34.0867
-34.0866
-34.0865
-34.0864
-34.0864
-34.0863
-34.0862
-34.0862
-34.0861
-34.0861
-34.0861
-34.0861
-34.0862
-34.0862
-34.5852
-34.5852
-34.5852
-34.5852
-34.5852
-34.5852
-34.5851
-34.5851
-34.5851
-34.585
-34.585
-34.5849
-34.5849
-34.5848
-34.5847
-34.5847
-34.5846
-34.5845
-34.5844
-34.5843
-34.5842
-34.584
-34.5839
-34.5838
-34.5836
-34.5835
-34.5833
-34.5831
-34.583
-34.5829
-34.5827
-34.5826
-34.5825
-34.5824
-34.5822
-34.5821
-34.5819
-34.5817
-34.5815
-34.5813
-34.5811
-34.5808
-34.5806
-34.5804
-34.5802
-34.58
-34.5799
-34.5798
-34.5796
-34.5794
-34.5792
-34.5791
-34.5789
-34.5787
-34.5786
-34.5785
-34.5784
-34.5782
-34.5781
-34.578
-34.578
-34.5779
-34.5778
-34.5778
-34.5777
-34.5776
-34.5775
-34.5774
-34.5773
-34.5772
-34.5771
-34.5771
-34.577
-34.577
-34.5769
-34.577
-34.577
-34.577
-34.577
-34.577
-35.0752
-35.0752
-35.0752
-35.0752
-35.0752
-35.0752
-35.0752
-35.0751
-35.0751
-35.075
-35.075
-35.0749
-35.0749
-35.0748
-35.0748
-35.0747
-35.0746
-35.0746
-35.0744
-35.0743
-35.0742
-35.0741
-35.074
-35.0739
-35.0738
-35.0737
-35.0735
-35.0733
-35.0732
-35.0731
-35.073
-35.0729
-35.0728
-35.0727
-35.0726
-35.0724
-35.0723
-35.0721
-35.0719
-35.0717
-35.0715
-35.0713
-35.0711
-35.0709
-35.0707
-35.0706
-35.0705
-35.0703
-35.0702
-35.07
-35.0699
-35.0697
-35.0695
-35.0694
-35.0693
-35.0691
-35.069
-35.0689
-35.0688
-35.0687
-35.0687
-35.0687
-35.0687
-35.0686
-35.0685
-35.0684
-35.0683
-35.0682
-35.0681
-35.068
-35.0679
-35.0679
-35.0678
-35.0678
-35.0678
-35.0678
-35.0679
-35.0679
-35.0679
-35.0679
-35.5652
-35.5652
-35.5653
-35.5653
-35.5653
-35.5652
-35.5652
-35.5652
-35.5651
-35.565
-35.565
-35.5649
-35.5649
-35.5648
-35.5648
-35.5647
-35.5646
-35.5646
-35.5645
-35.5644
-35.5643
-35.5642
-35.5641
-35.5641
-35.564
-35.5639
-35.5637
-35.5636
-35.5634
-35.5633
-35.5632
-35.5631
-35.563
-35.563
-35.5629
-35.5628
-35.5626
-35.5625
-35.5624
-35.5622
-35.562
-35.5618
-35.5616
-35.5614
-35.5613
-35.5611
-35.561
-35.5609
-35.5608
-35.5606
-35.5605
-35.5603
-35.5602
-35.56
-35.5599
-35.5598
-35.5597
-35.5596
-35.5595
-35.5595
-35.5595
-35.5595
-35.5595
-35.5594
-35.5594
-35.5592
-35.5591
-35.559
-35.5589
-35.5588
-35.5587
-35.5586
-35.5586
-35.5586
-35.5587
-35.5587
-35.5588
-35.5588
-35.5588
-35.5588
-36.0553
-36.0553
-36.0553
-36.0553
-36.0553
-36.0553
-36.0552
-36.0552
-36.0551
-36.0551
-36.055
-36.055
-36.0549
-36.0548
-36.0547
-36.0547
-36.0546
-36.0546
-36.0545
-36.0544
-36.0544
-36.0543
-36.0543
-36.0542
-36.0541
-36.054
-36.0539
-36.0538
-36.0536
-36.0535
-36.0534
-36.0534
-36.0533
-36.0532
-36.0532
-36.0531
-36.053
-36.0529
-36.0528
-36.0526
-36.0525
-36.0523
-36.0521
-36.0519
-36.0518
-36.0516
-36.0515
-36.0515
-36.0513
-36.0512
-36.0511
-36.0509
-36.0508
-36.0507
-36.0505
-36.0504
-36.0503
-36.0503
-36.0502
-36.0502
-36.0502
-36.0503
-36.0503
-36.0502
-36.0502
-36.0501
-36.05
-36.0498
-36.0497
-36.0496
-36.0495
-36.0495
-36.0495
-36.0495
-36.0496
-36.0496
-36.0497
-36.0497
-36.0497
-36.0497
-36.5453
-36.5453
-36.5453
-36.5453
-36.5453
-36.5453
-36.5452
-36.5452
-36.5451
-36.545
-36.545
-36.5449
-36.5449
-36.5448
-36.5447
-36.5447
-36.5446
-36.5446
-36.5446
-36.5445
-36.5444
-36.5444
-36.5444
-36.5443
-36.5443
-36.5442
-36.5441
-36.544
-36.5439
-36.5438
-36.5437
-36.5437
-36.5436
-36.5436
-36.5435
-36.5434
-36.5434
-36.5433
-36.5432
-36.543
-36.5429
-36.5427
-36.5425
-36.5424
-36.5422
-36.5421
-36.5421
-36.542
-36.5419
-36.5418
-36.5417
-36.5415
-36.5414
-36.5413
-36.5412
-36.5411
-36.541
-36.541
-36.541
-36.541
-36.541
-36.541
-36.541
-36.541
-36.5409
-36.5409
-36.5408
-36.5407
-36.5406
-36.5405
-36.5404
-36.5403
-36.5403
-36.5404
-36.5404
-36.5405
-36.5405
-36.5406
-36.5406
-36.5406
-37.0353
-37.0353
-37.0354
-37.0354
-37.0353
-37.0353
-37.0352
-37.0352
-37.0351
-37.0351
-37.035
-37.0349
-37.0348
-37.0348
-37.0347
-37.0347
-37.0346
-37.0347
-37.0346
-37.0346
-37.0345
-37.0345
-37.0344
-37.0344
-37.0344
-37.0344
-37.0343
-37.0342
-37.0341
-37.0341
-37.034
-37.0339
-37.0339
-37.0339
-37.0338
-37.0337
-37.0336
-37.0336
-37.0335
-37.0334
-37.0333
-37.0331
-37.033
-37.0328
-37.0327
-37.0326
-37.0326
-37.0325
-37.0324
-37.0324
-37.0323
-37.0322
-37.0321
-37.0319
-37.0318
-37.0318
-37.0317
-37.0317
-37.0317
-37.0317
-37.0318
-37.0318
-37.0318
-37.0318
-37.0317
-37.0317
-37.0316
-37.0315
-37.0314
-37.0313
-37.0312
-37.0312
-37.0312
-37.0312
-37.0313
-37.0314
-37.0314
-37.0314
-37.0314
-37.0314
-37.5253
-37.5253
-37.5253
-37.5253
-37.5253
-37.5252
-37.5252
-37.5252
-37.5251
-37.5251
-37.525
-37.5249
-37.5248
-37.5247
-37.5247
-37.5247
-37.5247
-37.5247
-37.5247
-37.5247
-37.5246
-37.5246
-37.5245
-37.5245
-37.5245
-37.5245
-37.5245
-37.5244
-37.5244
-37.5243
-37.5243
-37.5242
-37.5241
-37.5241
-37.524
-37.524
-37.5239
-37.5239
-37.5238
-37.5237
-37.5236
-37.5235
-37.5234
-37.5233
-37.5232
-37.5231
-37.5231
-37.523
-37.523
-37.5229
-37.5229
-37.5228
-37.5227
-37.5226
-37.5225
-37.5224
-37.5224
-37.5224
-37.5224
-37.5224
-37.5225
-37.5225
-37.5225
-37.5225
-37.5225
-37.5224
-37.5224
-37.5223
-37.5222
-37.5221
-37.522
-37.522
-37.522
-37.5221
-37.5221
-37.5222
-37.5222
-37.5223
-37.5223
-37.5222
-38.0153
-38.0153
-38.0153
-38.0152
-38.0152
-38.0152
-38.0151
-38.0151
-38.0151
-38.015
-38.015
-38.0149
-38.0148
-38.0147
-38.0148
-38.0148
-38.0148
-38.0148
-38.0148
-38.0147
-38.0147
-38.0147
-38.0146
-38.0146
-38.0146
-38.0146
-38.0146
-38.0146
-38.0146
-38.0145
-38.0145
-38.0144
-38.0144
-38.0143
-38.0143
-38.0142
-38.0142
-38.0141
-38.0141
-38.014
-38.014
-38.0139
-38.0138
-38.0138
-38.0137
-38.0136
-38.0136
-38.0136
-38.0136
-38.0135
-38.0135
-38.0134
-38.0133
-38.0133
-38.0132
-38.0131
-38.0131
-38.0131
-38.0131
-38.0132
-38.0132
-38.0132
-38.0132
-38.0132
-38.0132
-38.0132
-38.0131
-38.0131
-38.013
-38.0129
-38.0129
-38.0128
-38.0128
-38.0129
-38.0129
-38.013
-38.013
-38.013
-38.013
-38.013
-38.5052
-38.5052
-38.5052
-38.5051
-38.5051
-38.5051
-38.5051
-38.5051
-38.5051
-38.505
-38.505
-38.5049
-38.5049
-38.5048
-38.5048
-38.5049
-38.5049
-38.5049
-38.5049
-38.5048
-38.5048
-38.5048
-38.5048
-38.5048
-38.5048
-38.5048
-38.5048
-38.5048
-38.5048
-38.5047
-38.5047
-38.5047
-38.5046
-38.5046
-38.5045
-38.5045
-38.5045
-38.5044
-38.5044
-38.5044
-38.5044
-38.5043
-38.5043
-38.5042
-38.5042
-38.5042
-38.5042
-38.5041
-38.5041
-38.5041
-38.5041
-38.504
-38.504
-38.5039
-38.5039
-38.5039
-38.5039
-38.5039
-38.5039
-38.5039
-38.5039
-38.5039
-38.5039
-38.5039
-38.5039
-38.5039
-38.5039
-38.5038
-38.5038
-38.5037
-38.5037
-38.5037
-38.5037
-38.5037
-38.5038
-38.5038
-38.5038
-38.5038
-38.5038
-38.5038
-38.9951
-38.9951
-38.995
-38.995
-38.995
-38.995
-38.995
-38.995
-38.995
-38.995
-38.995
-38.995
-38.995
-38.9949
-38.9949
-38.9949
-38.995
-38.995
-38.9949
-38.9949
-38.9949
-38.9949
-38.9949
-38.9949
-38.9949
-38.9949
-38.9949
-38.9949
-38.9949
-38.9949
-38.9949
-38.9949
-38.9949
-38.9948
-38.9948
-38.9948
-38.9948
-38.9948
-38.9948
-38.9948
-38.9948
-38.9948
-38.9948
-38.9947
-38.9947
-38.9947
-38.9947
-38.9947
-38.9947
-38.9947
-38.9947
-38.9947
-38.9947
-38.9946
-38.9946
-38.9946
-38.9946
-38.9946
-38.9946
-38.9946
-38.9946
-38.9946
-38.9946
-38.9946
-38.9946
-38.9946
-38.9946
-38.9946
-38.9946
-38.9946
-38.9946
-38.9946
-38.9946
-38.9946
-38.9946
-38.9946
-38.9946
-38.9946
-38.9946
-38.9946
)
;

boundaryField
{
    lowerWall
    {
        type            calculated;
        value           nonuniform List<scalar> 
80
(
58381
58659.6
59300.5
60122.3
61066.2
62191.1
63422.7
64703.8
66006.2
67268.9
68442.8
69494.4
70388.6
71092
71576.3
71810.9
71768.2
71425.4
70759.3
69742.7
68350.1
66567.8
64402
61877
59028.4
55894.4
52509.1
48901.5
45098
41126.7
37021.8
32825.6
28587.2
24359.8
20197.8
16154
12278.5
8618.67
5218.34
2117.48
-649.075
-3052.79
-5072.24
-6693.41
-7909.46
-8720.23
-9131.7
-9155.63
-8809.33
-8115.66
-7102.74
-5803.62
-4255.48
-2498.74
-575.986
1469.09
3592.79
5752.56
7908.23
10023.3
12065.9
14010.2
15836.8
17533.1
19092.9
20515.3
21803.6
22963
23999.5
24918.7
25725
26422.1
27013.2
27502.5
27895.6
28199.6
28422.9
28573.1
28656.1
28687.6
)
;
    }
    rightWall
    {
        type            calculated;
        value           nonuniform List<scalar> 
80
(
28074.4
26850.4
25593.5
24290.9
22940.5
21541.3
20096.5
18617.4
17120.6
15618.8
14121.7
12636.2
11156.1
9673.98
8186.19
6685.4
5169.22
3643.92
2134.18
656.05
-9.96774
-10.5338
-11.0242
-11.5147
-12.0051
-12.4955
-12.9861
-13.4766
-13.9672
-14.4579
-14.9485
-15.4391
-15.9297
-16.4202
-16.9107
-17.4013
-17.8919
-18.3824
-18.873
-19.3636
-19.8541
-20.3447
-20.8354
-21.326
-21.8167
-22.3074
-22.7981
-23.2888
-23.7796
-24.2703
-24.7611
-25.2519
-25.7427
-26.2334
-26.7242
-27.2149
-27.7056
-28.1964
-28.6871
-29.1778
-29.6686
-30.1593
-30.6501
-31.141
-31.6318
-32.1227
-32.6136
-33.1044
-33.5953
-34.0862
-34.577
-35.0679
-35.5588
-36.0497
-36.5406
-37.0314
-37.5222
-38.013
-38.5038
-38.9946
)
;
    }
    atmosphere
    {
        type            calculated;
        value           nonuniform List<scalar> 
80
(
-39.24
-39.24
-39.24
-39.24
-39.24
-39.24
-39.24
-39.24
-39.24
-39.24
-39.24
-39.24
-39.24
-39.24
-39.24
-39.24
-39.24
-39.24
-39.24
-39.24
-39.24
-39.24
-39.24
-39.24
-39.24
-39.24
-39.24
-39.24
-39.24
-39.24
-39.24
-39.24
-39.24
-39.24
-39.24
-39.24
-39.24
-39.24
-39.24
-39.24
-39.24
-39.24
-39.24
-39.24
-39.24
-39.24
-39.24
-39.24
-39.24
-39.24
-39.24
-39.24
-39.24
-39.24
-39.24
-39.24
-39.24
-39.24
-39.24
-39.24
-39.24
-39.24
-39.24
-39.24
-39.24
-39.24
-39.24
-39.24
-39.24
-39.24
-39.24
-39.24
-39.24
-39.24
-39.24
-39.24
-39.24
-39.24
-39.24
-39.24
)
;
    }
    leftWall
    {
        type            calculated;
        value           nonuniform List<scalar> 
80
(
57767.9
56270.6
54402.9
52342.6
50157.8
47763.2
45205.9
42501.4
39603.4
36533.8
33300.4
29901.3
26356.4
22703.3
18979.2
15223.1
11464.7
7753.86
4206.96
1004.65
-9.59276
-10.5652
-11.0557
-11.5462
-12.0367
-12.5271
-13.0175
-13.508
-13.9984
-14.4889
-14.9793
-15.4697
-15.9601
-16.4505
-16.9408
-17.4312
-17.9215
-18.4117
-18.902
-19.3922
-19.8823
-20.3725
-20.8627
-21.3529
-21.8431
-22.3333
-22.8235
-23.3137
-23.8039
-24.2941
-24.7843
-25.2744
-25.7646
-26.2547
-26.7447
-27.2348
-27.7249
-28.2149
-28.705
-29.1951
-29.6851
-30.1752
-30.6652
-31.1552
-31.6452
-32.1352
-32.6252
-33.1152
-33.6052
-34.0951
-34.5852
-35.0752
-35.5652
-36.0553
-36.5453
-37.0353
-37.5253
-38.0153
-38.5052
-38.9951
)
;
    }
    frontAndBack
    {
        type            empty;
    }
}


// ************************************************************************* //
