/*--------------------------------*- C++ -*----------------------------------*\
| =========                 |                                                 |
| \\      /  F ield         | OpenFOAM: The Open Source CFD Toolbox           |
|  \\    /   O peration     | Version:  2412                                  |
|   \\  /    A nd           | Website:  www.openfoam.com                      |
|    \\/     M anipulation  |                                                 |
\*---------------------------------------------------------------------------*/
FoamFile
{
    version     2.0;
    format      ascii;
    arch        "LSB;label=32;scalar=64";
    class       volScalarField;
    location    "4.8";
    object      p;
}
// * * * * * * * * * * * * * * * * * * * * * * * * * * * * * * * * * * * * * //

dimensions      [1 -1 -2 0 0 0 0];

internalField   nonuniform List<scalar> 
6400
(
130883
130874
130854
130824
130783
130733
130674
130608
130536
130460
130381
130301
130221
130143
130069
130001
129938
129884
129838
129801
129774
129757
129748
129749
129758
129774
129797
129825
129857
129891
129927
129964
129999
130032
130062
130088
130110
130126
130137
130142
130142
130135
130123
130105
130081
130053
130022
129986
129949
129911
129872
129835
129800
129769
129743
129724
129712
129709
129716
129732
129758
129794
129841
129897
129961
130033
130112
130194
130280
130367
130453
130536
130615
130688
130754
130810
130856
130890
130913
130924
124254
124244
124224
124193
124152
124101
124041
123974
123901
123823
123743
123661
123580
123501
123426
123355
123292
123237
123190
123153
123125
123108
123100
123101
123112
123129
123153
123183
123216
123252
123290
123327
123364
123398
123429
123456
123478
123495
123506
123512
123511
123504
123491
123473
123449
123420
123387
123351
123312
123272
123232
123194
123157
123125
123098
123078
123065
123061
123067
123083
123109
123146
123193
123250
123316
123389
123469
123553
123640
123729
123816
123901
123982
124056
124123
124180
124227
124262
124285
124295
117635
117625
117604
117572
117530
117477
117415
117346
117270
117190
117106
117022
116937
116855
116777
116704
116638
116581
116533
116495
116467
116450
116443
116446
116458
116478
116505
116537
116573
116612
116652
116692
116731
116767
116800
116828
116852
116870
116882
116887
116886
116879
116866
116846
116821
116791
116756
116718
116677
116634
116592
116550
116511
116476
116447
116424
116409
116404
116409
116424
116450
116488
116537
116595
116663
116739
116822
116909
116999
117091
117182
117270
117354
117431
117500
117560
117608
117644
117668
117679
111027
111017
110996
110962
110917
110862
110797
110724
110644
110559
110471
110381
110292
110205
110122
110046
109977
109917
109866
109827
109799
109783
109777
109782
109797
109820
109851
109887
109927
109970
110014
110058
110100
110139
110175
110205
110231
110250
110263
110269
110268
110260
110246
110225
110198
110165
110128
110087
110042
109996
109950
109904
109861
109822
109788
109762
109744
109736
109740
109754
109781
109819
109870
109931
110002
110082
110169
110262
110357
110454
110550
110644
110732
110814
110887
110950
111001
111039
111064
111076
104431
104421
104398
104362
104314
104255
104186
104108
104022
103931
103837
103741
103645
103551
103462
103380
103306
103242
103189
103148
103120
103104
103100
103108
103127
103155
103191
103232
103278
103327
103376
103425
103472
103515
103554
103587
103615
103636
103650
103656
103656
103647
103632
103609
103580
103545
103504
103459
103410
103359
103307
103255
103206
103161
103122
103091
103069
103058
103059
103072
103099
103139
103192
103257
103333
103419
103512
103611
103714
103818
103922
104022
104117
104205
104284
104351
104406
104447
104474
104486
97848.1
97837
97812.5
97774.1
97722.5
97658.5
97583.4
97498.7
97406
97307.2
97204.3
97099.5
96994.9
96892.9
96795.8
96705.9
96625.5
96556.4
96499.8
96456.7
96427.7
96412.9
96412
96424
96447.7
96481.5
96524.2
96573.2
96626.5
96682.3
96738.6
96793.8
96846.2
96894.6
96937.8
96974.9
97005.2
97028.2
97043.5
97050.8
97050.1
97041.4
97024.7
97000.2
96968.4
96929.7
96884.7
96834.3
96779.6
96722
96662.8
96604
96547.3
96495
96448.9
96411.1
96383.6
96367.9
96365.6
96377.5
96404.2
96445.9
96502.2
96572.2
96654.5
96747.4
96848.9
96957
97069.1
97182.9
97295.8
97405.4
97509.3
97605.2
97691
97764.6
97824.3
97869
97897.9
97911.1
91278.4
91266.5
91240
91198.3
91142
91072.1
90989.9
90897.1
90795.5
90686.9
90573.7
90458.1
90342.6
90229.7
90122.4
90022.8
89934.2
89858.6
89797.3
89751.4
89721.7
89708.2
89710.6
89727.8
89758.3
89800.1
89851.5
89909.5
89972.2
90037
90101.9
90164.9
90224.4
90278.9
90327.2
90368.6
90402.2
90427.6
90444.6
90452.8
90452.2
90442.8
90424.7
90398
90363
90320.2
90270.1
90213.7
90151.9
90086.3
90018.4
89950.2
89884
89822
89766.8
89720.6
89685.8
89664.3
89657.9
89667.7
89694.5
89738.3
89798.8
89875
89965.1
90067.4
90179.4
90298.8
90422.8
90548.4
90673.2
90794.3
90909.1
91015
91109.6
91190.7
91256.5
91305.7
91337.2
91351.5
84723.2
84710.5
84681.7
84636
84574.1
84497.1
84406.5
84304
84191.5
84071.1
83945.3
83816.6
83687.7
83561.3
83442.5
83331.7
83230.9
83146.8
83079.4
83029.9
82999.3
82987.7
82994.5
83018.3
83057.3
83109.3
83171.5
83241.1
83315.3
83391.3
83466.7
83539.2
83607
83668.7
83723
83769.1
83806.5
83834.7
83853.5
83862.7
83862.2
83852.2
83832.5
83803.3
83764.8
83717.3
83661.4
83597.7
83527.6
83452.3
83373.8
83294.3
83216.1
83142.2
83075.4
83018.6
82974.5
82945.6
82933.9
82941
82967.7
83014.2
83079.9
83163.7
83263.7
83377.6
83502.6
83635.9
83774.4
83914.8
84054.2
84189.3
84317.3
84435.3
84540.7
84631
84704.2
84758.7
84793.5
84809
78183.7
78170.4
78138.9
78088.6
78020.1
77934.7
77834.1
77720.1
77594.8
77460.5
77319.6
77175.2
77030.4
76889.6
76753.6
76628.1
76516.5
76419.1
76343.7
76289.8
76258.1
76248.9
76261.2
76293.5
76343.4
76408
76483.9
76567.9
76656.3
76745.9
76833.8
76917.6
76995.2
77065
77126.1
77177.5
77218.9
77250
77270.7
77281
77280.8
77270
77248.8
77217
77174.6
77122
77059.5
76987.7
76907.7
76821.2
76729.9
76636.4
76543.7
76455
76373.8
76303.6
76247.9
76209.5
76191.2
76194.7
76221.1
76270.9
76343
76436.3
76548.4
76676.5
76817.4
76967.7
77123.8
77282.1
77438.8
77590.8
77734.6
77867.1
77985.4
78086.8
78169
78229.9
78268.5
78285.3
71661.1
71647.5
71613.1
71557.3
71481.2
71386
71273.9
71146.7
71006.6
70855.8
70697.2
70533.7
70369.9
70208.2
70053.4
69909.9
69781.6
69670.9
69586.8
69527.4
69494.6
69488.4
69507.9
69550.9
69614.6
69695
69788.2
69889.9
69995.7
70101.6
70204.5
70301.3
70390
70469.1
70537.5
70594.7
70640.3
70674.4
70697
70708.3
70708.3
70697
70674.2
70639.8
70593.6
70535.5
70465.8
70384.9
70293.8
70194
70087.6
69977.4
69866.9
69760
69660.9
69574.1
69503.7
69453.4
69426.5
69425.3
69451.3
69504.9
69585
69689.8
69816.8
69962.4
70122.6
70293.5
70470.7
70650.1
70827.6
70999.4
71161.8
71311.5
71445.2
71559.9
71652.7
71721.3
71764.2
71781.9
65156.6
65143.4
65105.8
65043.5
64958.4
64852.2
64727.2
64585
64427.9
64258.3
64079
63893.7
63705.5
63519.9
63341.5
63176
63028.5
62905.3
62805.6
62738.6
62704.2
62702.1
62730.8
62787.6
62868.6
62969
63083.7
63207.1
63334.1
63459.7
63580.1
63692.1
63793.3
63882.4
63958.6
64021.5
64071.3
64108.3
64132.7
64145
64145.3
64133.5
64109.4
64072.6
64022.7
63959.2
63882
63791.2
63687.6
63572.5
63448.2
63318
63185.8
63056.6
62935.5
62827.8
62739
62673.7
62636
62628.8
62653.9
62712.3
62802
62921.2
63066.4
63233.2
63416.8
63612.3
63814.7
64019.2
64221
64416
64600.1
64769.7
64921.2
65051.5
65157.1
65234.8
65282.8
65300.9
58671.2
58659.3
58617.7
58547.5
58452.2
58334.1
58195.1
58036.7
57860.6
57669.3
57465.9
57254.1
57038.2
56823.8
56616.7
56423.7
56251.4
56106.3
55992.2
55917.2
55881.5
55884.8
55925.4
55999.6
56102.5
56228.1
56369.5
56519.8
56672.6
56821.8
56962.7
57091.9
57206.9
57306.6
57390.5
57459
57512.6
57552
57578
57591.1
57591.7
57579.7
57554.8
57516.1
57462.9
57394.4
57309.6
57208.4
57091
56958.6
56813.3
56659.1
56500.8
56344.1
56195.6
56062.1
55950.2
55866
55814.5
55799.5
55823.4
55887.4
55989.4
56126.4
56293.9
56486.5
56698.3
56923.3
57155.5
57389.4
57619.6
57841.5
58050.5
58242.6
58414.4
58562.4
58682.9
58771.9
58826
58844.1
52205.7
52194.4
52146.8
52066.6
51961
51831.9
51679.4
51503.9
51307
51091.3
50860.1
50617.5
50368.6
50119.5
49877.4
49650.3
49446.7
49274.6
49140.9
49056.5
49019.5
49029.9
49085.6
49182
49312.8
49469.9
49644.7
49828.3
50012.2
50189.9
50354.8
50503.3
50633.2
50743.7
50835
50908.2
50964.6
51005.5
51032.4
51046.1
51047.2
51035.4
51010.3
50970.7
50915.3
50842.4
50750.6
50638.7
50506.6
50354.9
50185
50002.1
49812
49621.6
49439.2
49273.4
49132.6
49024.6
48955.6
48930.7
48952.9
49023.8
49141
49300.2
49495.5
49719.8
49965.6
50225.6
50493
50761.2
51024.5
51277.1
51514.3
51731.2
51924.4
52091.1
52228.3
52331.5
52393.9
52412.7
45761.2
45745.8
45688.8
45597.9
45484.1
45347.1
45182.7
44989.9
44770.5
44527.5
44264.3
43985.9
43698
43407.3
43122.3
42852.8
42609.9
42404.3
42244
42148.4
42109.8
42129.1
42203.8
42328.6
42494.7
42691.7
42908.4
43133.2
43355.7
43566.9
43759.4
43929.3
44074.7
44195.6
44293.2
44369.6
44427.2
44468.4
44495.2
44509
44510.6
44499.8
44475.6
44436.5
44380.4
44304.8
44207.2
44085.2
43937.6
43765.3
43566.1
43349.1
43120.2
42888.2
42663.5
42457.1
42280
42142.1
42051.2
42013.7
42033.3
42113.1
42249.4
42436.5
42666.6
42930.1
43217
43518.7
43827.4
44135.8
44437.3
44725.4
44994.3
45237.6
45452.5
45637.2
45791.5
45911.3
45985.4
46008.9
39340.5
39314.9
39247.1
39147.8
39029.3
38886.8
38711.5
38500.4
38256
37981.8
37682.1
37362.2
37028.4
36687.7
36350
36027.2
35734.4
35486.4
35292.5
35182.2
35140.6
35170.8
35269.8
35431.2
35642.2
35890
36159.4
36435.4
36704.7
36956.7
37180.4
37373.4
37534.4
37664.4
37766.2
37843.4
37899.8
37939.1
37964.4
37977.7
37979.9
37971
37949.5
37913.2
37859
37783.2
37682.1
37551.4
37387.6
37187.9
36959.2
36702.1
36426
36142.5
35864.9
35607.4
35384.4
35209
35089.6
35037
35053.5
35144
35303.8
35526.9
35801.4
36114
36450.9
36802.4
37159.6
37514.9
37861
38189.9
38493.8
38767.9
39006.1
39208.9
39379.6
39515.5
39603.1
39636.3
32948.3
32912.7
32838.9
32736.7
32614.8
32465.2
32276.5
32044.2
31771
31461.2
31119.3
30751.3
30363.8
29962.6
29559.5
29167.8
28809.3
28507.7
28290.1
28142
28094
28138
28268
28478.9
28747.9
29061.2
29398.2
29738.1
30063.9
30361.6
30624.5
30841.6
31016.4
31152.6
31254.9
31329.1
31380.8
31415.2
31436.8
31448.5
31451.8
31446.1
31429.7
31399.3
31350.7
31278.8
31178.1
31042.4
30865.2
30640.5
30372.4
30066.3
29732
29384.1
29039.7
28716.6
28434
28210.7
28057.7
27984.2
27994.4
28097.3
28287.5
28558.8
28892.4
29268.5
29666.7
30077.6
30491.2
30901.6
31300.4
31678.1
32025.3
32334.8
32601.3
32825.9
33012.7
33160.3
33257.5
33300.5
26590.7
26553.7
26481.2
26380.6
26255.4
26095.7
25890
25632.6
25326.9
24976.2
24585.6
24161.5
23712.4
23236.2
22750.4
22266.5
21812.4
21426.2
21147.5
20989.3
20943.2
21006.6
21178.4
21447.6
21793.6
22194.7
22622.3
23045.5
23444.1
23801.3
24107
24344.3
24528.8
24665.4
24761.7
24826.2
24866.9
24891.5
24906
24914.8
24919.5
24919.5
24911.9
24892.3
24854.9
24793.1
24699.4
24564.8
24380.8
24126.6
23813.7
23447.2
23038.7
22607.4
22176.7
21765.1
21409.8
21125.4
20929
20830.8
20828.2
20937.3
21167.9
21510.6
21929.5
22389.4
22864.4
23347.4
23825.8
24300.8
24762.8
25199.6
25598.5
25953.2
26256.2
26507.4
26710.6
26865.1
26965.2
27010.2
20259.2
20231.8
20168
20078.8
19957.6
19789.7
19566.5
19280.2
18933.5
18538.8
18090.5
17598.8
17077.8
16521.1
15931.3
15320.1
14725.2
14210.9
13854.6
13711.1
13639.9
13715.9
13941.7
14296.6
14749.8
15268.7
15823.3
16354.6
16848.8
17283.6
17653.2
17895.7
18082.7
18210.3
18290.7
18335.9
18357.1
18364.7
18367.3
18370.8
18377.5
18386.3
18392.6
18390.1
18371.2
18328
18250.9
18127.8
17956.6
17657.8
17288.7
16844.8
16340.2
15799.4
15251.2
14727.4
14267.6
13897.6
13645
13534.2
13576.7
13625.5
13913.2
14368.2
14911.6
15486.2
16054.8
16611.5
17163.8
17715.7
18256.5
18767.6
19227.8
19641.1
19987.1
20264.8
20477.3
20628.4
20722.9
20760.3
13936.3
13919.6
13873.2
13811.6
13714
13549.5
13319.3
13001.6
12607.6
12172
11646.8
11081.9
10482.5
9835.35
9119.53
8321.3
7490.15
6774.3
6322.47
6223.73
6133.97
6227.43
6515.66
6975.42
7586.6
8301.89
9022.82
9708.91
10319.9
10828
11207.4
11500.3
11693.9
11799.8
11850.2
11862.9
11852.6
11833.3
11817
11812.1
11821.7
11843.7
11870.9
11893.9
11902.9
11889
11840.5
11729.2
11524.1
11247.2
10834.2
10302.5
9672.57
8980.11
8267.97
7567.8
6965.12
6493.68
6171.08
6017.19
6003.94
6060.37
6424.31
7031.23
7796.89
8557.33
9244.27
9877.72
10506.8
11149.2
11795
12402.3
12921.6
13415.3
13802.3
14090.5
14291.3
14423.9
14505.6
14539
7696.15
7684.81
7659.21
7626.86
7555.02
7409.17
7168.81
6817.87
6421.34
5910.36
5354.06
4812.57
4286.25
3744.16
3143.33
2460.61
1780.22
1327.79
1119.61
1035.86
1032.8
1116
1286.44
1549.46
1894.89
2394.3
2981.49
3608.25
4223.14
4770.98
5176.65
5393.61
5493.9
5526.85
5520.08
5484.14
5430.15
5374.85
5333.8
5318.36
5332.38
5372.03
5426.5
5482.35
5529.05
5562.56
5578.72
5558.83
5448.11
5166.43
4715.89
4156.37
3543.9
2932.66
2362.65
1888.7
1555.87
1293.99
1110.66
1006.04
974.428
1023.97
1182.33
1500.48
2055.99
2663
3206.85
3696.88
4211.31
4795.32
5456.56
6156.07
6778.35
7308.65
7729.28
8029.08
8222.57
8340.53
8409.95
8433.45
2498.97
2484.24
2490.22
2501.14
2493.05
2431.7
2290.62
2059.26
1757.68
1406.92
1106.99
868.376
667.906
483.073
299.483
129.862
26.1319
1.56017
-2.50862
-2.94474
-2.50004
-2.63453
-3.64982
-4.81485
-4.51003
34.0381
184.22
396.957
661.391
934.404
1146.48
1218.33
1229.18
1216.53
1191.87
1156.83
1114.36
1074.58
1046.22
1035.65
1044.17
1069.58
1105.37
1143.09
1177.38
1209.46
1242.76
1265.77
1253.14
1120.17
890.651
625.618
374.493
172.806
28.5766
-7.59441
-7.97469
-7.66556
-7.58423
-7.59003
-7.6458
-7.50466
-6.41485
4.0061
57.811
170.268
307.129
444.871
606.326
822.878
1126.23
1572.35
2013.31
2411.13
2714.62
2900.49
2999.68
3045.21
3065.94
3067.68
107.054
83.2566
92.785
107.373
122.543
132.212
127.54
99.8115
46.7985
3.96146
-3.42638
-5.72408
-6.22946
-6.44495
-6.65507
-7.19915
-5.74965
-3.62788
-3.25533
-3.43609
-3.71934
-4.11902
-4.74778
-5.30315
-5.35487
-5.77124
-6.37066
-6.76307
-6.9405
-7.25082
-7.62431
-7.52193
-6.84269
-6.27499
-5.71951
-4.94629
-4.00096
-3.23323
-2.65889
-2.22697
-1.95607
-2.13324
-3.06512
-4.58633
-6.03652
-7.18292
-8.04144
-9.19819
-9.64522
-9.94657
-10.3132
-10.097
-9.6561
-9.08397
-8.49023
-8.23705
-8.24577
-8.21479
-8.19702
-8.18705
-8.16182
-8.18935
-8.28312
-8.0231
-7.90648
-7.90892
-7.87919
-7.68362
-7.23522
-6.69943
-4.58155
31.2792
108.199
183.088
234.625
259.276
265.274
260.007
253.593
272.628
-8.92774
-8.11598
-8.45176
-8.9386
-9.35022
-9.47763
-9.29114
-8.73025
-8.38735
-8.04477
-7.13315
-6.93461
-6.96747
-7.08427
-7.32449
-7.50351
-6.89018
-5.79863
-5.17776
-5.14176
-5.31441
-5.55059
-5.92231
-6.23746
-6.37027
-6.51705
-6.57328
-6.83495
-7.22687
-7.64448
-7.93456
-7.94482
-7.88914
-7.89531
-7.92205
-7.8623
-7.77082
-7.7325
-7.60358
-7.29308
-6.88016
-6.60358
-6.79729
-7.37598
-8.05219
-8.76217
-9.3661
-9.74128
-9.87144
-10.0043
-10.0024
-9.88321
-9.74988
-9.55561
-9.31101
-9.06952
-8.95583
-8.8033
-8.71643
-8.72589
-8.73856
-8.74865
-8.73076
-8.79092
-8.82987
-8.82953
-8.8131
-8.73585
-8.60531
-8.44404
-8.33427
-9.29478
-10.4046
-10.483
-9.77106
-9.54215
-9.4982
-9.21983
-8.32049
-9.28957
-9.20627
-9.04347
-9.20624
-9.55596
-9.77984
-9.72179
-9.46708
-9.13143
-8.96018
-9.10764
-8.22695
-7.59793
-7.52825
-7.5461
-7.69534
-7.83763
-7.77524
-7.6207
-7.62822
-7.59386
-7.42528
-7.32548
-7.28543
-7.29147
-7.42317
-7.67219
-7.87822
-7.98515
-8.08749
-8.28862
-8.46795
-8.45784
-8.36829
-8.31065
-8.28896
-8.28962
-8.33826
-8.37782
-8.2636
-8.00277
-7.62971
-7.3851
-7.58524
-8.06189
-8.61329
-9.19994
-9.76598
-10.2353
-10.6083
-10.8907
-11.0256
-10.9834
-10.8496
-10.4744
-9.95127
-9.54263
-9.39951
-9.34803
-9.26079
-9.232
-9.28462
-9.32601
-9.35143
-9.35923
-9.39647
-9.41708
-9.40791
-9.3762
-9.3319
-9.29403
-9.41129
-9.95111
-10.239
-10.067
-9.74227
-9.67579
-9.78242
-9.79599
-9.56778
-9.50464
-9.80389
-9.79232
-10.1071
-10.5401
-10.7945
-10.7665
-10.5075
-10.1137
-9.84329
-9.84932
-9.39692
-8.23657
-8.04111
-8.07344
-8.25508
-8.5403
-8.87186
-9.16529
-9.2064
-8.98565
-8.71353
-8.52993
-8.46454
-8.42917
-8.41963
-8.50882
-8.71047
-8.81329
-8.80801
-8.78705
-8.78164
-8.83816
-8.827
-8.80559
-8.81409
-8.85307
-8.93068
-8.94793
-8.84162
-8.6325
-8.35136
-8.20893
-8.43764
-8.90894
-9.4687
-10.0149
-10.5302
-11.0154
-11.4164
-11.6476
-11.7221
-11.6508
-11.5481
-11.3768
-11.0434
-10.5429
-10.1494
-9.96664
-9.87606
-9.86275
-9.87513
-9.87715
-9.88619
-9.91983
-9.98468
-10.0293
-10.0261
-10.007
-10.0076
-10.0313
-10.113
-10.3608
-10.6171
-10.7112
-10.587
-10.4701
-10.6638
-10.7613
-10.6039
-10.3153
-10.4419
-10.7191
-11.2437
-11.6715
-11.8462
-11.7911
-11.592
-11.2757
-10.9005
-10.6199
-10.175
-9.16159
-8.71039
-8.75427
-8.97699
-9.371
-9.86218
-10.1411
-10.073
-9.83571
-9.52473
-9.23797
-9.16524
-9.18744
-9.12388
-9.13585
-9.27144
-9.38337
-9.38895
-9.25043
-9.07379
-9.123
-9.23716
-9.31172
-9.37593
-9.47782
-9.57861
-9.60357
-9.54311
-9.36106
-9.15259
-9.10874
-9.37802
-9.87096
-10.3931
-10.8458
-11.2893
-11.7682
-12.2003
-12.4823
-12.6397
-12.7467
-12.7653
-12.7725
-12.5932
-12.0474
-11.2534
-10.7445
-10.5542
-10.4995
-10.4694
-10.4476
-10.4531
-10.4969
-10.5673
-10.6389
-10.6622
-10.6406
-10.6364
-10.691
-10.7962
-10.9337
-11.0842
-11.1737
-11.1019
-11.0672
-11.2585
-11.3755
-11.31
-10.9853
-11.1938
-11.6821
-12.1752
-12.507
-12.6457
-12.6644
-12.5812
-12.3831
-12.0027
-11.494
-10.9625
-10.2301
-9.65038
-9.56413
-9.73313
-10.0923
-10.5311
-10.7338
-10.6836
-10.4848
-10.1994
-9.85139
-9.64618
-9.6715
-9.66299
-9.67417
-9.78466
-9.86694
-9.87017
-9.75527
-9.57119
-9.54033
-9.73075
-9.89765
-10.0318
-10.1756
-10.3039
-10.3889
-10.3688
-10.2124
-10.0336
-10.0506
-10.4028
-10.9222
-11.3621
-11.6944
-12.0485
-12.5215
-12.9915
-13.3141
-13.4836
-13.6482
-13.8416
-13.9807
-13.8853
-13.3682
-12.4256
-11.5834
-11.1659
-11.0466
-11.0449
-11.0733
-11.0981
-11.114
-11.1557
-11.2396
-11.29
-11.2899
-11.2839
-11.3279
-11.4262
-11.5336
-11.6009
-11.6528
-11.6308
-11.5922
-11.6584
-11.6903
-11.6048
-11.3978
-11.9035
-12.4055
-12.8043
-13.0978
-13.2432
-13.3146
-13.3342
-13.2202
-12.8884
-12.336
-11.767
-11.1923
-10.5379
-10.283
-10.3457
-10.5872
-10.9093
-11.083
-11.0825
-10.9479
-10.752
-10.4817
-10.1973
-10.2311
-10.29
-10.3088
-10.3807
-10.4445
-10.4297
-10.3534
-10.2544
-10.1887
-10.386
-10.6055
-10.7829
-10.9225
-11.0851
-11.2579
-11.2982
-11.2087
-11.0916
-11.1579
-11.5214
-11.9789
-12.2943
-12.5197
-12.8348
-13.2866
-13.753
-14.085
-14.3134
-14.6448
-15.009
-15.1581
-15.0189
-14.3824
-13.2905
-12.2836
-11.758
-11.6131
-11.6435
-11.7012
-11.7245
-11.6917
-11.6948
-11.7724
-11.8584
-11.9029
-11.9291
-11.973
-12.0394
-12.1094
-12.1504
-12.1717
-12.1564
-12.0871
-12.0178
-11.9262
-11.7799
-11.6481
-12.3972
-12.8057
-13.1825
-13.4984
-13.6949
-13.8173
-13.8754
-13.8033
-13.5026
-12.9674
-12.3642
-11.7382
-11.0545
-10.7294
-10.7428
-10.9301
-11.1918
-11.3628
-11.4077
-11.348
-11.2504
-11.0994
-10.8368
-10.8544
-10.9711
-10.9946
-11.008
-11.06
-11.0773
-11.0879
-11.0404
-10.9964
-11.121
-11.3552
-11.5297
-11.667
-11.8541
-12.0836
-12.2331
-12.2533
-12.2036
-12.274
-12.5777
-12.9415
-13.1554
-13.3245
-13.5966
-13.9991
-14.4262
-14.7961
-15.2241
-15.7188
-16.0297
-16.051
-15.6671
-14.8533
-13.7848
-12.8588
-12.4087
-12.2591
-12.2486
-12.2648
-12.255
-12.2051
-12.202
-12.2879
-12.414
-12.518
-12.5925
-12.6454
-12.6784
-12.7023
-12.7221
-12.717
-12.678
-12.5805
-12.436
-12.2725
-12.0983
-11.9785
-12.6094
-12.9233
-13.3214
-13.6827
-13.9394
-14.113
-14.2153
-14.1591
-13.8542
-13.3007
-12.6144
-11.878
-11.2155
-10.9429
-10.9935
-11.2269
-11.4987
-11.6948
-11.7946
-11.803
-11.7649
-11.7048
-11.5374
-11.4814
-11.6182
-11.6456
-11.5715
-11.5631
-11.6398
-11.6869
-11.6441
-11.6133
-11.6843
-11.9313
-12.1607
-12.3505
-12.5684
-12.8384
-13.1112
-13.2398
-13.248
-13.2981
-13.5221
-13.7865
-13.9479
-14.0895
-14.3039
-14.6068
-14.9414
-15.3075
-15.7701
-16.113
-16.2247
-16.0938
-15.6349
-14.9087
-14.0734
-13.4043
-13.0446
-12.8971
-12.834
-12.8037
-12.7693
-12.7372
-12.7531
-12.8613
-13.0359
-13.1994
-13.3009
-13.3351
-13.3268
-13.3253
-13.3393
-13.2995
-13.2295
-13.1124
-12.9463
-12.7618
-12.5778
-12.4727
-12.5664
-12.8613
-13.2868
-13.7044
-14.0329
-14.2795
-14.4197
-14.369
-14.0449
-13.4488
-12.6785
-11.8809
-11.2757
-11.0904
-11.2342
-11.5481
-11.8861
-12.154
-12.2943
-12.3361
-12.328
-12.3334
-12.2619
-12.1329
-12.2341
-12.2971
-12.2276
-12.1337
-12.2339
-12.2984
-12.2165
-12.0595
-12.0911
-12.3073
-12.5751
-12.8958
-13.2059
-13.5301
-13.8885
-14.1116
-14.1835
-14.2295
-14.384
-14.5644
-14.6893
-14.8107
-14.9642
-15.1559
-15.3653
-15.6086
-15.8753
-16.0286
-16.0027
-15.7736
-15.4019
-14.8816
-14.3416
-13.9141
-13.6468
-13.4971
-13.4108
-13.3614
-13.3319
-13.3291
-13.3756
-13.5222
-13.729
-13.9009
-13.9898
-14.0025
-13.989
-13.9893
-13.9931
-13.9265
-13.8185
-13.6905
-13.529
-13.3557
-13.1809
-13.0826
-12.4114
-12.7228
-13.2002
-13.6926
-14.1186
-14.4613
-14.6666
-14.6407
-14.3152
-13.7031
-12.8959
-12.0901
-11.5432
-11.4361
-11.6678
-12.068
-12.4703
-12.7834
-12.9134
-12.9476
-12.965
-13.0254
-13.0055
-12.882
-12.9047
-12.9733
-12.996
-12.9317
-12.9961
-13.211
-13.1868
-12.8951
-12.7013
-12.7344
-12.9405
-13.3502
-13.775
-14.1712
-14.5667
-14.8637
-15.0179
-15.0947
-15.2017
-15.3242
-15.4009
-15.4989
-15.6029
-15.7161
-15.834
-15.9586
-16.0607
-16.0794
-15.9766
-15.745
-15.4274
-15.0621
-14.7076
-14.4182
-14.2138
-14.0784
-13.9947
-13.9452
-13.9295
-13.9576
-14.0434
-14.2145
-14.401
-14.5319
-14.591
-14.6094
-14.6329
-14.6592
-14.6426
-14.5749
-14.4436
-14.2992
-14.1507
-14.001
-13.8554
-13.7667
-12.3126
-12.6492
-13.1806
-13.7847
-14.3514
-14.836
-15.1637
-15.2304
-14.963
-14.3605
-13.5369
-12.7332
-12.2347
-12.1899
-12.5024
-12.977
-13.3833
-13.6042
-13.6812
-13.6902
-13.7042
-13.7734
-13.8126
-13.7489
-13.6918
-13.7223
-13.7865
-13.8427
-13.9235
-14.1926
-14.3048
-14.2464
-13.9476
-13.6214
-13.668
-13.9566
-14.3821
-14.8084
-15.2301
-15.598
-15.8269
-15.9514
-16.0207
-16.0883
-16.1179
-16.1645
-16.2228
-16.2788
-16.3313
-16.3726
-16.3788
-16.3209
-16.1829
-15.9699
-15.7056
-15.4236
-15.1612
-14.9445
-14.7822
-14.6683
-14.5945
-14.5551
-14.5561
-14.6074
-14.7204
-14.8788
-15.0191
-15.1031
-15.1491
-15.1859
-15.2315
-15.2848
-15.2828
-15.2299
-15.1089
-14.9389
-14.794
-14.6671
-14.5628
-14.4891
-12.4282
-12.772
-13.3702
-14.1196
-14.8889
-15.576
-16.0686
-16.2402
-16.0188
-15.4402
-14.6566
-13.8656
-13.3363
-13.254
-13.5446
-13.9651
-14.257
-14.3993
-14.4439
-14.4608
-14.4964
-14.5715
-14.6333
-14.6143
-14.5456
-14.5313
-14.5842
-14.6838
-14.8392
-15.091
-15.3255
-15.4997
-15.4311
-15.0802
-14.8179
-14.8697
-15.1561
-15.5776
-15.9971
-16.3723
-16.6769
-16.8521
-16.9039
-16.8939
-16.8625
-16.8295
-16.8387
-16.8494
-16.8513
-16.8341
-16.7828
-16.6817
-16.5258
-16.3247
-16.0971
-15.8669
-15.6577
-15.4845
-15.352
-15.2588
-15.2016
-15.1779
-15.1936
-15.2535
-15.3683
-15.4989
-15.5983
-15.6655
-15.7277
-15.7912
-15.8485
-15.8986
-15.9232
-15.8956
-15.799
-15.6226
-15.459
-15.3462
-15.2769
-15.2159
-12.8745
-13.233
-13.9148
-14.8456
-15.835
-16.7239
-17.3702
-17.6236
-17.4445
-16.8945
-16.12
-15.3052
-14.6692
-14.4115
-14.538
-14.8133
-14.9872
-15.0632
-15.0976
-15.1356
-15.2062
-15.2858
-15.343
-15.3537
-15.3289
-15.3165
-15.3529
-15.4506
-15.6181
-15.8157
-16.0426
-16.2771
-16.4256
-16.2653
-15.9064
-15.8799
-16.1195
-16.5269
-16.9326
-17.2955
-17.6029
-17.8225
-17.8602
-17.7554
-17.6298
-17.5231
-17.4606
-17.4337
-17.398
-17.3389
-17.2472
-17.1168
-16.9495
-16.756
-16.5523
-16.3548
-16.1786
-16.0339
-15.9247
-15.8505
-15.8089
-15.7988
-15.823
-15.882
-15.9817
-16.0858
-16.1708
-16.253
-16.3407
-16.424
-16.4858
-16.5246
-16.5644
-16.5633
-16.4915
-16.3254
-16.1485
-16.0279
-15.9808
-15.9245
-13.7116
-14.1023
-14.883
-15.9711
-17.1221
-18.1678
-18.9483
-19.2927
-19.1663
-18.6548
-17.8863
-17.0121
-16.1989
-15.6769
-15.5419
-15.6492
-15.7412
-15.7627
-15.7704
-15.7972
-15.85
-15.9158
-15.9747
-16.0093
-16.0135
-16.0207
-16.0657
-16.1535
-16.2741
-16.4095
-16.5737
-16.7525
-16.9189
-16.9125
-16.8126
-16.879
-17.154
-17.5218
-17.9891
-18.3872
-18.6416
-18.82
-18.7986
-18.611
-18.3887
-18.2274
-18.1112
-18.0351
-17.9717
-17.8836
-17.7634
-17.6116
-17.4341
-17.2433
-17.0528
-16.8751
-16.7203
-16.5949
-16.5021
-16.4417
-16.4116
-16.4103
-16.4382
-16.4951
-16.5792
-16.6714
-16.7655
-16.8732
-16.9842
-17.0743
-17.128
-17.153
-17.1914
-17.2107
-17.161
-17.0013
-16.8183
-16.6812
-16.6519
-16.6033
-14.9108
-15.3253
-16.195
-17.3929
-18.6536
-19.8216
-20.7068
-21.1481
-21.0651
-20.5398
-19.7336
-18.7706
-17.7914
-17.0439
-16.6471
-16.5567
-16.5457
-16.5019
-16.4765
-16.4793
-16.5095
-16.5529
-16.5911
-16.6178
-16.6282
-16.6439
-16.6952
-16.7754
-16.8661
-16.9757
-17.1052
-17.2427
-17.3736
-17.4315
-17.5228
-17.7551
-18.036
-18.3557
-18.951
-19.4213
-19.6477
-19.6674
-19.5605
-19.3043
-19.0462
-18.881
-18.782
-18.6874
-18.5864
-18.469
-18.3231
-18.151
-17.9622
-17.7694
-17.5851
-17.4184
-17.2767
-17.1637
-17.0815
-17.0297
-17.0066
-17.0105
-17.0407
-17.0978
-17.1764
-17.2734
-17.3868
-17.5209
-17.6483
-17.732
-17.7617
-17.7592
-17.78
-17.8168
-17.773
-17.6154
-17.3936
-17.2687
-17.2562
-17.2346
-16.3367
-16.7826
-17.7182
-18.9764
-20.263
-21.4473
-22.3642
-22.8565
-22.7851
-22.2262
-21.3791
-20.3455
-19.2287
-18.3093
-17.7374
-17.5088
-17.3589
-17.2534
-17.191
-17.1704
-17.1801
-17.2042
-17.2248
-17.2323
-17.2361
-17.2445
-17.2833
-17.3509
-17.4364
-17.5395
-17.6499
-17.7668
-17.8789
-17.9336
-18.0843
-18.3965
-18.695
-18.9189
-19.4847
-20.0401
-20.2803
-20.2292
-20.0476
-19.7535
-19.5271
-19.4522
-19.4543
-19.4212
-19.3033
-19.1304
-18.9365
-18.7337
-18.5263
-18.3245
-18.1386
-17.9757
-17.8402
-17.7341
-17.6578
-17.6107
-17.5911
-17.5974
-17.6292
-17.6879
-17.771
-17.8795
-18.0187
-18.1767
-18.3102
-18.3761
-18.3711
-18.3299
-18.3207
-18.3596
-18.292
-18.109
-17.8928
-17.7836
-17.7694
-17.7927
-17.8321
-18.3074
-19.2542
-20.4784
-21.7058
-22.8178
-23.6842
-24.1073
-23.993
-23.4609
-22.6547
-21.6508
-20.4794
-19.4014
-18.6757
-18.3539
-18.1323
-17.9846
-17.8963
-17.8584
-17.8521
-17.8609
-17.8695
-17.8711
-17.8587
-17.8527
-17.87
-17.9171
-17.9901
-18.083
-18.1815
-18.2836
-18.3891
-18.4716
-18.6064
-18.8703
-19.0962
-19.2015
-19.561
-20.0712
-20.3658
-20.3877
-20.2585
-20.0214
-19.8812
-19.9678
-20.1557
-20.2496
-20.1718
-19.9435
-19.6533
-19.3756
-19.127
-18.9036
-18.7066
-18.5401
-18.4048
-18.3006
-18.2264
-18.1807
-18.1618
-18.1682
-18.2
-18.2597
-18.3503
-18.4708
-18.6332
-18.8075
-18.9363
-18.9794
-18.9396
-18.8602
-18.8224
-18.813
-18.7229
-18.5496
-18.3658
-18.2622
-18.2076
-18.2649
-19.2075
-19.6826
-20.5837
-21.7397
-22.9019
-23.9086
-24.6755
-25.0171
-24.8897
-24.3922
-23.6335
-22.6492
-21.4555
-20.2777
-19.4628
-19.0627
-18.8401
-18.6775
-18.5765
-18.5233
-18.5049
-18.4981
-18.4941
-18.4852
-18.4678
-18.4518
-18.4505
-18.4749
-18.5274
-18.6035
-18.6901
-18.7792
-18.881
-18.9885
-19.1088
-19.2998
-19.3934
-19.416
-19.602
-19.968
-20.3146
-20.4603
-20.4186
-20.309
-20.2874
-20.5028
-20.8561
-21.1283
-21.1468
-20.9169
-20.529
-20.1201
-19.7753
-19.5037
-19.285
-19.1062
-18.9654
-18.8588
-18.7833
-18.7364
-18.7158
-18.72
-18.7495
-18.8082
-18.9005
-19.0293
-19.203
-19.3824
-19.4978
-19.5222
-19.4555
-19.3535
-19.2828
-19.2227
-19.1228
-18.9925
-18.8678
-18.7671
-18.6342
-18.677
-20.3103
-20.8148
-21.6521
-22.758
-23.8443
-24.7453
-25.4185
-25.7099
-25.5851
-25.1214
-24.3903
-23.388
-22.1334
-20.9344
-20.1291
-19.7127
-19.493
-19.3274
-19.219
-19.1543
-19.1185
-19.0965
-19.0796
-19.0619
-19.0419
-19.0233
-19.0136
-19.0229
-19.0571
-19.1175
-19.1924
-19.2715
-19.3662
-19.4881
-19.6389
-19.8093
-19.8839
-19.9425
-20.1526
-20.4494
-20.6828
-20.7932
-20.8241
-20.8263
-20.8469
-21.0928
-21.5335
-21.8944
-22.0379
-21.8947
-21.4928
-20.9795
-20.4937
-20.1266
-19.868
-19.668
-19.5165
-19.4041
-19.3247
-19.2745
-19.2502
-19.2502
-19.2748
-19.3285
-19.4152
-19.545
-19.716
-19.8899
-19.9891
-19.9973
-19.9216
-19.8121
-19.7187
-19.626
-19.525
-19.4352
-19.363
-19.2684
-19.1057
-19.1117
-21.0537
-21.6727
-22.4601
-23.5185
-24.5033
-25.3381
-25.9395
-26.1876
-26.0516
-25.5983
-24.8832
-23.8518
-22.579
-21.4152
-20.6795
-20.3057
-20.0932
-19.9317
-19.82
-19.7452
-19.696
-19.6608
-19.6327
-19.6071
-19.5831
-19.562
-19.552
-19.5568
-19.5806
-19.6304
-19.6989
-19.7749
-19.865
-19.9894
-20.1628
-20.3594
-20.5261
-20.7412
-21.0564
-21.3218
-21.3967
-21.3995
-21.4094
-21.4577
-21.5197
-21.6984
-22.0961
-22.4878
-22.6825
-22.639
-22.3451
-21.8457
-21.2756
-20.7772
-20.4467
-20.2202
-20.0523
-19.9316
-19.8467
-19.7917
-19.7624
-19.7563
-19.7737
-19.8182
-19.8945
-20.014
-20.1746
-20.332
-20.415
-20.4138
-20.3404
-20.2362
-20.1362
-20.0316
-19.9351
-19.8741
-19.8194
-19.7402
-19.6055
-19.5839
-21.485
-22.2072
-22.9978
-23.9809
-24.8856
-25.6775
-26.2212
-26.4203
-26.2604
-25.8057
-25.1194
-24.0828
-22.8584
-21.7915
-21.1454
-20.8363
-20.6452
-20.4953
-20.386
-20.3067
-20.2505
-20.2083
-20.1738
-20.1436
-20.1168
-20.0939
-20.0784
-20.0769
-20.0978
-20.1428
-20.2091
-20.2884
-20.3805
-20.5018
-20.6708
-20.8826
-21.0921
-21.3196
-21.6285
-21.9157
-22.0388
-21.9793
-21.9593
-22.0369
-22.1774
-22.2877
-22.5705
-22.9001
-23.1098
-23.1279
-22.9439
-22.5613
-22.0253
-21.4438
-21.0155
-20.7537
-20.5665
-20.4366
-20.3459
-20.2859
-20.2508
-20.2375
-20.2456
-20.2777
-20.3387
-20.4385
-20.5805
-20.7178
-20.7883
-20.7857
-20.7231
-20.632
-20.538
-20.4396
-20.3625
-20.3202
-20.2512
-20.1846
-20.1005
-20.0576
-21.7186
-22.4318
-23.2772
-24.1782
-25.0027
-25.722
-26.201
-26.3501
-26.1809
-25.754
-25.1177
-24.1737
-23.0408
-22.1096
-21.5771
-21.3267
-21.1636
-21.0299
-20.9281
-20.8516
-20.7957
-20.7534
-20.7186
-20.6887
-20.6632
-20.6419
-20.6266
-20.622
-20.6351
-20.6719
-20.735
-20.8179
-20.9146
-21.0301
-21.1803
-21.3744
-21.5828
-21.794
-22.0256
-22.2407
-22.3889
-22.4008
-22.4715
-22.5844
-22.7329
-22.871
-23.0029
-23.2195
-23.404
-23.444
-23.326
-23.0513
-22.6248
-22.0714
-21.5627
-21.2537
-21.0534
-20.9161
-20.8214
-20.7572
-20.7166
-20.6957
-20.6932
-20.7109
-20.7527
-20.8282
-20.9425
-21.0574
-21.1202
-21.1235
-21.0789
-21.0071
-20.9288
-20.857
-20.8098
-20.76
-20.6707
-20.6135
-20.5729
-20.5267
-21.9346
-22.5019
-23.4178
-24.2471
-24.9311
-25.5056
-25.8845
-26.0104
-25.8916
-25.5382
-24.9696
-24.1406
-23.1565
-22.396
-22
-21.7956
-21.6609
-21.5464
-21.4563
-21.3878
-21.3372
-21.299
-21.2675
-21.241
-21.2193
-21.2026
-21.1915
-21.1901
-21.2056
-21.2448
-21.3068
-21.3871
-21.4812
-21.5863
-21.7112
-21.8755
-22.0754
-22.2782
-22.4518
-22.5625
-22.6224
-22.7488
-22.9591
-23.1175
-23.2292
-23.3331
-23.3747
-23.5071
-23.6462
-23.677
-23.5745
-23.3586
-23.051
-22.5982
-22.0715
-21.7179
-21.5113
-21.3708
-21.2752
-21.2089
-21.1638
-21.1356
-21.1225
-21.1249
-21.1459
-21.1934
-21.2729
-21.3609
-21.4169
-21.4313
-21.4115
-21.3694
-21.3245
-21.2977
-21.2666
-21.2032
-21.1159
-21.0675
-21.0318
-20.9958
-22.3341
-22.6691
-23.5484
-24.2898
-24.7896
-25.1793
-25.446
-25.5603
-25.5125
-25.2537
-24.7551
-24.0331
-23.2393
-22.6861
-22.4087
-22.2558
-22.1453
-22.052
-21.9769
-21.9188
-21.876
-21.8437
-21.8172
-21.7958
-21.7795
-21.7686
-21.7641
-21.7699
-21.7939
-21.8428
-21.9146
-21.9995
-22.0872
-22.1699
-22.2566
-22.3959
-22.6042
-22.812
-22.941
-22.962
-22.9534
-23.0954
-23.3414
-23.5559
-23.6728
-23.6893
-23.6821
-23.7514
-23.8456
-23.8549
-23.7524
-23.5633
-23.3195
-22.9911
-22.5358
-22.1557
-21.9401
-21.8045
-21.7123
-21.6468
-21.5991
-21.565
-21.5418
-21.5297
-21.53
-21.5486
-21.5903
-21.6452
-21.6897
-21.7161
-21.7285
-21.7309
-21.746
-21.7628
-21.7528
-21.6991
-21.6053
-21.528
-21.4908
-21.4574
-22.9823
-23.194
-23.8147
-24.3515
-24.6715
-24.8982
-25.0612
-25.1457
-25.1224
-24.9385
-24.5304
-23.9368
-23.3589
-23.007
-22.8211
-22.7131
-22.6266
-22.553
-22.4932
-22.4464
-22.4115
-22.3855
-22.3651
-22.3497
-22.3398
-22.3351
-22.3379
-22.3526
-22.3876
-22.4488
-22.5313
-22.6234
-22.7064
-22.7573
-22.7785
-22.891
-23.1447
-23.3951
-23.5018
-23.4538
-23.3851
-23.4373
-23.651
-23.8882
-23.9837
-23.9482
-23.9121
-23.9399
-24.0002
-23.9918
-23.8853
-23.7094
-23.5014
-23.2683
-22.917
-22.5631
-22.3466
-22.2234
-22.1398
-22.0785
-22.0309
-21.9926
-21.961
-21.9358
-21.9176
-21.9097
-21.9171
-21.9377
-21.9664
-22.0031
-22.0517
-22.1126
-22.188
-22.2527
-22.2779
-22.2312
-22.1036
-21.9639
-21.9096
-21.8869
-23.7581
-23.9566
-24.2574
-24.4598
-24.5675
-24.6502
-24.7143
-24.7524
-24.7234
-24.6102
-24.3494
-23.9349
-23.5815
-23.3738
-23.2556
-23.1773
-23.1103
-23.0533
-23.0069
-22.9704
-22.9433
-22.9236
-22.9096
-22.9006
-22.8971
-22.8992
-22.909
-22.9314
-22.9759
-23.0452
-23.1335
-23.2249
-23.2899
-23.2872
-23.217
-23.3446
-23.6795
-23.9976
-24.0983
-23.9968
-23.8601
-23.8186
-23.966
-24.1614
-24.2154
-24.1461
-24.0779
-24.0934
-24.1409
-24.1211
-24.0069
-23.8343
-23.6525
-23.4738
-23.2351
-22.946
-22.7427
-22.6367
-22.5668
-22.5126
-22.4674
-22.4271
-22.3893
-22.3534
-22.3199
-22.2901
-22.2689
-22.2614
-22.2768
-22.3236
-22.4044
-22.5174
-22.632
-22.7378
-22.8108
-22.7844
-22.6166
-22.4027
-22.2969
-22.2857
-24.5379
-24.7006
-24.7901
-24.6285
-24.4335
-24.3242
-24.2723
-24.2431
-24.2615
-24.3228
-24.282
-24.0929
-23.9152
-23.7909
-23.7105
-23.6497
-23.5972
-23.5533
-23.518
-23.4905
-23.4706
-23.4572
-23.4495
-23.447
-23.4498
-23.4585
-23.4744
-23.5026
-23.5518
-23.6215
-23.7077
-23.7845
-23.8377
-23.8509
-23.8332
-23.9771
-24.3533
-24.6812
-24.7464
-24.5784
-24.3836
-24.2811
-24.3391
-24.4402
-24.4476
-24.3434
-24.2639
-24.2825
-24.3237
-24.2937
-24.1663
-23.9897
-23.8211
-23.6742
-23.5248
-23.3171
-23.145
-23.0564
-23.0024
-22.9571
-22.9161
-22.876
-22.8345
-22.7905
-22.7447
-22.6979
-22.6528
-22.6218
-22.625
-22.6777
-22.7785
-22.9106
-23.0489
-23.1968
-23.3603
-23.422
-23.2327
-22.8959
-22.6863
-22.6751
-25.1593
-25.3312
-25.2941
-24.8672
-24.3524
-23.9966
-23.787
-23.7127
-23.8927
-24.2524
-24.4311
-24.3918
-24.2991
-24.2284
-24.1731
-24.1251
-24.0847
-24.0518
-24.0258
-24.0062
-23.9931
-23.9858
-23.984
-23.9877
-23.9966
-24.0117
-24.0335
-24.0659
-24.115
-24.1797
-24.2574
-24.3217
-24.394
-24.5352
-24.724
-24.8616
-25.1844
-25.479
-25.4517
-25.1872
-24.9406
-24.8102
-24.7825
-24.7966
-24.7633
-24.6514
-24.555
-24.5616
-24.6094
-24.5671
-24.4132
-24.2152
-24.0466
-23.9208
-23.8295
-23.6949
-23.5657
-23.4936
-23.4537
-23.418
-23.3824
-23.3443
-23.3016
-23.2528
-23.1983
-23.1388
-23.0749
-23.0181
-22.998
-23.0367
-23.1434
-23.2847
-23.4668
-23.7552
-24.1678
-24.5197
-24.5413
-24.1512
-23.5917
-23.367
-25.5608
-25.779
-25.6903
-25.1619
-24.4595
-23.9122
-23.5754
-23.533
-23.9766
-24.5299
-24.744
-24.7454
-24.7106
-24.6734
-24.6357
-24.6008
-24.5716
-24.5481
-24.53
-24.5175
-24.5106
-24.5091
-24.5128
-24.5223
-24.5373
-24.5587
-24.587
-24.6238
-24.671
-24.7277
-24.7916
-24.8617
-24.9522
-25.1778
-25.4793
-25.5994
-25.8954
-26.1621
-26.0635
-25.7453
-25.4724
-25.3377
-25.2569
-25.2146
-25.1588
-25.0763
-25.011
-25.0119
-25.0285
-24.9619
-24.7703
-24.5357
-24.3525
-24.2389
-24.179
-24.096
-24.0056
-23.9523
-23.9247
-23.8984
-23.869
-23.8347
-23.7934
-23.7433
-23.6842
-23.6166
-23.5408
-23.4615
-23.4043
-23.4061
-23.5054
-23.693
-24.0031
-24.6002
-25.4683
-26.3092
-26.7664
-26.4774
-25.4745
-24.6157
-25.8067
-25.9857
-25.9081
-25.4601
-24.8008
-24.2349
-23.9343
-24.1086
-24.5585
-24.9724
-25.1152
-25.144
-25.1383
-25.1222
-25.1002
-25.0774
-25.0577
-25.0422
-25.031
-25.0246
-25.0233
-25.0271
-25.036
-25.0506
-25.0715
-25.0993
-25.1353
-25.1791
-25.2278
-25.2762
-25.326
-25.4027
-25.497
-25.6881
-25.953
-26.0867
-26.336
-26.5627
-26.4945
-26.2039
-25.9188
-25.7566
-25.6612
-25.5999
-25.5677
-25.5507
-25.5492
-25.5874
-25.5774
-25.4536
-25.2131
-24.9406
-24.7335
-24.6212
-24.5772
-24.5278
-24.4666
-24.4325
-24.4159
-24.3984
-24.376
-24.3473
-24.3099
-24.2622
-24.2034
-24.1336
-24.0529
-23.9616
-23.8732
-23.8383
-23.9137
-24.1671
-24.6528
-25.5436
-26.7446
-27.8802
-28.4177
-28.1359
-27.1843
-25.9952
-25.9551
-26.0611
-26.0116
-25.7348
-25.3005
-24.8875
-24.8125
-25.0361
-25.2697
-25.46
-25.5511
-25.5833
-25.5878
-25.5811
-25.5691
-25.5554
-25.5434
-25.5344
-25.5291
-25.528
-25.5315
-25.5398
-25.5532
-25.5722
-25.5983
-25.6321
-25.6758
-25.7288
-25.7852
-25.8371
-25.8822
-25.9477
-26.0451
-26.1865
-26.3636
-26.4833
-26.6034
-26.7874
-26.7932
-26.5734
-26.2982
-26.0983
-25.9801
-25.9478
-25.9875
-26.0316
-26.0964
-26.1603
-26.1361
-25.9614
-25.6877
-25.3947
-25.1643
-25.0525
-25.0217
-24.9928
-24.9525
-24.9336
-24.926
-24.9162
-24.9013
-24.8797
-24.8491
-24.8077
-24.7544
-24.6891
-24.6112
-24.5197
-24.4246
-24.372
-24.4289
-24.7147
-25.3193
-26.3037
-27.5461
-28.6389
-29.0862
-28.783
-27.9056
-26.7272
-26.1197
-26.163
-26.135
-26.0328
-25.8701
-25.7538
-25.8713
-25.9705
-25.9889
-25.9948
-26.0296
-26.0517
-26.0527
-26.0479
-26.0419
-26.0351
-26.0291
-26.0255
-26.0251
-26.0283
-26.0356
-26.0475
-26.0642
-26.0866
-26.1163
-26.1544
-26.2036
-26.2642
-26.3306
-26.3961
-26.4502
-26.5048
-26.5958
-26.7202
-26.8419
-26.892
-26.8917
-26.9376
-27.0432
-26.9013
-26.6758
-26.4735
-26.3524
-26.3179
-26.3779
-26.5798
-26.7101
-26.7356
-26.6432
-26.4383
-26.1609
-25.8663
-25.6308
-25.5345
-25.5116
-25.4894
-25.4616
-25.4528
-25.4517
-25.4487
-25.4414
-25.4282
-25.4069
-25.3757
-25.3336
-25.2804
-25.2163
-25.1421
-25.0651
-25.0211
-25.082
-25.3529
-25.9528
-26.8489
-27.9067
-28.7679
-29.0405
-28.618
-27.6629
-26.6688
-26.3903
-26.3969
-26.3777
-26.4155
-26.464
-26.6305
-26.7589
-26.7685
-26.6592
-26.5408
-26.5206
-26.5273
-26.5245
-26.5205
-26.5184
-26.5164
-26.5152
-26.516
-26.5193
-26.5258
-26.536
-26.5503
-26.5692
-26.5935
-26.6248
-26.6648
-26.7156
-26.779
-26.8519
-26.9278
-26.9985
-27.0587
-27.1361
-27.2613
-27.3692
-27.3989
-27.3581
-27.3459
-27.357
-27.3059
-27.203
-27.0991
-27.0365
-26.9755
-27.0357
-27.2603
-27.4076
-27.3264
-27.143
-26.9042
-26.6251
-26.3409
-26.1297
-26.0538
-26.0342
-26.0084
-25.9886
-25.9857
-25.989
-25.9917
-25.9921
-25.9882
-25.9783
-25.9609
-25.9353
-25.9015
-25.861
-25.8174
-25.7794
-25.7762
-25.8654
-26.1272
-26.6319
-27.3416
-28.0832
-28.5849
-28.5345
-27.8832
-26.9146
-26.1073
-26.7691
-26.7942
-26.7873
-26.9039
-27.0971
-27.3063
-27.4008
-27.3443
-27.1859
-27.0453
-27.0047
-27.002
-26.9988
-26.997
-26.9979
-26.9996
-27.002
-27.0061
-27.0123
-27.0212
-27.0332
-27.0487
-27.0685
-27.0934
-27.1246
-27.1641
-27.2133
-27.275
-27.3497
-27.4337
-27.5224
-27.6046
-27.6789
-27.7938
-27.919
-27.9647
-27.9287
-27.8802
-27.8691
-27.9217
-27.9853
-28.0396
-28.0556
-28.0029
-27.8767
-27.9538
-28.0473
-27.9106
-27.6447
-27.3649
-27.0824
-26.8153
-26.6553
-26.5955
-26.5712
-26.5412
-26.527
-26.5275
-26.5336
-26.5415
-26.5493
-26.5553
-26.5583
-26.5576
-26.5529
-26.5454
-26.5381
-26.5376
-26.5578
-26.6229
-26.7702
-27.0468
-27.4718
-27.9691
-28.3674
-28.4582
-28.0678
-27.2581
-26.3857
-25.782
-27.2163
-27.2378
-27.2625
-27.3838
-27.607
-27.7559
-27.7621
-27.7144
-27.5999
-27.5119
-27.4808
-27.476
-27.4756
-27.4769
-27.4802
-27.4846
-27.4897
-27.4962
-27.5043
-27.5147
-27.5276
-27.5435
-27.5631
-27.5872
-27.6171
-27.6545
-27.7009
-27.7593
-27.8338
-27.9265
-28.0391
-28.1554
-28.261
-28.3831
-28.5308
-28.6082
-28.5717
-28.505
-28.4999
-28.6064
-28.7193
-28.7731
-28.7817
-28.7349
-28.5864
-28.5514
-28.5864
-28.4168
-28.1055
-27.8085
-27.5345
-27.3141
-27.1989
-27.1506
-27.1131
-27.083
-27.0723
-27.0739
-27.0822
-27.0945
-27.1093
-27.1254
-27.1421
-27.1599
-27.1798
-27.2048
-27.2403
-27.2979
-27.397
-27.5545
-27.7938
-28.1217
-28.5077
-28.8408
-28.9538
-28.7136
-28.0864
-27.2082
-26.3921
-25.8756
-27.7088
-27.7013
-27.7107
-27.7893
-27.9292
-28.0455
-28.0636
-28.0333
-27.9945
-27.9656
-27.9538
-27.9536
-27.9562
-27.96
-27.9653
-27.9716
-27.9786
-27.9866
-27.9959
-28.0069
-28.0199
-28.0354
-28.0539
-28.0764
-28.104
-28.1384
-28.1816
-28.237
-28.3113
-28.4153
-28.5617
-28.726
-28.9266
-29.1871
-29.3859
-29.4465
-29.3292
-29.1469
-29.1338
-29.1824
-29.1874
-29.1524
-29.1157
-29.0482
-29.0188
-29.049
-29.0585
-28.8293
-28.5144
-28.2324
-27.9976
-27.8404
-27.7556
-27.7022
-27.6564
-27.6297
-27.6202
-27.622
-27.6319
-27.648
-27.6691
-27.6947
-27.7252
-27.7621
-27.8086
-27.8704
-27.9568
-28.0878
-28.2885
-28.5639
-28.9293
-29.349
-29.7386
-29.961
-29.8758
-29.4104
-28.6165
-27.6823
-26.8885
-26.4139
-28.2154
-28.195
-28.1887
-28.22
-28.2872
-28.3629
-28.4167
-28.4307
-28.4342
-28.4331
-28.4323
-28.4351
-28.4401
-28.446
-28.4529
-28.4606
-28.4688
-28.4777
-28.4876
-28.4986
-28.511
-28.5254
-28.5422
-28.5623
-28.5869
-28.6175
-28.6568
-28.7089
-28.7822
-28.8972
-29.0777
-29.3097
-29.7194
-30.3018
-30.543
-30.4904
-30.2061
-29.8913
-29.8254
-29.7304
-29.5105
-29.3335
-29.2564
-29.227
-29.3306
-29.4751
-29.4345
-29.1729
-28.8931
-28.6574
-28.485
-28.3763
-28.3032
-28.2436
-28.2013
-28.1773
-28.1677
-28.1696
-28.1808
-28.1999
-28.2262
-28.2601
-28.3032
-28.3584
-28.4311
-28.5308
-28.6723
-28.8888
-29.2028
-29.6203
-30.1831
-30.7725
-31.197
-31.315
-31.0536
-30.4143
-29.5117
-28.545
-27.7737
-27.3273
-28.7235
-28.7109
-28.7091
-28.7281
-28.7692
-28.8207
-28.8636
-28.8884
-28.9018
-28.9094
-28.9148
-28.9209
-28.9278
-28.9352
-28.9432
-28.9517
-28.9606
-28.9699
-28.9798
-28.9903
-29.0018
-29.0147
-29.0295
-29.0468
-29.0677
-29.0938
-29.128
-29.1749
-29.2445
-29.3656
-29.563
-29.8935
-30.678
-31.67
-31.8409
-31.5139
-30.9943
-30.729
-30.6135
-30.2824
-29.8088
-29.4884
-29.3773
-29.4747
-29.6778
-29.8049
-29.7199
-29.4933
-29.2754
-29.1105
-28.9937
-28.9082
-28.8366
-28.7813
-28.7439
-28.7219
-28.7131
-28.7154
-28.7275
-28.7486
-28.7788
-28.8193
-28.8726
-28.9432
-29.0388
-29.1726
-29.3669
-29.6679
-30.0942
-30.6913
-31.5092
-32.2552
-32.6981
-32.7332
-32.3154
-31.5401
-30.571
-29.5993
-28.8521
-28.4243
-29.2373
-29.2345
-29.2388
-29.2553
-29.2834
-29.3167
-29.3465
-29.3684
-29.3835
-29.3942
-29.4027
-29.4108
-29.419
-29.4274
-29.436
-29.4449
-29.4541
-29.4634
-29.473
-29.4828
-29.4932
-29.5045
-29.517
-29.5314
-29.5485
-29.5698
-29.5977
-29.6364
-29.6985
-29.8134
-30.0077
-30.4618
-31.5636
-32.6614
-32.7698
-32.2297
-31.6204
-31.5027
-31.2696
-30.7386
-30.1285
-29.7684
-29.7194
-29.8677
-30.0718
-30.1071
-29.9999
-29.8379
-29.6983
-29.5894
-29.5036
-29.4273
-29.3644
-29.3166
-29.2837
-29.264
-29.256
-29.2586
-29.271
-29.2932
-29.3257
-29.3705
-29.4306
-29.5118
-29.6238
-29.7825
-30.0171
-30.3807
-30.9019
-31.6838
-32.6788
-33.4759
-33.9115
-33.9153
-33.4108
-32.5684
-31.5879
-30.6367
-29.8967
-29.4822
-29.7548
-29.7553
-29.7617
-29.7752
-29.7951
-29.8181
-29.8402
-29.8587
-29.8733
-29.8853
-29.8954
-29.9045
-29.9134
-29.9222
-29.9311
-29.9403
-29.9494
-29.9585
-29.9675
-29.9765
-29.9858
-29.9955
-30.006
-30.0177
-30.0312
-30.0476
-30.0688
-30.0983
-30.1496
-30.2429
-30.4265
-30.9509
-32.077
-33.1421
-33.3014
-32.7588
-32.3123
-32.1493
-31.7181
-31.1019
-30.5666
-30.2502
-30.3161
-30.4008
-30.4428
-30.4285
-30.3438
-30.2443
-30.1535
-30.0757
-30.0045
-29.9421
-29.8897
-29.8492
-29.8206
-29.8031
-29.7959
-29.7985
-29.8107
-29.8329
-29.8661
-29.9125
-29.9756
-30.0618
-30.1814
-30.3521
-30.604
-30.9932
-31.568
-32.4535
-33.5024
-34.2899
-34.7023
-34.6596
-34.142
-33.33
-32.3989
-31.4986
-30.7645
-30.291
-30.2723
-30.2733
-30.2794
-30.2903
-30.3053
-30.3225
-30.3398
-30.3557
-30.3695
-30.3814
-30.3918
-30.4014
-30.4105
-30.4194
-30.4284
-30.4375
-30.4465
-30.4553
-30.4637
-30.472
-30.4802
-30.4887
-30.4976
-30.5072
-30.5177
-30.5298
-30.5449
-30.5662
-30.6041
-30.6716
-30.8237
-31.2738
-32.1919
-33.1672
-33.4665
-33.2153
-32.9294
-32.6406
-32.1061
-31.4868
-31.0637
-30.8556
-30.8305
-30.8285
-30.8305
-30.8128
-30.7556
-30.6876
-30.6223
-30.5623
-30.507
-30.4567
-30.4137
-30.3794
-30.3545
-30.3389
-30.3322
-30.3346
-30.3462
-30.3675
-30.3998
-30.4452
-30.5074
-30.5929
-30.7114
-30.8817
-31.1206
-31.4991
-32.0741
-32.9519
-33.9605
-34.6954
-35.0467
-34.97
-34.4993
-33.7827
-32.9472
-32.119
-31.3929
-30.8726
-30.789
-30.7902
-30.7954
-30.8041
-30.8159
-30.8294
-30.8435
-30.8571
-30.8697
-30.881
-30.8913
-30.9008
-30.9098
-30.9187
-30.9276
-30.9365
-30.9452
-30.9536
-30.9616
-30.9693
-30.9769
-30.9845
-30.9923
-31.0004
-31.009
-31.0184
-31.0292
-31.0443
-31.0697
-31.1152
-31.2254
-31.5328
-32.1388
-32.8833
-33.2815
-33.2749
-33.1327
-32.8465
-32.3713
-31.8656
-31.517
-31.3184
-31.2195
-31.2091
-31.2379
-31.2389
-31.2041
-31.1538
-31.1046
-31.0577
-31.0134
-30.9724
-30.9365
-30.9072
-30.8853
-30.8711
-30.8649
-30.8668
-30.8772
-30.8968
-30.9268
-30.9692
-31.0271
-31.1065
-31.2147
-31.3666
-31.5852
-31.9168
-32.4311
-33.2034
-34.0885
-34.7459
-35.0458
-34.9651
-34.576
-33.9792
-33.2625
-32.5037
-31.7945
-31.3655
-31.3048
-31.3061
-31.3105
-31.3176
-31.327
-31.3379
-31.3497
-31.3614
-31.3727
-31.3833
-31.3931
-31.4022
-31.411
-31.4196
-31.4282
-31.4368
-31.4452
-31.4533
-31.4611
-31.4685
-31.4758
-31.483
-31.4903
-31.4978
-31.5057
-31.514
-31.5231
-31.5347
-31.5518
-31.5808
-31.657
-31.8543
-32.2316
-32.7267
-33.0584
-33.162
-33.1273
-32.9238
-32.5769
-32.2246
-31.9422
-31.7337
-31.6066
-31.6013
-31.6772
-31.7033
-31.6829
-31.6412
-31.5997
-31.561
-31.5236
-31.4887
-31.4578
-31.4322
-31.4127
-31.3997
-31.3936
-31.3948
-31.4037
-31.421
-31.4477
-31.4857
-31.536
-31.6055
-31.699
-31.8269
-32.0068
-32.2711
-32.6752
-33.2722
-33.9814
-34.5511
-34.8238
-34.7835
-34.4869
-34.0028
-33.4063
-32.7486
-32.1536
-31.8991
-31.8199
-31.8211
-31.8248
-31.8306
-31.8384
-31.8474
-31.8573
-31.8676
-31.8777
-31.8874
-31.8966
-31.9053
-31.9137
-31.9219
-31.9302
-31.9384
-31.9465
-31.9543
-31.9619
-31.9694
-31.9767
-31.984
-31.9915
-31.9993
-32.0075
-32.0165
-32.0264
-32.0384
-32.0536
-32.0748
-32.1278
-32.2646
-32.4895
-32.7998
-33.0304
-33.1467
-33.1531
-33.0502
-32.8805
-32.7031
-32.5155
-32.317
-32.1639
-32.1428
-32.1826
-32.1981
-32.1798
-32.1446
-32.1066
-32.0697
-32.0357
-32.0046
-31.9772
-31.9543
-31.9365
-31.9244
-31.9183
-31.9186
-31.9258
-31.9403
-31.963
-31.9949
-32.0378
-32.0953
-32.1713
-32.2724
-32.4088
-32.6002
-32.8809
-33.2805
-33.7673
-34.2052
-34.4534
-34.456
-34.2441
-33.8844
-33.4339
-32.9689
-32.6137
-32.4859
-32.3343
-32.3354
-32.3385
-32.3434
-32.3498
-32.3575
-32.3659
-32.3749
-32.3839
-32.3928
-32.4014
-32.4095
-32.4174
-32.4253
-32.4331
-32.4409
-32.4487
-32.4564
-32.464
-32.4715
-32.4791
-32.4869
-32.495
-32.5038
-32.5135
-32.5244
-32.5372
-32.5535
-32.5749
-32.6049
-32.6596
-32.7832
-32.9815
-33.1825
-33.3373
-33.4318
-33.4444
-33.3998
-33.3429
-33.279
-33.1776
-33.0172
-32.8575
-32.7678
-32.7243
-32.7112
-32.6849
-32.6491
-32.6126
-32.5785
-32.5471
-32.5189
-32.494
-32.4731
-32.4568
-32.4454
-32.4391
-32.4385
-32.4437
-32.4552
-32.4735
-32.4994
-32.5341
-32.5795
-32.6382
-32.7136
-32.8107
-32.938
-33.1123
-33.3462
-33.6242
-33.8851
-34.058
-34.0767
-33.9424
-33.7125
-33.4497
-33.2316
-33.1082
-33.0641
-32.8483
-32.8493
-32.8519
-32.856
-32.8613
-32.8678
-32.8751
-32.883
-32.8911
-32.8992
-32.907
-32.9146
-32.922
-32.9293
-32.9367
-32.9442
-32.9518
-32.9594
-32.967
-32.9747
-32.9827
-32.9911
-33.0001
-33.0101
-33.0216
-33.0352
-33.0519
-33.0736
-33.1032
-33.1461
-33.2169
-33.349
-33.56
-33.761
-33.9064
-33.9735
-33.975
-33.9542
-33.9225
-33.8593
-33.7544
-33.6062
-33.4456
-33.3137
-33.2485
-33.2233
-33.1917
-33.154
-33.1184
-33.0862
-33.0569
-33.0309
-33.008
-32.9888
-32.9736
-32.9627
-32.9563
-32.9546
-32.9578
-32.9663
-32.9803
-33.0004
-33.0271
-33.0615
-33.1047
-33.1583
-33.2241
-33.3041
-33.4013
-33.5185
-33.6458
-33.7694
-33.8398
-33.8332
-33.7607
-33.6572
-33.5797
-33.5656
-33.5758
-33.5713
-33.3618
-33.3627
-33.3649
-33.3683
-33.3729
-33.3784
-33.3847
-33.3915
-33.3988
-33.4061
-33.4133
-33.4203
-33.4271
-33.434
-33.4409
-33.4481
-33.4555
-33.463
-33.4707
-33.4786
-33.4869
-33.4959
-33.5058
-33.517
-33.5303
-33.5464
-33.5664
-33.5924
-33.6277
-33.6772
-33.7509
-33.8674
-34.0383
-34.2294
-34.3783
-34.4543
-34.4727
-34.4556
-34.4132
-34.336
-34.2209
-34.0869
-33.9428
-33.8293
-33.7632
-33.7266
-33.6946
-33.6558
-33.622
-33.5916
-33.5641
-33.5402
-33.5191
-33.5013
-33.487
-33.4766
-33.4699
-33.4672
-33.4686
-33.4742
-33.4843
-33.499
-33.5187
-33.5436
-33.574
-33.6104
-33.6529
-33.7011
-33.7526
-33.8029
-33.8573
-33.8861
-33.8915
-33.8678
-33.8348
-33.826
-33.8669
-33.9511
-34.016
-34.0157
-33.8749
-33.8757
-33.8776
-33.8805
-33.8843
-33.889
-33.8944
-33.9004
-33.9068
-33.9133
-33.9199
-33.9263
-33.9326
-33.939
-33.9456
-33.9524
-33.9595
-33.9669
-33.9746
-33.9827
-33.9913
-34.0007
-34.0113
-34.0235
-34.038
-34.0558
-34.0779
-34.1063
-34.1436
-34.1937
-34.2622
-34.3557
-34.478
-34.6152
-34.7386
-34.817
-34.8478
-34.8339
-34.7887
-34.715
-34.6257
-34.5273
-34.4251
-34.3336
-34.2688
-34.2284
-34.191
-34.155
-34.1231
-34.0945
-34.0689
-34.0466
-34.0272
-34.0107
-33.9973
-33.9873
-33.9803
-33.9767
-33.9765
-33.9797
-33.9863
-33.9964
-34.0101
-34.0272
-34.0477
-34.0712
-34.0972
-34.1246
-34.1513
-34.1751
-34.184
-34.1804
-34.1663
-34.1484
-34.1445
-34.1783
-34.2546
-34.35
-34.4257
-34.427
-34.3876
-34.3884
-34.3901
-34.3925
-34.3957
-34.3996
-34.4042
-34.4093
-34.4149
-34.4207
-34.4266
-34.4325
-34.4384
-34.4444
-34.4505
-34.457
-34.4637
-34.4708
-34.4784
-34.4865
-34.4953
-34.505
-34.516
-34.5287
-34.5439
-34.5623
-34.5851
-34.6138
-34.6503
-34.6971
-34.7567
-34.8312
-34.9187
-35.0119
-35.0945
-35.1585
-35.1843
-35.1801
-35.1508
-35.1012
-35.0389
-34.9699
-34.8895
-34.8216
-34.7642
-34.7198
-34.6846
-34.6508
-34.621
-34.5945
-34.5709
-34.5503
-34.5325
-34.5173
-34.5048
-34.495
-34.4879
-34.4836
-34.482
-34.4832
-34.487
-34.4934
-34.5022
-34.5133
-34.5261
-34.5403
-34.555
-34.5692
-34.5815
-34.5892
-34.5877
-34.5777
-34.564
-34.5561
-34.5677
-34.6096
-34.6786
-34.7556
-34.8186
-34.8285
-34.9002
-34.9009
-34.9022
-34.9042
-34.9068
-34.9101
-34.9139
-34.9183
-34.9231
-34.9282
-34.9335
-34.9388
-34.9443
-34.9499
-34.9556
-34.9617
-34.968
-34.9748
-34.9821
-34.9899
-34.9987
-35.0084
-35.0194
-35.0322
-35.0474
-35.0656
-35.0879
-35.1151
-35.149
-35.1906
-35.2409
-35.2999
-35.3656
-35.4329
-35.4945
-35.5367
-35.5577
-35.5574
-35.5384
-35.5044
-35.4591
-35.4065
-35.3488
-35.2944
-35.2467
-35.207
-35.1733
-35.143
-35.1159
-35.0917
-35.0703
-35.0515
-35.0352
-35.0212
-35.0096
-35.0003
-34.9932
-34.9883
-34.9857
-34.9853
-34.9868
-34.9903
-34.9954
-35.0018
-35.0092
-35.0169
-35.0242
-35.0306
-35.0349
-35.0357
-35.0318
-35.0236
-35.015
-35.0135
-35.0275
-35.063
-35.1173
-35.1776
-35.2209
-35.2335
-35.4123
-35.4128
-35.414
-35.4156
-35.4177
-35.4204
-35.4236
-35.4273
-35.4314
-35.4358
-35.4405
-35.4453
-35.4502
-35.4554
-35.4607
-35.4663
-35.4723
-35.4786
-35.4854
-35.4928
-35.5011
-35.5105
-35.5212
-35.5336
-35.5482
-35.5656
-35.5864
-35.6113
-35.6413
-35.6771
-35.7187
-35.7654
-35.8151
-35.8647
-35.9083
-35.94
-35.9568
-35.9583
-35.9455
-35.921
-35.8872
-35.8472
-35.8041
-35.7619
-35.7231
-35.689
-35.659
-35.632
-35.6078
-35.5862
-35.567
-35.5501
-35.5354
-35.5227
-35.5121
-35.5034
-35.4965
-35.4914
-35.4881
-35.4865
-35.4864
-35.4876
-35.4899
-35.4929
-35.4964
-35.4998
-35.5027
-35.5045
-35.5047
-35.5027
-35.4986
-35.4932
-35.489
-35.4907
-35.5037
-35.5308
-35.5701
-35.6153
-35.6455
-35.6559
-35.9239
-35.9244
-35.9253
-35.9266
-35.9283
-35.9305
-35.9331
-35.9362
-35.9396
-35.9435
-35.9475
-35.9518
-35.9562
-35.9608
-35.9657
-35.9708
-35.9762
-35.982
-35.9883
-35.9951
-36.0028
-36.0115
-36.0215
-36.033
-36.0465
-36.0625
-36.0812
-36.1032
-36.1289
-36.1588
-36.1926
-36.2293
-36.2671
-36.304
-36.3358
-36.3594
-36.3727
-36.3747
-36.3661
-36.3484
-36.3232
-36.2928
-36.26
-36.2271
-36.196
-36.1675
-36.1416
-36.1183
-36.0972
-36.0782
-36.0613
-36.0464
-36.0334
-36.0222
-36.0126
-36.0046
-35.9982
-35.9932
-35.9895
-35.9872
-35.9858
-35.9854
-35.9857
-35.9863
-35.987
-35.9879
-35.9881
-35.9876
-35.986
-35.9834
-35.9801
-35.9769
-35.9756
-35.979
-35.99
-36.0103
-36.0381
-36.0702
-36.0921
-36.1003
-36.4351
-36.4355
-36.4362
-36.4372
-36.4386
-36.4404
-36.4425
-36.445
-36.4479
-36.4511
-36.4546
-36.4583
-36.4621
-36.4662
-36.4704
-36.4749
-36.4797
-36.4849
-36.4906
-36.4968
-36.5037
-36.5115
-36.5204
-36.5306
-36.5425
-36.5566
-36.5729
-36.5916
-36.6131
-36.6374
-36.6642
-36.6926
-36.7214
-36.7491
-36.7726
-36.7901
-36.8003
-36.8024
-36.7966
-36.7838
-36.7654
-36.7418
-36.7169
-36.6915
-36.6667
-36.6434
-36.6219
-36.6022
-36.5843
-36.5681
-36.5536
-36.5408
-36.5296
-36.5199
-36.5115
-36.5045
-36.4987
-36.494
-36.4904
-36.4876
-36.4855
-36.484
-36.4829
-36.4821
-36.4814
-36.4803
-36.479
-36.4774
-36.4754
-36.4731
-36.471
-36.4696
-36.4702
-36.4743
-36.4835
-36.4988
-36.5188
-36.5407
-36.5565
-36.5629
-36.9458
-36.9461
-36.9467
-36.9476
-36.9487
-36.95
-36.9517
-36.9537
-36.9561
-36.9587
-36.9615
-36.9646
-36.9679
-36.9714
-36.975
-36.9789
-36.983
-36.9874
-36.9923
-36.9977
-37.0037
-37.0104
-37.0181
-37.0267
-37.0367
-37.0484
-37.0619
-37.0773
-37.0945
-37.1137
-37.1344
-37.1561
-37.1776
-37.1984
-37.2156
-37.2285
-37.2362
-37.238
-37.234
-37.2248
-37.2113
-37.1943
-37.1749
-37.1556
-37.1361
-37.1176
-37.1002
-37.0842
-37.0696
-37.0562
-37.0443
-37.0337
-37.0243
-37.0162
-37.0092
-37.0033
-36.9983
-36.9942
-36.9907
-36.9879
-36.9855
-36.9834
-36.9815
-36.9797
-36.978
-36.9762
-36.9743
-36.9724
-36.9706
-36.9689
-36.9679
-36.9678
-36.9695
-36.9738
-36.9815
-36.9928
-37.0071
-37.0222
-37.0333
-37.0382
-37.4562
-37.4565
-37.4569
-37.4576
-37.4584
-37.4595
-37.4608
-37.4623
-37.4641
-37.4662
-37.4684
-37.4709
-37.4736
-37.4764
-37.4794
-37.4826
-37.486
-37.4896
-37.4936
-37.498
-37.5028
-37.5083
-37.5145
-37.5215
-37.5294
-37.5385
-37.549
-37.5609
-37.5742
-37.5886
-37.604
-37.6199
-37.6354
-37.6509
-37.6631
-37.6724
-37.678
-37.6794
-37.6768
-37.6703
-37.6606
-37.6484
-37.6346
-37.6199
-37.6047
-37.5906
-37.5773
-37.5648
-37.5535
-37.5431
-37.5337
-37.5253
-37.5179
-37.5116
-37.5061
-37.5013
-37.4973
-37.4938
-37.4908
-37.4882
-37.4857
-37.4834
-37.4814
-37.4793
-37.4772
-37.4751
-37.4732
-37.4714
-37.47
-37.4689
-37.4686
-37.4694
-37.4715
-37.4754
-37.4816
-37.4898
-37.4997
-37.51
-37.5176
-37.5213
-37.9662
-37.9665
-37.9668
-37.9673
-37.9679
-37.9687
-37.9696
-37.9707
-37.972
-37.9736
-37.9752
-37.9771
-37.9791
-37.9813
-37.9836
-37.986
-37.9887
-37.9914
-37.9944
-37.9977
-38.0013
-38.0054
-38.01
-38.0152
-38.0209
-38.0274
-38.0348
-38.0433
-38.0526
-38.0627
-38.0733
-38.0842
-38.0949
-38.1053
-38.1137
-38.1201
-38.1239
-38.125
-38.1233
-38.1189
-38.1123
-38.1039
-38.0943
-38.084
-38.0735
-38.0634
-38.0538
-38.0448
-38.0365
-38.029
-38.0222
-38.0161
-38.0108
-38.0062
-38.0022
-37.9987
-37.9957
-37.9931
-37.9907
-37.9885
-37.9865
-37.9846
-37.9826
-37.9806
-37.9786
-37.9767
-37.975
-37.9736
-37.9725
-37.972
-37.9721
-37.9731
-37.9751
-37.9783
-37.9828
-37.9885
-37.995
-38.0016
-38.0066
-38.0092
-38.4761
-38.4762
-38.4764
-38.4767
-38.4771
-38.4776
-38.4782
-38.479
-38.4798
-38.4809
-38.482
-38.4832
-38.4846
-38.486
-38.4876
-38.4893
-38.4911
-38.493
-38.495
-38.4971
-38.4993
-38.5018
-38.5047
-38.508
-38.5115
-38.5154
-38.5198
-38.5248
-38.5304
-38.5364
-38.5427
-38.5491
-38.5554
-38.5615
-38.5665
-38.5703
-38.5727
-38.5734
-38.5724
-38.5698
-38.5658
-38.5606
-38.5547
-38.5483
-38.5419
-38.5356
-38.5297
-38.5242
-38.5191
-38.5144
-38.5102
-38.5064
-38.5032
-38.5003
-38.4978
-38.4957
-38.4937
-38.492
-38.4904
-38.4889
-38.4875
-38.4861
-38.4847
-38.4833
-38.4819
-38.4805
-38.4792
-38.4783
-38.4777
-38.4774
-38.4777
-38.4785
-38.4799
-38.482
-38.4848
-38.4881
-38.4918
-38.4955
-38.4984
-38.5002
-38.9859
-38.9859
-38.986
-38.9862
-38.9864
-38.9866
-38.987
-38.9874
-38.9878
-38.9884
-38.9889
-38.9896
-38.9903
-38.9911
-38.9919
-38.9927
-38.9936
-38.9945
-38.9955
-38.9965
-38.9974
-38.9983
-38.9993
-39.0004
-39.0016
-39.0029
-39.0042
-39.0058
-39.0075
-39.0094
-39.0115
-39.0136
-39.0157
-39.0178
-39.0196
-39.021
-39.0219
-39.0223
-39.0219
-39.0209
-39.0193
-39.0172
-39.0148
-39.0123
-39.0097
-39.0073
-39.0051
-39.003
-39.0012
-38.9995
-38.9979
-38.9965
-38.9953
-38.9943
-38.9933
-38.9924
-38.9916
-38.9909
-38.9902
-38.9896
-38.989
-38.9884
-38.9879
-38.9873
-38.9867
-38.9861
-38.9855
-38.985
-38.9847
-38.9846
-38.9847
-38.9852
-38.9859
-38.9869
-38.9881
-38.9894
-38.9908
-38.9922
-38.9931
-38.9933
)
;

boundaryField
{
    lowerWall
    {
        type            calculated;
        value           nonuniform List<scalar> 
80
(
134202
134193
134173
134143
134102
134052
133993
133927
133855
133779
133700
133620
133540
133462
133389
133320
133258
133203
133157
133121
133093
133076
133067
133068
133077
133093
133116
133144
133176
133211
133247
133283
133318
133351
133381
133407
133429
133445
133456
133462
133461
133454
133442
133424
133401
133373
133341
133306
133268
133230
133191
133154
133119
133088
133063
133043
133032
133029
133035
133051
133077
133114
133160
133216
133281
133353
133431
133513
133599
133686
133772
133855
133934
134007
134073
134129
134175
134210
134232
134243
)
;
    }
    rightWall
    {
        type            calculated;
        value           nonuniform List<scalar> 
80
(
130924
124295
117679
111076
104486
97911.1
91351.5
84809
78285.3
71781.9
65300.9
58844.1
52412.7
46008.9
39636.3
33300.5
27010.2
20760.3
14539
8433.45
3067.68
272.628
-9.28957
-9.50464
-10.3153
-10.9853
-11.3978
-11.6481
-11.9785
-12.4727
-13.0826
-13.7667
-14.4891
-15.2159
-15.9245
-16.6033
-17.2346
-17.7927
-18.2649
-18.677
-19.1117
-19.5839
-20.0576
-20.5267
-20.9958
-21.4574
-21.8869
-22.2857
-22.6751
-23.367
-24.6157
-25.9952
-26.7272
-26.6688
-26.1073
-25.782
-25.8756
-26.4139
-27.3273
-28.4243
-29.4822
-30.291
-30.8726
-31.3655
-31.8991
-32.4859
-33.0641
-33.5713
-34.0157
-34.427
-34.8285
-35.2335
-35.6559
-36.1003
-36.5629
-37.0382
-37.5213
-38.0092
-38.5002
-38.9933
)
;
    }
    atmosphere
    {
        type            calculated;
        value           nonuniform List<scalar> 
80
(
-39.2409
-39.2409
-39.241
-39.2411
-39.2412
-39.2413
-39.2415
-39.2418
-39.242
-39.2424
-39.2427
-39.2431
-39.2434
-39.2438
-39.2443
-39.2447
-39.2451
-39.2455
-39.2458
-39.2461
-39.2463
-39.2465
-39.2466
-39.2466
-39.2465
-39.2464
-39.2462
-39.246
-39.2457
-39.2455
-39.2454
-39.2454
-39.2454
-39.2456
-39.2458
-39.2461
-39.2463
-39.2464
-39.2464
-39.2461
-39.2456
-39.245
-39.2443
-39.2436
-39.243
-39.2426
-39.2423
-39.2421
-39.242
-39.2418
-39.2417
-39.2415
-39.2414
-39.2412
-39.241
-39.2408
-39.2406
-39.2404
-39.2402
-39.2401
-39.24
-39.24
-39.24
-39.24
-39.24
-39.24
-39.24
-39.24
-39.24
-39.24
-39.24
-39.24
-39.24
-39.24
-39.24
-39.24
-39.24
-39.24
-39.24
-39.24
)
;
    }
    leftWall
    {
        type            calculated;
        value           nonuniform List<scalar> 
80
(
130883
124254
117635
111027
104431
97848.1
91278.4
84723.2
78183.7
71661.1
65156.6
58671.2
52205.7
45761.2
39340.5
32948.3
26590.7
20259.2
13936.3
7696.15
2498.97
107.054
-8.92774
-9.20627
-9.80389
-10.4419
-11.1938
-11.9035
-12.3972
-12.6094
-12.5664
-12.4114
-12.3126
-12.4282
-12.8745
-13.7116
-14.9108
-16.3367
-17.8321
-19.2075
-20.3103
-21.0537
-21.485
-21.7186
-21.9346
-22.3341
-22.9823
-23.7581
-24.5379
-25.1593
-25.5608
-25.8067
-25.9551
-26.1197
-26.3903
-26.7691
-27.2163
-27.7088
-28.2154
-28.7235
-29.2373
-29.7548
-30.2723
-30.789
-31.3048
-31.8199
-32.3343
-32.8483
-33.3618
-33.8749
-34.3876
-34.9002
-35.4123
-35.9239
-36.4351
-36.9458
-37.4562
-37.9662
-38.4761
-38.9859
)
;
    }
    frontAndBack
    {
        type            empty;
    }
}


// ************************************************************************* //
