/*--------------------------------*- C++ -*----------------------------------*\
| =========                 |                                                 |
| \\      /  F ield         | OpenFOAM: The Open Source CFD Toolbox           |
|  \\    /   O peration     | Version:  2412                                  |
|   \\  /    A nd           | Website:  www.openfoam.com                      |
|    \\/     M anipulation  |                                                 |
\*---------------------------------------------------------------------------*/
FoamFile
{
    version     2.0;
    format      ascii;
    arch        "LSB;label=32;scalar=64";
    class       volScalarField;
    location    "4";
    object      p_rgh;
}
// * * * * * * * * * * * * * * * * * * * * * * * * * * * * * * * * * * * * * //

dimensions      [1 -1 -2 0 0 0 0];

internalField   nonuniform List<scalar> 
6400
(
7266.78
7267.33
7268.34
7269.8
7271.67
7273.89
7276.42
7279.19
7282.13
7285.19
7288.3
7291.39
7294.41
7297.32
7300.09
7302.7
7305.13
7307.39
7309.49
7311.45
7313.28
7315.03
7316.7
7318.31
7319.9
7321.46
7323
7324.53
7326.04
7327.5
7328.92
7330.27
7331.52
7332.67
7333.67
7334.53
7335.2
7335.69
7335.96
7336.03
7335.88
7335.51
7334.93
7334.15
7333.17
7332.02
7330.71
7329.28
7327.73
7326.1
7324.4
7322.67
7320.9
7319.13
7317.36
7315.58
7313.8
7311.99
7310.16
7308.27
7306.3
7304.23
7302.03
7299.68
7297.17
7294.49
7291.66
7288.68
7285.6
7282.45
7279.29
7276.17
7273.17
7270.35
7267.77
7265.5
7263.6
7262.11
7261.07
7260.52
7266.24
7266.8
7267.86
7269.36
7271.28
7273.57
7276.16
7279.01
7282.03
7285.16
7288.33
7291.48
7294.55
7297.5
7300.29
7302.91
7305.34
7307.58
7309.66
7311.59
7313.4
7315.12
7316.76
7318.36
7319.93
7321.48
7323.02
7324.55
7326.05
7327.53
7328.95
7330.31
7331.58
7332.74
7333.76
7334.62
7335.31
7335.8
7336.09
7336.16
7336.01
7335.64
7335.05
7334.26
7333.27
7332.1
7330.79
7329.33
7327.77
7326.13
7324.42
7322.67
7320.91
7319.13
7317.36
7315.59
7313.82
7312.04
7310.23
7308.37
7306.43
7304.39
7302.21
7299.87
7297.37
7294.68
7291.83
7288.82
7285.69
7282.48
7279.26
7276.07
7272.99
7270.09
7267.45
7265.11
7263.15
7261.61
7260.54
7259.97
7265.16
7265.76
7266.88
7268.48
7270.51
7272.93
7275.66
7278.65
7281.81
7285.08
7288.38
7291.64
7294.8
7297.81
7300.65
7303.28
7305.7
7307.93
7309.97
7311.86
7313.62
7315.29
7316.89
7318.45
7319.99
7321.52
7323.05
7324.58
7326.1
7327.59
7329.04
7330.43
7331.73
7332.92
7333.97
7334.86
7335.57
7336.08
7336.38
7336.46
7336.31
7335.93
7335.33
7334.52
7333.51
7332.31
7330.96
7329.48
7327.88
7326.2
7324.47
7322.7
7320.92
7319.14
7317.37
7315.62
7313.88
7312.14
7310.37
7308.56
7306.67
7304.67
7302.53
7300.22
7297.72
7295.03
7292.13
7289.06
7285.85
7282.53
7279.18
7275.85
7272.63
7269.59
7266.8
7264.34
7262.26
7260.63
7259.49
7258.88
7263.51
7264.17
7265.4
7267.14
7269.35
7271.95
7274.89
7278.1
7281.48
7284.96
7288.45
7291.88
7295.17
7298.28
7301.17
7303.82
7306.24
7308.43
7310.42
7312.24
7313.92
7315.52
7317.05
7318.56
7320.06
7321.57
7323.09
7324.63
7326.17
7327.69
7329.19
7330.62
7331.98
7333.22
7334.32
7335.26
7336.01
7336.56
7336.88
7336.97
7336.82
7336.43
7335.81
7334.97
7333.91
7332.67
7331.26
7329.72
7328.06
7326.33
7324.54
7322.73
7320.92
7319.13
7317.37
7315.64
7313.93
7312.25
7310.55
7308.81
7307
7305.07
7303
7300.73
7298.25
7295.54
7292.59
7289.43
7286.09
7282.61
7279.06
7275.52
7272.08
7268.82
7265.81
7263.15
7260.91
7259.13
7257.87
7257.2
7261.22
7261.97
7263.36
7265.3
7267.74
7270.62
7273.85
7277.35
7281.04
7284.81
7288.57
7292.22
7295.7
7298.94
7301.9
7304.58
7306.97
7309.1
7311
7312.71
7314.29
7315.79
7317.23
7318.66
7320.11
7321.59
7323.11
7324.66
7326.24
7327.82
7329.38
7330.89
7332.32
7333.64
7334.82
7335.83
7336.64
7337.23
7337.59
7337.7
7337.55
7337.14
7336.49
7335.6
7334.48
7333.17
7331.68
7330.05
7328.31
7326.49
7324.63
7322.76
7320.91
7319.09
7317.32
7315.62
7313.96
7312.35
7310.75
7309.12
7307.42
7305.61
7303.62
7301.43
7298.98
7296.26
7293.25
7289.96
7286.44
7282.73
7278.92
7275.09
7271.34
7267.77
7264.47
7261.53
7259.04
7257.06
7255.65
7254.88
7258.22
7259.1
7260.69
7262.91
7265.66
7268.88
7272.49
7276.4
7280.49
7284.65
7288.76
7292.72
7296.43
7299.83
7302.88
7305.58
7307.92
7309.95
7311.72
7313.29
7314.73
7316.08
7317.4
7318.73
7320.12
7321.56
7323.08
7324.66
7326.29
7327.95
7329.6
7331.21
7332.75
7334.18
7335.46
7336.57
7337.46
7338.12
7338.52
7338.65
7338.51
7338.08
7337.39
7336.43
7335.23
7333.82
7332.22
7330.48
7328.62
7326.69
7324.72
7322.76
7320.84
7318.98
7317.21
7315.53
7313.94
7312.42
7310.95
7309.47
7307.93
7306.27
7304.43
7302.34
7299.95
7297.22
7294.14
7290.7
7286.95
7282.95
7278.78
7274.56
7270.39
7266.41
7262.72
7259.43
7256.62
7254.35
7252.73
7251.84
7254.38
7255.44
7257.31
7259.88
7263.04
7266.7
7270.79
7275.22
7279.83
7284.5
7289.07
7293.42
7297.42
7301.02
7304.17
7306.86
7309.13
7311.02
7312.61
7313.98
7315.2
7316.36
7317.52
7318.74
7320.04
7321.45
7322.97
7324.59
7326.3
7328.06
7329.84
7331.59
7333.28
7334.85
7336.26
7337.49
7338.49
7339.23
7339.69
7339.85
7339.71
7339.26
7338.51
7337.48
7336.18
7334.64
7332.9
7331
7328.98
7326.9
7324.79
7322.71
7320.69
7318.78
7316.99
7315.34
7313.83
7312.43
7311.12
7309.84
7308.52
7307.08
7305.44
7303.51
7301.22
7298.5
7295.33
7291.71
7287.67
7283.29
7278.66
7273.93
7269.23
7264.72
7260.53
7256.78
7253.55
7250.92
7249.02
7247.95
7249.56
7250.85
7253.1
7256.13
7259.78
7263.99
7268.69
7273.77
7279.07
7284.38
7289.55
7294.38
7298.76
7302.6
7305.85
7308.52
7310.65
7312.33
7313.66
7314.74
7315.69
7316.61
7317.56
7318.62
7319.82
7321.19
7322.73
7324.42
7326.24
7328.14
7330.08
7332.01
7333.88
7335.64
7337.23
7338.61
7339.74
7340.59
7341.13
7341.33
7341.2
7340.72
7339.9
7338.76
7337.33
7335.63
7333.71
7331.61
7329.39
7327.1
7324.81
7322.56
7320.42
7318.42
7316.6
7314.98
7313.56
7312.33
7311.23
7310.21
7309.18
7308.04
7306.68
7304.98
7302.84
7300.17
7296.92
7293.08
7288.68
7283.81
7278.6
7273.21
7267.82
7262.63
7257.82
7253.5
7249.75
7246.66
7244.37
7243.06
7243.55
7245.15
7247.9
7251.5
7255.76
7260.63
7266.08
7272.01
7278.17
7284.33
7290.25
7295.71
7300.55
7304.67
7308.01
7310.6
7312.53
7313.9
7314.87
7315.58
7316.16
7316.75
7317.44
7318.3
7319.39
7320.72
7322.29
7324.08
7326.05
7328.14
7330.3
7332.46
7334.57
7336.56
7338.37
7339.95
7341.25
7342.23
7342.87
7343.12
7342.99
7342.47
7341.57
7340.31
7338.71
7336.81
7334.66
7332.32
7329.84
7327.29
7324.75
7322.29
7319.97
7317.85
7315.98
7314.38
7313.07
7312.03
7311.21
7310.53
7309.88
7309.15
7308.18
7306.81
7304.9
7302.33
7299.01
7294.92
7290.08
7284.6
7278.64
7272.4
7266.13
7260.07
7254.46
7249.45
7245.08
7241.39
7238.6
7236.96
7236.02
7238.09
7241.46
7245.8
7250.78
7256.43
7262.84
7269.84
7277.13
7284.39
7291.28
7297.54
7302.94
7307.37
7310.78
7313.23
7314.83
7315.77
7316.23
7316.43
7316.53
7316.7
7317.06
7317.69
7318.65
7319.96
7321.59
7323.52
7325.69
7328.03
7330.47
7332.94
7335.35
7337.63
7339.71
7341.54
7343.05
7344.19
7344.94
7345.26
7345.14
7344.58
7343.58
7342.16
7340.36
7338.22
7335.78
7333.12
7330.32
7327.44
7324.58
7321.83
7319.27
7316.98
7315.02
7313.44
7312.25
7311.44
7310.96
7310.72
7310.59
7310.4
7309.96
7309.06
7307.52
7305.13
7301.77
7297.38
7292
7285.75
7278.82
7271.49
7264.07
7256.89
7250.3
7244.45
7239.31
7234.87
7231.43
7229.33
7226.47
7229.26
7233.46
7238.71
7244.51
7251.12
7258.74
7267.17
7275.94
7284.62
7292.77
7300.03
7306.13
7310.9
7314.34
7316.52
7317.62
7317.93
7317.71
7317.22
7316.69
7316.33
7316.29
7316.65
7317.48
7318.78
7320.52
7322.65
7325.1
7327.77
7330.57
7333.42
7336.21
7338.86
7341.28
7343.4
7345.17
7346.51
7347.41
7347.81
7347.7
7347.09
7345.97
7344.37
7342.32
7339.88
7337.09
7334.05
7330.82
7327.53
7324.26
7321.13
7318.25
7315.72
7313.63
7312.03
7310.97
7310.43
7310.38
7310.69
7311.23
7311.77
7312.06
7311.82
7310.8
7308.72
7305.37
7300.67
7294.63
7287.4
7279.23
7270.48
7261.56
7252.89
7245.04
7238.17
7232.16
7226.79
7222.5
7219.65
7214.68
7218.37
7223.45
7229.44
7236.18
7244.1
7253.47
7263.83
7274.58
7285.13
7294.91
7303.44
7310.38
7315.53
7318.89
7320.62
7320.98
7320.4
7319.24
7317.83
7316.5
7315.48
7314.95
7315.01
7315.71
7317.05
7318.96
7321.37
7324.19
7327.29
7330.57
7333.9
7337.17
7340.27
7343.11
7345.6
7347.67
7349.26
7350.32
7350.82
7350.74
7350.06
7348.8
7346.98
7344.65
7341.84
7338.63
7335.1
7331.36
7327.53
7323.73
7320.11
7316.8
7313.94
7311.63
7309.98
7309.03
7308.81
7309.27
7310.29
7311.69
7313.19
7314.47
7315.17
7314.92
7313.32
7310.08
7305.05
7298.22
7289.75
7279.99
7269.38
7258.47
7247.89
7238.15
7229.84
7222.83
7216.69
7211.47
7207.74
7201.42
7204.83
7208.77
7214.53
7223.29
7234.11
7246.44
7259.66
7273.1
7286.09
7297.97
7308.11
7316.07
7321.59
7324.72
7325.7
7324.96
7323.13
7320.68
7318.09
7315.72
7313.89
7312.78
7312.52
7313.13
7314.57
7316.75
7319.56
7322.88
7326.55
7330.42
7334.37
7338.23
7341.9
7345.24
7348.17
7350.61
7352.49
7353.76
7354.38
7354.32
7353.58
7352.16
7350.1
7347.42
7344.18
7340.45
7336.33
7331.93
7327.42
7322.94
7318.68
7314.8
7311.47
7308.85
7307.06
7306.2
7306.32
7307.39
7309.29
7311.79
7314.55
7317.18
7319.18
7320.05
7319.23
7316.26
7310.89
7303.1
7293.08
7281.27
7268.24
7254.65
7241.15
7228.36
7216.94
7207.6
7201.71
7197.71
7194.27
7185.42
7185.06
7183.01
7188.02
7202.4
7219.77
7237.45
7254.73
7271.68
7287.82
7302.36
7314.52
7323.69
7329.56
7332.17
7331.97
7329.6
7326.01
7321.84
7317.69
7314.04
7311.22
7309.47
7308.88
7309.46
7311.1
7313.68
7317.05
7321.03
7325.43
7330.08
7334.8
7339.41
7343.77
7347.74
7351.2
7354.07
7356.29
7357.8
7358.56
7358.54
7357.73
7356.14
7353.79
7350.72
7346.97
7342.61
7337.76
7332.55
7327.17
7321.82
7316.71
7312.07
7308.1
7305.01
7302.97
7302.15
7302.62
7304.39
7307.36
7311.25
7315.66
7320.09
7323.89
7326.42
7326.8
7324.37
7318.73
7309.78
7297.83
7283.42
7267.29
7250.22
7232.61
7214.17
7194.15
7178.2
7175.43
7177.64
7177.95
7163.7
7156.24
7148.64
7154.29
7174.89
7202.24
7227.26
7249.48
7270.68
7290.66
7308.5
7323.17
7333.81
7339.92
7341.6
7339.55
7334.83
7328.8
7322.35
7316.27
7311.04
7307.07
7304.6
7303.74
7304.38
7306.36
7309.52
7313.64
7318.5
7323.87
7329.51
7335.2
7340.75
7345.96
7350.67
7354.76
7358.15
7360.77
7362.56
7363.49
7363.52
7362.64
7360.86
7358.2
7354.67
7350.32
7345.22
7339.48
7333.26
7326.78
7320.3
7314.09
7308.43
7303.58
7299.81
7297.36
7296.48
7297.26
7299.81
7304.06
7309.69
7316.21
7323
7329.26
7334.24
7336.43
7334.95
7329.14
7318.84
7304.48
7286.87
7266.95
7245.63
7223.03
7194.82
7165.75
7144.85
7141.13
7148.92
7155.99
7138.07
7127.14
7121.43
7132.35
7157.81
7189.4
7218.77
7245.44
7271.09
7295.36
7317.07
7334.84
7347.3
7353.54
7353.64
7348.71
7340.59
7331.19
7321.8
7313.33
7306.25
7300.94
7297.76
7296.74
7297.6
7300.11
7304.09
7309.22
7315.23
7321.82
7328.7
7335.62
7342.31
7348.55
7354.16
7358.98
7362.97
7366.05
7368.16
7369.29
7369.4
7368.45
7366.46
7363.45
7359.41
7354.37
7348.42
7341.61
7334.15
7326.3
7318.39
7310.75
7303.75
7297.71
7292.97
7289.82
7288.77
7289.74
7293.1
7298.87
7306.64
7315.79
7325.67
7335.33
7343.71
7348.7
7348.86
7343.07
7331.13
7313.8
7292.41
7268.28
7242.47
7215.41
7184.66
7150.14
7124.04
7115.01
7120.36
7130.2
7108.55
7102.94
7103.78
7119.14
7147.22
7179.57
7211.48
7242.18
7272.27
7301.17
7327.74
7349.76
7364.78
7371.04
7368.53
7359.04
7345.81
7331.89
7318.98
7307.94
7298.9
7292.11
7288.26
7287.41
7288.79
7292.21
7297.31
7303.75
7311.18
7319.28
7327.69
7336.1
7344.18
7351.67
7358.34
7364
7368.67
7372.27
7374.77
7376.13
7376.33
7375.32
7373.12
7369.72
7365.11
7359.28
7352.42
7344.32
7335.32
7325.74
7316
7306.57
7297.89
7290.37
7284.4
7280.34
7278.66
7279.42
7283.51
7291.04
7301.26
7313.44
7327.03
7341.01
7354.68
7363.83
7366.63
7361.08
7346.88
7325.48
7299.35
7270.65
7240.32
7209.29
7176.31
7142.22
7113.35
7097.45
7095.71
7100.08
7070.84
7073.27
7083.22
7103.66
7133.48
7166.96
7201.88
7238.11
7275.01
7309.82
7343.42
7372.07
7390.9
7396.59
7389.22
7371.4
7350.2
7329.4
7311.76
7297.89
7287.04
7278.85
7274.64
7274.89
7277.36
7281.76
7288.22
7296.31
7305.55
7315.55
7325.92
7336.25
7346.15
7355.24
7363.21
7369.91
7375.39
7379.61
7382.54
7384.17
7384.48
7383.44
7381.02
7377.19
7371.9
7365.08
7357.47
7347.65
7336.64
7324.76
7312.57
7300.72
7289.78
7280.31
7272.83
7267.91
7265.05
7264.65
7269.14
7278.59
7291.53
7307.27
7325.87
7346.57
7367.22
7384.13
7391.95
7387.55
7370.13
7342.37
7309.35
7275.15
7237.62
7200.38
7164.19
7129.16
7097.99
7076.47
7064.62
7061.03
6849.63
6769.87
6861.41
6990.41
7102.5
7153.22
7194.66
7236.21
7276.85
7323.65
7369.97
7409.93
7434.8
7438.54
7421.11
7388.54
7351.84
7319.1
7294.01
7276.6
7264.9
7256.34
7252.86
7256.58
7258.74
7264.27
7273.08
7283.91
7296.01
7308.97
7322.28
7335.44
7347.88
7359.12
7368.85
7376.75
7383.24
7388.16
7391.58
7393.52
7393.98
7392.94
7390.34
7386.13
7380.21
7372.52
7363.06
7351.43
7337.86
7322.81
7306.99
7291.3
7276.58
7263.63
7253.34
7247.03
7245.12
7241.56
7245.59
7256.24
7271.25
7291.5
7317.91
7349.79
7384.25
7415.01
7432.94
7431.62
7409.12
7369.86
7323.45
7277.13
7236.37
7194.37
7152.34
7103.78
6980.5
6825.37
6704.59
6775.74
2514.13
2311.37
2567.21
3098.5
3942.91
4780.61
5405.29
5908.43
6386.98
6982.4
7357.71
7475.33
7504.07
7467.08
7285.47
6961.04
6552.06
6171.1
5873.71
5734.18
5840.69
5945.88
5965.92
5969.62
6014.63
6131.18
6295.82
6468.26
6636.94
6801.24
6949.57
7071.9
7165.76
7233.4
7279.34
7310.22
7331.4
7345.46
7354.39
7359.28
7361.09
7359.95
7354.82
7344.89
7328.31
7302.85
7263.9
7204.1
7114.01
6986.04
6816.15
6612.78
6393.85
6177.76
5979.96
5833.28
5763.4
5772.11
5815.51
5794.06
5741.53
5908.28
6247.58
6636.72
7012.07
7306.52
7468.64
7501.13
7476.8
7370.68
7038.25
6481.76
5973.59
5448.69
4822.61
4008.72
3076.2
2464.79
2152.45
2259.47
2.10865
2.46263
2.39889
2.26994
2.06106
114.369
533.096
1105.67
1759.65
2660.82
3971.53
5391.49
6051.49
5816.37
4619.71
3020.9
1902.34
1222.04
907.037
734.147
581.176
452.923
395.585
479.84
592.029
742.514
931.274
1145.96
1388.95
1668.96
1973.47
2281.17
2571.68
2827.74
3036.68
3200.14
3323.31
3414.07
3477.45
3515.65
3527.94
3514.72
3473.18
3403.55
3299.72
3153.32
2955.55
2698.48
2388.7
2044.39
1690.59
1358.2
1070.87
832.182
638.859
490.248
388.958
309.035
352.262
479.433
679
923.497
1290.59
1958.58
3029.54
4429.36
5672.17
6052.92
5573.29
4164.07
2749.09
1771.19
1110.74
559.662
141.132
1.94877
2.19842
2.33035
2.36787
2.00951
2.09203
2.18707
2.07489
1.85305
1.58628
1.32036
1.22633
1.16318
1.119
1.20043
36.2085
276.487
748.403
863.946
496.244
76.3444
24.7731
12.9913
7.26846
4.70682
3.44682
2.96674
2.35618
0.908991
0.626617
0.470009
0.474391
0.550171
0.620644
0.648141
0.637126
0.614446
0.595726
0.581934
0.569183
0.555086
0.538826
0.52468
0.516691
0.515816
0.518911
0.521353
0.524672
0.536227
0.552455
0.568973
0.587755
0.610799
0.638723
0.672972
0.711924
0.741544
0.73746
0.705641
0.682846
0.722361
0.950665
1.18533
2.37507
2.90205
3.13989
5.03839
9.94937
19.9453
55.7964
398.326
800.34
797.569
346.957
56.2383
1.0169
0.865636
0.930616
1.01314
1.06647
1.41004
1.74077
1.98389
2.07896
1.96971
1.90134
1.88234
1.74322
1.86216
1.77251
1.52586
2.38272
2.31367
1.29362
1.15913
1.14267
1.17332
2.59325
6.24924
8.27298
6.89296
4.04249
2.29324
1.8613
1.92408
1.53563
1.36541
2.21572
1.13569
0.501892
0.491319
0.558467
0.623298
0.668887
0.686984
0.675607
0.655476
0.641218
0.630842
0.618374
0.602199
0.584682
0.569519
0.559184
0.554111
0.554644
0.559455
0.568264
0.582232
0.600255
0.620505
0.642314
0.663808
0.685091
0.709244
0.738213
0.759929
0.758965
0.740355
0.706381
0.666944
0.888506
1.57177
0.913891
0.773239
0.571012
0.75415
1.44754
2.7325
4.94626
6.35974
5.12005
1.73413
1.57772
1.41828
1.35686
1.35636
1.15529
0.731791
0.813351
1.10434
1.36425
1.62018
1.77844
1.79795
1.71849
1.59831
2.05633
2.9312
2.71286
2.53904
2.43914
2.25163
1.12549
1.14236
1.04982
1.0771
1.2127
1.56893
2.00536
2.37112
2.04252
1.74826
1.57567
1.97759
1.33544
1.09796
1.03709
1.00998
0.745445
0.646005
0.647082
0.654784
0.667224
0.676366
0.666869
0.647382
0.633634
0.623427
0.612019
0.598966
0.586425
0.575455
0.56734
0.564107
0.566879
0.572902
0.583228
0.597051
0.611947
0.626555
0.642285
0.658965
0.676695
0.698599
0.72496
0.746319
0.756467
0.762884
0.76958
0.800097
0.9193
0.875354
0.580437
0.418339
0.323345
0.386961
0.749449
1.22243
1.64799
1.74857
1.26123
0.962175
1.54694
3.81708
1.21826
0.880237
1.47899
1.70197
1.16985
0.764148
1.02534
1.28992
1.50138
1.634
1.57291
1.9897
3.00586
2.75428
2.58683
2.18407
0.961169
1.13617
1.23539
1.16347
1.05094
1.11763
1.19454
1.32054
1.50063
1.99811
2.02297
1.87595
1.71636
2.45487
2.23287
1.07935
0.698786
0.674234
0.672606
0.660096
0.659737
0.67096
0.681327
0.677547
0.667389
0.649565
0.635777
0.624052
0.611163
0.597386
0.58432
0.573528
0.567187
0.565776
0.569434
0.579141
0.591323
0.60403
0.616782
0.630139
0.645375
0.662262
0.680428
0.701198
0.724289
0.745176
0.75959
0.768269
0.775678
0.782579
0.769066
0.692152
0.573337
0.456861
0.445552
0.514942
0.7671
1.11007
1.41711
1.37738
1.01989
0.939299
1.14574
5.36056
5.28906
0.810303
0.643243
1.63935
1.36026
0.718164
0.949811
1.15091
1.34379
1.49693
1.55884
2.59973
3.01438
2.77909
1.46077
0.794154
0.766631
0.79331
0.964426
0.985978
1.09913
1.21155
1.31807
1.42719
1.55393
2.17473
2.39814
2.27973
2.13262
2.19607
2.24049
1.83632
0.777114
0.603699
0.615277
0.636236
0.651197
0.658025
0.656649
0.649765
0.639852
0.633336
0.623378
0.613306
0.601527
0.589379
0.57868
0.571023
0.566862
0.56707
0.571968
0.581451
0.593356
0.60335
0.612987
0.624694
0.639153
0.655851
0.674176
0.693953
0.714185
0.733492
0.751968
0.766972
0.775258
0.773728
0.75443
0.698895
0.599194
0.495666
0.71072
1.46702
1.52744
1.57474
1.44225
1.40945
1.06579
1.03189
0.980979
1.06529
4.79988
4.83529
4.77888
2.74259
3.6172
3.64896
1.66464
1.12979
1.32016
1.44192
1.6549
2.65131
3.17209
1.58298
1.01001
0.903632
0.846697
0.868846
1.00427
1.37215
1.94422
2.08627
2.22366
2.28136
1.81735
1.78428
1.77928
1.60329
1.20521
0.891207
0.787859
0.796488
0.74205
0.597
0.583547
0.608752
0.623527
0.628485
0.628626
0.626605
0.622002
0.615495
0.607315
0.596862
0.586419
0.576476
0.568081
0.562059
0.559068
0.559921
0.564988
0.573959
0.584512
0.593647
0.602557
0.614113
0.628621
0.64563
0.664706
0.684904
0.706109
0.726499
0.74599
0.763336
0.775777
0.777582
0.75916
0.706761
0.614199
0.578258
1.39317
1.52017
1.56384
1.61084
1.45824
1.48846
1.52173
1.50247
1.11241
0.888187
0.711936
2.69298
5.54337
5.52724
5.64255
5.86639
2.56936
1.18145
1.35346
1.45561
1.77983
1.98072
2.83995
1.32223
1.12328
0.978568
1.75253
2.71161
2.76233
2.8508
1.53246
1.21734
1.29898
1.37039
1.43547
1.44022
1.36372
1.22966
1.07318
0.908247
0.75794
0.629597
0.568159
0.550607
0.55655
0.573381
0.584911
0.590372
0.592405
0.591932
0.589178
0.584833
0.579227
0.57226
0.564838
0.557804
0.552015
0.548162
0.546762
0.548234
0.552786
0.560334
0.569361
0.577761
0.58686
0.598684
0.613119
0.629871
0.648482
0.669171
0.691045
0.713876
0.737119
0.758978
0.776949
0.786074
0.776382
0.732938
0.646904
0.572307
1.06759
1.44601
1.06226
0.734646
0.654371
0.687171
0.729046
1.01655
1.14029
1.0696
0.728497
0.637711
0.99341
0.879222
2.36043
4.08154
2.08952
1.23024
1.36967
1.45826
1.85366
1.71542
2.4023
2.70845
2.56542
3.88149
3.14494
1.00166
0.950174
1.03898
1.19529
1.55371
2.51405
2.36628
1.42144
1.45856
1.72373
1.38942
1.08503
0.917068
0.88198
0.705455
0.542057
0.522865
0.526365
0.534218
0.540942
0.545652
0.548535
0.550002
0.550345
0.549439
0.547034
0.543314
0.539009
0.534869
0.531584
0.529784
0.52996
0.532135
0.536292
0.542415
0.550153
0.557917
0.56741
0.57961
0.594125
0.610915
0.62986
0.650987
0.674076
0.699147
0.726046
0.75354
0.779128
0.798342
0.802171
0.775591
0.706153
0.609805
0.560987
0.679042
0.564437
0.599539
0.640374
0.669589
0.681275
0.669894
0.651039
0.644272
0.576648
0.515378
0.5032
0.573714
0.796713
1.83299
2.09967
1.57524
1.34952
1.4242
1.83122
1.74557
4.00508
4.82245
4.53666
4.16489
1.15697
0.715601
0.632032
0.652501
0.810347
3.49851
4.99282
2.67097
1.96683
2.66311
3.20008
3.2821
2.21739
1.17631
0.847402
0.66158
0.532473
0.507491
0.497523
0.493417
0.493969
0.497258
0.501307
0.505295
0.508711
0.510917
0.51161
0.511015
0.50967
0.508172
0.507117
0.507152
0.508821
0.51161
0.515607
0.520861
0.527662
0.535156
0.545078
0.55754
0.572171
0.589061
0.608318
0.630207
0.654976
0.682919
0.714165
0.748129
0.782936
0.81462
0.835017
0.830062
0.785155
0.697639
0.596674
0.566992
0.542822
0.559266
0.617772
0.62832
0.611671
0.58885
0.562576
0.534435
0.511415
0.501607
0.526479
0.614242
0.767726
1.60395
2.18245
2.33236
1.422
1.36838
1.71975
1.94572
5.10789
4.85556
4.56192
4.17132
2.45412
0.318548
0.158174
0.222667
2.79365
5.30216
5.17218
2.07722
2.02213
2.89476
3.14428
3.3108
3.325
2.9887
1.06775
0.621168
0.539442
0.497723
0.468508
0.449835
0.443715
0.445907
0.451422
0.457942
0.46432
0.46965
0.473484
0.475891
0.477269
0.47813
0.479023
0.480709
0.4836
0.487114
0.4912
0.496138
0.502409
0.510182
0.520144
0.532723
0.547431
0.564423
0.584028
0.606771
0.633295
0.664365
0.700614
0.742114
0.787811
0.834516
0.874603
0.893195
0.875447
0.802335
0.698867
0.598292
0.538117
0.54816
0.876124
0.844439
0.504234
0.431333
0.391197
0.360596
0.40923
0.422147
0.440025
0.563332
0.739785
1.46353
2.18894
2.00209
1.26431
1.2978
1.51171
2.5018
5.02005
4.78387
4.46201
3.9797
1.64238
-0.137524
0.672602
4.50299
4.50324
4.76446
5.31922
4.16806
2.03467
1.49535
1.51026
2.27022
3.32027
3.52881
3.60311
0.7032
0.552687
0.485773
0.431709
0.397659
0.386439
0.389273
0.397317
0.407041
0.416931
0.425762
0.432878
0.43825
0.442219
0.445232
0.447848
0.45093
0.455029
0.459378
0.463777
0.46869
0.475554
0.483545
0.492619
0.505052
0.51964
0.53653
0.556276
0.579685
0.607763
0.641809
0.683166
0.732784
0.79081
0.855348
0.91927
0.962647
0.964969
0.890331
0.764667
0.637651
0.542769
0.871878
0.898801
0.779604
0.398515
0.242924
0.17634
0.270942
0.776734
0.929976
0.520817
0.371033
0.598931
1.20178
2.12483
1.9405
1.17404
1.19604
1.20403
1.58289
4.75702
4.62195
4.2575
3.27622
0.620049
-0.0636301
3.05162
3.78679
3.83885
4.20125
4.70844
5.45437
6.25307
2.35953
1.23311
1.22028
1.61741
2.75287
3.73915
3.54722
0.947869
0.451683
0.371685
0.325865
0.315809
0.323779
0.336995
0.351598
0.36612
0.379131
0.389897
0.398403
0.404985
0.410036
0.414185
0.418401
0.423679
0.429182
0.434048
0.441771
0.448679
0.45333
0.462276
0.474263
0.488339
0.504655
0.523977
0.547378
0.576269
0.612516
0.658283
0.715739
0.786949
0.872226
0.96149
1.02771
1.03442
0.939522
0.779794
0.623807
0.91895
0.980833
0.820002
0.448734
0.199998
0.213678
0.251306
3.8633
5.13951
5.17192
3.89561
0.230008
0.316855
0.817547
1.93415
1.80143
1.02853
1.04174
0.890273
0.784597
1.54754
4.43129
4.0309
2.24453
0.177677
-0.0220445
3.41093
3.19019
3.07541
0.732244
3.66112
4.99572
5.79638
6.45437
0.922905
0.828769
0.856716
0.916154
2.7505
5.39578
5.0243
0.77673
0.269928
0.219916
0.224119
0.245902
0.268702
0.290806
0.311631
0.32983
0.34484
0.356816
0.366149
0.373195
0.378702
0.383784
0.39028
0.404713
0.413757
0.413208
0.415893
0.419746
0.428988
0.440113
0.453052
0.468017
0.485949
0.50814
0.536394
0.573091
0.621018
0.68371
0.766121
0.87108
0.987767
1.07678
1.11406
0.953936
0.740463
0.918898
1.05298
0.922553
0.514127
0.207861
-0.0281001
1.85537
4.95826
4.74553
4.59815
4.58861
4.76371
1.9643
-0.0246118
0.4187
1.07088
1.14543
0.834259
0.822299
0.646737
0.716022
3.85614
3.73336
3.76164
0.621519
-0.195842
-0.880386
1.53967
2.73961
-0.484099
-1.49374
-1.08853
3.71792
5.35062
6.16076
1.45604
1.18417
0.461809
0.611022
0.693
5.31585
6.12635
3.83055
0.17913
0.0699738
0.105099
0.153263
0.191633
0.224581
0.253778
0.278349
0.298285
0.31413
0.326426
0.335492
0.342231
0.347966
0.355513
0.383509
0.479443
0.375568
0.378905
0.384649
0.39295
0.402611
0.413541
0.426045
0.441155
0.460269
0.48546
0.519371
0.564914
0.626948
0.715101
0.836235
0.982713
2.51708
5.616
5.19798
3.3263
1.46226
0.954326
0.487258
0.290456
0.0586205
-0.289102
3.37274
4.15421
4.00919
3.9284
3.96726
4.16391
4.5803
0.0964259
-0.142734
0.19924
0.403083
0.535179
0.550488
0.759299
1.88859
5.97028
2.84125
2.51959
0.347963
-0.36637
-1.08713
-1.63638
1.90023
-1.92565
-1.90823
-1.56498
-0.82818
4.65004
5.73783
5.71683
2.8271
-0.0324703
0.241338
0.39906
4.07348
6.08514
6.15875
1.18976
-0.127216
-0.0412993
0.0466238
0.106836
0.154171
0.193731
0.225705
0.251126
0.271165
0.286635
0.297843
0.305864
0.312308
0.320789
0.351605
0.45598
0.339254
0.343192
0.348019
0.354629
0.361985
0.369811
0.37847
0.388934
0.402501
0.421193
0.447395
0.483151
0.53435
0.619107
0.762184
3.30429
10.1249
10.0691
9.83805
5.79507
0.440632
0.26176
0.149321
0.00992767
-0.165889
0.149324
3.43663
3.15077
-0.411479
1.62725
3.38174
3.65205
4.09845
0.160178
-0.651888
-0.207
0.051737
0.189756
0.258215
0.881969
2.58988
5.93237
4.80516
0.874001
0.285544
-0.379808
-1.05569
-1.05042
-1.68678
-2.00768
-2.0762
-1.76847
2.65776
5.04717
5.993
6.22182
1.92757
-0.720376
0.148257
3.09373
5.76995
5.84084
5.92376
2.95684
-0.348107
-0.203021
-0.0675811
0.0182377
0.0826105
0.133722
0.173548
0.204609
0.228875
0.247618
0.261238
0.270834
0.278892
0.287975
0.307296
0.425696
0.310614
0.307237
0.310533
0.314629
0.318691
0.322245
0.325565
0.329309
0.334417
0.342412
0.354498
0.370197
0.396362
0.476268
2.26415
10.4533
10.482
10.2005
7.60953
1.29098
0.113062
0.0657864
0.464497
0.382475
0.99536
4.85919
1.21569
-1.25456
-1.69275
-1.79575
1.76248
3.28509
2.01449
-1.10796
-1.0386
-0.556096
-0.258518
-0.0912769
-0.00612944
1.63773
1.92516
6.00895
5.98138
1.45949
0.319906
-0.29154
-0.890028
3.69431
-0.997412
-1.87037
-1.96567
-1.63429
5.08073
5.83956
6.34393
5.10343
-0.675329
-1.1687
-0.707761
5.34381
5.45243
5.53309
5.66287
4.14634
-0.475291
-0.357376
-0.177879
-0.0672907
0.014621
0.0769616
0.12414
0.160323
0.1883
0.210046
0.226222
0.238122
0.248359
0.258061
0.265352
0.395469
0.384518
0.271139
0.27268
0.273504
0.273402
0.271673
0.268311
0.263361
0.257037
0.249816
0.240742
0.224582
0.213009
0.55231
7.52651
10.586
10.4666
5.93559
-0.123964
-0.111363
-0.0752013
-0.121086
0.823591
1.9064
5.33316
4.80297
0.102537
-1.79274
-2.15296
-2.16525
-1.84066
-1.76101
-2.35784
-1.90156
-1.26745
-0.797245
-0.489361
-0.305159
-0.203069
2.42173
1.54794
2.73777
6.2906
1.79379
0.433517
-0.135091
-0.685108
5.65773
5.84871
2.29103
-0.339374
0.212363
5.80812
6.3245
6.73806
-0.834252
-1.40047
-1.44018
-1.5253
1.79517
5.16266
5.25765
5.43219
5.01303
-0.625762
-0.471334
-0.271784
-0.141092
-0.0443668
0.0272685
0.0801683
0.120095
0.150682
0.1745
0.192628
0.222332
0.337929
0.389402
0.346578
0.345629
0.341565
0.235384
0.234696
0.231923
0.227182
0.219541
0.208537
0.1934
0.173259
0.146938
0.110352
0.0523863
-0.00791151
1.63959
11.0625
10.8045
7.87682
-0.298214
-0.297375
-0.288645
-0.312928
-0.436335
-0.228925
1.16459
5.40675
4.84895
2.27839
-2.09459
-2.37184
-2.31054
-2.01215
0.766363
-1.39753
-1.85199
-1.29988
-0.879552
-0.617558
-0.437161
-0.303842
2.31546
1.19205
3.64453
6.59396
5.3674
0.623356
0.0867092
2.55808
6.76792
6.35866
6.07747
6.02093
6.31572
6.69273
7.05864
3.54131
-1.38968
-1.40052
-1.51194
-1.692
-0.56132
5.01985
5.09695
5.31156
3.36466
-0.926646
-0.554006
-0.331836
-0.186633
-0.0845664
-0.0105852
0.0444007
0.0858847
0.11753
0.142102
0.160913
0.232683
0.370756
0.381057
0.386206
0.29387
0.215226
0.200717
0.197404
0.191118
0.181673
0.167979
0.148974
0.122993
0.087903
0.0403763
-0.0271962
-0.131941
-0.255951
3.45581
11.1604
11.0884
2.10225
-0.467537
-0.475569
-0.469744
-0.511023
-0.638383
-0.869842
-1.0715
3.08369
5.11775
3.58391
-2.03246
-2.31627
-2.21828
-1.89157
5.03481
5.31324
3.01378
0.593393
-0.912666
-0.649136
-0.469105
-0.316029
1.40898
0.793574
6.94641
6.83406
6.65338
1.38799
0.373423
5.00409
7.27227
6.87912
6.63783
6.69917
6.92825
7.23914
7.65488
0.450929
-1.13184
-1.1705
-1.3616
-1.61741
-0.128127
5.07963
5.14935
5.37984
-0.667801
-0.900951
-0.558287
-0.347881
-0.206644
-0.107719
-0.0355826
0.0183433
0.0592446
0.0905239
0.114732
0.133238
0.184271
0.309952
0.354943
0.359711
0.302529
0.170334
0.168381
0.162325
0.152801
0.138908
0.119516
0.0929143
0.056578
0.00715751
-0.0608732
-0.15831
-0.306486
-0.498544
3.88657
11.176
11.2242
3.94093
-0.631044
-0.640939
-0.624329
-0.653174
-0.762456
-0.960944
-1.2509
0.251967
5.62214
3.73351
-1.69792
1.22676
3.26146
3.88108
5.42587
6.06754
6.4828
4.47413
-0.871012
-0.615494
-0.422799
-0.246133
-0.17131
-0.196853
5.68283
7.09974
6.89707
5.29482
0.777144
0.72931
7.65378
7.55139
7.48225
4.15604
4.97514
7.99454
8.3333
0.587504
-0.722677
-0.798059
-1.01822
-1.31595
-0.373939
4.64542
5.22293
-0.272174
-1.15385
-0.758292
-0.494364
-0.321439
-0.2005
-0.112956
-0.0474464
0.00237495
0.0407381
0.0704323
0.0935013
0.11135
0.128295
0.14808
0.257609
0.337653
0.246134
0.143147
0.139382
0.130953
0.118559
0.100824
0.076575
0.0435962
-0.0013594
-0.0626527
-0.147449
-0.26898
-0.449318
-0.695803
3.84354
11.2048
11.3495
10.7152
-0.710345
-0.776325
-0.739443
-0.732569
-0.803969
-0.952183
-1.17517
0.956245
6.34405
5.78642
2.79821
5.08141
5.18049
5.47587
5.89517
6.46588
5.34247
1.03314
-0.765521
-0.132189
-0.306757
-0.127814
-0.193486
-0.0794637
-0.259734
6.66854
7.16543
6.97378
4.63405
1.95124
2.52602
5.29446
4.22451
4.15377
4.51705
8.31004
7.1954
0.265436
-0.3222
-0.403531
-0.589145
-0.83671
-1.08802
-1.27183
-0.990743
-1.0716
-0.804431
-0.560448
-0.390742
-0.267243
-0.174551
-0.103414
-0.0480436
-0.00463463
0.0296074
0.0566246
0.0778595
0.0944417
0.106548
0.114915
0.218993
0.320201
0.137505
0.120308
0.114453
0.104156
0.0894123
0.0688077
0.0409973
0.00363344
-0.0471859
-0.11642
-0.211957
-0.348571
-0.54629
-0.810655
1.70962
11.3855
11.431
11.5534
4.35731
-0.88808
-0.812702
-0.748899
-0.767871
-0.857207
-1.00614
1.79736
7.16462
6.70423
6.23613
5.94124
5.9451
6.18871
6.58524
7.05323
7.40589
2.35916
1.79636
0.133035
-0.14789
0.0272106
-0.338197
-0.331941
-0.355431
-0.198105
3.16965
7.08811
6.61449
6.08286
3.78965
4.22417
4.51766
5.58719
8.37759
8.71803
3.41053
-0.0151318
-0.0181432
-0.0970356
-0.233304
-0.411867
-0.590812
-0.70294
-0.698436
-0.615999
-0.494252
-0.378247
-0.283358
-0.204142
-0.138676
-0.0848121
-0.0407751
-0.00488045
0.0242724
0.0477912
0.066546
0.0813538
0.0926907
0.111902
0.239389
0.175805
0.104007
0.101062
0.0936582
0.0821318
0.0657995
0.0435563
0.0136816
-0.0253007
-0.0787991
-0.150987
-0.250445
-0.392053
-0.595198
-0.873503
0.0539901
10.3711
11.5404
11.6598
4.54133
-0.969919
-0.827093
-0.700621
-0.665711
-0.702977
-0.798292
0.0607219
7.79887
7.53265
7.00973
6.01098
6.6563
7.07177
7.32468
7.64285
8.00336
2.39048
1.00211
0.0205559
-0.0386769
0.279761
-0.344424
-0.345796
-0.365774
-0.432051
-0.531579
0.414463
2.11156
4.55276
7.77913
8.27275
8.61354
8.82802
9.02888
9.22931
3.19191
0.190923
0.160275
0.0851936
-0.0158173
-0.138099
-0.256398
-0.336017
-0.356702
-0.333768
-0.292587
-0.243942
-0.193815
-0.145592
-0.101558
-0.0627254
-0.0292294
-0.000777095
0.02305
0.0427131
0.0586095
0.0711859
0.0811478
0.14925
0.230066
0.0905909
0.089132
0.0849909
0.0768109
0.0646859
0.0477021
0.0253959
-0.004625
-0.0439928
-0.0963715
-0.166475
-0.262113
-0.397101
-0.590782
-0.857757
-0.875473
11.3879
11.6795
11.7695
-0.848487
-0.967888
-0.752642
-0.581932
-0.510565
-0.516013
-0.573228
-0.333831
6.51769
8.24699
7.97636
6.91705
7.52595
7.84528
7.93638
8.09871
2.4971
-0.475661
-0.238303
-0.0348148
0.126405
0.27129
-0.351527
-0.363888
-0.400087
-0.45605
-0.527175
-0.605612
-0.658418
-0.554203
2.16593
8.695
9.04765
9.28591
9.49742
7.96357
0.694653
0.274743
0.236948
0.171448
0.0941091
0.00583459
-0.0784529
-0.141459
-0.174317
-0.178779
-0.171397
-0.151973
-0.125756
-0.0969135
-0.0680905
-0.0409178
-0.0162119
0.00562993
0.0244798
0.0403762
0.0533751
0.0635429
0.0748866
0.193721
0.222315
0.0787874
0.0768443
0.0719937
0.0636051
0.0514918
0.035014
0.0131807
-0.0154021
-0.0524812
-0.100815
-0.16436
-0.249375
-0.367239
-0.53655
-0.777394
-1.09828
6.84544
11.9305
7.87292
-0.732248
-0.834533
-0.583706
-0.406275
-0.326833
-0.317853
-0.358462
-0.215636
6.02639
8.75592
8.6167
8.48582
8.37204
8.36796
7.89581
0.243071
-0.677762
-0.403843
-0.114113
0.0626597
0.141681
0.0339107
-0.359526
-0.382079
-0.424556
-0.47678
-0.537445
-0.60874
-0.65944
-0.642023
-0.528879
1.55972
9.21498
9.60459
9.32128
1.56154
0.303715
0.286535
0.252353
0.200614
0.141364
0.0759237
0.0132048
-0.0378189
-0.0728397
-0.0939505
-0.0949494
-0.0880962
-0.0750251
-0.0582872
-0.0398877
-0.0212977
-0.00350339
0.0128504
0.0273777
0.0398734
0.0501757
0.058066
0.0666164
0.180229
0.221864
0.075904
0.0670308
0.0618257
0.0536363
0.0421157
0.0265935
0.00639228
-0.0195538
-0.0525791
-0.0946222
-0.148418
-0.21811
-0.311203
-0.441533
-0.626385
-0.876527
-0.985435
0.954003
-1.02844
-0.843164
-0.575637
-0.357425
-0.216122
-0.151842
-0.141031
-0.169819
-0.211905
3.10841
9.18331
9.05197
8.91621
8.76447
6.39149
-0.535555
-0.781572
-0.574013
-0.299047
-0.0615821
0.0672348
0.0870486
0.0379827
-0.36337
-0.385822
-0.421525
-0.471883
-0.526926
-0.599058
-0.655451
-0.629489
-0.496066
-0.285797
2.27339
3.18993
2.44229
1.44163
0.270332
0.259712
0.235669
0.198754
0.154684
0.106356
0.059317
0.0189436
-0.0116706
-0.0320486
-0.0412525
-0.0422307
-0.0372435
-0.0283032
-0.0170046
-0.00461377
0.00791649
0.0198965
0.0308401
0.0404188
0.0483549
0.0542844
0.0583361
0.134858
0.217989
0.179139
0.0592604
0.0540293
0.0464246
0.0358405
0.0218429
0.00391518
-0.0186189
-0.0466323
-0.0812397
-0.123869
-0.176486
-0.242151
-0.326475
-0.435665
-0.566929
-0.703225
-0.757287
-0.67107
-0.48895
-0.297942
-0.151701
-0.0608669
-0.016919
-0.00543957
-0.0204025
-0.0575566
0.491045
8.16289
9.46077
9.25582
6.90213
-0.566319
-0.779055
-0.730582
-0.548176
-0.31511
-0.122595
-0.0121209
0.0225639
0.00958207
-0.356845
-0.372701
-0.369826
-0.415093
-0.484732
-0.547495
-0.603241
-0.579701
-0.453287
-0.256874
-0.0546765
1.76044
2.50621
0.829196
0.21717
0.21856
0.205348
0.181167
0.149963
0.115047
0.0801795
0.0489406
0.0237331
0.00556165
-0.00540553
-0.0100553
-0.00966126
-0.00558734
0.000961895
0.00895892
0.0175765
0.0261694
0.0342391
0.0414095
0.0473617
0.0516981
0.0540438
0.0821647
0.214705
0.215152
0.0720419
0.0480949
0.0414262
0.0320506
0.0198753
0.00451958
-0.0143361
-0.0371467
-0.0643336
-0.0962856
-0.133307
-0.175491
-0.222771
-0.274855
-0.325247
-0.365147
-0.379729
-0.328161
-0.222435
-0.108417
-0.0194492
0.0380647
0.0695395
0.0827996
0.0804048
0.0590193
0.0387785
2.61412
9.81757
8.0269
-0.0769
-0.616512
-0.699564
-0.600023
-0.429699
-0.273653
-0.218765
-0.107554
-0.0517956
-0.0405071
-0.338647
-0.347154
-0.333479
-0.360178
-0.39985
-0.46287
-0.494003
-0.472039
-0.376606
-0.203241
0.504164
0.843382
0.245736
0.142781
0.168101
0.176346
0.171517
0.157197
0.136442
0.112027
0.0867666
0.0632453
0.0433207
0.0280062
0.0175635
0.0117412
0.00986396
0.0110889
0.0145731
0.0195405
0.0253207
0.0313557
0.0371861
0.0424347
0.0467845
0.0498796
0.0513158
0.0538632
0.176742
0.211316
0.100753
0.043645
0.0380527
0.0300694
0.0197906
0.00701613
-0.00830716
-0.0263053
-0.0469521
-0.0700353
-0.0950495
-0.121057
-0.146443
-0.169474
-0.186553
-0.197866
-0.184517
-0.143961
-0.0781717
-0.0073488
0.0507958
0.091439
0.116688
0.130388
0.13381
0.123211
0.0973343
0.655744
1.4596
1.19546
-0.322037
-0.528911
-0.636243
-0.543456
-0.440344
-0.42627
-0.28637
-0.18249
-0.120674
-0.0960469
-0.311807
-0.318919
-0.324732
-0.310689
-0.328088
-0.353853
-0.384954
-0.351236
-0.190347
0.108535
0.289469
0.0160729
0.0618397
0.101977
0.126597
0.138157
0.139009
0.132096
0.119387
0.103093
0.0853965
0.0682342
0.0530581
0.0407668
0.0317302
0.0259863
0.0232045
0.0228893
0.0244811
0.0274219
0.0311948
0.0353431
0.0394719
0.0432325
0.046327
0.0484816
0.049336
0.0486425
0.0952795
0.208805
0.0749903
0.0402408
0.0357384
0.0292124
0.0207597
0.0103896
-0.00178683
-0.0156694
-0.0310049
-0.047341
-0.063958
-0.079828
-0.093493
-0.103415
-0.107246
-0.102156
-0.0831541
-0.0499053
-0.00497889
0.0428816
0.0843053
0.115374
0.136332
0.148658
0.152533
0.146191
0.148665
0.172105
0.0556754
-0.0745857
-0.235198
-0.437876
-0.591703
-0.603752
-0.547968
-0.424099
-0.314699
-0.224835
-0.167705
-0.141169
-0.282391
-0.286155
-0.294503
-0.283705
-0.27325
-0.291302
-0.30004
-0.256697
-0.139905
-0.0609668
-0.0710501
-0.0126342
0.0338409
0.0681279
0.0917762
0.10531
0.110287
0.108578
0.101803
0.0916732
0.0798503
0.0677981
0.0566643
0.0472302
0.0398831
0.0348158
0.0318983
0.0308607
0.0313493
0.0329784
0.0353653
0.0381512
0.0410127
0.0436474
0.0457801
0.0472175
0.0476783
0.0467889
0.0511258
0.153459
0.0457239
0.0394266
0.0350025
0.0290163
0.0221038
0.0138842
0.00438724
-0.00613476
-0.0173325
-0.0287006
-0.0395383
-0.0489436
-0.0557624
-0.0586536
-0.0558078
-0.0454436
-0.0267708
-9.11528e-05
0.0325681
0.0667203
0.0972227
0.121175
0.137897
0.147609
0.150039
0.143791
0.126937
0.095472
0.0393929
-0.047275
-0.179265
-0.340768
-0.472056
-0.509213
-0.464605
-0.384511
-0.305687
-0.234897
-0.188422
-0.168438
-0.253691
-0.255207
-0.258445
-0.262318
-0.263708
-0.258702
-0.241747
-0.212781
-0.168705
-0.119987
-0.0700053
-0.0248895
0.0130605
0.0426307
0.064481
0.0786074
0.0859976
0.087811
0.0852952
0.0797388
0.0723848
0.0643452
0.0565266
0.0495928
0.0439427
0.039797
0.0371541
0.0358894
0.0357926
0.0366075
0.0380612
0.0398819
0.0418123
0.0436029
0.045007
0.0463316
0.0502116
0.0510958
0.0454866
0.0443933
0.0413676
0.0514979
0.0486822
0.0298883
0.0233481
0.0170173
0.0097572
0.00192358
-0.00610455
-0.0138414
-0.0206713
-0.025846
-0.0284726
-0.0275829
-0.0222676
-0.0112635
0.00503387
0.0262193
0.0506924
0.075765
0.098398
0.11645
0.128987
0.135484
0.135499
0.128024
0.11092
0.0811874
0.0338546
-0.037628
-0.135846
-0.252667
-0.344856
-0.382369
-0.369153
-0.325362
-0.27324
-0.224231
-0.191565
-0.177759
-0.227006
-0.227226
-0.227363
-0.226637
-0.223386
-0.215181
-0.199606
-0.175604
-0.144835
-0.10646
-0.0680453
-0.0326
-0.00139108
0.024056
0.0436379
0.0574769
0.0660651
0.0701403
0.0705835
0.06833
0.0643066
0.0593595
0.0541967
0.0493513
0.0452566
0.0420812
0.0399079
0.0387027
0.0383518
0.0386927
0.0395378
0.0406877
0.0419405
0.0430961
0.0439449
0.0473528
0.0538287
0.052349
0.043889
0.0411859
0.0459529
0.0494753
0.0480941
0.0313202
0.0242788
0.0195725
0.0141623
0.00845776
0.00283317
-0.00227673
-0.00635972
-0.00883147
-0.0090511
-0.00637981
-0.000288439
0.00963347
0.0231594
0.0397579
0.0582056
0.0767022
0.0932779
0.106349
0.115106
0.118532
0.116202
0.107214
0.0901588
0.0634054
0.0235342
-0.0323217
-0.103517
-0.181186
-0.245669
-0.279135
-0.283314
-0.263624
-0.233555
-0.204103
-0.184118
-0.175123
-0.202633
-0.202197
-0.200798
-0.197711
-0.191986
-0.182326
-0.167605
-0.147458
-0.122603
-0.0938922
-0.064253
-0.0359108
-0.0108509
0.0106059
0.027944
0.0410213
0.0500466
0.0554686
0.0578808
0.0579504
0.0563597
0.0537553
0.0506871
0.0475741
0.0447744
0.0425091
0.0408736
0.0398821
0.0394841
0.0395821
0.0400511
0.0407493
0.0415208
0.0422057
0.0426387
0.0454393
0.0519833
0.0504874
0.0449095
0.0419242
0.052291
0.0487187
0.0471171
0.0310904
0.0249958
0.021585
0.0176573
0.0136091
0.00977844
0.00653234
0.00428033
0.00345685
0.0045017
0.00782197
0.0137091
0.0221937
0.033095
0.0459014
0.0596886
0.0732021
0.085084
0.0941518
0.099583
0.10052
0.0964513
0.0866516
0.0701685
0.0461306
0.0131333
-0.0295258
-0.0803998
-0.133612
-0.179272
-0.209219
-0.218129
-0.212102
-0.197866
-0.182637
-0.171528
-0.166082
-0.180668
-0.179883
-0.177748
-0.173693
-0.167185
-0.157545
-0.14425
-0.127205
-0.106903
-0.0842811
-0.060873
-0.0381345
-0.017297
0.000975346
0.0162571
0.0283645
0.037353
0.0434801
0.0471369
0.0487904
0.0489375
0.0480667
0.0466086
0.0448647
0.0431529
0.0416929
0.0405893
0.0398827
0.0395617
0.039573
0.039836
0.0402525
0.0407067
0.0410752
0.0412406
0.0415732
0.0465672
0.0492328
0.0417669
0.0456203
0.046926
0.0358862
0.0340526
0.0294179
0.0258705
0.0232672
0.0204309
0.0176113
0.0150745
0.0131113
0.0120352
0.0121582
0.013774
0.0171259
0.0223427
0.0293482
0.0379385
0.0476627
0.0578209
0.0675088
0.0757478
0.0816379
0.0844353
0.0834957
0.0782787
0.0682889
0.0529383
0.0317587
0.00439076
-0.0287494
-0.0661069
-0.104148
-0.137233
-0.160567
-0.171934
-0.173518
-0.16905
-0.16253
-0.156907
-0.153795
-0.161074
-0.160111
-0.157656
-0.153288
-0.146742
-0.137697
-0.125937
-0.111488
-0.0947413
-0.0764106
-0.0574473
-0.0388314
-0.0214141
-0.00578603
0.00766126
0.0187264
0.0273907
0.0337892
0.0381715
0.0408599
0.0422122
0.0425938
0.0423704
0.0416487
0.0408333
0.0400677
0.0394562
0.0390555
0.03888
0.0389071
0.0390883
0.0393582
0.0396375
0.0398419
0.0399028
0.0397336
0.039488
0.040924
0.0385078
0.04114
0.037038
0.0333961
0.030712
0.0287761
0.0269068
0.0247987
0.0226741
0.0206978
0.0190416
0.017918
0.0175531
0.0181618
0.0199322
0.0229965
0.0273894
0.0330034
0.0396232
0.0468691
0.054201
0.0609498
0.0663902
0.0698296
0.0706587
0.0683961
0.0625414
0.0527921
0.0388428
0.0205198
-0.00207061
-0.0282927
-0.056692
-0.0849279
-0.109958
-0.128537
-0.140171
-0.145408
-0.146013
-0.144202
-0.141845
-0.140263
-0.143674
-0.14264
-0.140114
-0.135796
-0.129577
-0.121336
-0.111024
-0.0987287
-0.0847602
-0.0696313
-0.0539911
-0.0385202
-0.0238329
-0.0104081
0.00141662
0.0114475
0.0196259
0.0260117
0.030758
0.0340824
0.0362344
0.037465
0.0379692
0.0382007
0.0381288
0.0379474
0.037771
0.0376673
0.0376678
0.0377722
0.0379566
0.0381815
0.0383986
0.038561
0.0386425
0.0386277
0.0385054
0.0384137
0.0386012
0.0387872
0.0373933
0.0348693
0.0321436
0.0299072
0.0279707
0.0261378
0.0244633
0.0230272
0.0219315
0.0213192
0.0213423
0.0221403
0.0238235
0.0264531
0.0300203
0.0343926
0.0393722
0.0446422
0.0497805
0.0542831
0.0576046
0.0592142
0.0586396
0.0554802
0.0494247
0.0401893
0.0277218
0.0120285
-0.00666885
-0.0276792
-0.0498517
-0.0716324
-0.09108
-0.106548
-0.117441
-0.123925
-0.126926
-0.127671
-0.127267
-0.12669
-0.128239
-0.127201
-0.124747
-0.120669
-0.114951
-0.107575
-0.0985741
-0.0880598
-0.0762839
-0.0636234
-0.0505433
-0.0375326
-0.0250456
-0.0134586
-0.0030526
0.00599515
0.0136087
0.0198031
0.0246676
0.0283453
0.031014
0.0328633
0.0340458
0.0348136
0.0352781
0.035559
0.0357498
0.0359162
0.0360979
0.0363104
0.0365484
0.0367931
0.03702
0.0372096
0.0373618
0.0374946
0.0376295
0.0378158
0.0380816
0.038127
0.0370276
0.0350869
0.0327441
0.0306119
0.0287677
0.0271512
0.0257774
0.0246815
0.0239248
0.0235976
0.0237948
0.0245993
0.0260686
0.0282194
0.0310128
0.0343183
0.0379581
0.0416698
0.0451195
0.0479222
0.0496662
0.0499484
0.048408
0.0447436
0.038711
0.0301411
0.019121
0.00580503
-0.00977878
-0.0268258
-0.044529
-0.0617746
-0.0773571
-0.0903003
-0.100116
-0.10683
-0.110889
-0.112951
-0.113661
-0.113713
-0.114542
-0.113539
-0.111238
-0.107492
-0.102337
-0.0958038
-0.0879629
-0.0789335
-0.0689214
-0.0582141
-0.0471544
-0.0361044
-0.0254073
-0.0153586
-0.00618714
0.00195046
0.00897236
0.0148684
0.0196858
0.0235158
0.0264874
0.0287682
0.030359
0.0315439
0.0324114
0.0330521
0.0335428
0.0339434
0.034296
0.0346257
0.0349407
0.0352373
0.0355071
0.0357468
0.0359646
0.0361791
0.0364026
0.0366216
0.0367656
0.0366334
0.0357619
0.0342807
0.0324716
0.0307004
0.0291079
0.027726
0.0265842
0.0257141
0.0251586
0.024973
0.0252124
0.0259203
0.0271199
0.0288008
0.0309102
0.0333198
0.0358797
0.0383734
0.0405359
0.0420688
0.0426605
0.042008
0.0398397
0.0359352
0.0301351
0.0223489
0.0126457
0.00118712
-0.0117892
-0.0257713
-0.0401217
-0.054065
-0.0668109
-0.0777176
-0.086419
-0.0928681
-0.0972553
-0.0999161
-0.101219
-0.10164
-0.102373
-0.10143
-0.0993183
-0.0959372
-0.091345
-0.0855939
-0.0787696
-0.0709876
-0.0624186
-0.0532868
-0.0438539
-0.034394
-0.0251705
-0.0164165
-0.00831831
-0.00101138
0.00542378
0.0109626
0.0156241
0.0194609
0.0225482
0.0249503
0.0269338
0.0284436
0.0296112
0.0305248
0.0312523
0.0318474
0.0323513
0.0327932
0.0331899
0.0335478
0.0338686
0.0341559
0.034418
0.0346632
0.0348872
0.0350555
0.0350869
0.0348571
0.03416
0.0330379
0.0316811
0.0302889
0.0289865
0.0278395
0.0268942
0.0261867
0.0257512
0.0256225
0.0258303
0.0263929
0.0273112
0.0285598
0.0300834
0.0317567
0.0334603
0.035012
0.0362024
0.0368006
0.0365696
0.0352831
0.0327405
0.0287836
0.0233111
0.0162889
0.00777847
-0.00205617
-0.0129611
-0.0245548
-0.0363575
-0.0478172
-0.058392
-0.0676354
-0.0752745
-0.0812281
-0.0855501
-0.088399
-0.0899712
-0.0905893
-0.0915424
-0.0906728
-0.0887643
-0.0857462
-0.081685
-0.0766413
-0.0707031
-0.0639759
-0.0566033
-0.0487643
-0.0406626
-0.0325107
-0.0245143
-0.0168582
-0.00969451
-0.00313934
0.0027317
0.0078866
0.0123271
0.0160829
0.0192059
0.0217629
0.023868
0.0255663
0.0269354
0.0280442
0.0289495
0.0296979
0.0303274
0.0308677
0.0313397
0.0317557
0.0321229
0.0324473
0.032735
0.0329866
0.0331886
0.0333066
0.0332822
0.0330315
0.0324705
0.0316235
0.0305948
0.0295122
0.028471
0.0275366
0.026759
0.0261748
0.0258119
0.0256935
0.0258343
0.0262369
0.0268878
0.0277522
0.0287611
0.0298662
0.0309026
0.0317358
0.0322029
0.0321255
0.0313235
0.0296288
0.0268959
0.0230139
0.0179217
0.0116169
0.00416493
-0.0042887
-0.0135197
-0.0232267
-0.0330491
-0.0425877
-0.0514552
-0.0593304
-0.0659987
-0.0713677
-0.0754246
-0.0782308
-0.079879
-0.0805842
-0.0818824
-0.081093
-0.0793857
-0.0767106
-0.0731355
-0.0687222
-0.0635534
-0.057723
-0.0513533
-0.0445892
-0.0375927
-0.0305309
-0.0235664
-0.016848
-0.0105007
-0.00462344
0.000714761
0.00547828
0.00965898
0.0132718
0.0163514
0.0189442
0.0211162
0.0229203
0.0244144
0.025653
0.0266832
0.0275449
0.0282716
0.0288914
0.0294259
0.0298903
0.0302945
0.0306452
0.0309459
0.031194
0.0313749
0.0314605
0.031414
0.0311848
0.0307368
0.0300894
0.0293045
0.0284652
0.0276408
0.0268868
0.0262486
0.0257588
0.0254407
0.0253094
0.0253712
0.0256197
0.0260347
0.0265805
0.0272024
0.0278253
0.0283389
0.0286292
0.0285665
0.0280123
0.0268298
0.0248944
0.022102
0.0183776
0.0136865
0.00804347
0.0015164
-0.00576918
-0.0136301
-0.0218252
-0.030079
-0.0380975
-0.0455949
-0.0523299
-0.0581303
-0.062904
-0.0666077
-0.0692497
-0.0708619
-0.0715854
-0.0732451
-0.0725358
-0.0710181
-0.0686584
-0.0655211
-0.0616642
-0.0571624
-0.0520992
-0.0465779
-0.0407175
-0.0346484
-0.0285045
-0.0224169
-0.0165063
-0.0108756
-0.00560946
-0.000769851
0.00360663
0.00750634
0.0109342
0.0139114
0.0164704
0.0186526
0.0205012
0.022061
0.0233759
0.0244855
0.0254235
0.0262193
0.0268977
0.0274793
0.0279799
0.0284105
0.0287778
0.029084
0.0293259
0.029492
0.0295623
0.0295141
0.0293229
0.0289696
0.0284719
0.0278703
0.027219
0.0265676
0.0259602
0.0254342
0.0250171
0.024727
0.0245734
0.0245572
0.0246681
0.0248832
0.0251672
0.0254717
0.0257267
0.0258438
0.0257331
0.0252919
0.0244128
0.0229923
0.0209384
0.0181777
0.0146607
0.0103713
0.00533272
-0.000390909
-0.00669099
-0.013418
-0.0203838
-0.0273751
-0.0341672
-0.0405434
-0.0463213
-0.0513567
-0.0555624
-0.0588834
-0.0613044
-0.0628201
-0.0635199
-0.0654989
-0.0648648
-0.063522
-0.0614469
-0.0586994
-0.0553309
-0.0514082
-0.0470047
-0.0422064
-0.0371124
-0.0318298
-0.0264674
-0.0211324
-0.0159229
-0.0109246
-0.00621008
-0.00183457
0.0021664
0.00577631
0.00899311
0.0118266
0.0143063
0.0164519
0.0182971
0.0198767
0.0212256
0.0223766
0.0233588
0.0241972
0.0249137
0.0255267
0.0260508
0.0264974
0.0268731
0.0271802
0.0274163
0.027574
0.0276408
0.0276025
0.0274561
0.0271797
0.0267966
0.0263333
0.0258261
0.0253102
0.0248189
0.0243817
0.0240203
0.0237482
0.0235707
0.023485
0.0234789
0.0235297
0.023604
0.0236577
0.023635
0.0234594
0.0230616
0.0223599
0.0212717
0.019719
0.0176345
0.0149669
0.0116851
0.00778542
0.0032943
-0.0017301
-0.00719505
-0.0129772
-0.0189302
-0.0248876
-0.0306744
-0.0361227
-0.0410888
-0.0454538
-0.0491383
-0.0520825
-0.0542604
-0.0556485
-0.0563023
-0.0585256
-0.0579615
-0.0567766
-0.0549559
-0.0525533
-0.0496134
-0.0461944
-0.0423596
-0.0381819
-0.0337444
-0.0291355
-0.0244453
-0.0197616
-0.0151651
-0.0107282
-0.00651309
-0.00256831
0.00107303
0.00439285
0.00738506
0.0100546
0.0124167
0.0144883
0.0162927
0.0178562
0.0192056
0.0203675
0.0213664
0.0222244
0.0229599
0.0235889
0.0241249
0.0245782
0.0249557
0.0252605
0.025492
0.025646
0.0257167
0.0256977
0.0255845
0.0253748
0.0250812
0.0247231
0.0243263
0.0239156
0.0235155
0.023148
0.0228295
0.0225696
0.0223706
0.0222272
0.0221262
0.0220466
0.0219579
0.0218207
0.0215851
0.0212074
0.0206132
0.0197422
0.0185323
0.0169254
0.0148724
0.0123382
0.00930491
0.00577599
0.00177857
-0.00263475
-0.0073864
-0.0123755
-0.0174845
-0.0225832
-0.027534
-0.0322054
-0.0364795
-0.0402596
-0.0434739
-0.0460641
-0.0479994
-0.0492483
-0.0498454
-0.0522212
-0.0517211
-0.0506788
-0.0490846
-0.0469865
-0.0444227
-0.041443
-0.0381011
-0.0344598
-0.030589
-0.0265626
-0.0224556
-0.0183402
-0.0142842
-0.010349
-0.00658745
-0.00304171
0.00025805
0.00329277
0.00605364
0.00854163
0.0107651
0.0127362
0.0144714
0.0159904
0.0173136
0.0184617
0.019455
0.0203124
0.02105
0.0216811
0.022218
0.0226702
0.0230443
0.0233445
0.0235718
0.023725
0.0238022
0.0238015
0.0237215
0.0235648
0.0233406
0.0230632
0.0227508
0.0224216
0.0220927
0.0217799
0.0214952
0.0212447
0.0210285
0.0208399
0.0206662
0.0204875
0.0202775
0.0200029
0.019624
0.0191009
0.0183775
0.0174065
0.0161405
0.0145362
0.0125581
0.0101829
0.00740161
0.0042217
0.000669799
-0.00320761
-0.00734526
-0.0116613
-0.0160601
-0.0204374
-0.0246855
-0.0286988
-0.0323812
-0.0356512
-0.0384462
-0.0407116
-0.0424165
-0.0435271
-0.0440637
-0.0464975
-0.046055
-0.045141
-0.0437488
-0.0419193
-0.0396856
-0.0370901
-0.0341781
-0.0310037
-0.0276262
-0.0241076
-0.0205103
-0.0168954
-0.0133198
-0.00983538
-0.00648678
-0.00331036
-0.000333641
0.00242424
0.0049529
0.00725027
0.00932052
0.0111721
0.0128169
0.0142691
0.0155441
0.016658
0.0176271
0.0184671
0.0191917
0.019813
0.0203411
0.020785
0.0211514
0.0214447
0.0216679
0.0218214
0.0219056
0.0219216
0.0218705
0.0217562
0.0215861
0.0213708
0.0211235
0.0208573
0.0205842
0.0203148
0.0200573
0.0198154
0.0195873
0.0193661
0.0191395
0.0188896
0.0185937
0.0182246
0.0177509
0.0171365
0.0163373
0.0153193
0.0140464
0.0124861
0.0106129
0.00841184
0.00587974
0.0030268
-0.000122224
-0.00352697
-0.00713244
-0.0108713
-0.0146657
-0.0184315
-0.0220826
-0.025534
-0.0287069
-0.031532
-0.0339562
-0.0359286
-0.0374206
-0.0383996
-0.0388764
-0.0412782
-0.0408887
-0.0400901
-0.0388772
-0.0372854
-0.0353416
-0.0330827
-0.030548
-0.0277831
-0.0248381
-0.0217654
-0.0186179
-0.0154472
-0.0123012
-0.0092235
-0.00625196
-0.00341787
-0.000746201
0.00174491
0.00404433
0.00614773
0.0080563
0.00977542
0.0113137
0.0126816
0.0138906
0.0149531
0.0158821
0.0166903
0.0173893
0.0179898
0.0185009
0.0189304
0.0192846
0.0195689
0.0197869
0.0199404
0.020031
0.0200612
0.0200338
0.0199531
0.0198254
0.0196584
0.0194614
0.0192441
0.0190148
0.0187805
0.0185461
0.0183133
0.0180794
0.0178371
0.017575
0.0172778
0.0169259
0.0164969
0.0159657
0.0153057
0.0144715
0.0134482
0.0122056
0.0107194
0.00897145
0.00695261
0.00466353
0.00211569
-0.000668172
-0.00365318
-0.00679336
-0.0100328
-0.013308
-0.0165503
-0.0196899
-0.0226575
-0.0253892
-0.0278261
-0.0299221
-0.0316327
-0.0329315
-0.0337883
-0.034209
-0.0364967
-0.0361567
-0.0354619
-0.0344083
-0.0330266
-0.0313386
-0.0293765
-0.0271745
-0.024771
-0.0222081
-0.0195304
-0.0167828
-0.0140089
-0.0112489
-0.00853998
-0.00591416
-0.00339839
-0.00101464
0.0012204
0.00329541
0.00520461
0.00694703
0.00852549
0.00994585
0.0112161
0.0123452
0.0133424
0.0142178
0.014982
0.0156447
0.0162153
0.0167018
0.0171112
0.0174494
0.0177218
0.0179324
0.0180842
0.0181795
0.0182211
0.0182125
0.0181582
0.0180635
0.0179341
0.0177763
0.0175973
0.0174032
0.0171981
0.0169844
0.0167622
0.0165282
0.0162752
0.0159934
0.0156692
0.0152861
0.0148249
0.0142642
0.0135768
0.012757
0.0117635
0.0105795
0.00918872
0.0075792
0.005746
0.00369202
0.00142875
-0.00102292
-0.00363301
-0.00636285
-0.00916629
-0.0119909
-0.0147807
-0.0174783
-0.0200271
-0.0223744
-0.0244712
-0.0262767
-0.0277541
-0.0288794
-0.0296244
-0.0299932
-0.032096
-0.0318008
-0.0311987
-0.0302865
-0.0290906
-0.02763
-0.0259318
-0.0240251
-0.0219426
-0.0197201
-0.0173952
-0.0150056
-0.0125883
-0.0101776
-0.00780482
-0.00549729
-0.00327818
-0.00116654
0.000822741
0.00267873
0.00439486
0.00596878
0.00740145
0.00869649
0.00985977
0.0108983
0.0118192
0.0126305
0.0133407
0.0139584
0.0144913
0.0149467
0.0153307
0.015649
0.0159065
0.0161072
0.0162547
0.0163519
0.0164017
0.0164072
0.0163731
0.016304
0.0162037
0.0160771
0.0159292
0.0157639
0.0155837
0.0153894
0.0151797
0.014951
0.0146973
0.0144092
0.0140754
0.0136818
0.013213
0.0126519
0.0119804
0.0111841
0.0102406
0.00913455
0.00785406
0.00639115
0.00474346
0.0029156
0.000918372
-0.00122961
-0.00350233
-0.00586746
-0.00828654
-0.0107163
-0.013111
-0.0154234
-0.0176068
-0.0196178
-0.0214154
-0.0229648
-0.0242345
-0.0252043
-0.0258479
-0.0261683
-0.0280231
-0.0277682
-0.0272488
-0.0264625
-0.0254327
-0.0241749
-0.0227125
-0.0210698
-0.019275
-0.0173582
-0.0153506
-0.0132842
-0.01119
-0.00909736
-0.0070328
-0.00501968
-0.00307799
-0.00122411
0.0005289
0.002171
0.00369588
0.00510015
0.00638358
0.00754829
0.00859821
0.00953866
0.0103754
0.0111147
0.0117634
0.0123289
0.012818
0.0132367
0.0135908
0.0138853
0.0141246
0.0143127
0.0144531
0.014549
0.0146032
0.0146188
0.0145996
0.0145498
0.0144725
0.0143711
0.0142486
0.0141076
0.0139495
0.0137739
0.0135791
0.0133616
0.0131155
0.0128328
0.0125038
0.012117
0.0116597
0.0111187
0.0104802
0.00973055
0.00885489
0.00784126
0.00668112
0.00536953
0.00390557
0.00229433
0.000546419
-0.00132208
-0.00328898
-0.00532695
-0.00740392
-0.00948443
-0.0115309
-0.0135044
-0.0153666
-0.0170815
-0.0186149
-0.019938
-0.021023
-0.0218531
-0.0224053
-0.0226812
-0.0242292
-0.0240103
-0.0235653
-0.0228922
-0.0220118
-0.0209366
-0.0196864
-0.0182822
-0.0167474
-0.0151072
-0.0133875
-0.011615
-0.00981603
-0.00801528
-0.00623531
-0.00449609
-0.0028149
-0.0012059
0.000319643
0.00175303
0.00308851
0.00432252
0.00545426
0.0064849
0.00741702
0.00825428
0.0090012
0.0096628
0.0102446
0.0107527
0.011193
0.0115707
0.011891
0.0121582
0.0123761
0.0125487
0.0126792
0.0127708
0.0128261
0.0128479
0.0128394
0.012804
0.0127446
0.0126636
0.0125625
0.0124429
0.012305
0.0121483
0.0119711
0.0117697
0.0115385
0.0112708
0.0109586
0.0105923
0.0101618
0.00965646
0.00906571
0.00837883
0.00758415
0.00667361
0.00564075
0.00448246
0.00319932
0.00179615
0.000282581
-0.00132719
-0.00301445
-0.00475626
-0.00652597
-0.00829456
-0.0100312
-0.0117039
-0.0132812
-0.0147333
-0.0160321
-0.0171535
-0.0180736
-0.0187781
-0.0192477
-0.0194827
-0.0206709
-0.0204842
-0.0201068
-0.0195363
-0.0187914
-0.0178821
-0.0168253
-0.0156383
-0.0143404
-0.0129526
-0.0114965
-0.00999415
-0.0084673
-0.00693672
-0.00542155
-0.00393898
-0.00250382
-0.00112834
0.00017796
0.00140787
0.00255628
0.00362013
0.00459855
0.00549232
0.00630317
0.00703348
0.00768647
0.00826619
0.00877706
0.00922396
0.00961186
0.00994519
0.0102284
0.0104654
0.0106595
0.0108138
0.0109319
0.0110163
0.0110699
0.0110948
0.0110935
0.0110689
0.0110237
0.0109592
0.0108765
0.0107759
0.0106575
0.0105206
0.0103632
0.0101818
0.00997161
0.00972691
0.00944089
0.00910601
0.00871402
0.00825653
0.00772525
0.00711146
0.00640878
0.00560901
0.00470786
0.0037036
0.00259749
0.00139426
0.000102304
-0.00126625
-0.00269562
-0.00416678
-0.00565788
-0.00714506
-0.00860313
-0.0100061
-0.0113283
-0.012545
-0.0136333
-0.0145734
-0.015345
-0.0159364
-0.0163307
-0.0165287
-0.0173101
-0.0171527
-0.0168372
-0.0163612
-0.0157407
-0.0149834
-0.014104
-0.0131164
-0.0120366
-0.0108815
-0.00966912
-0.00841728
-0.00714368
-0.00586552
-0.0045991
-0.00335899
-0.00215777
-0.00100586
8.87395e-05
0.00112017
0.00208446
0.0029792
0.00380373
0.00455879
0.00524568
0.00586598
0.00642185
0.00691639
0.00735315
0.00773586
0.00806849
0.00835483
0.00859854
0.00880301
0.00897106
0.00910533
0.00920878
0.00928402
0.00933338
0.00935872
0.009362
0.0093458
0.0093118
0.00926102
0.00919414
0.0091112
0.00901206
0.0088956
0.00875976
0.0086016
0.00841733
0.00820184
0.00794955
0.00765449
0.00731015
0.00690996
0.00644755
0.00591667
0.00531198
0.00462774
0.00386084
0.00301031
0.00207755
0.00106691
-1.44691e-05
-0.00115639
-0.00234582
-0.00356718
-0.00480276
-0.0060332
-0.00723805
-0.00839641
-0.00948739
-0.010491
-0.0113885
-0.0121641
-0.0128003
-0.0132891
-0.0136147
-0.0137794
-0.014113
-0.0139829
-0.0137251
-0.0133365
-0.0128314
-0.0122151
-0.0115
-0.0106973
-0.00982007
-0.00888189
-0.00789689
-0.00687946
-0.00584394
-0.00480435
-0.00377395
-0.00276493
-0.0017878
-0.000851154
3.83694e-05
0.000876218
0.00165963
0.002387
0.00305809
0.00367375
0.00423501
0.00474295
0.00519917
0.00560592
0.00596596
0.00628207
0.00655714
0.00679428
0.00699648
0.0071664
0.00730651
0.00741915
0.00750656
0.00757089
0.00761411
0.00763782
0.00764382
0.00763386
0.00760894
0.0075699
0.00751719
0.00745099
0.00737081
0.00727527
0.0071625
0.00703031
0.00687558
0.00669405
0.00648127
0.00623248
0.0059427
0.0056069
0.0052203
0.0047784
0.00427684
0.00371177
0.00308075
0.00238319
0.00162038
0.000796029
-8.39378e-05
-0.0010112
-0.00197522
-0.00296344
-0.00396184
-0.00495505
-0.00592674
-0.00686032
-0.00773913
-0.00854726
-0.00926991
-0.00989465
-0.0104066
-0.0108013
-0.0110632
-0.0111974
-0.011051
-0.010945
-0.0107427
-0.0104355
-0.0100383
-0.00955401
-0.00899281
-0.00836346
-0.00767626
-0.00694189
-0.00617132
-0.00537579
-0.00456655
-0.00375454
-0.00295028
-0.00216358
-0.00140294
-0.000675148
1.46894e-05
0.000663162
0.00126899
0.00183124
0.00235011
0.00282668
0.00326178
0.00365616
0.0040111
0.00432823
0.00460953
0.00485709
0.00507279
0.00525889
0.00541776
0.00555145
0.00566199
0.00575142
0.00582129
0.00587324
0.00590881
0.00592921
0.00593615
0.00593057
0.00591324
0.00588475
0.00584528
0.00579502
0.00573345
0.00565932
0.00557104
0.0054669
0.00534435
0.00520023
0.00503111
0.00483334
0.00460319
0.00433696
0.0040312
0.00368277
0.00328846
0.00284498
0.00235075
0.00180531
0.00120961
0.000566497
-0.000119343
-0.000841448
-0.00159133
-0.0023594
-0.00313477
-0.00390595
-0.00465996
-0.00538405
-0.00606541
-0.00669207
-0.00725224
-0.00773688
-0.00813371
-0.00844289
-0.0086431
-0.00874976
-0.00809905
-0.00801316
-0.0078656
-0.00763489
-0.00734034
-0.00698107
-0.00656569
-0.0061007
-0.00559383
-0.00505308
-0.00448681
-0.00390338
-0.00331115
-0.00271826
-0.00213264
-0.00156156
-0.00101154
-0.000487509
7.06656e-06
0.000469203
0.000900102
0.00129951
0.00166795
0.00200657
0.00231602
0.00259689
0.00285007
0.00307666
0.00327789
0.00345531
0.00361014
0.00374368
0.00385777
0.00395397
0.00403366
0.00409825
0.00414904
0.00418721
0.00421385
0.00422962
0.00423572
0.00423306
0.00422214
0.00420324
0.00417626
0.00414137
0.00409824
0.0040458
0.0039829
0.00390819
0.00381973
0.00371545
0.00359289
0.0034494
0.0032824
0.00308936
0.002868
0.0026163
0.00233244
0.00201208
0.00165533
0.00126123
0.000830261
0.000364356
-0.000132983
-0.000656957
-0.00120131
-0.00175895
-0.00232166
-0.0028826
-0.00343039
-0.0039565
-0.00445139
-0.00490719
-0.00531442
-0.00566759
-0.00595409
-0.00618981
-0.00632333
-0.00640963
-0.00522634
-0.00515592
-0.00506706
-0.00490521
-0.00471087
-0.0044725
-0.00419788
-0.00389149
-0.00355873
-0.00320519
-0.0028366
-0.00245881
-0.00207755
-0.00169842
-0.00132675
-0.000966951
-0.000624127
-0.000301119
9.55134e-07
0.000280951
0.000540124
0.000779437
0.000999833
0.00120244
0.00138771
0.00155605
0.00170787
0.00184372
0.00196438
0.00207069
0.00216349
0.00224367
0.00231211
0.00236977
0.00241756
0.00245632
0.00248695
0.00251011
0.00252645
0.0025365
0.00254077
0.00253995
0.00253429
0.00252383
0.00250856
0.00248845
0.0024633
0.00243247
0.00239515
0.00235036
0.00229714
0.00223414
0.00215983
0.00207265
0.00197104
0.00185358
0.00171903
0.001566
0.00139248
0.00119818
0.000979709
0.000736369
0.00046837
0.000176771
-0.000136121
-0.0004668
-0.000811488
-0.00116545
-0.00152348
-0.00188031
-0.00222958
-0.00256534
-0.00288167
-0.00317307
-0.00343401
-0.00366
-0.00384504
-0.0039967
-0.00408245
-0.00414843
-0.00238837
-0.00231511
-0.00228078
-0.00219509
-0.00209702
-0.00197794
-0.00184184
-0.00169158
-0.00153044
-0.00136179
-0.00118899
-0.00101538
-0.00084416
-0.000678285
-0.000520407
-0.000372771
-0.000237415
-0.000115445
-7.06249e-06
9.21744e-05
0.000181363
0.00026249
0.000336486
0.000404306
0.00046626
0.000522468
0.000572979
0.000617955
0.000657695
0.000692493
0.000722806
0.000749108
0.000771454
0.000790052
0.000805353
0.000817808
0.000827772
0.000835395
0.000840829
0.00084436
0.000846085
0.00084613
0.000844618
0.000841683
0.000837324
0.000831241
0.000823284
0.000813423
0.000801359
0.000786641
0.000769001
0.00074791
0.000722868
0.000693386
0.000658955
0.000619143
0.000573653
0.000522185
0.000463922
0.000395442
0.000315456
0.000222818
0.00011741
-6.07189e-07
-0.000129951
-0.000268942
-0.000415703
-0.000568037
-0.000723462
-0.000879346
-0.00103292
-0.0011814
-0.00132201
-0.00145206
-0.00156907
-0.00167081
-0.00175466
-0.00182473
-0.00185758
-0.00192431
)
;

boundaryField
{
    lowerWall
    {
        type            fixedFluxPressure;
        gradient        uniform 0;
        value           nonuniform List<scalar> 
80
(
7266.78
7267.33
7268.34
7269.8
7271.67
7273.89
7276.42
7279.19
7282.13
7285.19
7288.3
7291.39
7294.41
7297.32
7300.09
7302.7
7305.13
7307.39
7309.49
7311.45
7313.28
7315.03
7316.7
7318.31
7319.9
7321.46
7323
7324.53
7326.04
7327.5
7328.92
7330.27
7331.52
7332.67
7333.67
7334.53
7335.2
7335.69
7335.96
7336.03
7335.88
7335.51
7334.93
7334.15
7333.17
7332.02
7330.71
7329.28
7327.73
7326.1
7324.4
7322.67
7320.9
7319.13
7317.36
7315.58
7313.8
7311.99
7310.16
7308.27
7306.3
7304.23
7302.03
7299.68
7297.17
7294.49
7291.66
7288.68
7285.6
7282.45
7279.29
7276.17
7273.17
7270.35
7267.77
7265.5
7263.6
7262.11
7261.07
7260.52
)
;
    }
    rightWall
    {
        type            zeroGradient;
    }
    atmosphere
    {
        type            totalPressure;
        rho             rho;
        psi             none;
        gamma           1;
        p0              uniform 0;
        value           nonuniform List<scalar> 
80
(
-0.00098161
-0.000882354
-0.000874127
-0.000834217
-0.000784163
-0.000724362
-0.000656887
-0.000583675
-0.000506898
-0.000428775
-0.000351546
-0.000277453
-0.000208673
-0.000147193
-9.47806e-05
-5.29303e-05
-2.28145e-05
-5.14281e-06
0
0
0
0
0
0
0
0
0
0
0
0
0
0
0
0
0
0
0
0
0
0
0
0
0
0
0
0
0
0
0
0
0
0
0
0
0
0
0
0
0
-1.04392e-06
-7.74354e-06
-2.17013e-05
-4.3684e-05
-7.35126e-05
-0.000110594
-0.000154076
-0.000202807
-0.000255698
-0.000311508
-0.000368959
-0.000426761
-0.000483608
-0.00053832
-0.000589435
-0.000636003
-0.000676855
-0.000710918
-0.00073715
-0.000737796
-0.000833573
)
;
    }
    leftWall
    {
        type            zeroGradient;
    }
    frontAndBack
    {
        type            empty;
    }
}


// ************************************************************************* //
