/*--------------------------------*- C++ -*----------------------------------*\
| =========                 |                                                 |
| \\      /  F ield         | OpenFOAM: The Open Source CFD Toolbox           |
|  \\    /   O peration     | Version:  2412                                  |
|   \\  /    A nd           | Website:  www.openfoam.com                      |
|    \\/     M anipulation  |                                                 |
\*---------------------------------------------------------------------------*/
FoamFile
{
    version     2.0;
    format      ascii;
    arch        "LSB;label=32;scalar=64";
    class       volScalarField;
    location    "3.45";
    object      p;
}
// * * * * * * * * * * * * * * * * * * * * * * * * * * * * * * * * * * * * * //

dimensions      [1 -1 -2 0 0 0 0];

internalField   nonuniform List<scalar> 
6400
(
8189.93
8190
8189.87
8189.45
8188.75
8187.81
8186.68
8185.37
8183.91
8182.33
8180.63
8178.82
8176.93
8174.95
8172.91
8170.82
8168.68
8166.52
8164.35
8162.18
8160.03
8157.92
8155.85
8153.84
8151.91
8150.06
8148.31
8146.66
8145.12
8143.7
8142.4
8141.23
8140.18
8139.27
8138.48
8137.83
8137.3
8136.9
8136.63
8136.49
8136.47
8136.57
8136.81
8137.16
8137.65
8138.26
8139.01
8139.88
8140.88
8142
8143.26
8144.63
8146.13
8147.73
8149.44
8151.25
8153.15
8155.12
8157.15
8159.24
8161.36
8163.51
8165.66
8167.8
8169.93
8172.01
8174.04
8176.01
8177.9
8179.69
8181.39
8182.97
8184.42
8185.72
8186.85
8187.77
8188.45
8188.86
8188.98
8188.9
7772.93
7773
7772.87
7772.45
7771.78
7770.88
7769.77
7768.48
7767.04
7765.46
7763.76
7761.95
7760.04
7758.06
7756
7753.89
7751.75
7749.58
7747.4
7745.22
7743.07
7740.96
7738.89
7736.88
7734.96
7733.11
7731.37
7729.73
7728.2
7726.78
7725.49
7724.32
7723.28
7722.37
7721.59
7720.93
7720.41
7720.01
7719.74
7719.6
7719.58
7719.69
7719.92
7720.28
7720.76
7721.38
7722.12
7722.99
7723.98
7725.11
7726.36
7727.73
7729.21
7730.81
7732.52
7734.32
7736.21
7738.18
7740.21
7742.3
7744.42
7746.57
7748.73
7750.88
7753.01
7755.1
7757.14
7759.12
7761.02
7762.82
7764.52
7766.09
7767.53
7768.81
7769.9
7770.79
7771.45
7771.85
7771.97
7771.89
7356.12
7356.2
7356.06
7355.65
7354.99
7354.1
7353.01
7351.73
7350.29
7348.7
7346.99
7345.16
7343.23
7341.22
7339.14
7337
7334.83
7332.64
7330.43
7328.24
7326.08
7323.95
7321.88
7319.87
7317.93
7316.09
7314.35
7312.71
7311.18
7309.77
7308.48
7307.32
7306.28
7305.37
7304.59
7303.94
7303.42
7303.03
7302.76
7302.62
7302.6
7302.71
7302.94
7303.3
7303.78
7304.4
7305.13
7306
7307
7308.12
7309.36
7310.73
7312.21
7313.81
7315.52
7317.32
7319.21
7321.18
7323.22
7325.32
7327.46
7329.62
7331.8
7333.97
7336.12
7338.24
7340.31
7342.31
7344.23
7346.05
7347.76
7349.33
7350.77
7352.03
7353.11
7353.99
7354.64
7355.04
7355.16
7355.07
6939.61
6939.68
6939.53
6939.1
6938.43
6937.53
6936.43
6935.14
6933.68
6932.07
6930.32
6928.46
6926.5
6924.44
6922.32
6920.15
6917.94
6915.7
6913.47
6911.24
6909.05
6906.89
6904.8
6902.77
6900.82
6898.97
6897.22
6895.57
6894.04
6892.63
6891.34
6890.18
6889.15
6888.24
6887.47
6886.82
6886.3
6885.91
6885.65
6885.51
6885.49
6885.6
6885.83
6886.19
6886.67
6887.28
6888.02
6888.88
6889.88
6891
6892.24
6893.61
6895.1
6896.7
6898.41
6900.23
6902.13
6904.12
6906.18
6908.3
6910.47
6912.66
6914.87
6917.08
6919.27
6921.43
6923.54
6925.58
6927.53
6929.39
6931.12
6932.72
6934.17
6935.45
6936.54
6937.42
6938.08
6938.49
6938.62
6938.55
6523.4
6523.43
6523.25
6522.79
6522.09
6521.17
6520.04
6518.72
6517.22
6515.57
6513.78
6511.87
6509.85
6507.74
6505.56
6503.33
6501.06
6498.78
6496.49
6494.22
6491.98
6489.79
6487.65
6485.6
6483.63
6481.75
6479.98
6478.32
6476.78
6475.37
6474.08
6472.92
6471.89
6470.99
6470.22
6469.58
6469.06
6468.67
6468.41
6468.27
6468.26
6468.37
6468.6
6468.96
6469.44
6470.04
6470.78
6471.64
6472.63
6473.75
6475
6476.37
6477.87
6479.48
6481.21
6483.04
6484.97
6486.99
6489.08
6491.24
6493.45
6495.69
6497.95
6500.21
6502.46
6504.67
6506.84
6508.93
6510.94
6512.84
6514.62
6516.26
6517.75
6519.06
6520.17
6521.08
6521.76
6522.2
6522.37
6522.32
6107.47
6107.45
6107.22
6106.73
6105.98
6105.02
6103.84
6102.47
6100.92
6099.21
6097.36
6095.38
6093.29
6091.11
6088.85
6086.55
6084.21
6081.85
6079.5
6077.16
6074.86
6072.62
6070.44
6068.34
6066.33
6064.43
6062.64
6060.96
6059.41
6057.98
6056.69
6055.53
6054.5
6053.61
6052.84
6052.2
6051.7
6051.31
6051.06
6050.92
6050.91
6051.02
6051.25
6051.6
6052.08
6052.68
6053.41
6054.27
6055.26
6056.38
6057.63
6059.01
6060.52
6062.15
6063.9
6065.76
6067.72
6069.78
6071.92
6074.13
6076.39
6078.7
6081.03
6083.36
6085.68
6087.97
6090.2
6092.37
6094.45
6096.42
6098.26
6099.96
6101.49
6102.85
6104.01
6104.96
6105.69
6106.17
6106.38
6106.38
5691.81
5691.74
5691.45
5690.9
5690.1
5689.08
5687.84
5686.4
5684.79
5683
5681.06
5678.99
5676.81
5674.54
5672.2
5669.8
5667.37
5664.92
5662.48
5660.07
5657.69
5655.38
5653.14
5650.99
5648.94
5647
5645.17
5643.47
5641.91
5640.47
5639.17
5638.01
5636.98
5636.09
5635.33
5634.71
5634.21
5633.83
5633.58
5633.45
5633.43
5633.54
5633.77
5634.12
5634.59
5635.19
5635.92
5636.77
5637.76
5638.88
5640.14
5641.53
5643.05
5644.71
5646.48
5648.38
5650.38
5652.49
5654.69
5656.96
5659.3
5661.68
5664.1
5666.52
5668.93
5671.31
5673.64
5675.9
5678.06
5680.12
5682.04
5683.81
5685.42
5686.84
5688.06
5689.07
5689.85
5690.39
5690.66
5690.71
5276.43
5276.3
5275.93
5275.31
5274.44
5273.35
5272.04
5270.52
5268.82
5266.94
5264.9
5262.73
5260.44
5258.05
5255.59
5253.08
5250.54
5247.98
5245.44
5242.93
5240.47
5238.07
5235.76
5233.54
5231.43
5229.45
5227.59
5225.86
5224.27
5222.82
5221.52
5220.35
5219.33
5218.45
5217.7
5217.08
5216.59
5216.22
5215.97
5215.85
5215.84
5215.94
5216.17
5216.51
5216.98
5217.57
5218.29
5219.14
5220.13
5221.25
5222.51
5223.91
5225.45
5227.13
5228.95
5230.88
5232.94
5235.11
5237.38
5239.74
5242.16
5244.64
5247.16
5249.68
5252.21
5254.7
5257.14
5259.51
5261.79
5263.95
5265.97
5267.84
5269.53
5271.03
5272.33
5273.41
5274.26
5274.87
5275.21
5275.32
4861.32
4861.12
4860.67
4859.97
4859.02
4857.84
4856.44
4854.83
4853.03
4851.04
4848.89
4846.59
4844.17
4841.65
4839.05
4836.4
4833.72
4831.03
4828.37
4825.74
4823.17
4820.68
4818.28
4815.98
4813.81
4811.77
4809.87
4808.11
4806.49
4805.03
4803.72
4802.56
4801.54
4800.67
4799.93
4799.32
4798.84
4798.49
4798.25
4798.13
4798.12
4798.23
4798.45
4798.78
4799.24
4799.82
4800.53
4801.37
4802.35
4803.47
4804.74
4806.15
4807.72
4809.43
4811.28
4813.27
4815.39
4817.64
4819.99
4822.44
4824.97
4827.56
4830.2
4832.85
4835.51
4838.14
4840.72
4843.22
4845.63
4847.91
4850.05
4852.03
4853.83
4855.43
4856.82
4857.98
4858.91
4859.6
4860.02
4860.21
4446.5
4446.21
4445.67
4444.87
4443.83
4442.56
4441.06
4439.34
4437.41
4435.3
4433.01
4430.57
4427.99
4425.31
4422.55
4419.74
4416.91
4414.07
4411.26
4408.49
4405.8
4403.19
4400.69
4398.31
4396.06
4393.96
4392
4390.21
4388.57
4387.09
4385.78
4384.62
4383.61
4382.75
4382.03
4381.44
4380.98
4380.64
4380.41
4380.29
4380.29
4380.39
4380.61
4380.93
4381.37
4381.94
4382.63
4383.46
4384.43
4385.55
4386.82
4388.25
4389.83
4391.58
4393.48
4395.53
4397.72
4400.05
4402.5
4405.06
4407.71
4410.44
4413.22
4416.03
4418.84
4421.63
4424.37
4427.03
4429.59
4432.02
4434.3
4436.41
4438.32
4440.03
4441.53
4442.79
4443.81
4444.59
4445.11
4445.38
4031.97
4031.57
4030.92
4030.02
4028.88
4027.5
4025.88
4024.04
4021.99
4019.72
4017.28
4014.67
4011.92
4009.06
4006.11
4003.11
4000.09
3997.08
3994.1
3991.17
3988.33
3985.6
3982.98
3980.5
3978.17
3975.99
3973.99
3972.15
3970.49
3969
3967.68
3966.53
3965.53
3964.69
3964
3963.43
3962.99
3962.67
3962.46
3962.35
3962.35
3962.45
3962.66
3962.97
3963.39
3963.94
3964.61
3965.42
3966.37
3967.48
3968.75
3970.19
3971.8
3973.58
3975.53
3977.65
3979.92
3982.34
3984.91
3987.59
3990.39
3993.27
3996.21
3999.19
4002.19
4005.16
4008.09
4010.93
4013.67
4016.27
4018.72
4020.97
4023.03
4024.86
4026.46
4027.83
4028.96
4029.84
4030.47
4030.84
3617.73
3617.21
3616.42
3615.4
3614.15
3612.67
3610.93
3608.96
3606.75
3604.33
3601.7
3598.9
3595.95
3592.87
3589.72
3586.5
3583.27
3580.05
3576.88
3573.78
3570.77
3567.89
3565.14
3562.55
3560.12
3557.87
3555.8
3553.93
3552.24
3550.74
3549.42
3548.28
3547.31
3546.5
3545.83
3545.3
3544.89
3544.6
3544.41
3544.31
3544.32
3544.41
3544.6
3544.89
3545.29
3545.81
3546.45
3547.23
3548.16
3549.25
3550.52
3551.97
3553.6
3555.42
3557.42
3559.61
3561.97
3564.5
3567.19
3570.02
3572.97
3576.03
3579.17
3582.35
3585.55
3588.74
3591.89
3594.95
3597.89
3600.69
3603.31
3605.74
3607.94
3609.91
3611.64
3613.11
3614.35
3615.34
3616.11
3616.6
3203.8
3203.11
3202.16
3201.02
3199.67
3198.07
3196.22
3194.11
3191.74
3189.13
3186.3
3183.28
3180.09
3176.78
3173.37
3169.91
3166.44
3162.99
3159.59
3156.28
3153.09
3150.04
3147.15
3144.43
3141.9
3139.56
3137.44
3135.51
3133.8
3132.29
3130.98
3129.87
3128.93
3128.16
3127.54
3127.05
3126.68
3126.42
3126.26
3126.18
3126.18
3126.27
3126.45
3126.71
3127.08
3127.55
3128.15
3128.89
3129.79
3130.86
3132.11
3133.56
3135.21
3137.07
3139.13
3141.4
3143.86
3146.51
3149.34
3152.33
3155.46
3158.72
3162.07
3165.49
3168.93
3172.37
3175.77
3179.07
3182.25
3185.28
3188.11
3190.72
3193.09
3195.2
3197.05
3198.64
3199.98
3201.1
3202.01
3202.67
2790.15
2789.26
2788.12
2786.86
2785.42
2783.73
2781.77
2779.51
2776.96
2774.15
2771.09
2767.81
2764.36
2760.77
2757.09
2753.34
2749.59
2745.87
2742.22
2738.68
2735.27
2732.03
2728.98
2726.13
2723.48
2721.06
2718.86
2716.9
2715.16
2713.65
2712.36
2711.27
2710.38
2709.67
2709.11
2708.68
2708.37
2708.15
2708.01
2707.95
2707.97
2708.04
2708.2
2708.43
2708.75
2709.17
2709.71
2710.39
2711.24
2712.27
2713.51
2714.95
2716.62
2718.52
2720.64
2722.99
2725.56
2728.34
2731.32
2734.49
2737.83
2741.31
2744.91
2748.59
2752.32
2756.05
2759.73
2763.32
2766.77
2770.05
2773.12
2775.94
2778.49
2780.76
2782.72
2784.41
2785.84
2787.08
2788.18
2789.04
2376.75
2375.6
2374.26
2372.91
2371.41
2369.66
2367.59
2365.19
2362.46
2359.41
2356.09
2352.53
2348.77
2344.87
2340.85
2336.78
2332.7
2328.67
2324.73
2320.93
2317.29
2313.85
2310.62
2307.61
2304.84
2302.32
2300.06
2298.05
2296.3
2294.79
2293.53
2292.49
2291.66
2291.02
2290.54
2290.19
2289.95
2289.79
2289.69
2289.66
2289.68
2289.74
2289.86
2290.05
2290.31
2290.67
2291.13
2291.73
2292.51
2293.49
2294.69
2296.12
2297.8
2299.74
2301.92
2304.36
2307.05
2309.97
2313.12
2316.48
2320.05
2323.79
2327.67
2331.66
2335.71
2339.77
2343.79
2347.7
2351.46
2355.03
2358.37
2361.43
2364.18
2366.59
2368.67
2370.43
2371.92
2373.24
2374.54
2375.65
1963.46
1962.02
1960.5
1959.13
1957.65
1955.88
1953.74
1951.2
1948.26
1944.95
1941.33
1937.44
1933.34
1929.06
1924.68
1920.23
1915.77
1911.38
1907.12
1903.02
1899.12
1895.45
1892.02
1888.86
1885.96
1883.33
1881
1878.96
1877.19
1875.69
1874.47
1873.5
1872.75
1872.21
1871.84
1871.6
1871.44
1871.35
1871.31
1871.3
1871.33
1871.38
1871.46
1871.6
1871.78
1872.05
1872.41
1872.9
1873.59
1874.5
1875.64
1877.05
1878.74
1880.7
1882.95
1885.49
1888.3
1891.37
1894.7
1898.28
1902.1
1906.12
1910.32
1914.66
1919.09
1923.54
1927.94
1932.23
1936.35
1940.25
1943.89
1947.22
1950.19
1952.76
1954.92
1956.7
1958.18
1959.53
1961.01
1962.39
1550.08
1548.38
1546.75
1545.49
1544.15
1542.45
1540.27
1537.59
1534.41
1530.79
1526.82
1522.56
1518.06
1513.37
1508.56
1503.67
1498.78
1493.98
1489.35
1484.92
1480.73
1476.81
1473.19
1469.85
1466.81
1464.07
1461.67
1459.59
1457.81
1456.33
1455.16
1454.28
1453.64
1453.23
1453
1452.89
1452.85
1452.85
1452.87
1452.9
1452.93
1452.95
1452.99
1453.06
1453.16
1453.32
1453.54
1453.87
1454.44
1455.26
1456.33
1457.71
1459.4
1461.4
1463.72
1466.35
1469.3
1472.53
1476.05
1479.86
1483.95
1488.29
1492.85
1497.58
1502.44
1507.35
1512.2
1516.92
1521.44
1525.72
1529.71
1533.36
1536.58
1539.31
1541.52
1543.24
1544.59
1545.83
1547.42
1549.06
1136.4
1134.41
1132.82
1131.93
1130.92
1129.39
1127.23
1124.39
1120.91
1116.93
1112.56
1107.88
1102.93
1097.78
1092.5
1087.12
1081.72
1076.43
1071.38
1066.6
1062.09
1057.91
1054.1
1050.59
1047.36
1044.49
1042.02
1039.9
1038.09
1036.61
1035.52
1034.76
1034.25
1034.01
1033.98
1034.04
1034.15
1034.28
1034.37
1034.44
1034.48
1034.46
1034.45
1034.45
1034.43
1034.46
1034.48
1034.57
1035
1035.71
1036.68
1038.02
1039.74
1041.78
1044.16
1046.93
1050.05
1053.45
1057.14
1061.18
1065.57
1070.25
1075.2
1080.37
1085.76
1091.22
1096.59
1101.77
1106.72
1111.42
1115.81
1119.84
1123.37
1126.27
1128.5
1130.07
1131.1
1131.98
1133.51
1135.43
720.89
718.773
718.273
718.564
718.302
717.133
715.035
712.004
708.114
703.61
698.752
693.581
688.103
682.415
676.617
670.624
664.515
658.592
653.055
647.847
642.966
638.487
634.485
630.819
627.345
624.279
621.776
619.679
617.86
616.361
615.416
614.906
614.525
614.56
614.89
615.17
615.495
615.806
615.947
616.093
616.17
616.043
615.948
615.896
615.696
615.626
615.353
614.899
615.204
615.765
616.516
617.77
619.518
621.571
624.002
626.928
630.275
633.858
637.698
641.981
646.728
651.836
657.238
662.94
669.011
675.231
681.244
686.972
692.409
697.581
702.465
707.005
710.978
714.118
716.311
717.551
717.863
717.579
717.997
719.935
305.959
306.481
309.646
312.323
313.351
312.91
311.3
308.609
304.851
300.355
295.701
290.853
285.725
280.616
275.597
270.523
265.141
259.764
254.874
250.414
246.44
243.035
240.169
237.355
234.372
231.804
230.071
228.894
228.079
227.796
228.149
228.591
228.414
227.977
227.68
227.212
226.805
226.634
226.506
226.433
226.446
226.536
226.688
226.866
227.105
227.653
228.173
228.602
229.174
229.177
228.722
228.661
229.289
230.362
231.913
234.244
237.093
240.016
242.846
245.99
249.75
254.053
258.778
263.866
269.416
274.928
280.142
285.075
290.009
294.827
299.471
303.967
307.857
310.705
312.425
312.955
312.01
309.393
306.206
305.461
42.5267
45.7362
49.0848
51.3206
52.3488
52.448
51.8771
50.8661
49.5807
47.7516
45.6933
43.4616
41.1527
38.9355
36.764
34.7554
33.0368
31.0986
29.2407
27.5387
26.089
24.8783
23.741
22.5955
22.0472
21.4798
21.0378
20.8829
21.0135
21.4438
21.6952
21.5135
21.3158
20.7694
20.1681
19.4719
18.8079
18.4145
18.2414
18.0698
18.0095
18.231
18.448
18.6188
19.0437
19.6261
20.3921
21.3458
21.7938
22.024
22.0839
21.7687
21.5109
21.5538
21.8663
22.4068
22.882
23.923
25.2266
26.4152
27.7704
29.3862
31.2115
33.1502
35.1323
36.8149
38.7451
40.89
43.1606
45.4053
47.4952
49.3488
50.7126
51.7578
52.3671
52.3213
51.3534
49.1775
45.8718
42.622
-10.3091
-10.296
-10.2884
-10.2893
-10.2731
-10.2466
-10.2326
-10.0796
-9.44785
-8.98638
-8.85467
-8.88729
-8.93688
-8.9279
-9.15444
-9.3226
-8.63227
-8.2281
-8.03631
-7.98465
-8.06376
-8.2942
-8.73379
-9.19901
-8.09901
-7.59166
-7.52993
-7.5643
-7.61847
-7.83498
-8.76275
-10.1016
-10.4232
-10.4162
-10.424
-10.4387
-10.4393
-10.4247
-10.4078
-10.3895
-10.3846
-10.4065
-10.4206
-10.4326
-10.4401
-10.4304
-10.4168
-10.4208
-10.3193
-9.52593
-8.11945
-7.47295
-7.32534
-7.26322
-7.26241
-7.58541
-8.59766
-8.62778
-7.92418
-7.55658
-7.39249
-7.38577
-7.51182
-7.7625
-8.27308
-9.17589
-9.26428
-9.09462
-8.9342
-8.84093
-8.92561
-9.28151
-9.94961
-10.1773
-10.2037
-10.2233
-10.2326
-10.2259
-10.2307
-10.2441
-10.786
-10.7808
-10.771
-10.759
-10.7421
-10.7205
-10.7174
-10.6928
-10.545
-10.2922
-10.1141
-10.0168
-9.98022
-9.97989
-10.0736
-10.1548
-9.94397
-9.73304
-9.5955
-9.56073
-9.61098
-9.7624
-9.97259
-10.1658
-9.75812
-9.55755
-9.60632
-9.66881
-9.71977
-9.88242
-10.4879
-10.8824
-10.9081
-10.891
-10.9008
-10.9111
-10.9181
-10.9174
-10.9105
-10.9023
-10.9007
-10.9093
-10.9158
-10.9176
-10.9136
-10.9023
-10.892
-10.899
-10.8959
-10.7527
-10.1253
-9.66781
-9.5672
-9.49568
-9.41161
-9.4607
-9.80788
-9.79787
-9.58294
-9.35313
-9.24437
-9.24756
-9.34626
-9.54501
-9.81045
-10.1097
-10.0837
-10.0359
-10.0146
-10.067
-10.2235
-10.4468
-10.6457
-10.6775
-10.6731
-10.6902
-10.7019
-10.7097
-10.7168
-10.7211
-11.2705
-11.2677
-11.2646
-11.2589
-11.2431
-11.2208
-11.2086
-11.2128
-11.2059
-11.1656
-11.1217
-11.0718
-11.0448
-11.0598
-11.1136
-11.173
-11.2363
-11.2091
-11.1486
-11.1405
-11.1758
-11.2535
-11.2752
-11.2522
-11.3854
-11.3969
-11.401
-11.4078
-11.414
-11.4229
-11.4305
-11.4269
-11.414
-11.4057
-11.4147
-11.4272
-11.4288
-11.42
-11.4111
-11.4024
-11.401
-11.4092
-11.4153
-11.4227
-11.4272
-11.4195
-11.4076
-11.4103
-11.4216
-11.4299
-11.4267
-11.4093
-11.4016
-11.3945
-11.389
-11.3672
-11.1822
-11.1534
-11.2698
-11.1671
-11.0987
-11.088
-11.1322
-11.2255
-11.2244
-11.1184
-11.0352
-11.0181
-11.0288
-11.0697
-11.1251
-11.1762
-11.1902
-11.1785
-11.1784
-11.1942
-11.2025
-11.2022
-11.2021
-11.2043
-11.7703
-11.7735
-11.7841
-11.7822
-11.759
-11.7238
-11.6956
-11.6865
-11.6796
-11.6845
-11.7155
-11.751
-11.7784
-11.7943
-11.8034
-11.8049
-11.8024
-11.8091
-11.8298
-11.8478
-11.862
-11.8652
-11.874
-11.8802
-11.8843
-11.8869
-11.8887
-11.8918
-11.8956
-11.9012
-11.9126
-11.9177
-11.9119
-11.9095
-11.9196
-11.9344
-11.9336
-11.9223
-11.9145
-11.9076
-11.9056
-11.9109
-11.9145
-11.9237
-11.9318
-11.9266
-11.9125
-11.9105
-11.917
-11.916
-11.9038
-11.8913
-11.8854
-11.8813
-11.8784
-11.875
-11.8732
-11.8646
-11.8506
-11.8485
-11.8376
-11.8188
-11.7966
-11.7758
-11.7709
-11.7659
-11.7584
-11.7427
-11.7217
-11.6919
-11.6669
-11.6679
-11.6751
-11.6678
-11.6873
-11.7136
-11.727
-11.7219
-11.7076
-11.7033
-12.2904
-12.3171
-12.3501
-12.3471
-12.3023
-12.2372
-12.1812
-12.1524
-12.1467
-12.1554
-12.1827
-12.217
-12.2498
-12.2759
-12.291
-12.2971
-12.3048
-12.3152
-12.3281
-12.3412
-12.3533
-12.363
-12.371
-12.3748
-12.3766
-12.3808
-12.3857
-12.3908
-12.395
-12.4013
-12.4117
-12.4121
-12.4088
-12.4071
-12.4177
-12.4331
-12.4312
-12.4163
-12.4096
-12.4045
-12.4022
-12.4042
-12.4078
-12.4173
-12.4284
-12.4238
-12.4087
-12.4045
-12.4097
-12.4116
-12.4011
-12.39
-12.3836
-12.3778
-12.3717
-12.3666
-12.3633
-12.3575
-12.349
-12.3401
-12.3273
-12.3123
-12.2963
-12.2803
-12.266
-12.2536
-12.2435
-12.222
-12.1911
-12.1612
-12.1411
-12.1409
-12.1434
-12.1612
-12.2074
-12.2601
-12.2914
-12.2836
-12.2478
-12.2217
-12.8288
-12.8893
-12.9416
-12.9369
-12.8679
-12.7626
-12.6688
-12.6146
-12.6128
-12.6438
-12.6835
-12.7169
-12.7442
-12.766
-12.782
-12.7932
-12.8041
-12.8158
-12.8279
-12.8391
-12.8487
-12.8568
-12.8641
-12.8694
-12.8726
-12.8753
-12.8784
-12.8814
-12.8847
-12.8889
-12.8941
-12.8978
-12.8984
-12.8988
-12.9088
-12.9226
-12.9203
-12.907
-12.9002
-12.8973
-12.8951
-12.8955
-12.8986
-12.9062
-12.9148
-12.9112
-12.8973
-12.8905
-12.8899
-12.8875
-12.8833
-12.8783
-12.8738
-12.87
-12.8664
-12.863
-12.859
-12.8522
-12.8435
-12.8347
-12.8242
-12.8112
-12.7964
-12.7806
-12.7654
-12.7516
-12.7369
-12.7163
-12.6899
-12.6561
-12.6192
-12.5925
-12.5996
-12.6514
-12.7358
-12.8225
-12.8694
-12.856
-12.8049
-12.7547
-13.3396
-13.4115
-13.4806
-13.4832
-13.4087
-13.2857
-13.1701
-13.1102
-13.1106
-13.1413
-13.1786
-13.2119
-13.2406
-13.2635
-13.2811
-13.295
-13.3071
-13.3184
-13.329
-13.3387
-13.3471
-13.3541
-13.3598
-13.3642
-13.3677
-13.3708
-13.3739
-13.377
-13.3799
-13.3826
-13.3842
-13.3841
-13.3834
-13.385
-13.3932
-13.403
-13.4023
-13.3946
-13.39
-13.3884
-13.387
-13.3868
-13.3888
-13.3924
-13.3952
-13.3918
-13.3825
-13.3763
-13.3751
-13.3761
-13.3759
-13.3731
-13.3694
-13.3655
-13.3615
-13.3574
-13.3528
-13.3471
-13.3402
-13.3322
-13.3226
-13.3109
-13.2976
-13.2832
-13.2681
-13.2521
-13.234
-13.2115
-13.1833
-13.1507
-13.1134
-13.0841
-13.0844
-13.1457
-13.2535
-13.3561
-13.4065
-13.384
-13.3191
-13.2601
-13.7885
-13.8669
-13.9485
-13.969
-13.9091
-13.797
-13.6914
-13.6364
-13.6292
-13.6501
-13.6823
-13.7157
-13.7445
-13.7679
-13.7863
-13.8008
-13.8127
-13.823
-13.832
-13.8399
-13.8467
-13.8524
-13.8569
-13.8606
-13.8636
-13.8662
-13.8686
-13.8708
-13.8726
-13.8741
-13.8748
-13.8742
-13.873
-13.8735
-13.8784
-13.8843
-13.8859
-13.8836
-13.8813
-13.8802
-13.8795
-13.8792
-13.8805
-13.8814
-13.8803
-13.8763
-13.8709
-13.8677
-13.8674
-13.8674
-13.8667
-13.865
-13.8626
-13.8597
-13.8565
-13.8529
-13.8488
-13.8439
-13.838
-13.831
-13.8227
-13.8129
-13.8014
-13.7885
-13.7741
-13.7577
-13.7385
-13.7152
-13.6875
-13.6564
-13.6245
-13.6014
-13.6025
-13.6531
-13.7531
-13.85
-13.891
-13.8599
-13.7788
-13.711
-14.1748
-14.2561
-14.3504
-14.4011
-14.38
-14.3094
-14.2319
-14.179
-14.16
-14.1716
-14.2005
-14.2322
-14.2592
-14.2809
-14.2979
-14.311
-14.3213
-14.3298
-14.3368
-14.3427
-14.3476
-14.3517
-14.355
-14.3577
-14.3601
-14.3621
-14.364
-14.3657
-14.3671
-14.368
-14.3683
-14.3677
-14.367
-14.3669
-14.3692
-14.3732
-14.3755
-14.3753
-14.3739
-14.3728
-14.3724
-14.3721
-14.373
-14.3732
-14.3718
-14.3685
-14.3645
-14.3622
-14.3619
-14.3618
-14.361
-14.3596
-14.3576
-14.3551
-14.3523
-14.3492
-14.3457
-14.3417
-14.3369
-14.3313
-14.3246
-14.3166
-14.3073
-14.2963
-14.2833
-14.2677
-14.2486
-14.2253
-14.1978
-14.1677
-14.1402
-14.1243
-14.1317
-14.1717
-14.2421
-14.3072
-14.3219
-14.2692
-14.1786
-14.1092
-14.5445
-14.6204
-14.7323
-14.8241
-14.8636
-14.8525
-14.8039
-14.7437
-14.7084
-14.7107
-14.7351
-14.7638
-14.7869
-14.8037
-14.8164
-14.8259
-14.833
-14.8385
-14.8429
-14.8465
-14.8494
-14.8518
-14.8538
-14.8555
-14.857
-14.8584
-14.8597
-14.8608
-14.8616
-14.8621
-14.8622
-14.862
-14.8617
-14.8619
-14.8636
-14.8661
-14.8677
-14.8679
-14.8669
-14.866
-14.8658
-14.8656
-14.8662
-14.866
-14.8645
-14.862
-14.8595
-14.8579
-14.8569
-14.8562
-14.8554
-14.8543
-14.8527
-14.8508
-14.8487
-14.8462
-14.8435
-14.8404
-14.8368
-14.8327
-14.8279
-14.8221
-14.8152
-14.8068
-14.7964
-14.7832
-14.7666
-14.7462
-14.7218
-14.6944
-14.6692
-14.6575
-14.6688
-14.7017
-14.7401
-14.7564
-14.7251
-14.6423
-14.5464
-14.4834
-14.9565
-15.0329
-15.1618
-15.2977
-15.4026
-15.4521
-15.4285
-15.3677
-15.3265
-15.3055
-15.3005
-15.3137
-15.3282
-15.336
-15.3412
-15.3449
-15.3473
-15.349
-15.3502
-15.3511
-15.3518
-15.3525
-15.3531
-15.3538
-15.3545
-15.3552
-15.3558
-15.3564
-15.3568
-15.3569
-15.3569
-15.3568
-15.3567
-15.3571
-15.3582
-15.3598
-15.3611
-15.3611
-15.3603
-15.3597
-15.3596
-15.3594
-15.3597
-15.3594
-15.3582
-15.3564
-15.3545
-15.3531
-15.3521
-15.3513
-15.3506
-15.3497
-15.3485
-15.3472
-15.3456
-15.3439
-15.342
-15.3399
-15.3377
-15.3352
-15.3324
-15.329
-15.325
-15.32
-15.3134
-15.3047
-15.2931
-15.2786
-15.2592
-15.2347
-15.2133
-15.2085
-15.2289
-15.2613
-15.2743
-15.2424
-15.1609
-15.0453
-14.939
-14.8856
-15.4524
-15.5317
-15.6778
-15.8525
-16.0177
-16.1373
-16.1693
-16.1357
-16.0706
-15.9728
-15.9032
-15.8828
-15.8812
-15.8763
-15.8708
-15.8671
-15.8636
-15.8607
-15.8583
-15.8563
-15.8548
-15.8537
-15.8529
-15.8525
-15.8523
-15.8522
-15.8523
-15.8523
-15.8523
-15.8522
-15.852
-15.8518
-15.8519
-15.8522
-15.8529
-15.8539
-15.8547
-15.8546
-15.854
-15.8536
-15.8536
-15.8535
-15.8535
-15.8531
-15.8521
-15.8508
-15.8494
-15.8483
-15.8474
-15.8467
-15.8461
-15.8455
-15.8447
-15.8439
-15.843
-15.842
-15.8411
-15.8401
-15.8393
-15.8385
-15.8378
-15.8372
-15.8365
-15.8355
-15.834
-15.8314
-15.8276
-15.8225
-15.8119
-15.7956
-15.7897
-15.7994
-15.8237
-15.8599
-15.86
-15.7901
-15.6659
-15.5194
-15.398
-15.3493
-16.0368
-16.1192
-16.2766
-16.4779
-16.6925
-16.8841
-16.9849
-16.9824
-16.8713
-16.7036
-16.5532
-16.4667
-16.441
-16.4228
-16.4039
-16.3911
-16.3809
-16.373
-16.3668
-16.3619
-16.3581
-16.3552
-16.3531
-16.3515
-16.3504
-16.3496
-16.349
-16.3485
-16.348
-16.3477
-16.3473
-16.3471
-16.347
-16.3471
-16.3475
-16.3481
-16.3485
-16.3483
-16.3477
-16.3475
-16.3476
-16.3475
-16.3473
-16.3469
-16.3462
-16.3453
-16.3443
-16.3434
-16.3428
-16.3423
-16.3419
-16.3416
-16.3413
-16.341
-16.3408
-16.3406
-16.3406
-16.3409
-16.3414
-16.3425
-16.344
-16.3463
-16.3492
-16.3529
-16.3573
-16.3623
-16.369
-16.3778
-16.3826
-16.3853
-16.4197
-16.48
-16.5196
-16.538
-16.5099
-16.402
-16.2423
-16.0712
-15.9351
-15.8864
-16.6786
-16.7605
-16.92
-17.1318
-17.3699
-17.6053
-17.756
-17.7478
-17.5959
-17.4085
-17.2205
-17.0735
-17.0089
-16.9718
-16.938
-16.915
-16.8979
-16.885
-16.8751
-16.8674
-16.8615
-16.8569
-16.8534
-16.8507
-16.8487
-16.8471
-16.8458
-16.8448
-16.844
-16.8433
-16.8427
-16.8423
-16.842
-16.842
-16.8421
-16.8423
-16.8424
-16.8422
-16.8417
-16.8415
-16.8417
-16.8415
-16.8412
-16.8409
-16.8404
-16.8398
-16.8391
-16.8386
-16.8382
-16.838
-16.8379
-16.8379
-16.838
-16.8383
-16.8387
-16.8394
-16.8404
-16.8419
-16.8439
-16.8467
-16.8506
-16.8557
-16.8624
-16.8709
-16.8818
-16.8955
-16.9149
-16.9426
-16.9657
-17.0053
-17.1158
-17.2501
-17.3282
-17.3063
-17.2257
-17.0717
-16.8784
-16.69
-16.5545
-16.5121
-17.3316
-17.4074
-17.5603
-17.7673
-18.0007
-18.2383
-18.4077
-18.4194
-18.2742
-18.0612
-17.8443
-17.6809
-17.5819
-17.5146
-17.4684
-17.4362
-17.4131
-17.3958
-17.3826
-17.3724
-17.3645
-17.3583
-17.3535
-17.3498
-17.3469
-17.3446
-17.3427
-17.3412
-17.34
-17.339
-17.3381
-17.3375
-17.337
-17.3368
-17.3366
-17.3365
-17.3364
-17.3362
-17.3356
-17.3356
-17.3358
-17.3356
-17.3352
-17.335
-17.3346
-17.3343
-17.334
-17.3337
-17.3336
-17.3337
-17.3339
-17.3343
-17.3349
-17.3357
-17.3368
-17.3383
-17.3402
-17.3428
-17.3463
-17.3509
-17.357
-17.3649
-17.3751
-17.3884
-17.4055
-17.4281
-17.4595
-17.5069
-17.5593
-17.6492
-17.8168
-17.9933
-18.1186
-18.0948
-17.9635
-17.7677
-17.5486
-17.3512
-17.2212
-17.1937
-17.9493
-18.0204
-18.1626
-18.354
-18.569
-18.7829
-18.9455
-18.9872
-18.8907
-18.6828
-18.4439
-18.2552
-18.1281
-18.0452
-17.9913
-17.9529
-17.9254
-17.9046
-17.8887
-17.8763
-17.8667
-17.8592
-17.8533
-17.8486
-17.8449
-17.8419
-17.8395
-17.8375
-17.8359
-17.8346
-17.8335
-17.8326
-17.832
-17.8315
-17.8311
-17.8308
-17.8305
-17.8302
-17.8298
-17.8297
-17.8298
-17.8295
-17.8293
-17.8291
-17.829
-17.8289
-17.8288
-17.8288
-17.829
-17.8293
-17.8299
-17.8306
-17.8316
-17.833
-17.8347
-17.837
-17.8398
-17.8436
-17.8484
-17.8546
-17.8627
-17.8731
-17.8866
-17.9041
-17.9268
-17.9572
-17.999
-18.0615
-18.1476
-18.2808
-18.4798
-18.6789
-18.8339
-18.8422
-18.681
-18.4516
-18.219
-18.0237
-17.8945
-17.8586
-18.5096
-18.5833
-18.7115
-18.8883
-19.0859
-19.272
-19.4168
-19.4715
-19.4089
-19.2458
-19.0142
-18.793
-18.6488
-18.564
-18.5066
-18.4646
-18.4341
-18.4108
-18.3928
-18.3789
-18.3679
-18.3593
-18.3524
-18.3469
-18.3425
-18.339
-18.3361
-18.3337
-18.3317
-18.3301
-18.3288
-18.3277
-18.3268
-18.3261
-18.3256
-18.3251
-18.3247
-18.3243
-18.324
-18.3238
-18.3237
-18.3236
-18.3234
-18.3234
-18.3234
-18.3235
-18.3236
-18.3239
-18.3243
-18.3249
-18.3258
-18.3269
-18.3283
-18.3301
-18.3324
-18.3353
-18.339
-18.3438
-18.3497
-18.3574
-18.3672
-18.3798
-18.3961
-18.4173
-18.4448
-18.4818
-18.5326
-18.604
-18.7169
-18.8929
-19.1125
-19.3228
-19.4777
-19.4963
-19.3251
-19.082
-18.8554
-18.6698
-18.5467
-18.4871
-19.0246
-19.0891
-19.1998
-19.3714
-19.5589
-19.7254
-19.8486
-19.8951
-19.8509
-19.7272
-19.5278
-19.3103
-19.1638
-19.0745
-19.0152
-18.9713
-18.9389
-18.9141
-18.8948
-18.8797
-18.8678
-18.8583
-18.8507
-18.8446
-18.8397
-18.8356
-18.8323
-18.8296
-18.8273
-18.8254
-18.8239
-18.8226
-18.8215
-18.8207
-18.82
-18.8194
-18.8189
-18.8185
-18.8183
-18.8178
-18.8178
-18.8176
-18.8176
-18.8176
-18.8178
-18.818
-18.8184
-18.8188
-18.8195
-18.8204
-18.8215
-18.8229
-18.8247
-18.827
-18.8298
-18.8333
-18.8377
-18.8432
-18.8501
-18.8589
-18.8701
-18.8844
-18.9029
-18.9269
-18.9583
-19.0007
-19.0591
-19.1413
-19.2717
-19.4793
-19.7178
-19.9082
-20.0191
-20.0282
-19.8777
-19.652
-19.4377
-19.253
-19.146
-19.0872
-19.5284
-19.5526
-19.6468
-19.8081
-19.9819
-20.1321
-20.2349
-20.2679
-20.2386
-20.1556
-19.9974
-19.8054
-19.6665
-19.5758
-19.5168
-19.4727
-19.4396
-19.4143
-19.3943
-19.3786
-19.3661
-19.3561
-19.3481
-19.3415
-19.3362
-19.3318
-19.3282
-19.3252
-19.3227
-19.3206
-19.3188
-19.3174
-19.3161
-19.3152
-19.3143
-19.3136
-19.3131
-19.3126
-19.3124
-19.3119
-19.3119
-19.3118
-19.3118
-19.3119
-19.3121
-19.3125
-19.313
-19.3137
-19.3145
-19.3156
-19.317
-19.3187
-19.3208
-19.3234
-19.3267
-19.3306
-19.3356
-19.3417
-19.3494
-19.359
-19.3711
-19.3866
-19.4064
-19.4321
-19.4659
-19.5114
-19.5744
-19.6658
-19.8062
-20.0188
-20.2557
-20.4047
-20.4784
-20.4735
-20.3569
-20.1667
-19.9523
-19.7522
-19.6574
-19.6202
-20.0643
-20.0331
-20.1072
-20.2337
-20.3783
-20.4956
-20.5756
-20.5963
-20.5923
-20.5694
-20.4407
-20.2759
-20.1494
-20.0667
-20.0105
-19.9683
-19.9358
-19.9116
-19.8914
-19.8756
-19.863
-19.8528
-19.8445
-19.8377
-19.8321
-19.8275
-19.8236
-19.8204
-19.8177
-19.8154
-19.8135
-19.8119
-19.8106
-19.8095
-19.8086
-19.8078
-19.8072
-19.8067
-19.8064
-19.806
-19.8059
-19.8059
-19.8059
-19.8061
-19.8065
-19.807
-19.8076
-19.8084
-19.8094
-19.8107
-19.8123
-19.8142
-19.8166
-19.8195
-19.823
-19.8273
-19.8327
-19.8392
-19.8473
-19.8574
-19.8701
-19.886
-19.9063
-19.9326
-19.9669
-20.0128
-20.076
-20.1656
-20.3086
-20.5137
-20.7184
-20.8259
-20.8763
-20.8733
-20.7754
-20.6047
-20.3839
-20.1803
-20.0982
-20.1022
-20.5811
-20.5678
-20.5997
-20.6696
-20.7731
-20.853
-20.9071
-20.9281
-20.9643
-20.9883
-20.8742
-20.7272
-20.619
-20.5484
-20.4977
-20.4589
-20.4286
-20.4049
-20.3859
-20.3706
-20.3583
-20.3481
-20.3398
-20.333
-20.3273
-20.3225
-20.3186
-20.3152
-20.3124
-20.31
-20.308
-20.3063
-20.3049
-20.3037
-20.3027
-20.3018
-20.3012
-20.3007
-20.3003
-20.3
-20.2999
-20.3
-20.3
-20.3003
-20.3007
-20.3013
-20.302
-20.303
-20.3041
-20.3055
-20.3073
-20.3094
-20.312
-20.3151
-20.3188
-20.3233
-20.3289
-20.3356
-20.3439
-20.3541
-20.3668
-20.3828
-20.4027
-20.4284
-20.4617
-20.5053
-20.5642
-20.6476
-20.7816
-20.9719
-21.1388
-21.1961
-21.2202
-21.2153
-21.1319
-20.9796
-20.7783
-20.6112
-20.5689
-20.6146
-21.0037
-21.0636
-21.0989
-21.1342
-21.185
-21.2469
-21.2869
-21.3365
-21.4134
-21.4051
-21.2945
-21.1713
-21.0843
-21.0245
-20.9799
-20.9452
-20.9178
-20.8959
-20.8782
-20.8638
-20.852
-20.8423
-20.8342
-20.8275
-20.8218
-20.8171
-20.8131
-20.8097
-20.8068
-20.8043
-20.8022
-20.8004
-20.7989
-20.7977
-20.7966
-20.7958
-20.7951
-20.7945
-20.7941
-20.7938
-20.7938
-20.7939
-20.794
-20.7944
-20.7948
-20.7955
-20.7963
-20.7973
-20.7986
-20.8001
-20.802
-20.8042
-20.8069
-20.8101
-20.814
-20.8186
-20.8242
-20.831
-20.8391
-20.8492
-20.8615
-20.8768
-20.8958
-20.92
-20.9508
-20.9908
-21.0436
-21.1168
-21.2327
-21.3975
-21.5428
-21.561
-21.5479
-21.5291
-21.4643
-21.3473
-21.1953
-21.097
-21.0921
-21.1241
-21.3956
-21.4959
-21.6024
-21.652
-21.6717
-21.7087
-21.7603
-21.8383
-21.8833
-21.8204
-21.7092
-21.6133
-21.5455
-21.4962
-21.4583
-21.4283
-21.4042
-21.3847
-21.3687
-21.3555
-21.3445
-21.3354
-21.3277
-21.3212
-21.3157
-21.311
-21.3071
-21.3037
-21.3008
-21.2983
-21.2962
-21.2944
-21.2928
-21.2915
-21.2904
-21.2895
-21.2888
-21.2882
-21.2878
-21.2876
-21.2876
-21.2877
-21.2879
-21.2883
-21.2888
-21.2895
-21.2904
-21.2915
-21.2928
-21.2945
-21.2964
-21.2987
-21.3015
-21.3047
-21.3086
-21.3132
-21.3187
-21.3253
-21.3332
-21.3428
-21.3544
-21.3686
-21.3861
-21.408
-21.4355
-21.4706
-21.516
-21.5773
-21.6723
-21.8097
-21.9462
-21.9745
-21.9139
-21.8728
-21.826
-21.7363
-21.6535
-21.5975
-21.5599
-21.5405
-21.8706
-21.9579
-22.1029
-22.1866
-22.224
-22.2457
-22.2914
-22.3365
-22.3156
-22.23
-22.1284
-22.0561
-22.0046
-21.965
-21.934
-21.9091
-21.8886
-21.8718
-21.8577
-21.8459
-21.836
-21.8275
-21.8203
-21.8142
-21.809
-21.8045
-21.8006
-21.7973
-21.7944
-21.792
-21.7899
-21.7881
-21.7865
-21.7852
-21.7841
-21.7832
-21.7824
-21.7818
-21.7814
-21.7812
-21.7812
-21.7814
-21.7817
-21.7821
-21.7826
-21.7834
-21.7843
-21.7855
-21.7868
-21.7885
-21.7905
-21.7928
-21.7955
-21.7988
-21.8026
-21.8071
-21.8124
-21.8187
-21.8262
-21.8351
-21.8458
-21.8586
-21.8742
-21.8933
-21.9169
-21.9466
-21.9845
-22.0341
-22.1079
-22.2194
-22.3473
-22.4158
-22.3693
-22.2939
-22.2398
-22.1902
-22.1572
-22.095
-21.9949
-21.9419
-22.4219
-22.4687
-22.5844
-22.6913
-22.7442
-22.7608
-22.7771
-22.7721
-22.7132
-22.625
-22.5509
-22.5005
-22.4626
-22.4327
-22.4086
-22.3886
-22.3719
-22.3577
-22.3457
-22.3354
-22.3265
-22.3189
-22.3123
-22.3067
-22.3017
-22.2975
-22.2938
-22.2906
-22.2878
-22.2854
-22.2833
-22.2815
-22.28
-22.2787
-22.2776
-22.2766
-22.2759
-22.2752
-22.2749
-22.2747
-22.2748
-22.275
-22.2753
-22.2757
-22.2763
-22.2771
-22.2781
-22.2792
-22.2806
-22.2823
-22.2842
-22.2865
-22.2892
-22.2924
-22.2961
-22.3004
-22.3054
-22.3113
-22.3182
-22.3264
-22.3359
-22.3472
-22.3607
-22.3769
-22.3964
-22.4205
-22.4506
-22.4892
-22.5427
-22.6272
-22.7424
-22.8322
-22.8424
-22.785
-22.7376
-22.7165
-22.6784
-22.5911
-22.4763
-22.4219
-22.9803
-23.0042
-23.0742
-23.1522
-23.1945
-23.203
-23.1906
-23.1509
-23.085
-23.0205
-22.9784
-22.9474
-22.9221
-22.9011
-22.8832
-22.8679
-22.8547
-22.8431
-22.833
-22.8242
-22.8165
-22.8097
-22.8038
-22.7986
-22.794
-22.7901
-22.7866
-22.7835
-22.7809
-22.7786
-22.7765
-22.7748
-22.7733
-22.772
-22.7709
-22.7699
-22.7692
-22.7685
-22.7681
-22.768
-22.7682
-22.7684
-22.7687
-22.7692
-22.7699
-22.7706
-22.7716
-22.7728
-22.7741
-22.7758
-22.7777
-22.7799
-22.7826
-22.7856
-22.7891
-22.7932
-22.7979
-22.8033
-22.8096
-22.8168
-22.8252
-22.835
-22.8463
-22.8596
-22.8752
-22.8938
-22.9164
-22.9444
-22.9804
-23.0351
-23.1217
-23.2158
-23.2626
-23.2566
-23.2462
-23.2271
-23.1715
-23.0722
-22.9852
-22.9682
-23.5094
-23.5387
-23.575
-23.5919
-23.5947
-23.5864
-23.554
-23.5049
-23.4623
-23.4366
-23.4178
-23.401
-23.3857
-23.3717
-23.3591
-23.3478
-23.3376
-23.3283
-23.32
-23.3126
-23.306
-23.3
-23.2948
-23.2901
-23.2859
-23.2823
-23.279
-23.2762
-23.2737
-23.2714
-23.2695
-23.2678
-23.2664
-23.2651
-23.264
-23.2631
-23.2624
-23.2617
-23.2613
-23.2613
-23.2615
-23.2618
-23.2621
-23.2626
-23.2633
-23.264
-23.265
-23.2661
-23.2674
-23.269
-23.2709
-23.273
-23.2755
-23.2784
-23.2817
-23.2855
-23.2898
-23.2947
-23.3003
-23.3067
-23.314
-23.3223
-23.3316
-23.3422
-23.3543
-23.3682
-23.3841
-23.4028
-23.4249
-23.4531
-23.498
-23.5656
-23.6302
-23.6643
-23.6802
-23.6742
-23.6403
-23.582
-23.5275
-23.508
-24.0025
-24.0403
-24.0501
-24.0278
-23.9878
-23.9535
-23.9227
-23.9001
-23.8874
-23.8791
-23.8713
-23.8632
-23.8544
-23.8456
-23.837
-23.8288
-23.8211
-23.8138
-23.8071
-23.8009
-23.7952
-23.7901
-23.7855
-23.7813
-23.7775
-23.7742
-23.7712
-23.7685
-23.7662
-23.7641
-23.7623
-23.7607
-23.7593
-23.7581
-23.7571
-23.7562
-23.7555
-23.7548
-23.7545
-23.7545
-23.7548
-23.7551
-23.7555
-23.756
-23.7566
-23.7573
-23.7582
-23.7592
-23.7605
-23.762
-23.7638
-23.7658
-23.7682
-23.7709
-23.7739
-23.7774
-23.7813
-23.7858
-23.7908
-23.7963
-23.8025
-23.8094
-23.817
-23.8254
-23.8346
-23.8446
-23.8555
-23.8673
-23.8798
-23.8928
-23.9076
-23.9323
-23.9796
-24.0327
-24.0652
-24.0869
-24.1005
-24.0919
-24.0614
-24.0263
-24.4716
-24.4908
-24.494
-24.4664
-24.417
-24.3768
-24.3541
-24.3444
-24.3405
-24.3386
-24.3364
-24.3329
-24.3282
-24.3228
-24.3171
-24.3112
-24.3054
-24.2997
-24.2943
-24.2892
-24.2844
-24.28
-24.2759
-24.2722
-24.2689
-24.2658
-24.2631
-24.2607
-24.2585
-24.2566
-24.2549
-24.2534
-24.2521
-24.251
-24.25
-24.2492
-24.2485
-24.2479
-24.2476
-24.2476
-24.2481
-24.2486
-24.2489
-24.2493
-24.2498
-24.2504
-24.2512
-24.2522
-24.2534
-24.2548
-24.2564
-24.2584
-24.2605
-24.263
-24.2659
-24.2691
-24.2726
-24.2766
-24.2809
-24.2858
-24.291
-24.2967
-24.3029
-24.3095
-24.3164
-24.3235
-24.3308
-24.3381
-24.3449
-24.3509
-24.357
-24.3656
-24.3808
-24.4099
-24.4495
-24.5007
-24.5499
-24.5631
-24.5397
-24.5116
-24.9277
-24.934
-24.9311
-24.9088
-24.8709
-24.8394
-24.8209
-24.8131
-24.811
-24.8109
-24.8105
-24.8089
-24.8064
-24.8031
-24.7992
-24.795
-24.7906
-24.7862
-24.7818
-24.7776
-24.7736
-24.7698
-24.7663
-24.763
-24.76
-24.7573
-24.7548
-24.7526
-24.7506
-24.7488
-24.7472
-24.7459
-24.7447
-24.7437
-24.7428
-24.7421
-24.7415
-24.7411
-24.7408
-24.7409
-24.7416
-24.7422
-24.7424
-24.7426
-24.7429
-24.7434
-24.744
-24.7449
-24.746
-24.7473
-24.7489
-24.7506
-24.7527
-24.755
-24.7576
-24.7605
-24.7637
-24.7672
-24.771
-24.7752
-24.7796
-24.7844
-24.7894
-24.7945
-24.7998
-24.805
-24.8099
-24.8145
-24.8185
-24.8215
-24.8242
-24.8286
-24.8371
-24.8546
-24.8881
-24.9374
-24.9844
-25.0008
-24.9903
-24.9754
-25.3845
-25.3842
-25.378
-25.3608
-25.336
-25.3141
-25.3
-25.2933
-25.2911
-25.2907
-25.2904
-25.2896
-25.2881
-25.2859
-25.2832
-25.2801
-25.2768
-25.2733
-25.2697
-25.2663
-25.2629
-25.2597
-25.2566
-25.2537
-25.2511
-25.2486
-25.2464
-25.2444
-25.2425
-25.2409
-25.2395
-25.2382
-25.2371
-25.2362
-25.2355
-25.2349
-25.2345
-25.2343
-25.2342
-25.2343
-25.2351
-25.2359
-25.236
-25.2358
-25.2359
-25.2362
-25.2367
-25.2375
-25.2384
-25.2396
-25.2411
-25.2427
-25.2446
-25.2467
-25.2491
-25.2517
-25.2546
-25.2577
-25.261
-25.2646
-25.2684
-25.2724
-25.2765
-25.2806
-25.2846
-25.2886
-25.2922
-25.2953
-25.298
-25.3001
-25.3022
-25.3056
-25.3129
-25.3276
-25.3531
-25.3881
-25.4201
-25.4355
-25.4351
-25.4305
-25.848
-25.846
-25.8396
-25.8271
-25.8091
-25.7944
-25.784
-25.7784
-25.7759
-25.7749
-25.7743
-25.7735
-25.7723
-25.7708
-25.7687
-25.7664
-25.7637
-25.7609
-25.7581
-25.7552
-25.7523
-25.7495
-25.7469
-25.7444
-25.742
-25.7398
-25.7378
-25.736
-25.7343
-25.7328
-25.7315
-25.7304
-25.7294
-25.7286
-25.728
-25.7276
-25.7274
-25.7275
-25.7277
-25.7278
-25.7285
-25.7298
-25.7296
-25.729
-25.7286
-25.7287
-25.7291
-25.7298
-25.7307
-25.7318
-25.7331
-25.7346
-25.7364
-25.7383
-25.7404
-25.7428
-25.7454
-25.7481
-25.7511
-25.7542
-25.7575
-25.7608
-25.7642
-25.7676
-25.7708
-25.7739
-25.7768
-25.7792
-25.7815
-25.7835
-25.7858
-25.7893
-25.7958
-25.8075
-25.8258
-25.8492
-25.8707
-25.8841
-25.8884
-25.8888
-26.3193
-26.3167
-26.3111
-26.3016
-26.2895
-26.2787
-26.2707
-26.2658
-26.263
-26.2615
-26.2605
-26.2596
-26.2585
-26.2571
-26.2555
-26.2536
-26.2514
-26.2491
-26.2467
-26.2443
-26.2419
-26.2395
-26.2372
-26.235
-26.2329
-26.231
-26.2292
-26.2275
-26.226
-26.2246
-26.2234
-26.2224
-26.2215
-26.2208
-26.2203
-26.2201
-26.2201
-26.2206
-26.2212
-26.2211
-26.2214
-26.2228
-26.2227
-26.2216
-26.2209
-26.221
-26.2213
-26.2218
-26.2227
-26.2237
-26.2249
-26.2264
-26.228
-26.2297
-26.2317
-26.2338
-26.2361
-26.2386
-26.2412
-26.2439
-26.2468
-26.2496
-26.2525
-26.2553
-26.2581
-26.2607
-26.2631
-26.2653
-26.2675
-26.2697
-26.2723
-26.2761
-26.282
-26.2913
-26.3046
-26.3208
-26.3363
-26.347
-26.3521
-26.3538
-26.795
-26.7928
-26.7884
-26.781
-26.7725
-26.7646
-26.7584
-26.7541
-26.7513
-26.7495
-26.7481
-26.747
-26.7459
-26.7446
-26.7432
-26.7415
-26.7397
-26.7378
-26.7358
-26.7337
-26.7316
-26.7296
-26.7275
-26.7256
-26.7238
-26.722
-26.7204
-26.7189
-26.7175
-26.7163
-26.7152
-26.7142
-26.7134
-26.7128
-26.7124
-26.7122
-26.7123
-26.7131
-26.714
-26.7136
-26.7133
-26.7146
-26.7147
-26.7134
-26.7128
-26.7128
-26.7131
-26.7137
-26.7145
-26.7155
-26.7166
-26.718
-26.7194
-26.7211
-26.7229
-26.7248
-26.7269
-26.7291
-26.7314
-26.7338
-26.7363
-26.7388
-26.7413
-26.7438
-26.7461
-26.7484
-26.7506
-26.7528
-26.755
-26.7574
-26.7603
-26.7642
-26.7696
-26.7772
-26.7873
-26.7989
-26.8105
-26.8187
-26.8232
-26.8251
-27.2742
-27.2724
-27.2689
-27.2634
-27.2572
-27.2514
-27.2465
-27.2428
-27.2401
-27.2381
-27.2366
-27.2353
-27.2341
-27.2329
-27.2316
-27.2301
-27.2285
-27.2269
-27.2251
-27.2233
-27.2215
-27.2197
-27.2179
-27.2162
-27.2146
-27.213
-27.2116
-27.2102
-27.209
-27.2078
-27.2068
-27.2059
-27.2052
-27.2046
-27.2042
-27.204
-27.2041
-27.2047
-27.2058
-27.2049
-27.204
-27.2051
-27.2054
-27.2045
-27.2041
-27.2043
-27.2047
-27.2054
-27.2062
-27.2071
-27.2082
-27.2095
-27.2108
-27.2123
-27.214
-27.2158
-27.2176
-27.2196
-27.2217
-27.2238
-27.226
-27.2282
-27.2305
-27.2327
-27.2348
-27.2369
-27.239
-27.2412
-27.2434
-27.2459
-27.2489
-27.2527
-27.2577
-27.264
-27.2717
-27.2804
-27.2888
-27.2952
-27.2991
-27.3009
-27.756
-27.7545
-27.7517
-27.7476
-27.7431
-27.7387
-27.7348
-27.7317
-27.7291
-27.7272
-27.7256
-27.7242
-27.723
-27.7217
-27.7205
-27.7191
-27.7177
-27.7163
-27.7147
-27.7131
-27.7115
-27.71
-27.7084
-27.7069
-27.7054
-27.704
-27.7027
-27.7015
-27.7003
-27.6993
-27.6984
-27.6975
-27.6968
-27.6963
-27.6958
-27.6955
-27.6953
-27.6956
-27.6963
-27.695
-27.694
-27.6949
-27.6954
-27.6952
-27.6953
-27.6957
-27.6963
-27.6969
-27.6977
-27.6987
-27.6997
-27.7009
-27.7022
-27.7036
-27.7051
-27.7067
-27.7084
-27.7102
-27.712
-27.714
-27.7159
-27.7179
-27.7199
-27.7219
-27.7239
-27.7259
-27.728
-27.7301
-27.7323
-27.7349
-27.7378
-27.7414
-27.7458
-27.7511
-27.7571
-27.7637
-27.7699
-27.775
-27.7782
-27.7797
-28.2396
-28.2384
-28.2362
-28.2331
-28.2297
-28.2263
-28.2232
-28.2206
-28.2183
-28.2164
-28.2148
-28.2134
-28.2122
-28.211
-28.2097
-28.2085
-28.2072
-28.2059
-28.2045
-28.2031
-28.2017
-28.2003
-28.1989
-28.1976
-28.1963
-28.195
-28.1938
-28.1927
-28.1917
-28.1907
-28.1898
-28.1891
-28.1884
-28.1878
-28.1873
-28.1869
-28.1866
-28.1864
-28.1862
-28.185
-28.1845
-28.1851
-28.1858
-28.1862
-28.1866
-28.1872
-28.1878
-28.1885
-28.1893
-28.1902
-28.1912
-28.1922
-28.1934
-28.1947
-28.1961
-28.1976
-28.1991
-28.2008
-28.2025
-28.2042
-28.206
-28.2078
-28.2097
-28.2115
-28.2134
-28.2153
-28.2172
-28.2193
-28.2215
-28.224
-28.2268
-28.2302
-28.234
-28.2384
-28.2432
-28.2482
-28.2529
-28.2569
-28.2596
-28.2609
-28.7247
-28.7235
-28.7218
-28.7195
-28.7169
-28.7143
-28.7118
-28.7095
-28.7075
-28.7058
-28.7042
-28.7029
-28.7016
-28.7005
-28.6993
-28.6981
-28.6969
-28.6957
-28.6945
-28.6932
-28.692
-28.6907
-28.6895
-28.6883
-28.6871
-28.686
-28.6849
-28.6839
-28.6829
-28.682
-28.6813
-28.6805
-28.6799
-28.6793
-28.6789
-28.6784
-28.6781
-28.6777
-28.6773
-28.6767
-28.6762
-28.6766
-28.6772
-28.6777
-28.6782
-28.6787
-28.6793
-28.68
-28.6808
-28.6816
-28.6825
-28.6836
-28.6847
-28.6859
-28.6871
-28.6885
-28.6899
-28.6914
-28.6929
-28.6945
-28.6962
-28.6979
-28.6996
-28.7013
-28.703
-28.7048
-28.7067
-28.7087
-28.7109
-28.7132
-28.7159
-28.7189
-28.7222
-28.7259
-28.7298
-28.7337
-28.7373
-28.7405
-28.7426
-28.7437
-29.2106
-29.2097
-29.2084
-29.2066
-29.2046
-29.2025
-29.2005
-29.1986
-29.1968
-29.1952
-29.1938
-29.1925
-29.1913
-29.1902
-29.1891
-29.188
-29.1868
-29.1857
-29.1846
-29.1835
-29.1823
-29.1812
-29.1801
-29.179
-29.1779
-29.1769
-29.1759
-29.175
-29.1742
-29.1734
-29.1726
-29.172
-29.1714
-29.1708
-29.1704
-29.17
-29.1696
-29.1693
-29.169
-29.1686
-29.1684
-29.1686
-29.169
-29.1693
-29.1698
-29.1703
-29.1709
-29.1715
-29.1722
-29.173
-29.1739
-29.1748
-29.1759
-29.177
-29.1781
-29.1794
-29.1807
-29.1821
-29.1835
-29.1849
-29.1864
-29.188
-29.1896
-29.1912
-29.1928
-29.1946
-29.1963
-29.1982
-29.2003
-29.2025
-29.2049
-29.2076
-29.2105
-29.2136
-29.2168
-29.2199
-29.2227
-29.2252
-29.2269
-29.2278
-29.6974
-29.6967
-29.6956
-29.6942
-29.6927
-29.691
-29.6893
-29.6877
-29.6862
-29.6848
-29.6834
-29.6822
-29.6811
-29.68
-29.679
-29.6779
-29.6769
-29.6759
-29.6748
-29.6738
-29.6728
-29.6717
-29.6707
-29.6697
-29.6688
-29.6679
-29.667
-29.6661
-29.6654
-29.6646
-29.6639
-29.6633
-29.6628
-29.6623
-29.6619
-29.6615
-29.6612
-29.6609
-29.6606
-29.6604
-29.6603
-29.6604
-29.6607
-29.661
-29.6614
-29.6618
-29.6624
-29.663
-29.6637
-29.6644
-29.6652
-29.6661
-29.667
-29.668
-29.6691
-29.6703
-29.6715
-29.6727
-29.674
-29.6754
-29.6768
-29.6782
-29.6797
-29.6812
-29.6827
-29.6844
-29.6861
-29.6878
-29.6898
-29.6918
-29.694
-29.6964
-29.6989
-29.7015
-29.7041
-29.7066
-29.7089
-29.7108
-29.7122
-29.713
-30.1848
-30.1842
-30.1834
-30.1823
-30.1811
-30.1797
-30.1783
-30.177
-30.1756
-30.1744
-30.1732
-30.172
-30.171
-30.17
-30.169
-30.168
-30.167
-30.1661
-30.1651
-30.1642
-30.1632
-30.1623
-30.1614
-30.1605
-30.1596
-30.1588
-30.158
-30.1572
-30.1565
-30.1559
-30.1552
-30.1547
-30.1542
-30.1537
-30.1533
-30.153
-30.1527
-30.1524
-30.1523
-30.1521
-30.1521
-30.1522
-30.1523
-30.1526
-30.153
-30.1534
-30.1539
-30.1544
-30.155
-30.1557
-30.1565
-30.1573
-30.1582
-30.1591
-30.1601
-30.1612
-30.1623
-30.1634
-30.1646
-30.1659
-30.1672
-30.1685
-30.1699
-30.1713
-30.1727
-30.1742
-30.1758
-30.1775
-30.1793
-30.1811
-30.1831
-30.1852
-30.1874
-30.1896
-30.1918
-30.1938
-30.1956
-30.1972
-30.1983
-30.199
-30.6727
-30.6722
-30.6716
-30.6707
-30.6697
-30.6686
-30.6675
-30.6663
-30.6652
-30.664
-30.6629
-30.6619
-30.6609
-30.66
-30.6591
-30.6581
-30.6573
-30.6564
-30.6555
-30.6546
-30.6538
-30.6529
-30.6521
-30.6513
-30.6505
-30.6497
-30.649
-30.6483
-30.6477
-30.6471
-30.6465
-30.646
-30.6455
-30.6451
-30.6448
-30.6444
-30.6442
-30.644
-30.6438
-30.6437
-30.6437
-30.6438
-30.6439
-30.6442
-30.6445
-30.6449
-30.6453
-30.6458
-30.6464
-30.647
-30.6477
-30.6485
-30.6493
-30.6501
-30.6511
-30.652
-30.6531
-30.6541
-30.6552
-30.6564
-30.6576
-30.6588
-30.6601
-30.6614
-30.6628
-30.6642
-30.6656
-30.6672
-30.6688
-30.6705
-30.6723
-30.6741
-30.676
-30.6779
-30.6797
-30.6814
-30.6828
-30.6841
-30.685
-30.6856
-31.161
-31.1607
-31.1601
-31.1594
-31.1586
-31.1577
-31.1568
-31.1558
-31.1548
-31.1538
-31.1528
-31.1518
-31.1509
-31.1501
-31.1492
-31.1484
-31.1475
-31.1467
-31.1459
-31.1451
-31.1443
-31.1436
-31.1428
-31.1421
-31.1414
-31.1407
-31.14
-31.1394
-31.1388
-31.1382
-31.1377
-31.1373
-31.1368
-31.1365
-31.1361
-31.1359
-31.1356
-31.1355
-31.1353
-31.1353
-31.1353
-31.1353
-31.1355
-31.1357
-31.136
-31.1363
-31.1367
-31.1372
-31.1377
-31.1383
-31.1389
-31.1396
-31.1404
-31.1412
-31.142
-31.1429
-31.1438
-31.1448
-31.1458
-31.1469
-31.148
-31.1491
-31.1503
-31.1515
-31.1528
-31.1541
-31.1555
-31.1569
-31.1584
-31.1599
-31.1615
-31.1631
-31.1647
-31.1663
-31.1679
-31.1693
-31.1705
-31.1715
-31.1722
-31.1727
-31.6497
-31.6494
-31.649
-31.6484
-31.6477
-31.647
-31.6462
-31.6453
-31.6444
-31.6435
-31.6427
-31.6418
-31.641
-31.6402
-31.6394
-31.6386
-31.6379
-31.6371
-31.6364
-31.6356
-31.6349
-31.6342
-31.6335
-31.6329
-31.6322
-31.6316
-31.631
-31.6304
-31.6299
-31.6294
-31.6289
-31.6285
-31.6281
-31.6278
-31.6275
-31.6273
-31.6271
-31.6269
-31.6268
-31.6267
-31.6267
-31.6268
-31.6269
-31.6271
-31.6274
-31.6277
-31.6281
-31.6285
-31.629
-31.6295
-31.6301
-31.6307
-31.6314
-31.6321
-31.6329
-31.6337
-31.6346
-31.6355
-31.6364
-31.6374
-31.6384
-31.6395
-31.6406
-31.6417
-31.6429
-31.6441
-31.6453
-31.6466
-31.648
-31.6494
-31.6508
-31.6522
-31.6536
-31.655
-31.6563
-31.6574
-31.6584
-31.6593
-31.6599
-31.6603
-32.1386
-32.1384
-32.138
-32.1376
-32.137
-32.1364
-32.1357
-32.1349
-32.1342
-32.1334
-32.1326
-32.1319
-32.1311
-32.1304
-32.1296
-32.1289
-32.1282
-32.1275
-32.1269
-32.1262
-32.1255
-32.1249
-32.1243
-32.1237
-32.1231
-32.1225
-32.122
-32.1214
-32.121
-32.1205
-32.1201
-32.1197
-32.1194
-32.1191
-32.1188
-32.1186
-32.1184
-32.1183
-32.1182
-32.1182
-32.1182
-32.1182
-32.1184
-32.1185
-32.1188
-32.1191
-32.1194
-32.1198
-32.1202
-32.1207
-32.1212
-32.1218
-32.1224
-32.1231
-32.1238
-32.1246
-32.1254
-32.1262
-32.127
-32.1279
-32.1289
-32.1299
-32.1309
-32.1319
-32.133
-32.1341
-32.1352
-32.1364
-32.1376
-32.1388
-32.1401
-32.1413
-32.1426
-32.1437
-32.1448
-32.1458
-32.1467
-32.1474
-32.1479
-32.1482
-32.6277
-32.6275
-32.6272
-32.6269
-32.6264
-32.6259
-32.6253
-32.6246
-32.624
-32.6233
-32.6226
-32.6219
-32.6212
-32.6206
-32.6199
-32.6192
-32.6186
-32.618
-32.6174
-32.6167
-32.6161
-32.6156
-32.615
-32.6144
-32.6139
-32.6134
-32.6129
-32.6125
-32.612
-32.6116
-32.6112
-32.6109
-32.6106
-32.6103
-32.6101
-32.6099
-32.6097
-32.6096
-32.6096
-32.6095
-32.6095
-32.6096
-32.6097
-32.6099
-32.6101
-32.6104
-32.6107
-32.611
-32.6114
-32.6119
-32.6123
-32.6129
-32.6134
-32.6141
-32.6147
-32.6154
-32.6161
-32.6169
-32.6176
-32.6185
-32.6193
-32.6202
-32.6211
-32.6221
-32.6231
-32.6241
-32.6251
-32.6262
-32.6273
-32.6284
-32.6295
-32.6306
-32.6316
-32.6326
-32.6336
-32.6344
-32.6351
-32.6357
-32.6361
-32.6364
-33.117
-33.1169
-33.1166
-33.1163
-33.1159
-33.1155
-33.115
-33.1144
-33.1138
-33.1132
-33.1126
-33.112
-33.1114
-33.1108
-33.1102
-33.1096
-33.109
-33.1084
-33.1079
-33.1073
-33.1068
-33.1062
-33.1057
-33.1052
-33.1048
-33.1043
-33.1039
-33.1034
-33.1031
-33.1027
-33.1024
-33.1021
-33.1018
-33.1016
-33.1013
-33.1012
-33.101
-33.1009
-33.1009
-33.1009
-33.1009
-33.1009
-33.101
-33.1012
-33.1014
-33.1016
-33.1019
-33.1022
-33.1026
-33.103
-33.1034
-33.1039
-33.1044
-33.105
-33.1056
-33.1062
-33.1068
-33.1075
-33.1082
-33.109
-33.1098
-33.1106
-33.1114
-33.1123
-33.1132
-33.1141
-33.115
-33.116
-33.117
-33.1179
-33.1189
-33.1199
-33.1208
-33.1217
-33.1225
-33.1232
-33.1238
-33.1243
-33.1246
-33.1248
-33.6065
-33.6064
-33.6062
-33.6059
-33.6056
-33.6052
-33.6047
-33.6043
-33.6038
-33.6032
-33.6027
-33.6021
-33.6016
-33.601
-33.6005
-33.6
-33.5994
-33.5989
-33.5984
-33.5979
-33.5974
-33.5969
-33.5965
-33.596
-33.5956
-33.5952
-33.5948
-33.5944
-33.5941
-33.5938
-33.5935
-33.5932
-33.593
-33.5927
-33.5926
-33.5924
-33.5923
-33.5922
-33.5922
-33.5921
-33.5922
-33.5922
-33.5923
-33.5924
-33.5926
-33.5928
-33.5931
-33.5934
-33.5937
-33.5941
-33.5945
-33.5949
-33.5954
-33.5959
-33.5964
-33.597
-33.5975
-33.5982
-33.5988
-33.5995
-33.6002
-33.6009
-33.6017
-33.6025
-33.6033
-33.6041
-33.605
-33.6058
-33.6067
-33.6076
-33.6084
-33.6092
-33.61
-33.6108
-33.6115
-33.6121
-33.6126
-33.613
-33.6133
-33.6135
-34.0961
-34.096
-34.0958
-34.0956
-34.0953
-34.095
-34.0946
-34.0942
-34.0937
-34.0933
-34.0928
-34.0923
-34.0918
-34.0913
-34.0908
-34.0903
-34.0899
-34.0894
-34.0889
-34.0885
-34.0881
-34.0876
-34.0872
-34.0868
-34.0864
-34.0861
-34.0857
-34.0854
-34.0851
-34.0848
-34.0845
-34.0843
-34.0841
-34.0839
-34.0837
-34.0836
-34.0835
-34.0834
-34.0834
-34.0834
-34.0834
-34.0835
-34.0835
-34.0837
-34.0838
-34.084
-34.0842
-34.0845
-34.0848
-34.0851
-34.0855
-34.0859
-34.0863
-34.0867
-34.0872
-34.0877
-34.0882
-34.0888
-34.0894
-34.09
-34.0906
-34.0913
-34.092
-34.0927
-34.0934
-34.0942
-34.0949
-34.0957
-34.0964
-34.0972
-34.098
-34.0987
-34.0994
-34.1
-34.1006
-34.1011
-34.1016
-34.1019
-34.1022
-34.1023
-34.5857
-34.5856
-34.5855
-34.5853
-34.5851
-34.5848
-34.5845
-34.5841
-34.5837
-34.5833
-34.5829
-34.5825
-34.582
-34.5816
-34.5812
-34.5807
-34.5803
-34.5799
-34.5795
-34.5791
-34.5787
-34.5783
-34.578
-34.5776
-34.5773
-34.5769
-34.5766
-34.5764
-34.5761
-34.5758
-34.5756
-34.5754
-34.5752
-34.575
-34.5749
-34.5748
-34.5747
-34.5746
-34.5746
-34.5746
-34.5746
-34.5747
-34.5747
-34.5749
-34.575
-34.5752
-34.5754
-34.5756
-34.5759
-34.5761
-34.5765
-34.5768
-34.5772
-34.5776
-34.578
-34.5785
-34.5789
-34.5794
-34.58
-34.5805
-34.5811
-34.5817
-34.5823
-34.5829
-34.5835
-34.5842
-34.5849
-34.5855
-34.5862
-34.5869
-34.5875
-34.5882
-34.5888
-34.5893
-34.5898
-34.5903
-34.5907
-34.591
-34.5912
-34.5913
-35.0755
-35.0754
-35.0753
-35.0751
-35.0749
-35.0747
-35.0744
-35.0741
-35.0738
-35.0734
-35.0731
-35.0727
-35.0723
-35.0719
-35.0715
-35.0711
-35.0708
-35.0704
-35.07
-35.0697
-35.0693
-35.069
-35.0687
-35.0684
-35.0681
-35.0678
-35.0675
-35.0673
-35.0671
-35.0668
-35.0666
-35.0665
-35.0663
-35.0662
-35.066
-35.066
-35.0659
-35.0658
-35.0658
-35.0658
-35.0658
-35.0659
-35.0659
-35.066
-35.0661
-35.0663
-35.0665
-35.0667
-35.0669
-35.0672
-35.0674
-35.0677
-35.0681
-35.0684
-35.0688
-35.0692
-35.0696
-35.07
-35.0705
-35.071
-35.0715
-35.072
-35.0726
-35.0731
-35.0737
-35.0743
-35.0748
-35.0754
-35.076
-35.0766
-35.0772
-35.0777
-35.0782
-35.0787
-35.0791
-35.0795
-35.0798
-35.0801
-35.0803
-35.0804
-35.5653
-35.5652
-35.5651
-35.565
-35.5648
-35.5646
-35.5644
-35.5641
-35.5638
-35.5635
-35.5632
-35.5629
-35.5626
-35.5622
-35.5619
-35.5616
-35.5612
-35.5609
-35.5606
-35.5603
-35.56
-35.5597
-35.5594
-35.5592
-35.5589
-35.5587
-35.5584
-35.5582
-35.558
-35.5578
-35.5577
-35.5575
-35.5574
-35.5573
-35.5572
-35.5571
-35.557
-35.557
-35.557
-35.557
-35.557
-35.557
-35.5571
-35.5572
-35.5573
-35.5574
-35.5575
-35.5577
-35.5579
-35.5581
-35.5584
-35.5586
-35.5589
-35.5592
-35.5596
-35.5599
-35.5603
-35.5606
-35.561
-35.5615
-35.5619
-35.5624
-35.5628
-35.5633
-35.5638
-35.5643
-35.5648
-35.5653
-35.5658
-35.5663
-35.5668
-35.5673
-35.5677
-35.5681
-35.5685
-35.5688
-35.5691
-35.5693
-35.5694
-35.5695
-36.0552
-36.0551
-36.055
-36.0549
-36.0548
-36.0546
-36.0544
-36.0542
-36.0539
-36.0537
-36.0534
-36.0531
-36.0528
-36.0526
-36.0523
-36.052
-36.0517
-36.0514
-36.0512
-36.0509
-36.0506
-36.0504
-36.0502
-36.0499
-36.0497
-36.0495
-36.0493
-36.0492
-36.049
-36.0488
-36.0487
-36.0486
-36.0485
-36.0484
-36.0483
-36.0482
-36.0481
-36.0481
-36.0481
-36.0481
-36.0481
-36.0481
-36.0482
-36.0483
-36.0484
-36.0485
-36.0486
-36.0488
-36.0489
-36.0491
-36.0493
-36.0495
-36.0498
-36.05
-36.0503
-36.0506
-36.0509
-36.0512
-36.0516
-36.0519
-36.0523
-36.0527
-36.0531
-36.0535
-36.054
-36.0544
-36.0548
-36.0553
-36.0557
-36.0561
-36.0565
-36.0569
-36.0573
-36.0576
-36.0579
-36.0582
-36.0584
-36.0586
-36.0587
-36.0588
-36.5451
-36.545
-36.545
-36.5449
-36.5447
-36.5446
-36.5444
-36.5443
-36.5441
-36.5438
-36.5436
-36.5434
-36.5431
-36.5429
-36.5427
-36.5424
-36.5422
-36.542
-36.5417
-36.5415
-36.5413
-36.5411
-36.5409
-36.5407
-36.5405
-36.5404
-36.5402
-36.5401
-36.5399
-36.5398
-36.5397
-36.5396
-36.5395
-36.5394
-36.5394
-36.5393
-36.5393
-36.5392
-36.5392
-36.5392
-36.5392
-36.5393
-36.5393
-36.5394
-36.5394
-36.5395
-36.5396
-36.5398
-36.5399
-36.5401
-36.5402
-36.5404
-36.5406
-36.5408
-36.5411
-36.5413
-36.5416
-36.5418
-36.5421
-36.5424
-36.5427
-36.5431
-36.5434
-36.5437
-36.5441
-36.5445
-36.5448
-36.5452
-36.5455
-36.5459
-36.5462
-36.5466
-36.5469
-36.5472
-36.5474
-36.5476
-36.5478
-36.5479
-36.548
-36.5481
-37.035
-37.035
-37.0349
-37.0348
-37.0347
-37.0346
-37.0345
-37.0344
-37.0342
-37.034
-37.0338
-37.0337
-37.0335
-37.0333
-37.0331
-37.0329
-37.0327
-37.0325
-37.0323
-37.0321
-37.032
-37.0318
-37.0316
-37.0315
-37.0314
-37.0312
-37.0311
-37.031
-37.0309
-37.0308
-37.0307
-37.0306
-37.0306
-37.0305
-37.0304
-37.0304
-37.0304
-37.0303
-37.0303
-37.0303
-37.0303
-37.0304
-37.0304
-37.0305
-37.0305
-37.0306
-37.0307
-37.0308
-37.0309
-37.031
-37.0311
-37.0313
-37.0314
-37.0316
-37.0318
-37.032
-37.0322
-37.0324
-37.0326
-37.0329
-37.0331
-37.0334
-37.0337
-37.034
-37.0342
-37.0345
-37.0348
-37.0351
-37.0354
-37.0357
-37.036
-37.0362
-37.0365
-37.0367
-37.0369
-37.0371
-37.0372
-37.0373
-37.0374
-37.0375
-37.525
-37.5249
-37.5249
-37.5249
-37.5248
-37.5247
-37.5246
-37.5245
-37.5244
-37.5242
-37.5241
-37.5239
-37.5238
-37.5236
-37.5235
-37.5233
-37.5232
-37.523
-37.5229
-37.5228
-37.5226
-37.5225
-37.5224
-37.5223
-37.5222
-37.5221
-37.522
-37.5219
-37.5218
-37.5218
-37.5217
-37.5216
-37.5216
-37.5215
-37.5215
-37.5215
-37.5214
-37.5214
-37.5214
-37.5214
-37.5214
-37.5215
-37.5215
-37.5215
-37.5216
-37.5216
-37.5217
-37.5218
-37.5218
-37.5219
-37.522
-37.5221
-37.5223
-37.5224
-37.5225
-37.5227
-37.5228
-37.523
-37.5232
-37.5233
-37.5235
-37.5237
-37.524
-37.5242
-37.5244
-37.5246
-37.5249
-37.5251
-37.5253
-37.5255
-37.5257
-37.5259
-37.5261
-37.5263
-37.5265
-37.5266
-37.5267
-37.5268
-37.5268
-37.5269
-38.015
-38.0149
-38.0149
-38.0149
-38.0148
-38.0148
-38.0147
-38.0146
-38.0145
-38.0144
-38.0143
-38.0142
-38.0141
-38.014
-38.0139
-38.0138
-38.0137
-38.0136
-38.0135
-38.0134
-38.0133
-38.0132
-38.0131
-38.0131
-38.013
-38.0129
-38.0129
-38.0128
-38.0128
-38.0127
-38.0127
-38.0126
-38.0126
-38.0126
-38.0126
-38.0125
-38.0125
-38.0125
-38.0125
-38.0125
-38.0125
-38.0125
-38.0126
-38.0126
-38.0126
-38.0127
-38.0127
-38.0127
-38.0128
-38.0129
-38.0129
-38.013
-38.0131
-38.0132
-38.0133
-38.0133
-38.0135
-38.0136
-38.0137
-38.0138
-38.014
-38.0141
-38.0142
-38.0144
-38.0146
-38.0147
-38.0149
-38.015
-38.0152
-38.0154
-38.0155
-38.0157
-38.0158
-38.0159
-38.016
-38.0161
-38.0162
-38.0163
-38.0163
-38.0163
-38.505
-38.505
-38.5049
-38.5049
-38.5049
-38.5049
-38.5048
-38.5048
-38.5047
-38.5047
-38.5046
-38.5045
-38.5045
-38.5044
-38.5043
-38.5043
-38.5042
-38.5041
-38.5041
-38.504
-38.504
-38.5039
-38.5039
-38.5038
-38.5038
-38.5038
-38.5038
-38.5037
-38.5037
-38.5037
-38.5037
-38.5037
-38.5036
-38.5036
-38.5036
-38.5036
-38.5036
-38.5036
-38.5036
-38.5036
-38.5036
-38.5036
-38.5036
-38.5036
-38.5037
-38.5037
-38.5037
-38.5037
-38.5038
-38.5038
-38.5038
-38.5039
-38.5039
-38.5039
-38.504
-38.504
-38.5041
-38.5041
-38.5042
-38.5043
-38.5044
-38.5045
-38.5045
-38.5046
-38.5047
-38.5048
-38.5049
-38.505
-38.5051
-38.5052
-38.5053
-38.5054
-38.5055
-38.5055
-38.5056
-38.5057
-38.5057
-38.5057
-38.5058
-38.5058
-38.995
-38.995
-38.995
-38.995
-38.995
-38.9949
-38.9949
-38.9949
-38.9949
-38.9949
-38.9949
-38.9948
-38.9948
-38.9948
-38.9948
-38.9948
-38.9947
-38.9947
-38.9947
-38.9947
-38.9947
-38.9946
-38.9946
-38.9946
-38.9946
-38.9946
-38.9946
-38.9946
-38.9947
-38.9947
-38.9947
-38.9947
-38.9947
-38.9947
-38.9947
-38.9947
-38.9947
-38.9947
-38.9947
-38.9947
-38.9947
-38.9947
-38.9947
-38.9947
-38.9947
-38.9947
-38.9947
-38.9947
-38.9947
-38.9947
-38.9947
-38.9947
-38.9947
-38.9947
-38.9947
-38.9947
-38.9947
-38.9947
-38.9947
-38.9948
-38.9948
-38.9948
-38.9948
-38.9949
-38.9949
-38.9949
-38.995
-38.995
-38.995
-38.9951
-38.9951
-38.9951
-38.9952
-38.9952
-38.9952
-38.9952
-38.9952
-38.9952
-38.9953
-38.9953
)
;

boundaryField
{
    lowerWall
    {
        type            calculated;
        value           nonuniform List<scalar> 
80
(
8398.39
8398.46
8398.33
8397.91
8397.21
8396.28
8395.14
8393.83
8392.38
8390.79
8389.09
8387.28
8385.39
8383.42
8381.38
8379.28
8377.15
8374.99
8372.81
8370.64
8368.5
8366.38
8364.31
8362.3
8360.37
8358.52
8356.77
8355.12
8353.58
8352.16
8350.86
8349.69
8348.65
8347.73
8346.95
8346.29
8345.76
8345.36
8345.09
8344.95
8344.93
8345.04
8345.27
8345.63
8346.11
8346.73
8347.47
8348.34
8349.34
8350.47
8351.72
8353.09
8354.59
8356.19
8357.9
8359.71
8361.61
8363.58
8365.61
8367.7
8369.82
8371.97
8374.12
8376.27
8378.39
8380.47
8382.5
8384.47
8386.36
8388.16
8389.85
8391.44
8392.89
8394.19
8395.31
8396.23
8396.91
8397.32
8397.44
8397.36
)
;
    }
    rightWall
    {
        type            calculated;
        value           nonuniform List<scalar> 
80
(
8188.9
7771.89
7355.07
6938.55
6522.32
6106.38
5690.71
5275.32
4860.21
4445.38
4030.84
3616.6
3202.67
2789.04
2375.65
1962.39
1549.06
1135.43
719.935
305.461
42.622
-10.2441
-10.7211
-11.2043
-11.7033
-12.2217
-12.7547
-13.2601
-13.711
-14.1092
-14.4834
-14.8856
-15.3493
-15.8864
-16.5121
-17.1937
-17.8586
-18.4871
-19.0872
-19.6202
-20.1022
-20.6146
-21.1241
-21.5405
-21.9419
-22.4219
-22.9682
-23.508
-24.0263
-24.5116
-24.9754
-25.4305
-25.8888
-26.3538
-26.8251
-27.3009
-27.7797
-28.2609
-28.7437
-29.2278
-29.713
-30.199
-30.6856
-31.1727
-31.6603
-32.1482
-32.6364
-33.1248
-33.6135
-34.1023
-34.5913
-35.0804
-35.5695
-36.0588
-36.5481
-37.0375
-37.5269
-38.0163
-38.5058
-38.9953
)
;
    }
    atmosphere
    {
        type            calculated;
        value           nonuniform List<scalar> 
80
(
-39.24
-39.24
-39.24
-39.24
-39.24
-39.24
-39.24
-39.24
-39.24
-39.24
-39.24
-39.24
-39.24
-39.24
-39.24
-39.24
-39.24
-39.24
-39.24
-39.24
-39.24
-39.24
-39.24
-39.24
-39.2401
-39.2401
-39.2401
-39.2401
-39.2401
-39.2401
-39.2402
-39.2402
-39.2402
-39.2402
-39.2402
-39.2402
-39.2402
-39.2402
-39.2402
-39.2402
-39.2402
-39.2402
-39.2402
-39.2402
-39.2402
-39.2402
-39.2402
-39.2402
-39.2402
-39.2402
-39.2402
-39.2401
-39.2401
-39.2401
-39.2401
-39.2401
-39.24
-39.24
-39.24
-39.24
-39.24
-39.24
-39.24
-39.24
-39.24
-39.24
-39.24
-39.24
-39.24
-39.24
-39.24
-39.24
-39.24
-39.24
-39.24
-39.24
-39.24
-39.24
-39.24
-39.24
)
;
    }
    leftWall
    {
        type            calculated;
        value           nonuniform List<scalar> 
80
(
8189.93
7772.93
7356.12
6939.61
6523.4
6107.47
5691.81
5276.43
4861.32
4446.5
4031.97
3617.73
3203.8
2790.15
2376.75
1963.46
1550.08
1136.4
720.89
305.959
42.5267
-10.3091
-10.786
-11.2705
-11.7703
-12.2904
-12.8288
-13.3396
-13.7885
-14.1748
-14.5445
-14.9565
-15.4524
-16.0368
-16.6786
-17.3316
-17.9493
-18.5096
-19.0246
-19.5284
-20.0643
-20.5811
-21.0037
-21.3956
-21.8706
-22.4219
-22.9803
-23.5094
-24.0025
-24.4716
-24.9277
-25.3845
-25.848
-26.3193
-26.795
-27.2742
-27.756
-28.2396
-28.7247
-29.2106
-29.6974
-30.1848
-30.6727
-31.161
-31.6497
-32.1386
-32.6277
-33.117
-33.6065
-34.0961
-34.5857
-35.0755
-35.5653
-36.0552
-36.5451
-37.035
-37.525
-38.015
-38.505
-38.995
)
;
    }
    frontAndBack
    {
        type            empty;
    }
}


// ************************************************************************* //
