/*--------------------------------*- C++ -*----------------------------------*\
| =========                 |                                                 |
| \\      /  F ield         | OpenFOAM: The Open Source CFD Toolbox           |
|  \\    /   O peration     | Version:  2412                                  |
|   \\  /    A nd           | Website:  www.openfoam.com                      |
|    \\/     M anipulation  |                                                 |
\*---------------------------------------------------------------------------*/
FoamFile
{
    version     2.0;
    format      ascii;
    arch        "LSB;label=32;scalar=64";
    class       volScalarField;
    location    "5.2";
    object      p_rgh;
}
// * * * * * * * * * * * * * * * * * * * * * * * * * * * * * * * * * * * * * //

dimensions      [1 -1 -2 0 0 0 0];

internalField   nonuniform List<scalar> 
6400
(
13920.4
13920.4
13920.4
13920.4
13920.4
13920.4
13920.4
13920.4
13920.4
13920.4
13920.4
13920.4
13920.4
13920.4
13920.4
13920.4
13920.4
13920.4
13920.4
13920.4
13920.4
13920.4
13920.4
13920.4
13920.4
13920.4
13920.4
13920.4
13920.4
13920.4
13920.4
13920.4
13920.4
13920.4
13920.4
13920.4
13920.4
13920.4
13920.4
13920.4
13920.4
13920.4
13920.4
13920.4
13920.4
13920.4
13920.4
13920.4
13920.4
13920.4
13920.4
13920.4
13920.4
13920.4
13920.4
13920.4
13920.4
13920.4
13920.4
13920.4
13920.4
13920.4
13920.4
13920.4
13920.4
13920.4
13920.4
13920.4
13920.4
13920.4
13920.4
13920.4
13920.4
13920.4
13920.4
13920.4
13920.4
13920.4
13920.4
13920.4
13920.4
13920.4
13920.4
13920.4
13920.4
13920.4
13920.4
13920.4
13920.4
13920.4
13920.4
13920.4
13920.4
13920.4
13920.4
13920.4
13920.4
13920.4
13920.4
13920.4
13920.4
13920.4
13920.4
13920.4
13920.4
13920.4
13920.4
13920.4
13920.4
13920.4
13920.4
13920.4
13920.4
13920.4
13920.4
13920.4
13920.4
13920.4
13920.4
13920.4
13920.4
13920.4
13920.4
13920.4
13920.4
13920.4
13920.4
13920.4
13920.4
13920.4
13920.4
13920.4
13920.4
13920.4
13920.4
13920.4
13920.4
13920.4
13920.4
13920.4
13920.4
13920.4
13920.4
13920.4
13920.4
13920.4
13920.4
13920.4
13920.4
13920.4
13920.4
13920.4
13920.4
13920.4
13920.4
13920.4
13920.4
13920.4
13920.4
13920.4
13920.4
13920.4
13920.4
13920.4
13920.4
13920.4
13920.4
13920.4
13920.4
13920.4
13920.4
13920.4
13920.4
13920.4
13920.4
13920.4
13920.4
13920.4
13920.4
13920.4
13920.4
13920.4
13920.4
13920.4
13920.4
13920.4
13920.4
13920.4
13920.4
13920.4
13920.4
13920.4
13920.4
13920.4
13920.4
13920.4
13920.4
13920.4
13920.4
13920.4
13920.4
13920.4
13920.4
13920.4
13920.4
13920.4
13920.4
13920.4
13920.4
13920.4
13920.4
13920.4
13920.4
13920.4
13920.4
13920.4
13920.4
13920.4
13920.4
13920.4
13920.4
13920.4
13920.4
13920.4
13920.4
13920.4
13920.4
13920.4
13920.4
13920.4
13920.4
13920.4
13920.4
13920.4
13920.4
13920.4
13920.4
13920.4
13920.4
13920.4
13920.4
13920.4
13920.4
13920.4
13920.4
13920.4
13920.4
13920.4
13920.4
13920.4
13920.4
13920.4
13920.4
13920.4
13920.4
13920.4
13920.4
13920.4
13920.4
13920.4
13920.4
13920.4
13920.4
13920.4
13920.4
13920.4
13920.4
13920.4
13920.4
13920.4
13920.4
13920.4
13920.4
13920.4
13920.4
13920.4
13920.4
13920.4
13920.4
13920.4
13920.4
13920.4
13920.4
13920.4
13920.4
13920.4
13920.4
13920.4
13920.4
13920.4
13920.4
13920.4
13920.4
13920.4
13920.4
13920.4
13920.4
13920.4
13920.4
13920.4
13920.4
13920.4
13920.4
13920.4
13920.4
13920.4
13920.4
13920.4
13920.4
13920.4
13920.4
13920.4
13920.4
13920.4
13920.4
13920.4
13920.4
13920.4
13920.4
13920.4
13920.4
13920.4
13920.4
13920.4
13920.4
13920.4
13920.4
13920.4
13920.4
13920.4
13920.4
13920.4
13920.4
13920.4
13920.4
13920.4
13920.4
13920.4
13920.4
13920.4
13920.4
13920.4
13920.4
13920.4
13920.4
13920.4
13920.4
13920.4
13920.4
13920.4
13920.4
13920.4
13920.4
13920.4
13920.4
13920.4
13920.4
13920.4
13920.4
13920.4
13920.4
13920.4
13920.4
13920.4
13920.4
13920.4
13920.4
13920.4
13920.4
13920.4
13920.4
13920.4
13920.4
13920.4
13920.4
13920.4
13920.4
13920.4
13920.4
13920.4
13920.4
13920.4
13920.4
13920.4
13920.4
13920.4
13920.4
13920.4
13920.4
13920.4
13920.4
13920.4
13920.4
13920.4
13920.4
13920.4
13920.4
13920.4
13920.4
13920.4
13920.4
13920.4
13920.4
13920.4
13920.4
13920.4
13920.4
13920.4
13920.4
13920.4
13920.4
13920.4
13920.4
13920.4
13920.4
13920.4
13920.4
13920.4
13920.4
13920.4
13920.4
13920.4
13920.4
13920.4
13920.4
13920.4
13920.4
13920.4
13920.4
13920.4
13920.4
13920.4
13920.4
13920.4
13920.4
13920.4
13920.4
13920.4
13920.4
13920.4
13920.4
13920.4
13920.4
13920.4
13920.4
13920.4
13920.4
13920.4
13920.4
13920.4
13920.4
13920.4
13920.4
13920.4
13920.4
13920.4
13920.4
13920.4
13920.4
13920.4
13920.4
13920.4
13920.4
13920.4
13920.4
13920.4
13920.4
13920.4
13920.4
13920.4
13920.4
13920.4
13920.4
13920.4
13920.4
13920.4
13920.4
13920.4
13920.4
13920.4
13920.4
13920.4
13920.4
13920.4
13920.4
13920.4
13920.4
13920.4
13920.4
13920.4
13920.4
13920.4
13920.4
13920.4
13920.4
13920.4
13920.4
13920.4
13920.4
13920.4
13920.4
13920.4
13920.4
13920.4
13920.4
13920.4
13920.4
13920.4
13920.4
13920.4
13920.4
13920.4
13920.4
13920.4
13920.4
13920.4
13920.4
13920.4
13920.4
13920.4
13920.4
13920.4
13920.4
13920.4
13920.4
13920.4
13920.4
13920.4
13920.4
13920.4
13920.4
13920.4
13920.4
13920.4
13920.4
13920.4
13920.4
13920.4
13920.4
13920.4
13920.4
13920.4
13920.4
13920.4
13920.4
13920.4
13920.4
13920.4
13920.4
13920.4
13920.4
13920.4
13920.4
13920.4
13920.4
13920.4
13920.4
13920.4
13920.4
13920.4
13920.4
13920.4
13920.4
13920.4
13920.4
13920.4
13920.4
13920.4
13920.4
13920.4
13920.4
13920.4
13920.4
13920.4
13920.4
13920.4
13920.4
13920.4
13920.4
13920.4
13920.4
13920.4
13920.4
13920.4
13920.4
13920.4
13920.4
13920.4
13920.4
13920.4
13920.4
13920.4
13920.4
13920.4
13920.4
13920.4
13920.4
13920.4
13920.4
13920.4
13920.4
13920.4
13920.4
13920.4
13920.4
13920.4
13920.4
13920.4
13920.4
13920.4
13920.4
13920.4
13920.4
13920.4
13920.4
13920.4
13920.4
13920.4
13920.4
13920.4
13920.4
13920.4
13920.4
13920.4
13920.4
13920.4
13920.4
13920.4
13920.4
13920.4
13920.4
13920.4
13920.4
13920.4
13920.4
13920.4
13920.4
13920.4
13920.4
13920.4
13920.4
13920.4
13920.4
13920.4
13920.4
13920.4
13920.4
13920.4
13920.4
13920.4
13920.4
13920.4
13920.4
13920.4
13920.4
13920.4
13920.4
13920.4
13920.4
13920.4
13920.4
13920.4
13920.4
13920.4
13920.4
13920.4
13920.4
13920.4
13920.4
13920.4
13920.4
13920.4
13920.4
13920.4
13920.4
13920.4
13920.4
13920.4
13920.4
13920.4
13920.4
13920.4
13920.4
13920.4
13920.4
13920.4
13920.4
13920.4
13920.4
13920.4
13920.4
13920.4
13920.4
13920.4
13920.4
13920.4
13920.4
13920.4
13920.4
13920.4
13920.4
13920.4
13920.4
13920.4
13920.4
13920.4
13920.4
13920.4
13920.4
13920.4
13920.4
13920.4
13920.4
13920.4
13920.4
13920.4
13920.4
13920.4
13920.4
13920.4
13920.4
13920.4
13920.4
13920.4
13920.4
13920.4
13920.4
13920.4
13920.4
13920.4
13920.4
13920.4
13920.4
13920.4
13920.4
13920.4
13920.4
13920.4
13920.4
13920.4
13920.4
13920.4
13920.4
13920.4
13920.4
13920.4
13920.4
13920.4
13920.4
13920.4
13920.4
13920.4
13920.4
13920.4
13920.4
13920.4
13920.4
13920.4
13920.4
13920.4
13920.4
13920.4
13920.4
13920.4
13920.4
13920.4
13920.4
13920.4
13920.4
13920.4
13920.4
13920.4
13920.4
13920.4
13920.4
13920.4
13920.4
13920.4
13920.4
13920.4
13920.4
13920.4
13920.4
13920.4
13920.4
13920.4
13920.4
13920.4
13920.4
13920.4
13920.4
13920.4
13920.4
13920.4
13920.4
13920.4
13920.4
13920.4
13920.4
13920.4
13920.4
13920.4
13920.4
13920.4
13920.4
13920.4
13920.4
13920.4
13920.4
13920.4
13920.4
13920.4
13920.4
13920.4
13920.4
13920.4
13920.4
13920.4
13920.4
13920.4
13920.4
13920.4
13920.4
13920.4
13920.4
13920.4
13920.4
13920.4
13920.4
13920.4
13920.4
13920.4
13920.4
13920.4
13920.4
13920.4
13920.4
13920.4
13920.4
13920.4
13920.4
13920.4
13920.4
13920.4
13920.4
13920.4
13920.4
13920.4
13920.4
13920.4
13920.4
13920.4
13920.4
13920.4
13920.4
13920.4
13920.4
13920.4
13920.4
13920.4
13920.4
13920.4
13920.4
13920.4
13920.4
13920.4
13920.4
13920.4
13920.4
13920.4
13920.4
13920.4
13920.4
13920.4
13920.4
13920.4
13920.4
13920.4
13920.4
13920.4
13920.4
13920.4
13920.4
13920.4
13920.4
13920.4
13920.4
13920.4
13920.4
13920.4
13920.4
13920.4
13920.4
13920.4
13920.4
13920.4
13920.4
13920.4
13920.4
13920.4
13920.4
13920.4
13920.4
13920.4
13920.4
13920.4
13920.4
13920.4
13920.4
13920.4
13920.4
13920.4
13920.4
13920.4
13920.4
13920.4
13920.4
13920.4
13920.4
13920.4
13920.4
13920.4
13920.4
13920.4
13920.4
13920.4
13920.4
13920.4
13920.4
13920.4
13920.4
13920.4
13920.4
13920.4
13920.4
13920.4
13920.4
13920.4
13920.4
13920.4
13920.4
13920.4
13920.4
13920.4
13920.4
13920.4
13920.4
13920.4
13920.4
13920.4
13920.4
13920.4
13920.4
13920.4
13920.4
13920.4
13920.4
13920.4
13920.4
13920.4
13920.4
13920.4
13920.4
13920.4
13920.4
13920.4
13920.4
13920.4
13920.4
13920.4
13920.4
13920.4
13920.4
13920.4
13920.4
13920.4
13920.4
13920.4
13920.4
13920.4
13920.4
13920.4
13920.4
13920.4
13920.4
13920.4
13920.4
13920.4
13920.4
13920.4
13920.4
13920.4
13920.4
13920.4
13920.4
13920.4
13920.4
13920.4
13920.4
13920.4
13920.4
13920.4
13920.4
13920.4
13920.4
13920.4
13920.4
13920.4
13920.4
13920.4
13920.4
13920.4
13920.4
13920.4
13920.4
13920.4
13920.4
13920.4
13920.4
13920.4
13920.4
13920.4
13920.4
13920.4
13920.4
13920.4
13920.4
13920.4
13920.4
13920.4
13920.4
13920.4
13920.4
13920.4
13920.4
13920.4
13920.4
13920.4
13920.4
13920.4
13920.4
13920.4
13920.4
13920.4
13920.4
13920.4
13920.4
13920.4
13920.4
13920.4
13920.4
13920.4
13920.4
13920.4
13920.4
13920.4
13920.4
13920.4
13920.4
13920.4
13920.4
13920.4
13920.4
13920.4
13920.4
13920.4
13920.4
13920.4
13920.4
13920.4
13920.4
13920.4
13920.4
13920.4
13920.4
13920.4
13920.4
13920.4
13920.4
13920.4
13920.4
13920.4
13920.4
13920.4
13920.4
13920.4
13920.4
13920.4
13920.4
13920.4
13920.4
13920.4
13920.4
13920.4
13920.4
13920.4
13920.4
13920.4
13920.4
13920.4
13920.4
13920.4
13920.4
13920.4
13920.4
13920.4
13920.4
13920.4
13920.4
13920.4
13920.4
13920.4
13920.4
13920.4
13920.4
13920.4
13920.4
13920.4
13920.4
13920.4
13920.4
13920.4
13920.4
13920.4
13920.4
13920.4
13920.4
13920.4
13920.4
13920.4
13920.4
13920.4
13920.4
13920.4
13920.4
13920.4
13920.4
13920.4
13920.4
13920.4
13920.4
13920.4
13920.4
13920.4
13920.4
13920.4
13920.4
13920.4
13920.4
13920.4
13920.4
13920.4
13920.4
13920.4
13920.4
13920.4
13920.4
13920.4
13920.4
13920.4
13920.4
13920.4
13920.4
13920.4
13920.4
13920.4
13920.4
13920.4
13920.4
13920.4
13920.4
13920.4
13920.4
13920.4
13920.4
13920.4
13920.4
13920.4
13920.4
13920.4
13920.4
13920.4
13920.4
13920.4
13920.4
13920.4
13920.4
13920.4
13920.4
13920.4
13920.4
13920.4
13920.4
13920.4
13920.4
13920.4
13920.4
13920.4
13920.4
13920.4
13920.4
13920.4
13920.4
13920.4
13920.4
13920.4
13920.4
13920.4
13920.4
13920.4
13920.4
13920.4
13920.4
13920.4
13920.4
13920.4
13920.4
13920.4
13920.4
13920.4
13920.4
13920.4
13920.4
13920.4
13920.4
13920.4
13920.4
13920.4
13920.4
13920.4
13920.4
13920.4
13920.4
13920.4
13920.4
13920.4
13920.4
13920.4
13920.4
13920.5
13920.5
13920.4
13920.4
13920.4
13920.4
13920.4
13920.4
13920.4
13920.4
13920.4
13920.4
13920.4
13920.4
13920.4
13920.4
13920.4
13920.4
13920.4
13920.4
13920.4
13920.4
13920.4
13920.4
13920.4
13920.4
13920.4
13920.4
13920.4
13920.4
13920.4
13920.4
13920.4
13920.4
13920.4
13920.4
13920.4
13920.4
13920.4
13920.4
13920.4
13920.4
13920.4
13920.4
13920.4
13920.4
13920.4
13920.4
13920.4
13920.4
13920.4
13920.4
13920.4
13920.4
13920.4
13920.4
13920.4
13920.4
13920.4
13920.4
13920.4
13920.4
13920.4
13920.4
13920.4
13920.4
13920.4
13920.4
13920.4
13920.4
13920.4
13920.4
13920.4
13920.4
13920.4
13920.4
13920.4
13920.5
13920.5
13920.5
13920.5
13920.5
13920.5
13920.5
13920.5
13920.4
13920.4
13920.4
13920.4
13920.4
13920.4
13920.4
13920.4
13920.4
13920.4
13920.4
13920.4
13920.4
13920.4
13920.4
13920.4
13920.4
13920.4
13920.4
13920.4
13920.4
13920.4
13920.4
13920.4
13920.4
13920.4
13920.4
13920.4
13920.4
13920.4
13920.4
13920.4
13920.4
13920.4
13920.4
13920.4
13920.4
13920.4
13920.4
13920.4
13920.4
13920.4
13920.4
13920.4
13920.4
13920.4
13920.4
13920.4
13920.4
13920.4
13920.4
13920.4
13920.4
13920.4
13920.4
13920.4
13920.4
13920.4
13920.4
13920.4
13920.4
13920.4
13920.4
13920.4
13920.4
13920.4
13920.4
13920.4
13920.4
13920.4
13920.4
13920.5
13920.5
13920.5
13920.5
13920.5
13920.5
13920.5
13920.5
13920.5
13920.4
13920.4
13920.4
13920.4
13920.4
13920.4
13920.4
13920.4
13920.4
13920.4
13920.4
13920.4
13920.4
13920.4
13920.4
13920.4
13920.4
13920.4
13920.4
13920.4
13920.4
13920.4
13920.4
13920.4
13920.4
13920.4
13920.4
13920.4
13920.4
13920.4
13920.4
13920.4
13920.4
13920.4
13920.4
13920.4
13920.4
13920.4
13920.4
13920.4
13920.4
13920.4
13920.4
13920.4
13920.4
13920.4
13920.4
13920.4
13920.4
13920.4
13920.4
13920.4
13920.4
13920.4
13920.4
13920.4
13920.4
13920.4
13920.4
13920.4
13920.4
13920.4
13920.4
13920.4
13920.4
13920.4
13920.4
13920.4
13920.4
13920.4
13920.4
13920.5
13920.5
13920.5
13920.5
13920.5
13920.5
13920.5
13920.5
13920.5
13920.5
13920.4
13920.4
13920.4
13920.4
13920.4
13920.4
13920.4
13920.4
13920.4
13920.4
13920.4
13920.4
13920.4
13920.4
13920.4
13920.4
13920.4
13920.4
13920.4
13920.4
13920.4
13920.4
13920.4
13920.4
13920.4
13920.4
13920.4
13920.4
13920.4
13920.4
13920.4
13920.4
13920.4
13920.4
13920.4
13920.4
13920.4
13920.4
13920.4
13920.4
13920.4
13920.4
13920.4
13920.4
13920.4
13920.4
13920.4
13920.4
13920.4
13920.4
13920.4
13920.4
13920.4
13920.4
13920.4
13920.4
13920.4
13920.4
13920.4
13920.4
13920.4
13920.4
13920.4
13920.4
13920.4
13920.4
13920.4
13920.4
13920.4
13920.4
13920.4
13920.4
13920.4
13920.4
13920.4
13920.4
13920.4
13920.4
13920.4
13920.4
13920.4
13920.4
13920.4
13920.4
13920.4
13920.4
13920.4
13920.4
13920.4
13920.4
13920.4
13920.4
13920.4
13920.4
13920.4
13920.4
13920.4
13920.4
13920.4
13920.4
13920.4
13920.4
13920.4
13920.4
13920.4
13920.4
13920.4
13920.4
13920.4
13920.4
13920.4
13920.4
13920.4
13920.4
13920.4
0.0374369
0.0468636
0.0495943
0.0527078
0.0547783
0.0563424
0.0577719
0.0587563
0.0592747
0.0594048
0.0596744
0.0604937
0.0611286
0.0615073
0.0618969
0.0620466
0.0620552
0.0618212
0.0612978
0.0605034
0.0597395
0.0592943
0.058732
0.0581616
0.0578931
0.0581361
0.0585792
0.0595203
0.0614617
0.0640943
0.0680227
0.0729302
0.078267
0.0839101
0.0897378
0.0953657
0.100298
0.103956
0.105831
0.105975
0.104425
0.101435
0.0968675
0.0906944
0.0835186
0.0761699
0.0698379
0.0639545
0.05852
0.0536365
0.0492411
0.0453987
0.0421376
0.039301
0.0371206
0.035708
0.0346262
0.0341023
0.0340583
0.0340324
0.0340384
0.0340839
0.0350787
0.0361642
0.037979
0.0407845
0.043326
0.0455235
0.0473258
0.0486577
0.0494686
0.0497207
0.0493431
0.0483078
0.0468166
0.0453898
0.0430706
0.0400862
0.0371982
0.028271
0.00541055
0.00543595
0.00548126
0.00554691
0.00563442
0.00574532
0.00588174
0.00604629
0.00624202
0.00647244
0.00674177
0.00705631
0.00742365
0.00785157
0.00835034
0.00893319
0.0096168
0.010422
0.0113722
0.0124915
0.0138079
0.0153633
0.0172068
0.0193778
0.0219118
0.0248614
0.0282847
0.0322299
0.0367583
0.0419228
0.0477738
0.0543713
0.0616716
0.0694986
0.0775714
0.0852568
0.092047
0.0974535
0.101041
0.102566
0.102
0.0994819
0.0952268
0.0896235
0.083177
0.0764052
0.0694791
0.0623702
0.0554309
0.0488627
0.0428071
0.0373606
0.032543
0.0283393
0.0246977
0.0215193
0.0187312
0.0162845
0.0141256
0.0122448
0.0106402
0.0092869
0.00814271
0.00718076
0.00638367
0.00571415
0.00514517
0.00466423
0.00425768
0.00391314
0.00362054
0.00337207
0.00316202
0.00298649
0.00284213
0.00272488
0.00263211
0.00256289
0.00251614
0.00249337
0.00547467
0.00549798
0.00554235
0.00560939
0.00570005
0.00581554
0.00595746
0.00612804
0.00633027
0.00656804
0.00684624
0.00717097
0.00754984
0.00799216
0.00850904
0.00911359
0.00982119
0.0106498
0.01162
0.0127556
0.0140837
0.0156362
0.0174495
0.019563
0.0220208
0.0248744
0.028181
0.0319977
0.0363897
0.0414077
0.0470953
0.0534799
0.0605286
0.0680998
0.0760945
0.0841311
0.0915892
0.0977356
0.101964
0.103931
0.103577
0.100983
0.0963882
0.0902479
0.0831253
0.0755139
0.067831
0.0605517
0.053649
0.0472392
0.041416
0.0362246
0.0316542
0.0276616
0.0241814
0.0211394
0.0184718
0.0161301
0.0140832
0.0123056
0.0107725
0.00945736
0.00833293
0.00737664
0.00656627
0.00587962
0.00529833
0.00480607
0.00438838
0.00403332
0.00373134
0.00347483
0.00325782
0.00307568
0.00292493
0.0028028
0.00270705
0.00263618
0.00258924
0.00256542
0.00541358
0.00543606
0.00547937
0.00554466
0.00563266
0.0057445
0.00588181
0.00604676
0.00624216
0.00647161
0.00673977
0.00705264
0.00741755
0.0078434
0.00834107
0.00892371
0.00960699
0.0104091
0.0113509
0.0124556
0.0137503
0.0152658
0.0170353
0.0190945
0.0214831
0.0242464
0.0274362
0.0311143
0.0353475
0.0402062
0.045763
0.0520855
0.059215
0.0671304
0.0755183
0.0841106
0.0922982
0.0992577
0.104199
0.106611
0.106325
0.103394
0.0981018
0.0910545
0.0829982
0.0746304
0.066504
0.058861
0.0518567
0.0455029
0.0398181
0.0347983
0.0304062
0.026583
0.0232587
0.0203618
0.0178297
0.0156133
0.013675
0.0119845
0.0105168
0.00924928
0.00816007
0.00722768
0.00643314
0.00575879
0.00518724
0.0047027
0.00429154
0.00394247
0.00364616
0.00339503
0.00318299
0.00300526
0.0028581
0.00273869
0.00264505
0.0025758
0.00253001
0.00250697
0.00536106
0.00538301
0.00542498
0.00548808
0.00557297
0.00568065
0.00581256
0.00597064
0.0061575
0.00637654
0.00663214
0.0069298
0.00727641
0.0076804
0.00815202
0.0087036
0.00934973
0.0101074
0.0109959
0.012037
0.0132553
0.0146784
0.0163368
0.0182639
0.0204974
0.0230808
0.026066
0.0295157
0.0335046
0.0381206
0.0434665
0.0496519
0.0567777
0.0649115
0.0740158
0.0837644
0.0934289
0.101882
0.107975
0.111022
0.110821
0.107385
0.100998
0.0924678
0.0829065
0.0732915
0.0642901
0.0562311
0.0491266
0.0428594
0.0373584
0.0325691
0.0284237
0.0248459
0.021756
0.0190773
0.0167438
0.014704
0.0129192
0.0113598
0.0100025
0.00882608
0.00781094
0.00693889
0.00619314
0.00555758
0.00501676
0.00455684
0.00416599
0.0038338
0.00355142
0.0033116
0.00310865
0.00293814
0.00279668
0.00268169
0.00259129
0.00252417
0.00247952
0.00245675
0.00527111
0.00529163
0.00533099
0.00539031
0.00547014
0.00557132
0.00569503
0.00584295
0.00601737
0.00622131
0.00645872
0.0067346
0.00705523
0.00742832
0.00786322
0.00837111
0.0089651
0.00966034
0.010474
0.0114252
0.0125355
0.0138287
0.0153314
0.0170737
0.0190903
0.0214231
0.0241235
0.0272564
0.0309039
0.0351719
0.0401969
0.0461502
0.0532318
0.0616466
0.071597
0.0829887
0.0949447
0.105748
0.113592
0.117574
0.117507
0.113363
0.105331
0.0944914
0.0826169
0.0712243
0.0611184
0.0526297
0.0454425
0.0393202
0.034081
0.0296049
0.0257859
0.0225281
0.0197423
0.0173467
0.0152718
0.0134634
0.0118813
0.0104961
0.00928514
0.00822984
0.00731398
0.00652274
0.00584214
0.00525887
0.00476029
0.00433475
0.00397187
0.00366252
0.00339887
0.00317451
0.00298428
0.00282418
0.00269115
0.0025829
0.00249775
0.00243456
0.00239259
0.00237123
0.00515236
0.00517122
0.00520739
0.0052619
0.00533517
0.00542784
0.00554084
0.00567552
0.00583377
0.00601813
0.00623197
0.00647963
0.00676655
0.00709947
0.00748657
0.00793753
0.0084637
0.00907799
0.00979492
0.0106306
0.0116027
0.0127309
0.014037
0.0155462
0.0172888
0.0193021
0.0216343
0.0243482
0.027528
0.0312901
0.0357981
0.0412835
0.0480597
0.0565653
0.0673406
0.0809157
0.0963276
0.11102
0.121491
0.126717
0.126797
0.121674
0.111093
0.0966632
0.0814048
0.0676766
0.0563044
0.0476145
0.0405506
0.0347492
0.0299227
0.025889
0.022509
0.0196671
0.0172651
0.0152187
0.0134576
0.0119271
0.0105872
0.00940958
0.00837411
0.00746555
0.00667132
0.00598016
0.00538149
0.00486513
0.00442123
0.00404047
0.00371431
0.00343515
0.00319641
0.00299261
0.00281934
0.00267314
0.00255136
0.00245206
0.00237383
0.00231573
0.00227713
0.0022575
0.00500759
0.00502453
0.00505693
0.00510571
0.00517113
0.00525359
0.00535372
0.00547251
0.00561138
0.00577231
0.00595797
0.00617187
0.00641847
0.0067033
0.0070331
0.00741583
0.0078607
0.00837808
0.00897943
0.00967716
0.0104847
0.0114165
0.012489
0.0137209
0.0151355
0.0167627
0.018642
0.0208272
0.0233931
0.0264498
0.0301673
0.0348056
0.0407508
0.0486597
0.0597327
0.0759306
0.097154
0.118954
0.132856
0.139426
0.139709
0.133722
0.119468
0.098215
0.0775861
0.0612258
0.0495735
0.0406915
0.0341395
0.0290079
0.0248471
0.0214349
0.0186272
0.0163066
0.0143728
0.012742
0.0113467
0.0101355
0.00907158
0.00813028
0.00729518
0.00655503
0.00590133
0.00532679
0.00482451
0.00438759
0.00400911
0.00368223
0.00340049
0.003158
0.00294958
0.00277084
0.00261822
0.00248892
0.00238083
0.0022924
0.00222256
0.00217059
0.00213602
0.00211842
0.00483889
0.00485364
0.00488174
0.00492397
0.0049804
0.00505118
0.00513663
0.00523729
0.00535408
0.00548832
0.00564193
0.00581746
0.00601825
0.00624849
0.00651327
0.00681862
0.00717137
0.00757907
0.00804974
0.00859169
0.00921339
0.00992358
0.0107317
0.0116488
0.0126887
0.0138697
0.0152166
0.0167635
0.0185585
0.0206761
0.0232494
0.0265131
0.0308037
0.0367031
0.0463057
0.0641723
0.0919653
0.119924
0.140651
0.15153
0.153245
0.145456
0.126847
0.0971161
0.0677947
0.048969
0.0379302
0.0308102
0.025765
0.0219188
0.0188292
0.016293
0.0142176
0.012526
0.0111381
0.00998144
0.00899672
0.00813956
0.00737946
0.00669724
0.0060817
0.00552649
0.00502771
0.00458238
0.00418747
0.00383958
0.00353481
0.00326897
0.0030378
0.00283721
0.00266351
0.00251352
0.00238461
0.00227475
0.00218241
0.00210652
0.00204634
0.00200142
0.00197149
0.00195623
0.00464886
0.00466121
0.00468459
0.0047196
0.00476613
0.00482407
0.00489337
0.00497412
0.00506668
0.00517168
0.00529019
0.00542374
0.00557446
0.00574507
0.00593893
0.00615994
0.00641246
0.00670098
0.00702987
0.00740302
0.00782355
0.00829378
0.00881542
0.00939005
0.0100197
0.0107072
0.011456
0.0122694
0.0131484
0.0140947
0.0151409
0.0164038
0.0179184
0.0192416
0.021269
0.032409
0.0628506
0.102754
0.132701
0.1517
0.15635
0.14069
0.104193
0.0732032
0.0432512
0.0261306
0.0205635
0.0176964
0.0153141
0.0134461
0.0118961
0.0105344
0.00937473
0.00842385
0.00765234
0.00701675
0.00647568
0.00599694
0.00555933
0.00515122
0.00476783
0.00440846
0.00407426
0.00376676
0.00348694
0.00323494
0.00300998
0.00281051
0.00263453
0.00247983
0.00234427
0.00222591
0.00212315
0.00203474
0.00195981
0.00189776
0.00184828
0.00181116
0.00178637
0.00177369
0.00444043
0.00445021
0.00446854
0.00449585
0.00453182
0.00457606
0.00462814
0.0046877
0.00475449
0.00482844
0.0049097
0.00499878
0.00509651
0.00520409
0.00532307
0.00545523
0.00560233
0.00576578
0.00594621
0.00614296
0.00635361
0.00657372
0.00679661
0.00701342
0.00721263
0.00737861
0.00748836
0.00750556
0.00736881
0.00697445
0.00619154
0.00492072
0.00266052
-0.00322575
-0.0158841
-0.0225227
0.0231336
0.151729
0.172486
0.168442
0.169863
0.15876
0.106237
0.0286655
-0.00704737
-0.0124823
-0.00319532
0.00172151
0.003148
0.00388979
0.00427154
0.00432382
0.0042323
0.0041169
0.00401787
0.00393616
0.00385827
0.00377022
0.00366346
0.00353582
0.00338996
0.00323134
0.00306638
0.00290117
0.00274071
0.00258863
0.00244718
0.00231747
0.00219972
0.0020936
0.00199852
0.00191382
0.00183892
0.00177342
0.00171709
0.00166987
0.00163183
0.00160308
0.00158379
0.00157389
0.0042167
0.0042238
0.00423689
0.00425618
0.00428117
0.00431117
0.00434539
0.00438299
0.00442312
0.00446497
0.00450782
0.00455108
0.00459431
0.00463719
0.00467947
0.00472079
0.00476041
0.00479672
0.0048267
0.00484526
0.00484451
0.00481323
0.00473633
0.00459414
0.004361
0.0040018
0.00346542
0.00267386
0.00150006
-0.000271227
-0.0029341
-0.00677382
-0.0127329
-0.024468
-0.0441257
-0.0542528
-0.0161528
0.302892
0.489082
0.45114
0.398531
0.718795
0.859292
0.0172688
-0.0546641
-0.0542018
-0.0291045
-0.0152553
-0.00960161
-0.00599783
-0.00355719
-0.00202191
-0.000993932
-0.000238336
0.000355267
0.00083638
0.00122376
0.00152492
0.00174626
0.00189631
0.00198583
0.00202665
0.00203042
0.00200769
0.00196729
0.0019162
0.00185956
0.00180099
0.00174286
0.00168665
0.00163328
0.00158335
0.0015373
0.00149557
0.00145857
0.00142679
0.00140067
0.00138066
0.0013671
0.0013601
0.00398089
0.00398528
0.00399302
0.00400418
0.00401801
0.00403357
0.0040497
0.0040651
0.00407833
0.00408785
0.00409207
0.00408935
0.004078
0.00405624
0.00402209
0.00397318
0.0039064
0.00381735
0.00369965
0.00354409
0.00333772
0.003063
0.00269684
0.00220939
0.00156165
0.000700357
-0.000451177
-0.00200755
-0.00415083
-0.00718557
-0.0115197
-0.0175651
-0.0266465
-0.042856
-0.0655308
-0.0741296
-0.0515492
1.29282
1.79186
2.69239
2.49987
2.43056
3.41763
-0.00951061
-0.0908683
-0.0772199
-0.0472375
-0.0299661
-0.0212691
-0.0152426
-0.011009
-0.0081243
-0.00604442
-0.00445825
-0.00320038
-0.00217919
-0.0013462
-0.000672928
-0.000138098
0.000277563
0.000592789
0.000825573
0.000992511
0.00110825
0.00118515
0.00123324
0.00126031
0.00127229
0.00127353
0.00126722
0.00125571
0.00124077
0.00122384
0.00120614
0.00118875
0.00117263
0.00115864
0.00114751
0.00113981
0.00113577
0.0037363
0.00373799
0.00374042
0.00374348
0.00374623
0.00374748
0.00374571
0.00373918
0.00372588
0.00370361
0.00366994
0.00362223
0.00355762
0.00347296
0.0033647
0.00322865
0.0030596
0.00285068
0.0025926
0.0022726
0.00187338
0.00137188
0.000738068
-6.67353e-05
-0.0010928
-0.00240801
-0.00410858
-0.00633499
-0.00930474
-0.0133737
-0.0190062
-0.0266948
-0.0380921
-0.0575488
-0.0819416
-0.091067
-0.0771492
16.0382
8.7214
16.4142
16.2195
4.48234
5.58026
-0.059484
-0.106643
-0.0842871
-0.0579134
-0.0411501
-0.0307632
-0.0231379
-0.0176216
-0.0136565
-0.0106821
-0.00836871
-0.00651825
-0.00501001
-0.00377266
-0.00276009
-0.00193806
-0.00127786
-0.00075371
-0.000342187
-2.23809e-05
0.000223911
0.000412104
0.000554859
0.000662302
0.000742373
0.000801206
0.00084351
0.000872929
0.000892342
0.000904086
0.000910122
0.000912129
0.000911554
0.000909625
0.000907338
0.000905467
0.000904376
0.0034862
0.00348526
0.00348252
0.0034777
0.0034697
0.00345706
0.00343796
0.00341025
0.00337142
0.00331863
0.00324868
0.00315805
0.00304281
0.00289858
0.00272044
0.00250263
0.00223818
0.00191825
0.0015312
0.0010615
0.000488368
-0.000215572
-0.00108587
-0.00216814
-0.00352103
-0.00522226
-0.0073793
-0.0101449
-0.0137479
-0.0185526
-0.0250245
-0.0336832
-0.0461857
-0.0658018
-0.0877943
-0.0973791
-0.0855598
34.5458
730.642
200.623
199.844
636.648
4.39163
-0.0852229
-0.0986217
-0.0828459
-0.0637947
-0.0488158
-0.0377622
-0.029377
-0.0231098
-0.0183806
-0.0147229
-0.0118286
-0.00948838
-0.00756935
-0.00598624
-0.00468028
-0.0036074
-0.00273158
-0.00202151
-0.00144953
-0.000991312
-0.000625837
-0.000335258
-0.000104767
7.76715e-05
0.000221685
0.000334909
0.000423364
0.000491829
0.000544144
0.000583455
0.000612391
0.000633173
0.000647679
0.000657473
0.000663804
0.000667622
0.000669413
0.00323381
0.00323035
0.00322269
0.00321036
0.00319212
0.00316631
0.00313082
0.00308313
0.0030203
0.00293892
0.00283514
0.00270463
0.00254254
0.00234348
0.00210134
0.00180915
0.00145861
0.00103941
0.000538283
-6.22897e-05
-0.000785405
-0.0016614
-0.00272965
-0.00404058
-0.00565832
-0.00766568
-0.0101734
-0.0133334
-0.0173643
-0.022601
-0.0294697
-0.0384357
-0.0508652
-0.0688639
-0.0866258
-0.0934534
-0.0857301
40.917
8591.25
6238.4
6245.17
8366.05
2.06466
-0.0983353
-0.0925259
-0.0838979
-0.0687618
-0.0541062
-0.0426219
-0.0340132
-0.0273708
-0.0221639
-0.0180481
-0.0147375
-0.0120286
-0.00979045
-0.00793213
-0.00638789
-0.00510782
-0.00405121
-0.00318309
-0.00247296
-0.00189417
-0.00142374
-0.00104209
-0.000732839
-0.000482513
-0.000280171
-0.00011699
1.412e-05
0.000118876
0.000201927
0.00026711
0.000317626
0.000356165
0.000384981
0.00040593
0.000420478
0.00042973
0.000434279
0.00298217
0.00297637
0.0029641
0.00294478
0.00291703
0.002879
0.00282837
0.0027623
0.00267748
0.00257002
0.00243553
0.00226902
0.00206489
0.00181689
0.00151806
0.00116051
0.000735074
0.000230623
-0.000367027
-0.00107659
-0.00192229
-0.00293587
-0.00415871
-0.00564401
-0.00745871
-0.00968713
-0.0124376
-0.0158524
-0.0201271
-0.0255467
-0.0324837
-0.0412982
-0.0528245
-0.0692269
-0.0830386
-0.0889867
-0.0820633
48.6156
11426.6
11413.4
11412.5
11430.2
1.64495
-0.0924647
-0.0950876
-0.0889579
-0.074885
-0.0579713
-0.0458359
-0.0372345
-0.0304192
-0.0249716
-0.0206051
-0.0170383
-0.0140862
-0.0116285
-0.00957196
-0.00784972
-0.00641043
-0.00521162
-0.00421656
-0.00339336
-0.00271427
-0.00215525
-0.00169571
-0.00131828
-0.00100856
-0.000754686
-0.000546994
-0.000377589
-0.000240025
-0.000129013
-4.01621e-05
3.01947e-05
8.51339e-05
0.000127219
0.000158545
0.000180759
0.000195091
0.000202224
0.00273416
0.00272621
0.00270975
0.00268407
0.00264769
0.00259862
0.00253435
0.00245183
0.00234741
0.00221687
0.00205537
0.0018574
0.00161681
0.00132673
0.00097955
0.000566845
7.90673e-05
-0.00049504
-0.00116972
-0.00196458
-0.00290365
-0.0040184
-0.0053503
-0.00695359
-0.00889576
-0.0112599
-0.0141484
-0.0176869
-0.022053
-0.0274813
-0.0343071
-0.0429008
-0.0529191
-0.0689656
-0.0796957
-0.0851874
-0.0796668
57.1273
11731.6
11733.7
11732.5
11731.8
6.84054
-0.091168
-0.0978265
-0.09316
-0.0800783
-0.0602005
-0.0477533
-0.0391382
-0.0323108
-0.0268384
-0.0223967
-0.018714
-0.0156378
-0.0130618
-0.0108846
-0.00904542
-0.00749619
-0.00619544
-0.00510612
-0.00419644
-0.00343876
-0.00280892
-0.00228591
-0.00185199
-0.00149234
-0.00119463
-0.000948643
-0.000745969
-0.000579654
-0.000443945
-0.000334045
-0.00024593
-0.00017623
-0.000122142
-8.13897e-05
-5.21886e-05
-3.32143e-05
-2.3716e-05
0.00249237
0.00248253
0.00246234
0.00243102
0.00238701
0.00232824
0.00225207
0.00215525
0.00203396
0.00188369
0.00169929
0.00147493
0.00120405
0.000879385
0.000492914
3.59648e-05
-0.000500948
-0.00112837
-0.00185892
-0.00271491
-0.0037181
-0.00489776
-0.006293
-0.00795905
-0.00996222
-0.012382
-0.015315
-0.0188461
-0.0231669
-0.0284787
-0.035
-0.0431103
-0.0531297
-0.0664159
-0.0758914
-0.0815444
-0.0765863
61.5424
11985
12016.6
12013.8
11978.4
11.9411
-0.0907201
-0.0949262
-0.09107
-0.0797065
-0.0605295
-0.0482765
-0.03952
-0.0331372
-0.0278357
-0.0234533
-0.0197756
-0.0166811
-0.0140938
-0.0118661
-0.00996678
-0.00835536
-0.00699303
-0.0058422
-0.00487282
-0.00405868
-0.00337651
-0.00280511
-0.00232699
-0.00192747
-0.00159415
-0.00131662
-0.00108617
-0.000895572
-0.000738789
-0.000610764
-0.000507241
-0.000424638
-0.000359989
-0.000310896
-0.000275487
-0.000252375
-0.000240764
0.00225916
0.00224766
0.00222426
0.0021881
0.00213757
0.00207055
0.00198434
0.00187561
0.00174035
0.00157394
0.00137104
0.00112565
0.000831025
0.000479721
6.34012e-05
-0.000426627
-0.000999672
-0.00166497
-0.00242677
-0.00332131
-0.00436111
-0.00557217
-0.00698434
-0.0086599
-0.0106625
-0.0130572
-0.0159342
-0.0193978
-0.0235901
-0.0286698
-0.0348257
-0.0424088
-0.0516899
-0.0635541
-0.0720726
-0.0771941
-0.0714198
55.2998
7523.38
10314.7
10293.7
7442.7
14.536
-0.0758113
-0.0850147
-0.0824104
-0.0733992
-0.0575352
-0.0468517
-0.0388999
-0.0328641
-0.0279351
-0.0237841
-0.0202494
-0.0172106
-0.0147638
-0.0125257
-0.0106151
-0.0089855
-0.0076024
-0.00642119
-0.00541778
-0.00456875
-0.0038532
-0.00324848
-0.00273846
-0.00230929
-0.00194886
-0.00164679
-0.00139433
-0.00118417
-0.00101016
-0.000867142
-0.000750747
-0.000657255
-0.00058361
-0.000527358
-0.000486592
-0.000459895
-0.000446446
0.00203653
0.00202366
0.00199759
0.00195741
0.00190152
0.00182778
0.00173349
0.00161532
0.00146916
0.0012903
0.00107341
0.000812467
0.000500773
0.000131138
-0.00030544
-0.000817322
-0.0014143
-0.00210951
-0.00286315
-0.00378181
-0.00483091
-0.00603973
-0.00744126
-0.00908538
-0.0110294
-0.0133374
-0.0160908
-0.0193881
-0.0233491
-0.0281083
-0.0338264
-0.0408322
-0.0493404
-0.0604283
-0.0689462
-0.0733041
-0.061041
31.3834
-0.116372
408.42
400.014
-0.0765615
14.7435
-0.053624
-0.0722773
-0.0703873
-0.0636946
-0.052119
-0.0437977
-0.0371383
-0.0318209
-0.0273629
-0.0235454
-0.0202553
-0.0174143
-0.0149856
-0.0128501
-0.0109949
-0.0093862
-0.00803101
-0.00684508
-0.00583058
-0.00496616
-0.00423797
-0.00361387
-0.00308364
-0.00263481
-0.0022558
-0.00193627
-0.00166763
-0.00144269
-0.00125539
-0.00110061
-0.000974013
-0.000871735
-0.000790725
-0.000728551
-0.000683318
-0.000653618
-0.000638624
0.00182621
0.0018122
0.00178401
0.00174067
0.0016806
0.00160167
0.00150128
0.00137628
0.00122229
0.00103466
0.000808245
0.000537128
0.000214763
-0.000164122
-0.000611422
-0.00113308
-0.00173596
-0.00242761
-0.00320944
-0.00411213
-0.0051427
-0.00632084
-0.00767563
-0.00924878
-0.0110906
-0.0132599
-0.0158285
-0.0188839
-0.022531
-0.026889
-0.0320936
-0.0384658
-0.046217
-0.0567268
-0.066431
-0.071305
-0.0777176
4.59302
-0.0578996
-0.0388405
-0.0329245
-0.0452932
6.89641
-0.0713551
-0.0642078
-0.0608876
-0.0545956
-0.0462273
-0.04001
-0.0346587
-0.0301566
-0.026241
-0.0228244
-0.019833
-0.0172143
-0.0149237
-0.0129085
-0.0111433
-0.00960332
-0.00827135
-0.0071143
-0.00611291
-0.00524642
-0.00453649
-0.00390129
-0.00336134
-0.00290248
-0.00251338
-0.00218335
-0.00190425
-0.00166924
-0.00147252
-0.00130919
-0.0011752
-0.00106626
-0.000979508
-0.000912656
-0.000863866
-0.000831756
-0.000815507
0.00162959
0.0016146
0.00158487
0.00153924
0.00147616
0.00139351
0.00128882
0.00115988
0.00100116
0.000808212
0.000576771
0.000301
-2.52623e-05
-0.000408667
-0.000857378
-0.00137797
-0.00197645
-0.00265936
-0.00343331
-0.00431129
-0.00530427
-0.00642855
-0.00770857
-0.00917872
-0.0108817
-0.0128692
-0.0152023
-0.017956
-0.0212204
-0.0251041
-0.0297194
-0.0353613
-0.0421992
-0.0515593
-0.0613769
-0.0665706
-0.0705287
-0.0529337
-0.0468084
-0.0436535
-0.0409565
-0.041992
-0.0466631
-0.0642379
-0.0561639
-0.0527415
-0.0470668
-0.0409329
-0.0361566
-0.0318388
-0.0280782
-0.0247118
-0.0217223
-0.0190613
-0.0166959
-0.0145954
-0.0127305
-0.0110818
-0.00963036
-0.0083588
-0.00724786
-0.00628111
-0.00544395
-0.00472829
-0.00410619
-0.00357086
-0.00311158
-0.0027214
-0.00238753
-0.00210335
-0.00186273
-0.00166026
-0.0014913
-0.00135321
-0.00123954
-0.00114857
-0.00107826
-0.00102682
-0.0009929
-0.000975657
0.00144764
0.00143191
0.00140124
0.00135419
0.00128928
0.00120463
0.00109779
0.000965947
0.000805031
0.000610755
0.000378517
0.000102963
-0.000221818
-0.000602095
-0.00104453
-0.00155519
-0.00213957
-0.00280282
-0.00355043
-0.0043897
-0.00532904
-0.00638101
-0.00756489
-0.00890779
-0.0104447
-0.0122182
-0.0142787
-0.0166864
-0.0195137
-0.0228579
-0.0268106
-0.0316259
-0.0374214
-0.0452315
-0.0543055
-0.0593682
-0.0587787
-0.0515673
-0.0477417
-0.0430473
-0.0401885
-0.0416898
-0.0435981
-0.0494826
-0.047463
-0.0452803
-0.040758
-0.0362034
-0.0324046
-0.0288815
-0.0257514
-0.0229036
-0.020337
-0.0180176
-0.0159249
-0.014041
-0.0123496
-0.0108381
-0.00949399
-0.00830474
-0.00725709
-0.006339
-0.0055383
-0.00484357
-0.00423996
-0.00371767
-0.00326716
-0.00288018
-0.00254828
-0.00226444
-0.00202283
-0.00181801
-0.00164495
-0.00150832
-0.00139074
-0.00129691
-0.00122432
-0.00117114
-0.00113605
-0.00111796
0.00128089
0.00126478
0.00123367
0.00118594
0.00112027
0.00103489
0.00092751
0.000795312
0.000634859
0.000442176
0.000212828
-5.81513e-05
-0.000376227
-0.000747074
-0.00117633
-0.00166933
-0.00223061
-0.0028639
-0.00357269
-0.00436091
-0.00523365
-0.00619933
-0.00727165
-0.00847074
-0.00982327
-0.0113623
-0.0131271
-0.0151625
-0.0175204
-0.0202785
-0.0235038
-0.0274036
-0.0320889
-0.0382908
-0.0462285
-0.051865
-0.0522743
-0.0488528
-0.0466921
-0.0419604
-0.0385081
-0.0400913
-0.0400195
-0.0419126
-0.0414064
-0.0390359
-0.0352854
-0.0317755
-0.0287005
-0.0258426
-0.0232707
-0.0209087
-0.0187503
-0.0167714
-0.0149593
-0.013305
-0.0118011
-0.0104413
-0.00921876
-0.00812641
-0.00715568
-0.00629796
-0.00554387
-0.00488363
-0.00430702
-0.00380519
-0.00336971
-0.00299307
-0.00266829
-0.00238917
-0.00215044
-0.00194737
-0.00177623
-0.0016351
-0.00151797
-0.00142355
-0.00135007
-0.00129607
-0.00126043
-0.00124179
0.00112967
0.00111355
0.00108243
0.00103472
0.000969253
0.000884384
0.000778014
0.000647547
0.000489932
0.000301574
7.83801e-05
-0.000184166
-0.00049097
-0.000847045
-0.00125725
-0.00172599
-0.00225664
-0.00285157
-0.00351229
-0.00423998
-0.00503661
-0.0059063
-0.00685732
-0.00790295
-0.00906152
-0.0103562
-0.0118151
-0.0134695
-0.0153537
-0.0175201
-0.0200028
-0.0229459
-0.0264651
-0.0310573
-0.037439
-0.0433513
-0.0461492
-0.045525
-0.0436481
-0.0389115
-0.0356413
-0.0377139
-0.0382524
-0.0383176
-0.0366464
-0.0335028
-0.0301916
-0.0274279
-0.0249838
-0.0227371
-0.0206912
-0.0187921
-0.0170278
-0.0153827
-0.013851
-0.0124304
-0.0111205
-0.00992053
-0.00882898
-0.0078432
-0.00695902
-0.00617079
-0.00547197
-0.00485522
-0.00431309
-0.00383814
-0.00342342
-0.00306251
-0.00274946
-0.00247897
-0.00224642
-0.00204777
-0.00187957
-0.00173902
-0.0016228
-0.00152885
-0.00145551
-0.00140146
-0.00136575
-0.00134696
0.000994082
0.000978217
0.000947494
0.000900451
0.000836039
0.000752796
0.000648836
0.000521867
0.000369163
0.000187523
-2.67022e-05
-0.000277524
-0.000569236
-0.000906208
-0.00129251
-0.00173161
-0.00222576
-0.00277602
-0.00338204
-0.00404271
-0.00475705
-0.00552528
-0.0063506
-0.0072398
-0.00820309
-0.00925355
-0.0104074
-0.0116841
-0.0131042
-0.0147002
-0.0164804
-0.0185126
-0.0208654
-0.0237988
-0.0280685
-0.032839
-0.0361576
-0.0368171
-0.0348946
-0.0306484
-0.0284296
-0.0318936
-0.0339312
-0.033789
-0.0311006
-0.0277365
-0.0250731
-0.0230398
-0.0212393
-0.0195932
-0.018062
-0.0166093
-0.0152254
-0.0139039
-0.0126464
-0.0114572
-0.0103417
-0.00930439
-0.00834835
-0.00747483
-0.00668325
-0.00597084
-0.00533368
-0.00476685
-0.00426488
-0.00382205
-0.0034328
-0.00309188
-0.00279435
-0.00253578
-0.00231226
-0.00212034
-0.00195696
-0.0018195
-0.00170553
-0.00161314
-0.00154081
-0.0014874
-0.00145207
-0.00143348
0.000873931
0.000858537
0.000828581
0.000782752
0.000720149
0.000639498
0.000539152
0.000417138
0.000271069
9.81561e-05
-0.000104761
-0.000341155
-0.000614725
-0.000929161
-0.0012878
-0.00169318
-0.00214663
-0.0026479
-0.00319505
-0.00378497
-0.00441408
-0.00507924
-0.00577919
-0.00651504
-0.00728966
-0.00810686
-0.00897088
-0.00988726
-0.0108616
-0.01191
-0.0130312
-0.0142424
-0.0155499
-0.0169735
-0.0190033
-0.0215215
-0.0232189
-0.0230887
-0.0207357
-0.0170027
-0.0165794
-0.0211565
-0.0249895
-0.0257677
-0.0237182
-0.0213467
-0.0197911
-0.0186144
-0.0175131
-0.0164685
-0.0154416
-0.0144165
-0.0133955
-0.0123826
-0.0113877
-0.0104221
-0.00949638
-0.00861997
-0.00779984
-0.00704057
-0.00634455
-0.00571163
-0.00514021
-0.00462751
-0.00416977
-0.00376292
-0.00340273
-0.00308506
-0.00280605
-0.00256207
-0.00234991
-0.0021667
-0.00200988
-0.00187722
-0.00176679
-0.00167696
-0.00160645
-0.00155426
-0.00151973
-0.0015016
0.000768784
0.00075404
0.000725158
0.00068101
0.000620847
0.000543588
0.000447847
0.00033196
0.000193904
3.13156e-05
-0.000158456
-0.000378344
-0.000631452
-0.000920821
-0.00124908
-0.00161796
-0.00202797
-0.00247777
-0.0029641
-0.00348213
-0.00402606
-0.00458996
-0.00516875
-0.0057588
-0.00635703
-0.00696028
-0.00756368
-0.00815998
-0.00873742
-0.00928969
-0.00980339
-0.0102699
-0.0106614
-0.0108388
-0.0109436
-0.0109106
-0.0104349
-0.0084756
-0.00516494
-0.00174937
-0.00263883
-0.00808846
-0.0132338
-0.0154971
-0.0153147
-0.0147639
-0.0145478
-0.0142934
-0.0139111
-0.0134484
-0.0128988
-0.0122726
-0.0115883
-0.0108624
-0.0101132
-0.00935838
-0.00861373
-0.00789247
-0.00720505
-0.00655884
-0.00595856
-0.0054064
-0.00490266
-0.00444636
-0.00403534
-0.00366702
-0.00333834
-0.00304628
-0.00278798
-0.0025606
-0.00236161
-0.00218873
-0.0020399
-0.00191335
-0.00180753
-0.00172115
-0.00165314
-0.0016027
-0.00156931
-0.00155187
0.000678001
0.000664053
0.00063649
0.0005944
0.000537182
0.000463949
0.000373582
0.000264717
0.000135712
-1.53595e-05
-0.000190656
-0.000392575
-0.000623633
-0.000886247
-0.00118241
-0.0015132
-0.00187837
-0.00227578
-0.00270118
-0.00314839
-0.00360985
-0.00407734
-0.00454263
-0.00499796
-0.00543538
-0.00584648
-0.00622084
-0.00654436
-0.00679371
-0.00694131
-0.00695453
-0.0068039
-0.00645427
-0.00570862
-0.00451242
-0.00287151
-0.000436108
0.00319077
0.00748225
0.0108664
0.00945279
0.00380443
-0.00195533
-0.00560058
-0.00744883
-0.00873329
-0.00972509
-0.0103051
-0.0105741
-0.0106303
-0.010505
-0.0102338
-0.00985033
-0.00938276
-0.00885683
-0.00829582
-0.00771968
-0.00714466
-0.00658382
-0.00604676
-0.00554005
-0.00506771
-0.00463167
-0.00423237
-0.00386913
-0.00354058
-0.00324485
-0.0029799
-0.00274375
-0.00253437
-0.00234985
-0.00218851
-0.00204878
-0.00192935
-0.001829
-0.00174677
-0.00168183
-0.00163359
-0.00160163
-0.00158505
0.000600771
0.000587726
0.000561677
0.000521934
0.000468036
0.0003993
0.000314858
0.000213652
9.44105e-05
-4.43589e-05
-0.000204346
-0.000387418
-0.000595519
-0.000830502
-0.00109377
-0.00138588
-0.001706
-0.00205143
-0.00241725
-0.00279637
-0.00318002
-0.00355831
-0.00392077
-0.00425638
-0.00455308
-0.00479779
-0.00497603
-0.00507096
-0.0050562
-0.00489407
-0.00453646
-0.00393355
-0.00304742
-0.00174124
0.000155778
0.00269285
0.00610758
0.010553
0.0153199
0.0187112
0.0173793
0.0121113
0.00636004
0.00187286
-0.00133977
-0.0038525
-0.00565849
-0.00684931
-0.00762676
-0.00809959
-0.00832251
-0.00834839
-0.00822119
-0.00797715
-0.00764783
-0.00726019
-0.00683695
-0.00639662
-0.00595388
-0.00551986
-0.00510251
-0.00470722
-0.00433719
-0.00399406
-0.00367836
-0.00338975
-0.00312743
-0.00289026
-0.00267704
-0.00248646
-0.00231726
-0.00216827
-0.00203844
-0.00192683
-0.00183261
-0.00175507
-0.00169367
-0.00164796
-0.00161768
-0.00160209
0.000536147
0.00052408
0.000499683
0.000462487
0.000412168
0.000348241
0.000270078
0.000176918
6.78417e-05
-5.82261e-05
-0.000202523
-0.000366404
-0.000551282
-0.000758477
-0.000988888
-0.00124263
-0.0015185
-0.00181342
-0.00212213
-0.00243706
-0.00274868
-0.00304618
-0.00331779
-0.00355059
-0.00372983
-0.00383881
-0.00385933
-0.00377262
-0.00355361
-0.00316511
-0.00255631
-0.00167456
-0.0004844
0.0011272
0.00330527
0.00611077
0.00969755
0.0141351
0.0187602
0.0219716
0.0209304
0.016364
0.0110825
0.00643126
0.00271635
-0.000188153
-0.00240729
-0.00400953
-0.00513909
-0.00591031
-0.00639386
-0.00665097
-0.00673028
-0.00667171
-0.00650954
-0.00627257
-0.00598471
-0.00566551
-0.00533054
-0.00499175
-0.00465794
-0.00433541
-0.00402833
-0.0037393
-0.00346977
-0.00322032
-0.00299104
-0.0027816
-0.00259145
-0.00241998
-0.0022665
-0.00213033
-0.00201088
-0.00190757
-0.00181992
-0.00174748
-0.00168995
-0.00164704
-0.00161862
-0.00160413
0.000483075
0.000472032
0.000449372
0.000414845
0.000368258
0.000309307
0.000237596
0.000152638
5.38465e-05
-5.94671e-05
-0.000188102
-0.000332937
-0.000494897
-0.000674798
-0.000873101
-0.00108959
-0.00132281
-0.00156956
-0.0018245
-0.00207993
-0.00232603
-0.00255155
-0.00274419
-0.00289039
-0.00297458
-0.00297835
-0.00288116
-0.00266247
-0.00229914
-0.00175815
-0.000999305
2.7307e-05
0.00135438
0.00305568
0.00523143
0.0079112
0.0111823
0.015095
0.0191405
0.0219382
0.0212142
0.0174463
0.0129204
0.00866578
0.00506948
0.00215866
-0.000118169
-0.00184252
-0.00313476
-0.00408238
-0.00473834
-0.00516051
-0.00539602
-0.00548427
-0.00545911
-0.00534914
-0.00517808
-0.00496536
-0.0047266
-0.00447397
-0.00421666
-0.00396144
-0.00371316
-0.00347513
-0.0032495
-0.00303765
-0.00284033
-0.00265791
-0.00249048
-0.00233797
-0.00220022
-0.00207702
-0.00196815
-0.0018734
-0.00179258
-0.00172551
-0.00167206
-0.00163215
-0.00160572
-0.0015924
0.000440425
0.000430427
0.000409546
0.000377739
0.000334939
0.000281005
0.000215754
0.000138953
5.03194e-05
-5.04811e-05
-0.000163842
-0.00029021
-0.00043005
-0.00058372
-0.0007513
-0.000932297
-0.00112514
-0.00132669
-0.0015318
-0.00173296
-0.00192049
-0.00208308
-0.00220834
-0.00228289
-0.0022916
-0.00221649
-0.00203688
-0.00173181
-0.00128159
-0.000652568
0.00017701
0.00124986
0.00258937
0.00423631
0.00624566
0.00860708
0.0113502
0.0145254
0.0177944
0.0200606
0.0195612
0.0165804
0.0129209
0.00935259
0.00622096
0.00358785
0.00144474
-0.000252566
-0.00158339
-0.00260245
-0.00335342
-0.00388098
-0.00422617
-0.00442465
-0.0045075
-0.00450127
-0.00442829
-0.00430697
-0.00415223
-0.00397593
-0.00378722
-0.00359305
-0.00339862
-0.00320771
-0.00302303
-0.00284652
-0.00267952
-0.00252293
-0.0023774
-0.00224333
-0.00212101
-0.00201063
-0.00191232
-0.00182619
-0.0017523
-0.00169072
-0.0016415
-0.00160469
-0.00158034
-0.00156824
0.000407022
0.000398068
0.000378966
0.000349871
0.000310828
0.000261845
0.000202925
0.000134066
5.52584e-05
-3.35168e-05
-0.000132295
-0.00024113
-0.000360063
-0.000489046
-0.000627813
-0.000775627
-0.000930892
-0.00109067
-0.0012502
-0.00140252
-0.00153846
-0.00164708
-0.00171624
-0.00173307
-0.00168349
-0.00155117
-0.00131707
-0.000960601
-0.000459973
0.0001932
0.00103132
0.00207965
0.00334985
0.00485852
0.00662698
0.00861074
0.0107923
0.0132224
0.0157008
0.0174188
0.0170557
0.014789
0.0119731
0.00915814
0.00660183
0.00435442
0.00244317
0.000866185
-0.000417138
-0.0014368
-0.00222106
-0.00280445
-0.00321943
-0.00349569
-0.00366003
-0.00373576
-0.00374284
-0.00369801
-0.003615
-0.00350488
-0.00337644
-0.00323653
-0.00309045
-0.00294227
-0.00279506
-0.00265117
-0.00251238
-0.00238005
-0.00225524
-0.00213877
-0.00203131
-0.00193337
-0.00184541
-0.00176779
-0.00170081
-0.00164473
-0.00159978
-0.00156611
-0.00154389
-0.00153302
0.000381671
0.00037374
0.000356385
0.000329942
0.000294557
0.000250367
0.00019754
0.000136275
6.67979e-05
-1.06378e-05
-9.57582e-05
-0.000188269
-0.00028784
-0.000394061
-0.000506346
-0.000623749
-0.000744668
-0.000866417
-0.000984776
-0.00109357
-0.00118452
-0.00124747
-0.00127096
-0.00124281
-0.00115017
-0.000978877
-0.000712702
-0.000334101
0.000172755
0.000820809
0.00162632
0.00260513
0.00375966
0.00509131
0.00660031
0.00822021
0.00989875
0.0116824
0.0134589
0.0146714
0.0143897
0.0127398
0.0106635
0.00853636
0.00652904
0.00467367
0.00302667
0.00161823
0.000433894
-0.000537926
-0.00131258
-0.00191495
-0.00236782
-0.00269465
-0.00291732
-0.00305535
-0.00312581
-0.00314331
-0.00312002
-0.003066
-0.00298939
-0.00289673
-0.00279324
-0.00268307
-0.00256951
-0.00245519
-0.00234221
-0.00223226
-0.00212675
-0.00202681
-0.00193341
-0.00184737
-0.00176937
-0.00170001
-0.00163979
-0.00158914
-0.00154841
-0.00151789
-0.0014978
-0.00148816
0.000363177
0.000356234
0.000340564
0.000316673
0.000284793
0.000245171
0.000198115
0.000143993
8.32294e-05
1.6304e-05
-5.62486e-05
-0.000133842
-0.00021583
-0.000301487
-0.000389941
-0.000480057
-0.000570212
-0.000657971
-0.000739691
-0.000810099
-0.000862045
-0.000886562
-0.000873278
-0.00081103
-0.000688268
-0.000492887
-0.00021171
0.00016887
0.000661704
0.00127701
0.00202334
0.00290834
0.00392721
0.00507199
0.00633318
0.00763475
0.00890458
0.0101777
0.0113835
0.0121699
0.0119446
0.0108042
0.00932693
0.00776154
0.00621633
0.00471182
0.00332242
0.00209702
0.00103605
0.000139417
-0.000598408
-0.00119265
-0.00165909
-0.00201469
-0.00227629
-0.0024595
-0.00257835
-0.0026451
-0.00267023
-0.0026626
-0.00262956
-0.00257717
-0.00251043
-0.00243344
-0.00234957
-0.00226159
-0.00217182
-0.0020822
-0.00199436
-0.00190971
-0.00182944
-0.00175459
-0.00168605
-0.00162459
-0.0015709
-0.00152552
-0.00148892
-0.00146148
-0.00144349
-0.00143506
0.000350365
0.000344361
0.000330297
0.000308826
0.000280256
0.000244926
0.000203259
0.000155759
0.000103011
4.56774e-05
-1.54981e-05
-7.96948e-05
-0.000146016
-0.000213471
-0.000280944
-0.000347128
-0.000410365
-0.000468423
-0.000518177
-0.000555241
-0.000573686
-0.000565963
-0.000523131
-0.000435383
-0.000292596
-8.45515e-05
0.000199157
0.000568765
0.00103387
0.00160149
0.00227527
0.00305722
0.00393782
0.00490386
0.00594314
0.00698149
0.00794241
0.00884331
0.00962314
0.0100888
0.0099074
0.00915763
0.00812965
0.00698501
0.00579737
0.0045856
0.00342837
0.00238011
0.00144753
0.000638012
-4.71501e-05
-0.000616229
-0.00107871
-0.00144636
-0.00173118
-0.0019451
-0.00209921
-0.00220347
-0.00226664
-0.00229632
-0.00229899
-0.00228015
-0.00224446
-0.00219586
-0.00213768
-0.00207277
-0.00200354
-0.00193209
-0.00186023
-0.00178951
-0.00172132
-0.00165686
-0.00159718
-0.0015432
-0.00149571
-0.00145538
-0.00142277
-0.00139831
-0.00138235
-0.0013751
0.000342099
0.000336975
0.00032442
0.000305217
0.000279735
0.000248388
0.000211688
0.000170248
0.000124774
7.60698e-05
2.50375e-05
-2.7328e-05
-7.99386e-05
-0.000131601
-0.00018101
-0.000226713
-0.000267009
-0.000299811
-0.000322413
-0.000331205
-0.000321407
-0.000286921
-0.000220415
-0.00011369
4.17987e-05
0.000254471
0.00053237
0.000883067
0.001313
0.00182649
0.00242387
0.00310367
0.00385417
0.00465953
0.00550706
0.00633379
0.00707152
0.00772101
0.00823224
0.00847382
0.00833229
0.00784581
0.007124
0.00627215
0.00534717
0.00437065
0.00341353
0.00252549
0.00171542
0.000994833
0.000369227
-0.000164684
-0.00061155
-0.000978746
-0.00127442
-0.00150713
-0.0016853
-0.00181678
-0.0019087
-0.00196741
-0.00199852
-0.00200692
-0.00199685
-0.00197204
-0.00193569
-0.00189062
-0.00183927
-0.00178382
-0.00172617
-0.00166799
-0.00161078
-0.00155585
-0.00150437
-0.00145736
-0.00141571
-0.00138016
-0.00135134
-0.00132974
-0.00131574
-0.00130961
0.000337292
0.000332984
0.00032183
0.000304728
0.000282096
0.000254404
0.000222231
0.00018627
0.000147316
0.000106274
6.41557e-05
2.20769e-05
-1.87416e-05
-5.69706e-05
-9.11755e-05
-0.000119794
-0.000141094
-0.00015309
-0.000153395
-0.00013902
-0.000106167
-5.00625e-05
3.50451e-05
0.000155668
0.000318662
0.000530693
0.000797872
0.00112555
0.00151767
0.00197631
0.00249979
0.00308437
0.00371818
0.00438492
0.00507068
0.00572733
0.00629991
0.00677214
0.00714735
0.00726987
0.00715239
0.00681669
0.00628796
0.00563459
0.00490246
0.00411393
0.00332478
0.00257519
0.00187589
0.00124002
0.000675017
0.000181162
-0.000242763
-0.000600356
-0.000897418
-0.00113931
-0.00133221
-0.00148209
-0.00159461
-0.00167499
-0.00172797
-0.00175783
-0.00176838
-0.00176303
-0.00174485
-0.00171653
-0.00168049
-0.00163892
-0.00159374
-0.00154669
-0.00149933
-0.00145305
-0.00140908
-0.00136851
-0.00133229
-0.00130123
-0.00127598
-0.00125708
-0.00124493
-0.00123986
0.000334921
0.00033136
0.000321494
0.00030632
0.000286293
0.000261921
0.000233831
0.00020277
0.000169594
0.000135272
0.000100883
6.76154e-05
3.67666e-05
9.74069e-06
-1.19546e-05
-2.67014e-05
-3.27587e-05
-2.82248e-05
-1.09528e-05
2.1568e-05
7.2359e-05
0.000145084
0.000244095
0.000374316
0.000540951
0.000748943
0.00100278
0.001306
0.00166078
0.00206745
0.00252323
0.00302287
0.00355528
0.00410542
0.0046587
0.00517987
0.0056305
0.00599492
0.00625812
0.00633322
0.00623809
0.00598738
0.0055819
0.0050681
0.0044813
0.00384241
0.00319096
0.00255818
0.00195612
0.00139767
0.000890927
0.000438771
4.22113e-05
-0.000300173
-0.000591206
-0.000834689
-0.00103467
-0.00119556
-0.00132172
-0.00141735
-0.0014864
-0.00153254
-0.00155916
-0.00156935
-0.00156593
-0.00155148
-0.00152833
-0.0014986
-0.00146422
-0.00142693
-0.00138831
-0.00134979
-0.00131262
-0.00127794
-0.00124673
-0.00121982
-0.0011979
-0.00118153
-0.00117112
-0.00116704
0.000334033
0.000331147
0.000322455
0.000309036
0.000291369
0.000269987
0.000245547
0.000218827
0.000190717
0.000162219
0.000134446
0.000108615
8.60525e-05
6.81855e-05
5.65402e-05
5.2738e-05
5.8492e-05
7.56177e-05
0.000106068
0.00015199
0.000215813
0.000300331
0.000408749
0.000544636
0.000711605
0.000913238
0.0011525
0.00143151
0.00175111
0.00211045
0.00250612
0.00293232
0.00337918
0.00383342
0.00428128
0.00469694
0.00505431
0.00534039
0.00552757
0.00558303
0.00550497
0.00530357
0.00498197
0.00456995
0.00409386
0.00357156
0.00303045
0.00249468
0.00197611
0.00148659
0.0010342
0.000623294
0.000256173
-6.69677e-05
-0.000346714
-0.000585977
-0.000786967
-0.000952791
-0.00108675
-0.00119216
-0.00127227
-0.00133019
-0.00136885
-0.00139104
-0.00139933
-0.00139611
-0.00138359
-0.00136381
-0.00133865
-0.00130981
-0.00127886
-0.00124722
-0.00121616
-0.00118681
-0.00116017
-0.00113708
-0.00111824
-0.00110421
-0.00109541
-0.00109224
0.000333758
0.000331473
0.000323841
0.000312007
0.000296463
0.000277754
0.00025655
0.000233641
0.00020993
0.000186427
0.000164244
0.000144599
0.000128804
0.000118268
0.00011449
0.000119046
0.000133586
0.000159821
0.000199528
0.000254572
0.00032693
0.00041874
0.000532324
0.000670155
0.00083457
0.00102793
0.001252
0.00150773
0.00179499
0.00211215
0.00245558
0.00281949
0.00319532
0.00357174
0.00393629
0.00427006
0.00455424
0.00477752
0.00491821
0.00495968
0.00489378
0.0047266
0.00446509
0.00412986
0.00373918
0.00330749
0.00285451
0.00239852
0.00195081
0.00152186
0.00111926
0.000747969
0.000411072
0.000109852
-0.000155312
-0.000386026
-0.000583245
-0.000749142
-0.000886131
-0.00099678
-0.00108371
-0.00114952
-0.00119675
-0.00122783
-0.0012451
-0.00125074
-0.00124682
-0.00123526
-0.00121785
-0.00119624
-0.00117194
-0.00114635
-0.00112071
-0.00109615
-0.00107364
-0.00105402
-0.001038
-0.00102612
-0.00101881
-0.00101647
0.000333308
0.000331549
0.000324871
0.00031446
0.000300813
0.000284478
0.000266124
0.000246536
0.00022661
0.000207342
0.000189827
0.000175247
0.000164879
0.000160076
0.000162273
0.000172967
0.000193708
0.000226083
0.000271699
0.000332179
0.000409155
0.000504272
0.000619188
0.000755479
0.000914751
0.00109819
0.00130661
0.00154011
0.00179788
0.00207781
0.0023762
0.00268757
0.00300449
0.00331752
0.003616
0.00388596
0.00411339
0.00428825
0.00439411
0.00442155
0.00436437
0.0042257
0.00401139
0.00373507
0.00341075
0.00305029
0.0026683
0.0022786
0.00189134
0.00151553
0.00115814
0.000824213
0.00051718
0.000238952
-9.79439e-06
-0.00022806
-0.000417793
-0.000579955
-0.000716164
-0.000828351
-0.000918598
-0.000989053
-0.00104188
-0.00107919
-0.00110307
-0.0011155
-0.00111836
-0.00111346
-0.00110246
-0.00108694
-0.00106835
-0.00104801
-0.00102715
-0.00100684
-0.000988039
-0.000971565
-0.000958098
-0.000948173
-0.000942204
-0.00094061
0.000331986
0.000330681
0.000324853
0.000315714
0.000303757
0.000289519
0.000273659
0.000256945
0.00024025
0.00022454
0.00021087
0.000200375
0.000194266
0.000193825
0.000200392
0.000215361
0.000240157
0.000276224
0.000324998
0.000387885
0.000466239
0.000561339
0.000674366
0.000806265
0.000957974
0.00112997
0.00132234
0.00153458
0.00176534
0.00201229
0.00227177
0.0025388
0.00280698
0.00306851
0.0033146
0.00353463
0.00371817
0.00385602
0.00393617
0.00395274
0.00390185
0.00378538
0.00360745
0.00337682
0.00310445
0.00280054
0.00247607
0.00214173
0.00180618
0.00147708
0.00116065
0.000861736
0.000583833
0.000329255
9.92947e-05
-0.00010527
-0.000285111
-0.000440728
-0.000573219
-0.000684015
-0.000774752
-0.000847187
-0.000903134
-0.000944429
-0.00097289
-0.000990293
-0.000998354
-0.000998716
-0.000992938
-0.000982484
-0.000968722
-0.000952913
-0.000936211
-0.000919649
-0.000904141
-0.000890475
-0.000879303
-0.000871137
-0.000866376
-0.000865441
0.000329186
0.000328269
0.000323195
0.000315187
0.000304728
0.000292337
0.000278651
0.000264411
0.000250453
0.000237703
0.000227163
0.000219903
0.000217059
0.000219821
0.000229423
0.000247136
0.00027425
0.000312051
0.000361803
0.000424711
0.000501893
0.000594344
0.000702864
0.000828065
0.00097033
0.00112968
0.0013057
0.00149747
0.00170334
0.00192085
0.00214655
0.00237599
0.00260367
0.00282314
0.00302714
0.00320741
0.00335589
0.00346531
0.00352689
0.00353588
0.00349012
0.00339069
0.00324046
0.00304619
0.0028161
0.00255826
0.00228126
0.00199356
0.00170248
0.00141452
0.00113515
0.000868811
0.000618895
0.000387848
0.000177252
-1.20259e-05
-0.000180266
-0.000327296
-0.000453858
-0.000561004
-0.000650004
-0.000722275
-0.00077933
-0.000822735
-0.000854072
-0.000874912
-0.000886795
-0.000891211
-0.000889588
-0.000883278
-0.000873555
-0.000861596
-0.000848484
-0.000835193
-0.000822587
-0.000811409
-0.000802278
-0.00079568
-0.00079199
-0.000791627
0.000324401
0.000323807
0.000319399
0.000312396
0.000303262
0.000292494
0.000280697
0.000268577
0.000256927
0.000246619
0.000238592
0.000233845
0.000233428
0.000238431
0.000249976
0.000269204
0.000297259
0.000335272
0.000384334
0.000445464
0.000519578
0.000607443
0.000709562
0.000826327
0.000957787
0.00110363
0.00126317
0.0014352
0.00161795
0.00180897
0.00200507
0.0022023
0.00239595
0.00258064
0.00275039
0.00289879
0.00301946
0.00310654
0.00315369
0.00315738
0.00311604
0.00303042
0.00290282
0.00273826
0.0025429
0.00232326
0.00208616
0.00183834
0.00158593
0.00133445
0.00108863
0.000852462
0.000629113
0.000420979
0.000229781
5.67433e-05
-9.89001e-05
-0.000235897
-0.000354914
-0.000456718
-0.000542271
-0.000612701
-0.000669252
-0.000713247
-0.000746047
-0.000769031
-0.000783565
-0.000790986
-0.000792587
-0.000789605
-0.000783207
-0.000774483
-0.000764435
-0.00075397
-0.000743893
-0.000734899
-0.000727565
-0.000722347
-0.000719595
-0.000719719
0.000317218
0.000316886
0.000313065
0.000306954
0.000298991
0.000289648
0.000279492
0.000269186
0.000259472
0.000251162
0.000245128
0.00024229
0.000243607
0.000250067
0.000262677
0.000282447
0.000310382
0.000347455
0.000394594
0.000452647
0.000522353
0.000604308
0.000698741
0.000805957
0.000925755
0.00105765
0.00120079
0.00135387
0.00151509
0.00168213
0.00185206
0.00202143
0.00218618
0.00234182
0.00248348
0.00260602
0.00270441
0.00277401
0.00281012
0.00281014
0.00277284
0.00269886
0.00259005
0.0024501
0.00228379
0.00209634
0.00189319
0.0016798
0.00146126
0.00124223
0.00102682
0.000818508
0.000620168
0.000434015
0.000261613
0.000103664
-3.73724e-05
-0.000163172
-0.00027351
-0.000368762
-0.000449607
-0.000516917
-0.000571705
-0.000615075
-0.000648191
-0.000672247
-0.000688446
-0.000697976
-0.000701995
-0.00070162
-0.000697913
-0.000691867
-0.000684402
-0.00067635
-0.000668455
-0.000661356
-0.000655587
-0.00065157
-0.000649624
-0.000650152
0.000307322
0.000307197
0.000303892
0.000298571
0.000291646
0.000283554
0.000274825
0.000266071
0.000257978
0.000251294
0.000246819
0.000245391
0.000247878
0.000255167
0.000268149
0.000287712
0.000314723
0.000350012
0.000394353
0.000448436
0.000512832
0.000587948
0.000674053
0.000771137
0.000878907
0.000996804
0.00112392
0.00125894
0.00140015
0.00154537
0.00169202
0.00183704
0.00197698
0.00210809
0.00222637
0.0023277
0.00240807
0.00246386
0.00249155
0.00248909
0.00245566
0.00239176
0.0022988
0.00217967
0.00203807
0.00187814
0.00170429
0.00152092
0.00133225
0.00114223
0.000954358
0.000771694
0.000596771
0.000431627
0.000277814
0.000136431
8.53917e-06
-0.000105963
-0.000207048
-0.000294969
-0.000370218
-0.000433467
-0.000485532
-0.000527328
-0.00055984
-0.000584095
-0.000601139
-0.000612019
-0.000617762
-0.000619368
-0.000617789
-0.000613923
-0.000608604
-0.000602588
-0.00059655
-0.000591076
-0.000586652
-0.000583663
-0.0005824
-0.000583251
0.000294495
0.000294526
0.000291673
0.000287054
0.000281049
0.000274061
0.000266574
0.000259151
0.000252416
0.000247051
0.00024378
0.00024336
0.000246568
0.000254189
0.000267009
0.000285798
0.000311298
0.000344206
0.000385159
0.000434707
0.000493285
0.000561165
0.000638558
0.000725303
0.000821071
0.000925261
0.00103696
0.00115495
0.0012776
0.001403
0.00152881
0.00165242
0.00177088
0.00188107
0.0019797
0.00206345
0.00212913
0.00217388
0.00219505
0.00219113
0.0021614
0.00210633
0.00202707
0.00192582
0.00180549
0.00166937
0.00152102
0.00136401
0.00120186
0.00103784
0.000874939
0.000715806
0.00056268
0.000417393
0.000281398
0.000155801
4.12756e-05
-6.17904e-05
-0.000153307
-0.000233422
-0.000302483
-0.000361005
-0.000409637
-0.000449131
-0.000480315
-0.000504063
-0.000521277
-0.000532871
-0.000539748
-0.00054279
-0.000542846
-0.000540717
-0.000537149
-0.000532822
-0.000528345
-0.000524243
-0.000520958
-0.000518835
-0.000518137
-0.000519234
0.000278613
0.000278752
0.000276296
0.000272302
0.000267118
0.000261107
0.000254709
0.000248431
0.000242837
0.00023854
0.000236189
0.000236457
0.000240032
0.000247607
0.000259863
0.000277463
0.000301035
0.00033116
0.000368352
0.000413047
0.000465564
0.000526077
0.000594686
0.000671206
0.000755276
0.000846287
0.000943389
0.00104544
0.00115102
0.0012584
0.00136555
0.00147023
0.00156997
0.00166217
0.00174412
0.00181316
0.00186675
0.00190263
0.0019188
0.00191403
0.00188788
0.0018407
0.00177338
0.00168767
0.00158582
0.00147049
0.00134451
0.00121081
0.00107226
0.000931602
0.000791359
0.000653787
0.000520848
0.000394163
0.000275036
0.000164476
6.31581e-05
-2.8527e-05
-0.000110374
-0.000182436
-0.000244945
-0.000298288
-0.000342978
-0.000379626
-0.00040892
-0.000431599
-0.000448435
-0.000460215
-0.000467724
-0.000471736
-0.000472994
-0.000472208
-0.000470038
-0.000467088
-0.000463898
-0.000460937
-0.000458598
-0.00045719
-0.000456944
-0.000458216
0.000259641
0.000259847
0.00025774
0.000254306
0.000249857
0.000244717
0.000239279
0.000233995
0.000229367
0.000225937
0.000224279
0.000224986
0.00022866
0.000235903
0.000247301
0.000263419
0.000284782
0.000311868
0.00034509
0.000384787
0.00043119
0.00048436
0.000544355
0.000610965
0.000683825
0.000762361
0.000845785
0.000933087
0.001023
0.00111403
0.00120445
0.00129235
0.0013757
0.00145231
0.00152001
0.00157664
0.00162018
0.00164885
0.00166113
0.00165607
0.00163334
0.00159322
0.00153644
0.00146433
0.0013787
0.00128163
0.00117541
0.0010624
0.000944956
0.000825345
0.000705669
0.000587842
0.000473544
0.000364213
0.000260975
0.000164739
7.61733e-05
-4.35803e-06
-7.66011e-05
-0.000140533
-0.000196298
-0.000244178
-0.000284573
-0.000317977
-0.000344954
-0.000366123
-0.000382136
-0.000393665
-0.000401386
-0.000405966
-0.000408053
-0.000408264
-0.000407177
-0.000405321
-0.00040317
-0.000401137
-0.000399568
-0.000398733
-0.000398835
-0.000400216
0.000237635
0.000237871
0.000236072
0.000233143
0.000229357
0.000225
0.000220417
0.000216003
0.000212198
0.000209476
0.000208336
0.000209291
0.000212863
0.000219566
0.0002299
0.000244337
0.000263313
0.000287216
0.000316373
0.000351043
0.000391425
0.000437384
0.000489058
0.000546197
0.000608433
0.000675259
0.000745966
0.00081967
0.000895275
0.000971506
0.00104692
0.00111993
0.00118884
0.0012519
0.00130732
0.00135339
0.0013885
0.00141126
0.00142051
0.00141555
0.00139607
0.00136232
0.00131489
0.00125481
0.00118349
0.00110258
0.00101391
0.000919371
0.000820874
0.000720271
0.000619306
0.000519574
0.000422496
0.0003293
0.000240986
0.000158344
8.19904e-05
1.22612e-05
-5.05629e-05
-0.000106412
-0.000155364
-0.000197622
-0.000233494
-0.000263369
-0.000287709
-0.000307023
-0.000321857
-0.000332777
-0.000340357
-0.000345165
-0.000347757
-0.000348663
-0.00034838
-0.000347366
-0.000346031
-0.000344733
-0.000343771
-0.00034338
-0.000343733
-0.000345161
0.000212728
0.000212964
0.000211438
0.000208969
0.000205788
0.000202142
0.000198327
0.000194685
0.000191591
0.000189452
0.000188694
0.000189756
0.000193078
0.000199094
0.000208222
0.000220853
0.000237342
0.000257997
0.000283067
0.00031273
0.000347055
0.000386205
0.000429948
0.000478106
0.000530358
0.000586246
0.00064517
0.000706367
0.000768914
0.000831749
0.000893682
0.000953417
0.00100958
0.00106076
0.00110553
0.00114254
0.00117052
0.0011884
0.0011953
0.00119066
0.00117426
0.00114631
0.00110724
0.00105787
0.000999295
0.000932796
0.000859812
0.000781854
0.000700447
0.000617089
0.000533197
0.000450081
0.000368921
0.000290744
0.000216432
0.000146658
8.20325e-05
2.26273e-05
-3.10343e-05
-7.89228e-05
-0.000121081
-0.000157648
-0.000188854
-0.000215005
-0.000236471
-0.000253665
-0.000267036
-0.000277055
-0.0002842
-0.000288948
-0.000291766
-0.000293103
-0.00029338
-0.000292985
-0.000292267
-0.000291529
-0.000291028
-0.000290964
-0.00029148
-0.000292899
0.000185133
0.000185342
0.000184064
0.000182017
0.000179393
0.0001764
0.000173285
0.000170334
0.000167862
0.00016621
0.000165732
0.000166794
0.00016976
0.000174988
0.00018282
0.000193572
0.000207528
0.000224928
0.000245959
0.000270746
0.000299342
0.000331796
0.000367943
0.000407596
0.000450469
0.000496161
0.000544165
0.000593845
0.00064445
0.000695118
0.000744892
0.000792739
0.000837569
0.000878267
0.000913725
0.000942885
0.000964778
0.000978577
0.000983622
0.000979504
0.000966029
0.00094336
0.000911848
0.000872107
0.000824965
0.000771416
0.000712571
0.000649606
0.000583721
0.000516096
0.000447863
0.000380074
0.000313684
0.000249537
0.00018835
0.000130684
7.68993e-05
2.77506e-05
-1.69611e-05
-5.70449e-05
-9.2478e-05
-0.000123343
-0.000149806
-0.000172102
-0.000190519
-0.000205389
-0.000217073
-0.000225952
-0.000232418
-0.000236863
-0.000239672
-0.000241213
-0.000241837
-0.000241865
-0.000241587
-0.000241256
-0.000241084
-0.000241242
-0.000241844
-0.000243202
0.000155126
0.000155292
0.000154239
0.000152587
0.000150484
0.000148097
0.000145627
0.000143305
0.000141386
0.000140145
0.000139869
0.000140851
0.000143385
0.000147756
0.000154235
0.000163071
0.000174483
0.000188653
0.000205717
0.000225758
0.000248801
0.000274839
0.000303744
0.000335336
0.000369369
0.000405514
0.000443357
0.000482389
0.000522017
0.000561568
0.000600301
0.000637417
0.000672082
0.000703446
0.000730671
0.000752958
0.000769583
0.000779929
0.000783512
0.000780026
0.00076933
0.00075154
0.000726917
0.000695917
0.000659152
0.000617364
0.000571386
0.000522108
0.00047044
0.000417289
0.000363525
0.000309967
0.000257362
0.000206379
0.000157592
0.000111491
6.84488e-05
2.87656e-05
-7.36457e-06
-3.98484e-05
-6.86604e-05
-9.38501e-05
-0.000115534
-0.000133887
-0.000149129
-0.000161517
-0.000171335
-0.000178882
-0.000184469
-0.000188408
-0.000191007
-0.00019256
-0.000193349
-0.000193631
-0.00019364
-0.000193579
-0.000193622
-0.000193909
-0.000194524
-0.000195777
0.000123046
0.000123155
0.000122315
0.000121039
0.000119429
0.000117613
0.000115745
0.000114002
0.00011258
0.000111692
0.000111556
0.0001124
0.000114445
0.000117911
0.000123001
0.000129902
0.000138777
0.000149756
0.000162933
0.000178355
0.000196023
0.0002159
0.000237873
0.000261789
0.000287445
0.000314595
0.000342915
0.000372019
0.000401465
0.000430758
0.000459353
0.000486669
0.000512101
0.000535039
0.000554879
0.000571051
0.000583041
0.000590411
0.000592823
0.000590057
0.000582016
0.000568774
0.000550516
0.000527559
0.000500335
0.000469367
0.000435248
0.000398613
0.00036012
0.000320424
0.000280162
0.000239935
0.000200301
0.000161759
0.000124749
8.9655e-05
5.67785e-05
2.63518e-05
-1.44154e-06
-2.65035e-05
-4.87995e-05
-6.83539e-05
-8.52447e-05
-9.95958e-05
-0.000111568
-0.000121353
-0.000129162
-0.000135221
-0.000139765
-0.000143031
-0.000145253
-0.000146657
-0.000147456
-0.000147849
-0.000148015
-0.00014811
-0.000148269
-0.000148602
-0.000149165
-0.00015027
8.9274e-05
8.93216e-05
8.86917e-05
8.77826e-05
8.66483e-05
8.53767e-05
8.40761e-05
8.2872e-05
8.19035e-05
8.132e-05
8.12772e-05
8.19336e-05
8.34468e-05
8.59692e-05
8.9644e-05
9.46003e-05
0.000100949
0.000108777
0.00011814
0.000129057
0.0001415
0.000155421
0.000170718
0.000187269
0.000204935
0.000223529
0.000242825
0.000262563
0.000282445
0.000302142
0.000321297
0.00033953
0.000356448
0.000371655
0.000384761
0.000395397
0.000403233
0.000407987
0.000409442
0.000407464
0.000401975
0.000393023
0.000380724
0.000365276
0.00034695
0.000326078
0.000303041
0.000278247
0.000252123
0.000225097
0.000197588
0.000169995
0.000142691
0.000116016
9.02768e-05
6.57466e-05
4.26569e-05
2.12062e-05
1.54104e-06
-1.62478e-05
-3.21178e-05
-4.60747e-05
-5.81652e-05
-6.84708e-05
-7.71009e-05
-8.41859e-05
-8.98726e-05
-9.43183e-05
-9.7687e-05
-0.000100144
-0.000101855
-0.000102976
-0.00010366
-0.000104047
-0.000104261
-0.000104415
-0.000104606
-0.000104914
-0.000105368
-0.000106282
5.42326e-05
5.42303e-05
5.38229e-05
5.3279e-05
5.2608e-05
5.18608e-05
5.11015e-05
5.04045e-05
4.98525e-05
4.95344e-05
4.95424e-05
4.99708e-05
5.09129e-05
5.24587e-05
5.46923e-05
5.76892e-05
6.15132e-05
6.62145e-05
7.18237e-05
7.83417e-05
8.56974e-05
9.38104e-05
0.000102621
0.000112054
0.000122
0.00013235
0.000142979
0.000153749
0.000164505
0.000175078
0.000185288
0.000194945
0.000203851
0.000211809
0.000218627
0.000224121
0.000228129
0.000230509
0.000231153
0.000229993
0.000226984
0.000222143
0.00021552
0.000207208
0.000197335
0.000186058
0.000173561
0.000160045
0.000145722
0.000130808
0.000115517
0.000100058
8.46264e-05
6.94054e-05
5.45642e-05
4.02608e-05
2.6661e-05
1.39867e-05
2.27027e-06
-8.36314e-06
-1.78719e-05
-2.62532e-05
-3.35313e-05
-3.9752e-05
-4.49779e-05
-4.92848e-05
-5.27584e-05
-5.5491e-05
-5.75791e-05
-5.91204e-05
-6.02119e-05
-6.09478e-05
-6.14173e-05
-6.17037e-05
-6.18819e-05
-6.20181e-05
-6.21725e-05
-6.23956e-05
-6.26874e-05
-6.33562e-05
1.83069e-05
1.8291e-05
1.81444e-05
1.79684e-05
1.77532e-05
1.75157e-05
1.72767e-05
1.70608e-05
1.68952e-05
1.68089e-05
1.68321e-05
1.69963e-05
1.73318e-05
1.78681e-05
1.86326e-05
1.96493e-05
2.09368e-05
2.2516e-05
2.43993e-05
2.66025e-05
2.89932e-05
3.14174e-05
3.3857e-05
3.62665e-05
3.86066e-05
4.08494e-05
4.29726e-05
4.49569e-05
4.67867e-05
4.84498e-05
4.99367e-05
5.12404e-05
5.23557e-05
5.32785e-05
5.40058e-05
5.45344e-05
5.48601e-05
5.49776e-05
5.48798e-05
5.45584e-05
5.40003e-05
5.31949e-05
5.21304e-05
5.0795e-05
4.91785e-05
4.72728e-05
4.50733e-05
4.25795e-05
3.97958e-05
3.67321e-05
3.3404e-05
2.9832e-05
2.60422e-05
2.20664e-05
1.79428e-05
1.37232e-05
9.46539e-06
5.27054e-06
1.351e-06
-2.1969e-06
-5.37401e-06
-8.18166e-06
-1.06276e-05
-1.27261e-05
-1.44967e-05
-1.59636e-05
-1.71544e-05
-1.80988e-05
-1.88281e-05
-1.93744e-05
-1.97692e-05
-2.00435e-05
-2.02266e-05
-2.03459e-05
-2.04261e-05
-2.0489e-05
-2.05554e-05
-2.06443e-05
-2.0747e-05
-2.10368e-05
)
;

boundaryField
{
    lowerWall
    {
        type            fixedFluxPressure;
        gradient        uniform 0;
        value           nonuniform List<scalar> 
80
(
13920.4
13920.4
13920.4
13920.4
13920.4
13920.4
13920.4
13920.4
13920.4
13920.4
13920.4
13920.4
13920.4
13920.4
13920.4
13920.4
13920.4
13920.4
13920.4
13920.4
13920.4
13920.4
13920.4
13920.4
13920.4
13920.4
13920.4
13920.4
13920.4
13920.4
13920.4
13920.4
13920.4
13920.4
13920.4
13920.4
13920.4
13920.4
13920.4
13920.4
13920.4
13920.4
13920.4
13920.4
13920.4
13920.4
13920.4
13920.4
13920.4
13920.4
13920.4
13920.4
13920.4
13920.4
13920.4
13920.4
13920.4
13920.4
13920.4
13920.4
13920.4
13920.4
13920.4
13920.4
13920.4
13920.4
13920.4
13920.4
13920.4
13920.4
13920.4
13920.4
13920.4
13920.4
13920.4
13920.4
13920.4
13920.4
13920.4
13920.4
)
;
    }
    rightWall
    {
        type            zeroGradient;
    }
    atmosphere
    {
        type            totalPressure;
        rho             rho;
        psi             none;
        gamma           1;
        p0              uniform 0;
        value           nonuniform List<scalar> 
80
(
0
0
0
0
0
0
0
0
0
0
0
0
0
0
0
0
0
0
0
0
-4.74208e-08
-3.98636e-07
-1.11022e-06
-2.19266e-06
-3.641e-06
-5.43579e-06
-7.54803e-06
-9.93676e-06
-1.25485e-05
-1.53184e-05
-1.8171e-05
-2.10222e-05
-2.37822e-05
-2.63585e-05
-2.86597e-05
-3.06e-05
-3.21032e-05
-3.31073e-05
-3.35679e-05
-3.34619e-05
-3.279e-05
-3.15746e-05
-2.986e-05
-2.77105e-05
-2.52068e-05
-2.2441e-05
-1.95119e-05
-1.65204e-05
-1.35652e-05
-1.07387e-05
-8.12413e-06
-5.79343e-06
-3.80562e-06
-2.20609e-06
-1.02759e-06
-2.91158e-07
-4.47492e-09
0
0
0
0
0
0
0
0
0
0
0
0
0
0
0
0
0
0
0
0
0
0
0
)
;
    }
    leftWall
    {
        type            zeroGradient;
    }
    frontAndBack
    {
        type            empty;
    }
}


// ************************************************************************* //
