/*--------------------------------*- C++ -*----------------------------------*\
| =========                 |                                                 |
| \\      /  F ield         | OpenFOAM: The Open Source CFD Toolbox           |
|  \\    /   O peration     | Version:  2412                                  |
|   \\  /    A nd           | Website:  www.openfoam.com                      |
|    \\/     M anipulation  |                                                 |
\*---------------------------------------------------------------------------*/
FoamFile
{
    version     2.0;
    format      ascii;
    arch        "LSB;label=32;scalar=64";
    class       volScalarField;
    location    "7.1";
    object      p_rgh;
}
// * * * * * * * * * * * * * * * * * * * * * * * * * * * * * * * * * * * * * //

dimensions      [1 -1 -2 0 0 0 0];

internalField   nonuniform List<scalar> 
6400
(
12421.9
12422.1
12422.4
12422.9
12423.5
12424.1
12424.6
12425.2
12425.6
12425.9
12426.2
12426.3
12426.2
12426
12425.7
12425.2
12424.6
12423.8
12422.8
12421.7
12420.3
12418.7
12416.9
12414.9
12412.6
12410.1
12407.4
12404.4
12401.2
12397.8
12394.3
12390.8
12387.2
12383.8
12380.6
12377.8
12375.4
12373.5
12372.2
12371.6
12371.7
12372.5
12374
12376
12378.6
12381.6
12384.8
12388.3
12391.8
12395.4
12398.8
12402.2
12405.3
12408.2
12410.9
12413.4
12415.6
12417.6
12419.3
12420.9
12422.2
12423.3
12424.3
12425.1
12425.7
12426.2
12426.5
12426.7
12426.8
12426.7
12426.5
12426.1
12425.7
12425.2
12424.7
12424.1
12423.5
12423.1
12422.7
12422.6
12421.8
12421.9
12422.2
12422.6
12423.1
12423.6
12424.1
12424.5
12424.9
12425.2
12425.3
12425.4
12425.3
12425.1
12424.7
12424.2
12423.6
12422.8
12421.8
12420.7
12419.3
12417.8
12416.1
12414.1
12412
12409.6
12407
12404.2
12401.2
12398.1
12394.9
12391.7
12388.5
12385.4
12382.5
12379.9
12377.8
12376.1
12375
12374.5
12374.6
12375.3
12376.6
12378.4
12380.7
12383.3
12386.3
12389.4
12392.6
12395.9
12399.1
12402.1
12405.1
12407.8
12410.4
12412.7
12414.8
12416.7
12418.4
12419.9
12421.2
12422.3
12423.3
12424.1
12424.8
12425.2
12425.6
12425.8
12425.9
12425.9
12425.7
12425.5
12425.1
12424.7
12424.2
12423.8
12423.3
12422.9
12422.6
12422.5
12421.5
12421.7
12421.9
12422.3
12422.7
12423.1
12423.5
12423.9
12424.2
12424.4
12424.5
12424.5
12424.4
12424.1
12423.8
12423.2
12422.6
12421.8
12420.8
12419.7
12418.4
12416.9
12415.3
12413.4
12411.4
12409.1
12406.7
12404.1
12401.4
12398.5
12395.6
12392.6
12389.7
12386.9
12384.4
12382.1
12380.1
12378.6
12377.6
12377.2
12377.2
12377.9
12379
12380.7
12382.7
12385.1
12387.8
12390.6
12393.5
12396.5
12399.4
12402.2
12404.9
12407.5
12409.9
12412.1
12414.1
12415.9
12417.5
12419
12420.3
12421.4
12422.3
12423.1
12423.8
12424.3
12424.7
12424.9
12425
12425
12425
12424.8
12424.5
12424.1
12423.8
12423.4
12423
12422.6
12422.3
12422.1
12421
12421.2
12421.6
12421.9
12422.3
12422.7
12423.1
12423.4
12423.6
12423.8
12423.8
12423.8
12423.6
12423.4
12423
12422.5
12421.8
12421
12420.1
12419
12417.7
12416.3
12414.7
12412.9
12411
12408.9
12406.6
12404.2
12401.6
12399
12396.2
12393.5
12390.8
12388.2
12385.8
12383.7
12381.9
12380.5
12379.6
12379.1
12379.2
12379.8
12380.9
12382.4
12384.3
12386.5
12389
12391.6
12394.3
12397.1
12399.8
12402.4
12405
12407.4
12409.6
12411.7
12413.6
12415.3
12416.9
12418.3
12419.5
12420.6
12421.6
12422.3
12423
12423.5
12423.9
12424.2
12424.3
12424.4
12424.3
12424.2
12424
12423.7
12423.3
12423
12422.6
12422.2
12421.9
12421.7
12420.4
12420.7
12421.1
12421.5
12421.9
12422.3
12422.6
12422.9
12423.1
12423.2
12423.3
12423.2
12423
12422.7
12422.3
12421.8
12421.2
12420.4
12419.5
12418.4
12417.2
12415.9
12414.3
12412.7
12410.8
12408.8
12406.7
12404.4
12402
12399.5
12396.9
12394.3
12391.7
12389.3
12387
12384.9
12383.2
12381.9
12381
12380.6
12380.6
12381.2
12382.2
12383.7
12385.5
12387.6
12390
12392.5
12395.1
12397.7
12400.2
12402.7
12405.1
12407.4
12409.5
12411.5
12413.3
12415
12416.4
12417.8
12419
12420
12420.9
12421.7
12422.4
12422.9
12423.3
12423.6
12423.8
12423.8
12423.8
12423.7
12423.5
12423.3
12422.9
12422.6
12422.2
12421.8
12421.4
12421.1
12419.8
12420.2
12420.7
12421.2
12421.6
12421.9
12422.2
12422.5
12422.7
12422.8
12422.8
12422.7
12422.5
12422.2
12421.8
12421.3
12420.7
12419.9
12419
12418
12416.9
12415.6
12414.1
12412.6
12410.8
12408.9
12406.9
12404.7
12402.4
12400
12397.6
12395
12392.6
12390.2
12387.9
12385.9
12384.2
12382.8
12382
12381.5
12381.6
12382.2
12383.2
12384.7
12386.5
12388.6
12390.9
12393.3
12395.8
12398.3
12400.8
12403.2
12405.4
12407.6
12409.6
12411.5
12413.2
12414.7
12416.1
12417.4
12418.6
12419.6
12420.5
12421.2
12421.8
12422.4
12422.8
12423.1
12423.3
12423.4
12423.4
12423.3
12423.1
12422.9
12422.6
12422.2
12421.8
12421.4
12421
12420.5
12419.3
12419.8
12420.3
12420.8
12421.2
12421.6
12421.9
12422.2
12422.3
12422.4
12422.4
12422.3
12422.1
12421.8
12421.4
12420.9
12420.3
12419.5
12418.7
12417.7
12416.6
12415.4
12414.1
12412.6
12411
12409.2
12407.3
12405.2
12403
12400.7
12398.3
12395.8
12393.3
12390.9
12388.6
12386.5
12384.8
12383.4
12382.5
12382
12382.1
12382.7
12383.8
12385.3
12387.1
12389.3
12391.6
12394.1
12396.5
12399
12401.4
12403.7
12405.9
12407.9
12409.8
12411.6
12413.2
12414.6
12416
12417.2
12418.3
12419.2
12420.1
12420.8
12421.4
12422
12422.4
12422.7
12422.9
12423
12423
12423
12422.8
12422.6
12422.3
12421.9
12421.5
12421
12420.5
12420
12418.7
12419.3
12419.9
12420.5
12420.9
12421.3
12421.7
12421.9
12422.1
12422.1
12422.1
12422
12421.8
12421.5
12421.1
12420.6
12420
12419.3
12418.5
12417.6
12416.6
12415.4
12414.1
12412.8
12411.2
12409.6
12407.7
12405.8
12403.7
12401.4
12399
12396.5
12394
12391.5
12389.1
12386.9
12385
12383.5
12382.5
12382
12382.1
12382.7
12383.9
12385.5
12387.5
12389.8
12392.2
12394.8
12397.3
12399.8
12402.1
12404.4
12406.4
12408.4
12410.2
12411.8
12413.3
12414.7
12415.9
12417.1
12418.1
12419
12419.8
12420.5
12421.1
12421.7
12422.1
12422.4
12422.6
12422.7
12422.8
12422.7
12422.6
12422.3
12422
12421.6
12421.2
12420.7
12420.1
12419.5
12418.3
12418.9
12419.6
12420.2
12420.7
12421.1
12421.5
12421.7
12421.9
12422
12421.9
12421.8
12421.6
12421.3
12420.9
12420.4
12419.8
12419.2
12418.4
12417.5
12416.6
12415.5
12414.4
12413.1
12411.7
12410.1
12408.4
12406.5
12404.5
12402.2
12399.8
12397.3
12394.7
12392
12389.4
12386.9
12384.8
12383.1
12381.9
12381.4
12381.5
12382.2
12383.6
12385.4
12387.6
12390.1
12392.8
12395.4
12398.1
12400.6
12403
12405.1
12407.2
12409
12410.7
12412.2
12413.6
12414.9
12416.1
12417.1
12418.1
12418.9
12419.7
12420.4
12421
12421.5
12421.9
12422.2
12422.4
12422.6
12422.6
12422.5
12422.4
12422.2
12421.8
12421.4
12420.9
12420.4
12419.7
12419
12417.9
12418.6
12419.4
12420
12420.6
12421
12421.4
12421.7
12421.8
12421.9
12421.8
12421.7
12421.5
12421.2
12420.8
12420.3
12419.7
12419.1
12418.4
12417.6
12416.7
12415.8
12414.7
12413.5
12412.2
12410.8
12409.2
12407.4
12405.5
12403.3
12400.8
12398.2
12395.4
12392.4
12389.5
12386.7
12384.2
12382.2
12380.8
12380.1
12380.3
12381.2
12382.7
12384.9
12387.5
12390.3
12393.2
12396.1
12398.9
12401.5
12403.9
12406.1
12408
12409.8
12411.3
12412.8
12414
12415.2
12416.3
12417.2
12418.1
12418.9
12419.6
12420.3
12420.9
12421.4
12421.8
12422.1
12422.3
12422.5
12422.5
12422.5
12422.3
12422.1
12421.7
12421.3
12420.8
12420.1
12419.4
12418.7
12417.7
12418.4
12419.3
12419.9
12420.5
12421
12421.4
12421.7
12421.8
12421.9
12421.9
12421.7
12421.5
12421.2
12420.8
12420.3
12419.8
12419.2
12418.5
12417.8
12417
12416.1
12415.2
12414.1
12413
12411.7
12410.2
12408.6
12406.7
12404.5
12402
12399.2
12396.1
12392.8
12389.4
12386.1
12383.1
12380.6
12378.9
12378.1
12378.3
12379.4
12381.3
12384
12387
12390.4
12393.7
12396.9
12399.9
12402.6
12405.1
12407.2
12409
12410.7
12412.1
12413.4
12414.6
12415.6
12416.6
12417.4
12418.3
12419
12419.7
12420.3
12420.9
12421.4
12421.8
12422.1
12422.4
12422.5
12422.6
12422.5
12422.4
12422.1
12421.8
12421.3
12420.7
12420
12419.2
12418.5
12417.5
12418.3
12419.2
12420
12420.6
12421.1
12421.5
12421.8
12422
12422
12422
12421.8
12421.5
12421.2
12420.8
12420.3
12419.8
12419.2
12418.6
12418
12417.3
12416.5
12415.7
12414.8
12413.8
12412.7
12411.4
12409.9
12408.1
12406
12403.5
12400.5
12397.1
12393.3
12389.2
12385.2
12381.5
12378.4
12376.3
12375.3
12375.5
12376.9
12379.3
12382.6
12386.4
12390.4
12394.4
12398
12401.3
12404.1
12406.5
12408.6
12410.3
12411.8
12413
12414.2
12415.2
12416.1
12416.9
12417.7
12418.4
12419.1
12419.8
12420.4
12420.9
12421.4
12421.8
12422.2
12422.5
12422.6
12422.7
12422.7
12422.5
12422.3
12421.9
12421.4
12420.7
12420
12419.1
12418.3
12417.4
12418.3
12419.2
12420.1
12420.8
12421.3
12421.8
12422.1
12422.2
12422.2
12422.1
12421.9
12421.6
12421.3
12420.9
12420.4
12419.9
12419.3
12418.8
12418.2
12417.5
12416.9
12416.2
12415.5
12414.7
12413.8
12412.7
12411.5
12409.9
12407.9
12405.4
12402.2
12398.4
12394
12389.1
12384.1
12379.4
12375.5
12372.7
12371.4
12371.7
12373.5
12376.7
12380.9
12385.7
12390.7
12395.4
12399.6
12403.1
12406
12408.4
12410.3
12411.8
12413
12414.1
12415
12415.8
12416.6
12417.3
12417.9
12418.6
12419.2
12419.8
12420.4
12421
12421.5
12421.9
12422.3
12422.6
12422.8
12422.9
12422.9
12422.8
12422.5
12422.1
12421.5
12420.9
12420.1
12419.1
12418.3
12417.3
12418.3
12419.4
12420.3
12421.1
12421.7
12422.2
12422.4
12422.6
12422.5
12422.4
12422.1
12421.8
12421.4
12420.9
12420.4
12419.9
12419.4
12418.8
12418.3
12417.7
12417.2
12416.7
12416.2
12415.6
12415
12414.2
12413.2
12412
12410.2
12407.8
12404.6
12400.4
12395.1
12389.1
12382.8
12376.8
12371.7
12368.2
12366.4
12366.6
12369
12373.2
12378.7
12385
12391.4
12397.2
12402
12405.8
12408.7
12410.8
12412.4
12413.6
12414.5
12415.2
12415.9
12416.4
12417
12417.5
12418.1
12418.7
12419.2
12419.8
12420.4
12420.9
12421.5
12422
12422.4
12422.8
12423
12423.2
12423.2
12423.1
12422.9
12422.4
12421.8
12421.1
12420.2
12419.2
12418.3
12417.3
12418.4
12419.6
12420.6
12421.5
12422.2
12422.7
12423
12423
12423
12422.7
12422.4
12422
12421.5
12421
12420.4
12419.9
12419.4
12418.8
12418.4
12417.9
12417.5
12417.2
12416.9
12416.6
12416.3
12415.9
12415.4
12414.5
12413.1
12411
12407.8
12403.3
12397.1
12389.5
12381.3
12373.5
12366.8
12362.1
12359.6
12359.8
12362.8
12368.3
12375.7
12384.1
12392.4
12399.7
12405.4
12409.4
12412.2
12414
12415.1
12415.8
12416.3
12416.6
12416.8
12417.1
12417.4
12417.8
12418.2
12418.7
12419.2
12419.8
12420.3
12420.9
12421.5
12422
12422.5
12422.9
12423.3
12423.5
12423.6
12423.6
12423.3
12422.9
12422.2
12421.4
12420.4
12419.3
12418.2
12417.1
12418.5
12419.8
12421.1
12422.2
12422.9
12423.5
12423.7
12423.7
12423.6
12423.3
12422.8
12422.4
12421.8
12421.2
12420.7
12420.1
12419.6
12419.1
12418.7
12418.4
12418.1
12418
12417.9
12417.9
12418
12418.1
12418
12417.8
12417
12415.4
12412.5
12407.6
12400.2
12390.4
12379.5
12368.8
12359.7
12353.3
12349.9
12350
12353.9
12361.2
12371.2
12382.5
12393.5
12402.8
12409.6
12413.9
12416.3
12417.6
12418.2
12418.3
12418.3
12418.2
12418.1
12418.1
12418.2
12418.4
12418.7
12419
12419.5
12420
12420.6
12421.2
12421.8
12422.3
12422.9
12423.4
12423.8
12424.1
12424.3
12424.3
12424.1
12423.6
12422.8
12421.8
12420.6
12419.3
12418
12416.7
12418.5
12420.1
12421.6
12422.9
12423.8
12424.4
12424.6
12424.6
12424.4
12424
12423.5
12422.9
12422.3
12421.7
12421.1
12420.6
12420.1
12419.6
12419.3
12419.1
12419
12419.1
12419.3
12419.6
12420.1
12420.8
12421.4
12422
12422.1
12421.4
12419.3
12414.4
12405.1
12391.9
12376.4
12361
12348
12339.3
12334.9
12335.3
12340.9
12351
12364.9
12380.5
12395.3
12407.4
12415.3
12419.4
12421.2
12421.7
12421.5
12421
12420.4
12419.9
12419.5
12419.2
12419.1
12419.2
12419.4
12419.7
12420.1
12420.6
12421.2
12421.8
12422.4
12423
12423.7
12424.2
12424.7
12425.1
12425.4
12425.4
12425.2
12424.6
12423.8
12422.5
12421
12419.2
12417.5
12415.4
12418.2
12420.3
12422.2
12423.7
12424.8
12425.4
12425.6
12425.5
12425.1
12424.7
12424.1
12423.4
12422.8
12422.1
12421.5
12420.9
12420.4
12420.1
12419.8
12419.7
12419.8
12420.1
12420.7
12421.4
12422.4
12423.8
12425.4
12427.2
12429
12430.3
12430.6
12426.8
12414.8
12395.1
12371.6
12349
12331.1
12319.1
12312.9
12313.7
12322.2
12336.5
12355.9
12378.9
12400.7
12418.1
12427.3
12429.5
12428.9
12427.6
12426.1
12424.5
12423
12421.8
12420.9
12420.3
12420.1
12420
12420.1
12420.3
12420.6
12421.1
12421.6
12422.2
12422.9
12423.6
12424.3
12425
12425.6
12426.1
12426.4
12426.5
12426.3
12425.8
12424.7
12423.1
12421.1
12418.6
12416.2
12412
12417.3
12421.1
12423.8
12425.5
12426.6
12427
12427
12426.6
12426
12425.2
12424.4
12423.6
12422.7
12421.9
12421.2
12420.5
12419.9
12419.5
12419.2
12419.2
12419.4
12419.9
12420.7
12421.8
12423.4
12425.6
12428.5
12432
12436
12440.9
12446.3
12446.8
12433.1
12404.8
12372.5
12342.3
12319.7
12214.7
12117.9
12123.1
12247.2
12326.9
12351.7
12383.2
12414
12437.5
12447.2
12444.3
12439
12434.6
12430.9
12427.7
12425.1
12422.9
12421.3
12420.3
12419.9
12419.7
12419.6
12419.7
12420
12420.5
12421.1
12421.8
12422.6
12423.5
12424.3
12425.2
12426
12426.8
12427.3
12427.7
12427.8
12427.3
12426.3
12424.4
12421.7
12417.9
12412.8
12395.3
12357.8
12317.8
12277.6
12240.7
12207.4
12177.4
12150.3
12125.6
12102.7
12081.1
12060.4
12040.2
12020.2
12000.1
11979.8
11959.2
11938.3
11917.3
11896.6
11876.8
11858.5
11842.7
11830.3
11822.5
11819.7
11820.6
11823.9
11826.4
11821.6
11797.4
11728.1
11582.2
11256.1
10007.5
8366.2
6978.6
5742.2
5363.31
5081.11
5093.68
5426.58
6132.63
7398.81
8833.31
10580.7
11373
11598.9
11734.1
11791.8
11811.8
11816.8
11816.3
11815.8
11817.7
11822.6
11832.5
11847.4
11865.6
11886
11907.4
11929.3
11951.2
11972.8
11993.9
12014.5
12034.7
12054.7
12074.8
12095.3
12116.6
12139
12163.1
12189.5
12218.6
12250.7
12286.3
12324.8
12362.8
12397.6
1318.47
1706.26
1913.47
2033.9
2098.58
2129.61
2140.28
2137.98
2127.18
2110.41
2089.43
2065.44
2039.39
2012.07
1984.21
1956.48
1929.53
1903.91
1880.09
1858.42
1839.18
1822.4
1807.99
1795.77
1785.1
1775.67
1769.85
1767.76
1766.83
1763.14
1749.87
1694.56
1563.24
1523.07
1430.04
1416.01
1401.69
1384
1399.67
1405.61
1404.95
1397.61
1379.56
1349.41
1303.34
1223.27
1426.09
1594.63
1714.15
1751.65
1762.52
1765.8
1765.63
1767.2
1772.4
1782.07
1794.53
1808.55
1823.89
1841.43
1861.41
1883.67
1908.05
1934.22
1961.64
1989.75
2017.96
2045.52
2071.75
2095.83
2116.78
2133.36
2143.9
2145.73
2134.42
2102.61
2036.95
1915.38
1707.18
1318.31
0.00535851
0.00560683
0.00569255
0.0058099
0.00597962
0.00617217
0.006386
0.00661567
0.00685265
0.00711213
0.0074011
0.00771049
0.00813069
0.00874701
0.00959565
0.0118228
0.0256166
0.0475122
0.0316884
0.00467296
-0.00145792
0.000144576
-0.000653507
0.0493788
0.303825
0.73214
0.847889
1.0608
1.35096
1.6988
3.24373
4.60749
6.09868
20.8263
1759.02
3644.01
3684.48
3710.01
3726.59
3727.72
3728.1
3725.81
3709.92
3682.54
3623.74
918.425
16.3437
7.9404
5.82287
3.75934
1.88371
0.871521
0.742466
0.601974
0.692014
0.809877
0.762059
0.282688
0.0295186
-0.0160874
-0.0175176
-0.0153465
0.00326786
0.0180042
0.0144535
0.00640975
0.00661142
0.00603584
0.00509729
0.00476107
0.00482733
0.00505098
0.00523097
0.0053619
0.0054571
0.00551836
0.00555325
0.00556963
0.00557407
0.00537075
0.00573207
0.00573755
0.00579943
0.00591076
0.00607332
0.00625896
0.00647396
0.00671838
0.00698596
0.00728755
0.00766266
0.00814065
0.00883364
0.00998224
0.0119173
0.0144963
0.0166718
0.0356072
0.0540657
0.0189012
0.00131543
0.00181227
-0.000676646
0.00545256
0.894624
4.97364
5.59034
1.94535
1.37148
1.76339
3.38531
3.82877
4.31817
4.94356
694.637
1849.76
2637.97
3406.23
3748.65
3519.21
3529.27
3748.23
3350.09
2598.67
1697.2
341.199
6.96941
6.3454
5.85321
6.59761
3.32744
0.84064
0.842226
2.22124
6.73934
6.77944
5.90221
0.806457
0.000921239
-0.010274
-0.00631116
-0.00991005
-0.00473827
0.00154497
0.00656907
0.00869465
0.00719285
0.00575983
0.00511762
0.00496438
0.00499873
0.00509468
0.0052126
0.0053227
0.00542205
0.00550505
0.00556518
0.00561067
0.00565073
0.00569839
0.0055024
0.00559618
0.00569004
0.00580864
0.00594921
0.00612617
0.00633058
0.0065566
0.00680484
0.00707012
0.00733027
0.00761252
0.00799364
0.00839052
0.00902127
0.0110103
0.083037
0.270678
0.271777
0.189982
-0.000346516
2.76127e-05
-0.00119886
-0.00271979
1.68071
5.54158
5.63724
5.68761
2.05878
3.03763
35.1306
44.0652
44.1048
37.1988
18.6768
0.221712
0.169
0.152595
426.99
107.716
104.213
296.247
0.00948485
0.00991526
0.0107145
12.3553
38.3946
46.5087
46.4363
34.1362
1.52454
0.774428
4.29085
6.85701
6.86164
6.81775
6.56225
1.20178
-0.0149852
-0.0174732
-0.0036073
0.0779066
0.12983
0.124201
0.0573927
0.00709145
0.00603622
0.00574262
0.00496589
0.00461176
0.00470081
0.00496086
0.00516432
0.0053128
0.00542145
0.00549403
0.00553984
0.00556208
0.00556232
0.00551862
0.0054887
0.00553226
0.00560495
0.00570996
0.00584672
0.00601665
0.00621837
0.00644814
0.00670027
0.006961
0.00720555
0.00740625
0.00751061
0.0072447
0.00649589
0.0222788
0.246976
0.284611
0.279292
0.247474
0.000776132
0.000214687
-0.00199419
-0.00409817
-0.00607432
0.0181035
2.36197
5.56041
5.5489
4.20985
1.95223
3.26462
5.32802
3.53648
0.0617181
0.997474
1.61986
0.188923
0.00179603
0.0112697
0.0119383
0.00937533
0.0103208
0.0105326
0.0110148
0.010546
5.55275
5.76894
1.53208
1.21138
2.75877
2.80853
2.48812
3.14732
4.84965
3.10892
0.0312048
-0.0146483
-0.0115432
-0.0165756
0.0455283
0.197825
0.202662
0.207813
0.210732
0.127099
0.00964702
0.00435871
0.00390644
0.00400454
0.00447029
0.00481707
0.00504751
0.00522324
0.00535668
0.00544673
0.00550047
0.00553018
0.00554117
0.00552924
0.00531622
0.00535903
0.00542694
0.00552504
0.00565586
0.00581948
0.00601589
0.00624153
0.0064885
0.00674073
0.00695893
0.00710084
0.00709467
0.00645671
0.00462519
0.00286872
0.0612393
0.252308
0.231437
0.00456807
0.00286617
0.000960835
-0.00275334
-0.00560419
-0.0086766
-0.0112473
-0.0118884
-0.00139
0.00102363
0.00152869
0.00541003
0.00813591
0.00529569
0.0035424
0.0667743
1.18449
1.60087
0.896841
0.0103125
0.012696
0.0105854
0.0099839
0.00958967
0.00992421
0.0105611
0.0118628
0.0105273
0.0076199
0.0155623
0.0146145
0.166168
0.412626
0.128571
0.00372228
-0.000682368
-0.0118516
-0.0105832
-0.00922624
-0.0101225
-0.0147144
-0.00696136
-0.0115898
0.023181
0.155349
0.215536
0.216592
0.152429
0.00953861
0.00316635
0.00308952
0.0038859
0.00456351
0.00488334
0.00507108
0.00521104
0.00530245
0.00535479
0.00538349
0.00539435
0.00538385
0.00508927
0.00512356
0.00518302
0.00527021
0.00538741
0.00553541
0.00571524
0.00592541
0.0061618
0.00641641
0.00665771
0.00682751
0.00682635
0.00627162
0.00500771
0.00427857
0.00350127
0.000354796
-0.00111078
0.000699751
-0.00204412
-0.00479469
-0.00701797
-0.00806463
-0.00857702
-0.00819593
-0.00574443
-0.00205457
0.000867631
0.00276156
0.00411176
0.00512093
0.00537279
0.00495518
0.004596
0.00366443
0.00126488
0.00794554
0.010342
0.0104245
0.00968493
0.00864828
0.0087444
0.00948941
0.0103391
0.0114365
0.0127331
0.0136012
0.0148476
0.0171037
0.0174784
0.00548482
-0.00535896
-0.00753005
-0.00701457
-0.0092968
-0.0120229
-0.0130387
-0.0129674
-0.0135948
-0.0189918
-0.0213764
-0.0177361
-0.0143409
0.0879156
0.222561
0.2239
0.0739978
0.00176562
0.00197567
0.00304996
0.00408053
0.00454904
0.00478849
0.00495299
0.00505417
0.00511047
0.00514069
0.00515421
0.00515001
0.0048119
0.00483728
0.00488514
0.00495647
0.00505305
0.00517644
0.00532911
0.00551324
0.00573099
0.00598441
0.00625919
0.00651863
0.00671447
0.00673518
0.00688723
0.00854741
0.0103021
0.00462237
-0.00493354
-0.00797217
-0.0115359
-0.0146445
-0.0155638
-0.0148547
-0.012984
-0.0101434
-0.00629141
-0.00267087
9.58021e-05
0.00239597
0.00409588
0.00491391
0.00496201
0.00506022
0.00554732
0.00563259
0.00516061
0.00508176
0.00724357
0.00828233
0.00846524
0.00836085
0.00884326
0.00931385
0.0101297
0.0113871
0.0122068
0.0123897
0.013175
0.0132166
0.0112966
0.00767567
0.00256987
-0.00127092
-0.00517931
-0.0116527
-0.0193591
-0.0256361
-0.0298181
-0.0312592
-0.0307793
-0.0266165
-0.0186263
-0.00691627
-0.000296107
0.143487
0.230862
0.107186
-0.000363982
0.0011364
0.00231548
0.00347924
0.0040978
0.00440301
0.00459782
0.00471689
0.00478466
0.00482223
0.00484171
0.00484648
0.00448921
0.00450709
0.00454135
0.00459277
0.0046629
0.00475369
0.00486847
0.00501192
0.00519115
0.00541696
0.00569332
0.00601709
0.00642109
0.00700444
0.00819324
0.010558
0.0134148
0.00620828
-0.00771622
-0.0181051
-0.0244375
-0.0267938
-0.0273717
-0.0244649
-0.0189646
-0.0134141
-0.00845641
-0.00438666
-0.00122386
0.00118633
0.00292452
0.00400743
0.00453919
0.00483088
0.00502832
0.00523758
0.00547703
0.00564735
0.00599648
0.0071002
0.00783741
0.00811349
0.00850262
0.00896324
0.00973427
0.0107651
0.0115073
0.0118945
0.0122179
0.0121942
0.0112356
0.00817463
0.00275668
-0.00394984
-0.0117882
-0.0220682
-0.0345649
-0.0463444
-0.0540595
-0.0556888
-0.0499603
-0.0371724
-0.0198091
-0.00213843
0.00676747
0.067997
0.239067
0.0545779
-0.00173548
0.000816128
0.00184966
0.00296187
0.00362943
0.00396471
0.00417948
0.00431433
0.00439444
0.00444129
0.00446704
0.00447716
0.0041326
0.00414242
0.00416102
0.00418909
0.00422752
0.00427784
0.00434304
0.00442814
0.00454197
0.00469923
0.00491479
0.00521246
0.00569201
0.00655292
0.00815645
0.0101751
0.010208
-0.00139543
-0.0194959
-0.031733
-0.0419312
-0.0459759
-0.0425183
-0.039132
-0.0294031
-0.0195206
-0.01206
-0.0068404
-0.00298083
-0.000166034
0.00180769
0.00312619
0.00399712
0.00461427
0.00503447
0.00526543
0.00537147
0.00547289
0.00553767
0.00642503
0.00740099
0.00779638
0.00816941
0.00860352
0.00923106
0.0099459
0.0104589
0.0106766
0.0106294
0.0101326
0.00867227
0.00553813
0.00020192
-0.00763165
-0.0189046
-0.0353669
-0.0564538
-0.0767171
-0.0890982
-0.0899142
-0.0780287
-0.0561106
-0.0294826
-0.00384208
0.0112246
0.0594722
0.233479
0.0326997
-0.00029434
0.00133166
0.00177418
0.00262837
0.00320265
0.00351311
0.00372658
0.00386744
0.00395601
0.00401083
0.0040425
0.00405625
0.00375281
0.0037539
0.00375539
0.00375748
0.00375992
0.00376298
0.00376787
0.00377768
0.0037992
0.00384492
0.00393038
0.00408915
0.00445556
0.00522755
0.0070884
0.0101895
0.0036804
-0.0137869
-0.0370288
-0.0575014
-0.0745769
-0.0794443
-0.07241
-0.0566713
-0.0398681
-0.0287815
-0.0172055
-0.0101065
-0.0052273
-0.00181419
0.000548167
0.00217528
0.0033151
0.00415253
0.00477578
0.00520999
0.00545884
0.00542075
0.00535014
0.00602907
0.00698667
0.00737843
0.00770112
0.00804933
0.0084976
0.00891099
0.00915411
0.00914759
0.0088091
0.00793831
0.00610961
0.00260648
-0.00349123
-0.0134344
-0.0296274
-0.0548714
-0.0876518
-0.118504
-0.136152
-0.135362
-0.116094
-0.0840584
-0.0479916
-0.0134249
0.0096398
0.0708668
0.225776
0.098529
9.65522e-05
0.001889
0.00188815
0.00237504
0.0027932
0.00305305
0.00325013
0.00338946
0.00348331
0.00354478
0.00358225
0.00359966
0.00336071
0.00335301
0.00333687
0.00331167
0.00327568
0.0032271
0.00316412
0.00308563
0.00299255
0.00288879
0.00278021
0.00269083
0.00273065
0.00306099
0.00490093
0.00712699
-0.00493573
-0.0292603
-0.0575275
-0.0892009
-0.111957
-0.120244
-0.113526
-0.086935
-0.0586888
-0.0355219
-0.0234254
-0.0137635
-0.00761873
-0.00347709
-0.000676045
0.00126072
0.00262964
0.00363385
0.00439098
0.00492884
0.00521789
0.00525389
0.00521036
0.0056241
0.00649261
0.00684551
0.00710505
0.00737185
0.0076437
0.00780942
0.00780726
0.00755865
0.00692758
0.00568486
0.00340117
-0.000710315
-0.00781287
-0.0198943
-0.0410382
-0.0753038
-0.119622
-0.160054
-0.181967
-0.179737
-0.154077
-0.113284
-0.0691536
-0.0282571
-0.000730405
0.134721
0.222561
0.154216
0.00349541
0.00151563
0.00165222
0.00199287
0.00232151
0.002557
0.00274573
0.00288666
0.00298725
0.00305612
0.00309976
0.00312099
0.00296771
0.00295153
0.00291821
0.0028661
0.00279178
0.00269091
0.00255781
0.00238557
0.00216638
0.00189099
0.00154585
0.00112944
0.00069623
0.000272742
0.000545754
0.00097162
-0.0121298
-0.0439979
-0.0819483
-0.118671
-0.153162
-0.166042
-0.153525
-0.121161
-0.0776398
-0.0451397
-0.0295298
-0.0169874
-0.00971048
-0.00492706
-0.0017585
0.000423765
0.00196044
0.00307837
0.00392813
0.00455943
0.00493048
0.00503304
0.00499298
0.00524439
0.00594461
0.00625405
0.00644982
0.00662679
0.00672893
0.00668755
0.00647393
0.00600064
0.00510975
0.00356428
0.000946283
-0.00358276
-0.0113152
-0.0245747
-0.0487905
-0.0889306
-0.140696
-0.186432
-0.210115
-0.2069
-0.17782
-0.132447
-0.0841426
-0.0413274
-0.0171209
0.129224
0.224536
0.114118
-0.00115773
0.000355482
0.000955569
0.00138301
0.00174032
0.00200417
0.0022096
0.00236456
0.00247786
0.00255708
0.00260822
0.00263373
0.00258466
0.00256072
0.0025117
0.00243494
0.00232538
0.00217611
0.00197754
0.00171669
0.00137624
0.00093255
0.000348834
-0.000415008
-0.00134306
-0.00263109
-0.00433627
-0.00658025
-0.0178938
-0.0529854
-0.0999224
-0.144337
-0.179948
-0.19261
-0.178786
-0.14125
-0.0924058
-0.0519462
-0.0327097
-0.0188408
-0.0109863
-0.00589199
-0.0025358
-0.000234412
0.00138435
0.00255439
0.0034362
0.00410319
0.00452657
0.00469113
0.00470151
0.00486505
0.00538949
0.00562689
0.00577136
0.00585588
0.00581358
0.00561102
0.00522977
0.00457286
0.0034854
0.00174308
-0.00102667
-0.00563498
-0.0132369
-0.0258942
-0.0494016
-0.0890622
-0.14214
-0.188269
-0.211438
-0.20799
-0.178664
-0.133535
-0.0848665
-0.0412864
-0.023305
0.0264373
0.0470802
0.018718
-0.00239162
-0.00110398
-4.48742e-05
0.000609246
0.00107533
0.00140653
0.00165249
0.00183458
0.00196738
0.00206047
0.00212094
0.00215165
0.00222109
0.00219061
0.00212846
0.00203111
0.00189221
0.0017029
0.0014505
0.00111736
0.000678635
9.90679e-05
-0.000675474
-0.00171715
-0.00306116
-0.00461826
-0.00563551
-0.0097153
-0.0214823
-0.0532292
-0.0994743
-0.146505
-0.181573
-0.194819
-0.18163
-0.142532
-0.0940263
-0.0538032
-0.0322978
-0.0186942
-0.0111445
-0.00621413
-0.00292212
-0.000660569
0.000941083
0.00210337
0.00297442
0.00364304
0.00409694
0.00431716
0.00435266
0.00449012
0.00482725
0.00500576
0.00510616
0.00509817
0.00494105
0.00461933
0.00411277
0.00332072
0.00210983
0.000283779
-0.00244081
-0.00680568
-0.0135123
-0.0241206
-0.0439101
-0.0778472
-0.123621
-0.16506
-0.186244
-0.183311
-0.15709
-0.115784
-0.0694849
-0.0302403
-0.0174327
-0.0151689
-0.00969831
-0.00735605
-0.00472019
-0.0024567
-0.00106558
-0.000190566
0.000394213
0.000803568
0.00109956
0.00131488
0.00147084
0.00157981
0.00165056
0.00168788
0.00188493
0.00184944
0.00177764
0.00166509
0.00150494
0.00128731
0.000998032
0.000617407
0.00011756
-0.00054159
-0.00141852
-0.00259348
-0.00420558
-0.00590414
0.00216792
-0.00201457
-0.0195835
-0.0438104
-0.0831535
-0.125925
-0.158664
-0.171203
-0.158969
-0.124246
-0.078615
-0.0486542
-0.0284177
-0.0165918
-0.0101938
-0.00590426
-0.00292429
-0.000842359
0.00065373
0.00175277
0.00257029
0.00321003
0.00366642
0.00391671
0.00398172
0.00410244
0.00429973
0.00441569
0.00447601
0.00438607
0.00414296
0.00373765
0.00314649
0.00227114
0.000999584
-0.000857712
-0.00329994
-0.00722268
-0.0127455
-0.0209563
-0.0349819
-0.058466
-0.0907401
-0.121807
-0.138782
-0.136347
-0.115257
-0.0819759
-0.0460798
-0.0208866
-0.01533
-0.012987
-0.0111505
-0.0088841
-0.00576894
-0.00332428
-0.00185277
-0.000893247
-0.000228464
0.000241351
0.000580616
0.000825754
0.00100384
0.00112806
0.00120779
0.00125428
0.00158221
0.00154317
0.00146595
0.00134416
0.00117199
0.000939279
0.000632239
0.000232093
-0.000287089
-0.000961723
-0.00184153
-0.00299209
-0.0045516
-0.00635806
0.00107952
0.00182461
-0.00436113
-0.0313318
-0.057314
-0.0887526
-0.114541
-0.12454
-0.115475
-0.0884065
-0.0559785
-0.0349744
-0.022054
-0.0134736
-0.0085331
-0.00510221
-0.00261088
-0.000809003
0.000518764
0.00151916
0.00223117
0.00282885
0.00326602
0.00352491
0.00361065
0.00371649
0.00381917
0.00387638
0.00389678
0.00373956
0.00343649
0.002977
0.00233825
0.00143109
0.000185135
-0.00153605
-0.00387141
-0.00720203
-0.0117188
-0.0178914
-0.0269611
-0.0405241
-0.0583646
-0.0754825
-0.084663
-0.0823635
-0.0687363
-0.0483912
-0.0291128
-0.0169799
-0.0152844
-0.0130646
-0.0109455
-0.00828327
-0.00566348
-0.003728
-0.00237982
-0.00142778
-0.000744144
-0.00024664
0.0001205
0.000383339
0.000579336
0.000716173
0.000798681
0.000862279
0.00131702
0.00127494
0.00119778
0.00107195
0.000897183
0.000662124
0.000355261
-3.89725e-05
-0.000541313
-0.00117907
-0.00198699
-0.00300293
-0.00430439
-0.00589646
-0.00621559
0.00450424
0.000935504
-0.00813186
-0.0321445
-0.0504778
-0.0661627
-0.0727583
-0.0688027
-0.0484627
-0.0335804
-0.0246178
-0.0156432
-0.0101774
-0.00665934
-0.00406712
-0.00209979
-0.000620865
0.00049959
0.00135553
0.00200318
0.00252129
0.00291352
0.00315989
0.00325705
0.00334911
0.00338852
0.00339795
0.00337778
0.00316633
0.00282642
0.00233771
0.00168572
0.000791336
-0.000402166
-0.00198613
-0.00408261
-0.00689057
-0.010588
-0.0153997
-0.0216555
-0.0295692
-0.0384474
-0.0458456
-0.0488534
-0.0465342
-0.0395367
-0.0300499
-0.0219323
-0.0168576
-0.0147327
-0.0123114
-0.00977422
-0.00740646
-0.00541361
-0.00387481
-0.00269888
-0.00181369
-0.00114905
-0.000649904
-0.000275075
2.7862e-06
0.000206855
0.000350993
0.000437155
0.00050987
0.00109081
0.00104513
0.000976481
0.000847872
0.000680634
0.000453643
0.00016127
-0.000207572
-0.000667527
-0.00123577
-0.00193112
-0.00276954
-0.00376993
-0.00495345
-0.00614135
-0.0035544
0.00522195
0.00216075
-0.0029557
-0.0136115
-0.0286926
-0.0313305
-0.027601
-0.0229279
-0.0207764
-0.0154111
-0.0104932
-0.00724595
-0.004863
-0.00298635
-0.00150055
-0.000338617
0.0005701
0.00128102
0.0018355
0.00227722
0.00261592
0.0028359
0.0029335
0.00301349
0.00300629
0.00298255
0.00292117
0.00266807
0.00231295
0.00181741
0.00116865
0.000312306
-0.000798724
-0.00222878
-0.00405867
-0.00639463
-0.00936055
-0.0130992
-0.0177138
-0.023055
-0.0283623
-0.0323082
-0.0337105
-0.0322717
-0.0284364
-0.0234625
-0.0189405
-0.0158293
-0.0133385
-0.0109374
-0.00873632
-0.00682582
-0.00521883
-0.00391838
-0.00288562
-0.00207823
-0.00145153
-0.000968168
-0.00059807
-0.000318545
-0.000111692
3.57326e-05
0.000124428
0.000199303
0.000905646
0.000863133
0.000791209
0.000674285
0.000514958
0.000304918
3.84089e-05
-0.000292025
-0.000694795
-0.00117823
-0.00174868
-0.00240723
-0.00314503
-0.0039401
-0.00471253
-0.00540562
-0.00448213
-0.000495801
0.000287083
-0.00184486
-0.00507586
-0.00818503
-0.00898745
-0.0138228
-0.012387
-0.00926753
-0.00682606
-0.0048871
-0.00330168
-0.00198561
-0.000900605
-1.81009e-05
0.000694823
0.00126678
0.00172287
0.00208843
0.00237041
0.00255701
0.0026465
0.00271464
0.00267095
0.00262497
0.00252622
0.00224872
0.00188428
0.0013973
0.000771502
-3.05188e-05
-0.00104393
-0.00231287
-0.00388725
-0.00582047
-0.0081703
-0.0109981
-0.014322
-0.0179755
-0.0214633
-0.0241021
-0.0253275
-0.0248339
-0.0226074
-0.0195371
-0.0164686
-0.0138544
-0.0116036
-0.00962369
-0.00786912
-0.00632437
-0.00499324
-0.00388107
-0.00297371
-0.0022448
-0.00166532
-0.00120885
-0.000853157
-0.000580438
-0.000376505
-0.000229801
-0.000140178
-6.88701e-05
0.000756563
0.000716861
0.000649333
0.00054278
0.000397838
0.000209619
-2.53213e-05
-0.000311049
-0.000651078
-0.00104734
-0.00149804
-0.00199512
-0.00252071
-0.00303944
-0.00351199
-0.00383928
-0.00410458
-0.0044844
-0.00473866
-0.00522999
-0.00438846
-0.00534854
-0.00724655
-0.00779078
-0.00689781
-0.00558992
-0.00424928
-0.00306282
-0.002029
-0.00112783
-0.000353679
0.000299523
0.000843168
0.00128957
0.00165206
0.00194462
0.00217031
0.00232072
0.00239699
0.00245191
0.00237767
0.00232627
0.00217587
0.00190031
0.001535
0.0010651
0.000474651
-0.0002634
-0.00117352
-0.00228423
-0.00362507
-0.00522261
-0.00709595
-0.00925
-0.0116472
-0.0141397
-0.0164201
-0.0181071
-0.0189152
-0.0187071
-0.0175256
-0.0156791
-0.0136554
-0.011738
-0.0100164
-0.00847061
-0.00706876
-0.00581255
-0.00471038
-0.00376779
-0.00297947
-0.00233088
-0.00180417
-0.00138148
-0.00104681
-0.000786808
-0.000590586
-0.000448222
-0.000359514
-0.00029522
0.000640662
0.000605037
0.000544267
0.000449447
0.000321698
0.000157984
-4.30753e-05
-0.000282773
-0.000561165
-0.000876066
-0.00122142
-0.00158541
-0.00194903
-0.00228268
-0.00255362
-0.00272742
-0.00277327
-0.00275154
-0.00278393
-0.00300218
-0.00345163
-0.00394089
-0.00431204
-0.00425274
-0.0038274
-0.00316662
-0.00242528
-0.00170469
-0.0010362
-0.000427509
0.000115464
0.000588542
0.000992439
0.00133066
0.00160922
0.00183461
0.00200707
0.00212159
0.00218185
0.0022211
0.00212133
0.00206839
0.0018827
0.00160894
0.00125331
0.000807224
0.00025921
-0.00041066
-0.00121861
-0.00218174
-0.00331523
-0.00462962
-0.0061257
-0.00778544
-0.0095537
-0.0113112
-0.012866
-0.0139947
-0.014517
-0.0143652
-0.0136669
-0.0125556
-0.0112575
-0.00993715
-0.00866364
-0.00745828
-0.00633426
-0.00530979
-0.00439708
-0.00360216
-0.0029234
-0.00235331
-0.00188142
-0.0014963
-0.00118694
-0.000943779
-0.000758707
-0.000623558
-0.00053756
-0.000481675
0.000554752
0.000523871
0.000470763
0.000388659
0.000279082
0.000140487
-2.70091e-05
-0.000222702
-0.000444464
-0.000687855
-0.000945121
-0.00120404
-0.00144735
-0.00165297
-0.00179646
-0.00186201
-0.00185272
-0.00178134
-0.00170279
-0.00171755
-0.00185437
-0.00205551
-0.00217766
-0.00212535
-0.00191983
-0.00158093
-0.00115814
-0.000714902
-0.000283442
0.000124431
0.000499739
0.000835327
0.00112769
0.00137605
0.00158225
0.00174793
0.00187196
0.00195275
0.00199611
0.0020192
0.00190764
0.00183665
0.00163657
0.00136633
0.00102725
0.000610124
0.000108028
-0.000493419
-0.00120444
-0.00203449
-0.00298965
-0.0040705
-0.0052683
-0.00655827
-0.00788798
-0.00916726
-0.0102742
-0.0110814
-0.0114899
-0.0114643
-0.0110271
-0.0103045
-0.00942109
-0.00847045
-0.0075065
-0.00656237
-0.00566337
-0.00482964
-0.00407485
-0.00340618
-0.00282494
-0.00232813
-0.00191006
-0.00156376
-0.00128197
-0.00105811
-0.000886391
-0.000760427
-0.000678799
-0.000631245
0.000494939
0.000468973
0.000423679
0.000354495
0.000262859
0.000148467
1.24325e-05
-0.000143288
-0.00031537
-0.00049845
-0.000684559
-0.000862619
-0.00101846
-0.00113571
-0.0011987
-0.00119719
-0.0011377
-0.00104075
-0.000935775
-0.000865345
-0.000851602
-0.000876334
-0.000889706
-0.000847898
-0.000724822
-0.000529186
-0.000280249
-5.41575e-06
0.000274039
0.000545931
0.00080178
0.00103482
0.0012404
0.00141614
0.00156176
0.00167577
0.00175687
0.00180685
0.00183434
0.00184205
0.00172603
0.00163074
0.00142714
0.00116487
0.000846698
0.000461613
6.35069e-06
-0.000529174
-0.0011509
-0.00186328
-0.00266697
-0.00355729
-0.00452123
-0.00553345
-0.00655064
-0.00750773
-0.00832389
-0.00892027
-0.00923752
-0.00923597
-0.00901776
-0.0085539
-0.00793869
-0.00724015
-0.00650552
-0.00576791
-0.00505192
-0.00437621
-0.00375407
-0.00319363
-0.00269846
-0.00226858
-0.00190154
-0.00159348
-0.0013399
-0.0011365
-0.000979325
-0.000863639
-0.000787758
-0.00074781
0.000456906
0.000435838
0.0003981
0.000341281
0.000266543
0.000174439
6.66963e-05
-5.40803e-05
-0.000184078
-0.000317857
-0.00044807
-0.000565361
-0.000658736
-0.000716527
-0.000728623
-0.000689709
-0.000603165
-0.000484752
-0.000358176
-0.000249725
-0.000175851
-0.000132296
-9.26903e-05
-4.36943e-05
4.11868e-05
0.000164065
0.000320096
0.000495671
0.000677915
0.000858152
0.00102988
0.00118756
0.00132685
0.00144516
0.00154118
0.00161143
0.00165519
0.00167773
0.00169171
0.00168559
0.0015682
0.0014487
0.00124707
0.000997363
0.000702974
0.000351292
-5.80465e-05
-0.000531832
-0.00107307
-0.00168306
-0.00235938
-0.00309495
-0.00387588
-0.00467914
-0.00547023
-0.00620317
-0.00682547
-0.00728862
-0.00756288
-0.00765988
-0.00747229
-0.00715097
-0.00671498
-0.00620096
-0.00564298
-0.00506871
-0.00449996
-0.00395366
-0.00344233
-0.0029744
-0.0025547
-0.00218512
-0.00186539
-0.00159382
-0.00136795
-0.00118519
-0.001043
-0.000938006
-0.000868805
-0.000835628
0.00043646
0.00042003
0.000389398
0.000343887
0.000284468
0.000212186
0.000129068
3.79465e-05
-5.73514e-05
-0.000151784
-0.000239
-0.000311453
-0.000360872
-0.000379185
-0.000360064
-0.00030114
-0.000206026
-8.54843e-05
4.37902e-05
0.00016341
0.000261191
0.000336394
0.000397872
0.000461663
0.000533955
0.000622228
0.000726882
0.000842586
0.000962644
0.00108142
0.00119432
0.0012972
0.00138653
0.00146021
0.0015164
0.00155036
0.00156243
0.00156127
0.00156397
0.00154621
0.0014281
0.00128818
0.00109154
0.000857832
0.000588841
0.000270553
-9.50283e-05
-0.000512185
-0.000981941
-0.00150378
-0.00207366
-0.00268376
-0.00332101
-0.00396586
-0.00459152
-0.00516486
-0.00565051
-0.00601683
-0.00624285
-0.00632065
-0.00623211
-0.00601883
-0.00570881
-0.00532911
-0.00490478
-0.00445769
-0.00400618
-0.00356503
-0.00314564
-0.00275618
-0.002402
-0.00208603
-0.00180938
-0.00157185
-0.00137243
-0.00120979
-0.00108245
-0.000988117
-0.000926003
-0.000898907
0.00042971
0.000417458
0.000393323
0.00035782
0.000311861
0.000256708
0.000194462
0.000127903
6.05936e-05
-3.04365e-06
-5.77451e-05
-9.76096e-05
-0.000116557
-0.000109106
-7.14793e-05
-2.92791e-06
9.30768e-05
0.000208518
0.000331864
0.000450645
0.000555539
0.000643265
0.000716301
0.000784612
0.000851346
0.000921482
0.000996998
0.00107639
0.00115644
0.00123385
0.00130564
0.00136889
0.00142094
0.00146042
0.00148518
0.00148982
0.00147591
0.00145506
0.00144817
0.00142085
0.00130052
0.00114787
0.00095785
0.000741581
0.000498307
0.000212362
-0.000112418
-0.000478414
-0.000885365
-0.0013318
-0.00181306
-0.00232148
-0.00284544
-0.00336884
-0.00387109
-0.00432821
-0.00471553
-0.00501135
-0.00520073
-0.00527638
-0.00523722
-0.00509805
-0.00487798
-0.00459684
-0.00427351
-0.00392519
-0.00356683
-0.00321096
-0.00286761
-0.00254436
-0.00224658
-0.00197775
-0.00173978
-0.00153345
-0.00135872
-0.00121519
-0.00110215
-0.00101816
-0.000963063
-0.000941509
0.000433126
0.000424503
0.000406131
0.000379259
0.000344819
0.000304113
0.000259158
0.000212523
0.00016736
0.000127408
9.69036e-05
8.03596e-05
8.21586e-05
0.000105955
0.000153912
0.000225888
0.000318831
0.000426673
0.000541117
0.000653305
0.000756091
0.00084572
0.0009225
0.000991096
0.00105355
0.00111286
0.00117086
0.00122747
0.00128135
0.00133069
0.00137364
0.00140823
0.00143259
0.00144614
0.0014465
0.00142826
0.00139413
0.00135769
0.0013429
0.0013098
0.00118107
0.00102393
0.000843282
0.000644668
0.000426311
0.000170928
-0.000116383
-0.000436629
-0.000788762
-0.00117096
-0.00157849
-0.00200431
-0.00243846
-0.00286788
-0.00327671
-0.00364732
-0.0039621
-0.00420582
-0.00436792
-0.00444308
-0.0044323
-0.00434299
-0.00418731
-0.00397923
-0.00373284
-0.00346149
-0.00317724
-0.0028905
-0.00260992
-0.00234232
-0.00209284
-0.00186511
-0.00166148
-0.00148332
-0.00133127
-0.00120553
-0.00110598
-0.00103182
-0.000983453
-0.000966735
0.000443555
0.000438083
0.000424638
0.000405048
0.000380242
0.000351462
0.000320546
0.000289768
0.000261823
0.000239784
0.00022699
0.000226831
0.000242415
0.000276129
0.000329115
0.000400779
0.000488487
0.00058759
0.000692
0.000795266
0.000891901
0.000978369
0.00105394
0.00112029
0.00117836
0.00123
0.00127655
0.00131827
0.00135458
0.00138455
0.00140705
0.00142076
0.00142445
0.00141834
0.00139989
0.00136455
0.00131569
0.00126734
0.00124437
0.00120349
0.00107484
0.000915047
0.000745298
0.00056347
0.000368345
0.000141362
-0.000111781
-0.000391304
-0.000695727
-0.00102326
-0.0013694
-0.00172789
-0.00209033
-0.0024462
-0.00278323
-0.00308824
-0.0033484
-0.00355273
-0.00369365
-0.00376737
-0.00377456
-0.00371955
-0.0036103
-0.00345666
-0.00326908
-0.00305785
-0.0028326
-0.00260188
-0.00237303
-0.00215207
-0.00194374
-0.0017516
-0.0015782
-0.00142521
-0.0012937
-0.00118429
-0.00109723
-0.00103227
-0.000990201
-0.000977524
0.000458382
0.000455536
0.000446211
0.000432647
0.000415736
0.00039661
0.00037688
0.000358499
0.000343709
0.000334983
0.000334906
0.000345988
0.000370401
0.000409658
0.000464265
0.000533431
0.000614918
0.000705117
0.000799475
0.000893187
0.000982031
0.00106301
0.00113437
0.00119661
0.00125002
0.00129558
0.00133396
0.00136534
0.00138944
0.00140571
0.00141343
0.00141168
0.00139969
0.00137835
0.00134507
0.00129727
0.00123817
0.00118095
0.00114946
0.00110277
0.000974309
0.000816704
0.000659739
0.000493762
0.000320054
0.000119459
-0.000102378
-0.000345581
-0.00060844
-0.000889391
-0.00118432
-0.0014877
-0.00179251
-0.00209024
-0.00237131
-0.00262573
-0.00284396
-0.00301788
-0.00314189
-0.00321316
-0.00323202
-0.00320108
-0.00312571
-0.00301293
-0.00287051
-0.00270637
-0.00252814
-0.00234281
-0.00215655
-0.00197458
-0.00180118
-0.0016397
-0.00149269
-0.001362
-0.0012489
-0.00115427
-0.00107865
-0.00102217
-0.000985881
-0.000976485
0.000475436
0.000474695
0.00046875
0.00046008
0.000449515
0.000438056
0.000427079
0.000418216
0.000413293
0.000414265
0.000423105
0.000441644
0.000471375
0.000513215
0.000567285
0.000632735
0.000707676
0.000789274
0.000874051
0.000958331
0.00103883
0.00111322
0.00117893
0.00123618
0.0012848
0.00132504
0.00135706
0.00138086
0.00139614
0.00140248
0.00139931
0.00138587
0.00136163
0.00132789
0.00128213
0.00122464
0.00115752
0.00109276
0.00105261
0.00100233
0.000873406
0.000722051
0.000580266
0.000430511
0.000277359
0.000101853
-9.08181e-05
-0.0003014
-0.000527949
-0.000769149
-0.00102124
-0.00127934
-0.00153754
-0.00178889
-0.00202582
-0.00224062
-0.00242605
-0.002576
-0.0026862
-0.00275447
-0.00278087
-0.00276701
-0.0027166
-0.0026347
-0.00252712
-0.00239997
-0.00225929
-0.00211077
-0.00195955
-0.00181013
-0.00166627
-0.00153107
-0.00140699
-0.00129588
-0.00119915
-0.00111778
-0.0010525
-0.00100372
-0.000972663
-0.000965889
0.000492966
0.000493862
0.000490631
0.000485858
0.000480297
0.000474813
0.000470555
0.000468857
0.00047118
0.000479047
0.00049394
0.000517177
0.000549756
0.000592196
0.000644391
0.000705502
0.000773938
0.000847446
0.000923313
0.00099867
0.00107084
0.0011376
0.00119767
0.00124979
0.0012936
0.00132897
0.00135576
0.00137373
0.00138249
0.00138154
0.00137026
0.0013479
0.00131386
0.00126949
0.00121226
0.00114558
0.00106891
0.000994385
0.000946372
0.000896597
0.000768551
0.00062129
0.000498751
0.000368832
0.000237341
8.65507e-05
-7.84263e-05
-0.000259534
-0.000454355
-0.000661639
-0.000877869
-0.00109867
-0.00131896
-0.00153301
-0.00173472
-0.00191806
-0.00207743
-0.00220814
-0.00230689
-0.00237189
-0.00240302
-0.00240134
-0.00236944
-0.00231102
-0.00223045
-0.00213245
-0.00202182
-0.00190317
-0.00178078
-0.00165846
-0.00153954
-0.00142679
-0.00132251
-0.00122851
-0.0011462
-0.00107663
-0.00102061
-0.000978757
-0.00095237
-0.000947669
0.000509609
0.000511734
0.000510637
0.000508906
0.000507211
0.000506289
0.000507081
0.000510657
0.000518167
0.000530777
0.000549586
0.000575522
0.000609231
0.000650968
0.000700493
0.000757015
0.000819195
0.000885215
0.000952924
0.00102004
0.0010844
0.00114413
0.00119804
0.00124484
0.0012839
0.0013148
0.00133715
0.00135054
0.00135443
0.00134818
0.00133103
0.00130202
0.00126032
0.00120669
0.00113848
0.00106125
0.000969292
0.00087726
0.000819393
0.000775245
0.00064228
0.000501469
0.000407003
0.000305808
0.000199477
7.35217e-05
-6.50757e-05
-0.000219683
-0.000387021
-0.000565548
-0.000751855
-0.00094189
-0.00113123
-0.00131507
-0.00148843
-0.00164649
-0.00178485
-0.00189987
-0.00198893
-0.00205057
-0.00208452
-0.00209153
-0.00207343
-0.00203293
-0.00197336
-0.0018984
-0.00181186
-0.00171747
-0.00161878
-0.00151904
-0.00142111
-0.00132748
-0.00124023
-0.0011611
-0.00109142
-0.00103227
-0.000984479
-0.000948798
-0.000926524
-0.000923448
0.000524349
0.000527356
0.000527898
0.000528489
0.000529716
0.000532198
0.000536692
0.00054404
0.000555135
0.000570855
0.000591999
0.000619204
0.000652867
0.000693064
0.000739486
0.000791405
0.000847688
0.000906849
0.00096716
0.00102679
0.00108396
0.00113709
0.00118503
0.00122661
0.00126108
0.00128785
0.00130639
0.00131614
0.00131644
0.00130655
0.00128549
0.00125205
0.00120502
0.0011439
0.0010658
0.000976221
0.00086106
0.000740449
0.000669867
0.000639143
0.000496366
0.000359437
0.000302883
0.000242772
0.000166529
6.50126e-05
-4.92944e-05
-0.000180749
-0.000324883
-0.000479417
-0.000640965
-0.0008057
-0.000969714
-0.00112893
-0.00127923
-0.00141674
-0.00153795
-0.00163998
-0.00172072
-0.00177897
-0.00181446
-0.00182764
-0.00181982
-0.00179305
-0.00174988
-0.00169316
-0.00162595
-0.00155129
-0.0014721
-0.00139112
-0.00131084
-0.00123343
-0.00116079
-0.0010945
-0.00103584
-0.000985825
-0.000945299
-0.000915071
-0.00089639
-0.000894576
0.000536459
0.000540063
0.000541827
0.000544146
0.000547525
0.000552476
0.000559598
0.000569545
0.000582993
0.000600593
0.000622914
0.000650379
0.000683206
0.000721351
0.000764474
0.000811917
0.000862712
0.000915631
0.00096927
0.00102214
0.00107282
0.00111978
0.00116212
0.00119876
0.00122892
0.00125194
0.00126719
0.00127405
0.00127183
0.00125971
0.00123658
0.00120104
0.00115154
0.00108595
0.001001
0.000899338
0.000756476
0.000594514
0.000508074
0.000498129
0.000342317
0.0002054
0.000197879
0.000188809
0.000145073
6.53216e-05
-2.88046e-05
-0.000141399
-0.000266884
-0.000401945
-0.00054328
-0.000687295
-0.000830535
-0.000969545
-0.00110094
-0.00122155
-0.00132857
-0.00141969
-0.00149322
-0.00154816
-0.00158425
-0.00160173
-0.00160158
-0.00158533
-0.00155495
-0.00151272
-0.00146104
-0.00140241
-0.00133925
-0.00127387
-0.0012084
-0.00114473
-0.00108456
-0.00102933
-0.000980216
-0.000938178
-0.000904024
-0.000878578
-0.000863014
-0.000862171
0.000545459
0.000549427
0.00055207
0.000555634
0.000560544
0.000567223
0.000576131
0.000587765
0.000602631
0.0006212
0.000643865
0.000670888
0.000702361
0.000738166
0.000777953
0.000821125
0.000866852
0.00091411
0.000961741
0.00100854
0.00105342
0.00109469
0.00113186
0.00116392
0.00119011
0.00120973
0.00122215
0.00122675
0.00122283
0.00120965
0.0011861
0.00115079
0.00110217
0.00103679
0.000950958
0.0008441
0.000681894
0.000473177
0.000376826
0.000379271
0.00022342
6.9817e-05
0.000129185
0.000164168
0.000144037
7.88597e-05
-1.9332e-06
-0.000101054
-0.000212561
-0.000332308
-0.000457324
-0.000584386
-0.000710508
-0.000832823
-0.000948543
-0.00105511
-0.00115024
-0.00123209
-0.00129929
-0.00135102
-0.00138703
-0.00140742
-0.00141293
-0.00140473
-0.00138436
-0.00135362
-0.00131444
-0.00126885
-0.00121887
-0.00116643
-0.00111335
-0.0010613
-0.00101175
-0.000965992
-0.000925121
-0.000890007
-0.00086141
-0.000840134
-0.000827254
-0.000827152
0.00055106
0.000555211
0.000558454
0.000562875
0.000568826
0.000576647
0.000586688
0.000599316
0.000614901
0.000633772
0.000656188
0.000682295
0.000712095
0.000745426
0.000781939
0.000821093
0.000862172
0.000904309
0.000946527
0.000987798
0.00102704
0.00106353
0.0010961
0.001124
0.00114656
0.00116313
0.0011731
0.0011759
0.0011709
0.00115751
0.00113476
0.00110157
0.00105683
0.00099685
0.000918188
0.000820069
0.000661322
0.000429927
0.000332002
0.000343321
0.000194851
2.85403e-05
0.000128374
0.000185563
0.000167272
0.000105939
3.03564e-05
-6.08203e-05
-0.000162421
-0.000270276
-0.000382071
-0.000495149
-0.00060703
-0.0007154
-0.000817983
-0.000912713
-0.000997765
-0.00107164
-0.00113323
-0.00118186
-0.00121728
-0.00123953
-0.00124917
-0.00124711
-0.00123455
-0.00121291
-0.00118377
-0.00114879
-0.00110963
-0.00106792
-0.00102521
-0.000982943
-0.000942406
-0.000904754
-0.000870965
-0.000841832
-0.000818056
-0.000800395
-0.000789815
-0.000790273
0.000553131
0.000557325
0.000560947
0.000565918
0.000572526
0.000581036
0.000591708
0.000604807
0.000620593
0.000639287
0.000661045
0.000685927
0.000713877
0.000744703
0.000778067
0.000813482
0.000850322
0.000887846
0.000925225
0.000961593
0.000996068
0.00102796
0.00105632
0.00108044
0.00109971
0.00111353
0.00112135
0.00112269
0.001117
0.00110384
0.00108252
0.00105239
0.00101305
0.000961883
0.000897078
0.000820067
0.000689873
0.000487633
0.000382031
0.000423156
0.000302593
0.000126396
0.000210843
0.000247562
0.000209888
0.000140385
6.35843e-05
-2.34547e-05
-0.0001177
-0.00021598
-0.000316777
-0.000418084
-0.000517922
-0.000614467
-0.000705883
-0.000790517
-0.000866898
-0.000933825
-0.000990394
-0.00103603
-0.00107051
-0.00109382
-0.00110641
-0.00110899
-0.00110251
-0.00108809
-0.00106701
-0.00104064
-0.00101036
-0.000977528
-0.000943474
-0.000909428
-0.000876521
-0.000845767
-0.000818039
-0.00079405
-0.000774434
-0.000759891
-0.000751273
-0.000752146
0.00055166
0.000555793
0.00055962
0.000564904
0.000571869
0.000580721
0.000591646
0.000604827
0.000620438
0.000638616
0.000659441
0.000682912
0.000708931
0.000737291
0.00076767
0.000799627
0.000832615
0.000865996
0.000899061
0.000931072
0.000961287
0.000989053
0.00101361
0.00103431
0.0010506
0.00106196
0.0010679
0.00106799
0.0010618
0.00104902
0.00102921
0.00100207
0.000967733
0.000925156
0.000874254
0.000819918
0.000740956
0.000624034
0.000567311
0.000610623
0.000531005
0.000360365
0.000340141
0.000314265
0.000247668
0.000169946
9.15759e-05
8.0986e-06
-7.95464e-05
-0.000169466
-0.000260719
-0.000351841
-0.0004413
-0.000527663
-0.000609459
-0.000685362
-0.000754192
-0.000814973
-0.000866973
-0.000909727
-0.000943043
-0.000966822
-0.000981461
-0.000987507
-0.000985712
-0.000976989
-0.000962375
-0.000942984
-0.000919968
-0.000894476
-0.000867625
-0.000840475
-0.000814005
-0.000789104
-0.000766543
-0.000746958
-0.000730915
-0.000719048
-0.000712095
-0.000713271
0.000546722
0.000550719
0.000554619
0.000560034
0.000567129
0.000576061
0.000586957
0.000599936
0.000615103
0.000632535
0.000652253
0.000674213
0.000698287
0.000724265
0.000751841
0.000780618
0.000810115
0.000839779
0.000869004
0.000897153
0.000923562
0.000947643
0.000968783
0.000986425
0.00100005
0.00100921
0.00101347
0.00101248
0.00100589
0.000993465
0.000974956
0.000950242
0.000919626
0.000882896
0.000840432
0.000796901
0.0007484
0.000690469
0.000665841
0.000695546
0.00060694
0.000483472
0.000404054
0.000339696
0.000263622
0.000187479
0.000111303
3.2672e-05
-4.82419e-05
-0.000130369
-0.000213036
-0.00029514
-0.0003755
-0.000452966
-0.00052636
-0.000594623
-0.000656804
-0.000712109
-0.000759937
-0.000799909
-0.000831875
-0.000855667
-0.000871644
-0.000880233
-0.000882033
-0.000877782
-0.000868324
-0.000854577
-0.000837497
-0.000818048
-0.000797179
-0.000775793
-0.000754736
-0.000734782
-0.000716608
-0.000700775
-0.000687786
-0.000678205
-0.00067266
-0.000674053
0.000538458
0.000542269
0.000546142
0.00055155
0.000558606
0.000567423
0.000578083
0.000590655
0.000605196
0.00062173
0.00064024
0.000660648
0.000682812
0.00070652
0.000731485
0.000757347
0.000783684
0.000810017
0.000835831
0.000860556
0.000883545
0.000904352
0.000922462
0.000937377
0.00094864
0.000955845
0.000958633
0.000956692
0.000949752
0.000937625
0.000920173
0.000897344
0.000869433
0.000836476
0.000798836
0.000758651
0.000716033
0.000670561
0.00063666
0.000631083
0.0005549
0.00047061
0.000397914
0.000333429
0.000264724
0.000194668
0.000123621
5.08969e-05
-2.31966e-05
-9.79346e-05
-0.000172745
-0.00024675
-0.000319019
-0.000388616
-0.0004546
-0.000516112
-0.000572381
-0.000622761
-0.000666759
-0.000704055
-0.000734502
-0.000757976
-0.000774744
-0.000785147
-0.000789666
-0.000788899
-0.000783534
-0.00077433
-0.00076208
-0.000747594
-0.000731673
-0.000715089
-0.000698567
-0.000682777
-0.000668311
-0.000655662
-0.00064527
-0.000637633
-0.000633273
-0.000634813
0.000527052
0.000530643
0.000534418
0.000539718
0.000546608
0.000555169
0.000565446
0.000577471
0.000591262
0.000606808
0.00062406
0.00064292
0.000663238
0.000684803
0.000707348
0.000730548
0.000754025
0.000777373
0.000800164
0.000821926
0.0008418
0.000859676
0.000875092
0.000887596
0.00089678
0.000902282
0.000903788
0.000901033
0.0008938
0.000881938
0.000865364
0.000844072
0.000818301
0.000788207
0.000754179
0.000717397
0.000678605
0.000638849
0.000598939
0.000571409
0.000511513
0.000447095
0.000383879
0.000322816
0.000260126
0.000195863
0.000130546
6.39791e-05
-3.47195e-06
-7.12511e-05
-0.000138841
-0.00020552
-0.000270537
-0.00033312
-0.000392506
-0.000447994
-0.000498959
-0.000544868
-0.000585314
-0.000620033
-0.000648914
-0.000671795
-0.000688918
-0.000700553
-0.000707086
-0.000709
-0.00070686
-0.00070129
-0.000692952
-0.000682524
-0.000670681
-0.000658078
-0.000645339
-0.00063304
-0.000621694
-0.000611731
-0.000603536
-0.000597544
-0.000594177
-0.00059581
0.000512719
0.000516069
0.000519695
0.00052481
0.000531444
0.000539648
0.000549441
0.000560826
0.000573791
0.000588301
0.000604284
0.00062163
0.000640183
0.00065974
0.00068005
0.000700815
0.000721704
0.000742363
0.000762466
0.000781911
0.000798693
0.00081398
0.00082705
0.000837455
0.000844828
0.000848854
0.000849261
0.000845826
0.000838368
0.00082677
0.000810975
0.000791002
0.000767024
0.00073923
0.000707957
0.000673948
0.000637832
0.000600901
0.000560015
0.000524594
0.000473551
0.000419714
0.000364277
0.000308456
0.000251483
0.000193003
0.000133504
7.3001e-05
1.18655e-05
-4.94234e-05
-0.000110384
-0.000170417
-0.000228897
-0.000285186
-0.000338659
-0.000388736
-0.000434908
-0.000476735
-0.000513883
-0.000546128
-0.000573368
-0.000595468
-0.000612613
-0.00062502
-0.000632998
-0.000636942
-0.000637314
-0.000634629
-0.000629437
-0.000622306
-0.000613804
-0.000604488
-0.000594889
-0.0005855
-0.000576764
-0.000569057
-0.00056271
-0.0005581
-0.00055556
-0.000557245
0.000495684
0.000498785
0.000502224
0.000507104
0.000513417
0.000521196
0.000530438
0.000541124
0.000553223
0.00056668
0.000581409
0.000597293
0.000614175
0.00063186
0.000650112
0.000668656
0.000687187
0.000705362
0.00072276
0.000738712
0.000754213
0.000767536
0.000778624
0.000787219
0.000793027
0.000795789
0.000795274
0.000791292
0.000783694
0.000772384
0.000757326
0.000738545
0.00071617
0.00069038
0.000661455
0.0006299
0.000596211
0.000560851
0.000522876
0.00048511
0.000439914
0.000392594
0.000343339
0.000292378
0.000240619
0.0001876
0.00013364
7.88719e-05
2.36318e-05
-3.16554e-05
-8.65483e-05
-0.000140542
-0.000193114
-0.000243729
-0.000291868
-0.000337053
-0.000378865
-0.000416949
-0.000451023
-0.000480895
-0.000506459
-0.000527627
-0.00054453
-0.000557338
-0.000566303
-0.000571744
-0.000574042
-0.00057362
-0.000570936
-0.000566464
-0.000560682
-0.00055406
-0.000547049
-0.000540073
-0.000533509
-0.000527683
-0.000522881
-0.000519426
-0.000517571
-0.000519273
0.000476179
0.00047903
0.000482259
0.000486866
0.000492817
0.000500125
0.000508774
0.000518731
0.000529948
0.000542358
0.000555867
0.000570353
0.000585662
0.000601609
0.000617973
0.000634505
0.000650927
0.000666931
0.000682179
0.000696334
0.000709411
0.000720748
0.000730056
0.000737067
0.000741532
0.000743228
0.000741962
0.000737567
0.00072992
0.000718944
0.000704616
0.000686968
0.000666097
0.000642173
0.000615424
0.000586187
0.000554817
0.000521555
0.000486071
0.000449553
0.000408937
0.000366159
0.000321596
0.000275598
0.000228608
0.000180579
0.000131743
8.22808e-05
3.24819e-05
-1.72867e-05
-6.66354e-05
-0.000115137
-0.000162347
-0.000207822
-0.00025113
-0.000291872
-0.000329704
-0.000364328
-0.000395513
-0.000423098
-0.000447001
-0.000467122
-0.000483571
-0.000496484
-0.000506062
-0.000512565
-0.000516305
-0.00051763
-0.00051692
-0.000514571
-0.000510982
-0.000506551
-0.000501659
-0.000496666
-0.000491897
-0.000487628
-0.000484108
-0.00048161
-0.000480317
-0.000482011
0.000454434
0.000457039
0.000460043
0.000464354
0.000469916
0.000476727
0.000484762
0.000493976
0.000504313
0.000515697
0.00052803
0.000541189
0.000555026
0.000569365
0.000584002
0.000598713
0.000613245
0.000627322
0.000640664
0.000652996
0.000664168
0.000673763
0.000681504
0.000687145
0.000690469
0.000691281
0.000689415
0.000684728
0.000677121
0.000666536
0.000652955
0.000636412
0.000616991
0.000594845
0.000570149
0.000543139
0.000514076
0.000483138
0.000450333
0.000416031
0.00037919
0.000340197
0.000299889
0.000258333
0.000215793
0.000172373
0.000128282
8.3708e-05
3.89133e-05
-5.79249e-06
-5.00748e-05
-9.35697e-05
-0.000135903
-0.000176702
-0.000215608
-0.00025229
-0.000286462
-0.000317882
-0.000346352
-0.000371741
-0.000393976
-0.000412972
-0.000428806
-0.000441585
-0.000451473
-0.00045868
-0.00046346
-0.000466103
-0.00046692
-0.000466241
-0.000464401
-0.000461733
-0.000458558
-0.000455182
-0.000451881
-0.00044889
-0.000446423
-0.000444712
-0.000443876
-0.000445541
0.000430669
0.000433038
0.000435809
0.000439812
0.000444969
0.000451271
0.000458683
0.000467156
0.000476627
0.000487015
0.000498223
0.000510129
0.000522591
0.000535444
0.000548501
0.000561557
0.000574387
0.000586747
0.000598395
0.000609091
0.000618619
0.000626696
0.000633077
0.000637545
0.000639908
0.000639997
0.000637668
0.000632805
0.000625323
0.000615181
0.000602369
0.000586923
0.000568917
0.000548484
0.000525766
0.000500938
0.00047421
0.000445724
0.000415557
0.000383853
0.000350279
0.000314956
0.000278452
0.000240883
0.000202434
0.00016326
0.000123551
8.34849e-05
4.32909e-05
3.23253e-06
-3.64071e-05
-7.53209e-05
-0.000113196
-0.000149724
-0.000184602
-0.000217556
-0.000248348
-0.000276779
-0.00030269
-0.000325968
-0.00034655
-0.000364354
-0.000379441
-0.000391894
-0.000401843
-0.000409459
-0.000414949
-0.000418549
-0.000420518
-0.000421129
-0.00042066
-0.00041939
-0.00041759
-0.000415516
-0.000413402
-0.000411449
-0.000409838
-0.000408765
-0.000408296
-0.000409915
0.000405097
0.000407239
0.000409777
0.000413466
0.000418212
0.000424
0.000430793
0.000438535
0.000447162
0.000456592
0.000466728
0.000477453
0.000488634
0.000500115
0.000511727
0.000523283
0.00053458
0.000545404
0.000555533
0.000564744
0.000572857
0.000579625
0.000584841
0.000588314
0.000589876
0.000589384
0.000586719
0.000581783
0.000574507
0.000564857
0.000552837
0.000538489
0.000521872
0.000503102
0.000482298
0.000459595
0.000435156
0.00040912
0.000381576
0.000352594
0.000322066
0.00029013
0.000257143
0.000223263
0.000188628
0.000153398
0.000117749
8.18506e-05
4.5897e-05
1.0115e-05
-2.52536e-05
-5.99576e-05
-9.37394e-05
-0.00012634
-0.000157509
-0.000187021
-0.00021468
-0.000240316
-0.000263804
-0.000285048
-0.000303985
-0.000320556
-0.000334795
-0.000346767
-0.000356575
-0.000364356
-0.000370279
-0.000374536
-0.000377342
-0.00037892
-0.000379503
-0.000379321
-0.000378603
-0.000377561
-0.000376394
-0.00037527
-0.000374345
-0.000373783
-0.000373602
-0.000375162
0.000377917
0.000379844
0.00038215
0.000385524
0.00038986
0.000395139
0.00040132
0.000408349
0.00041616
0.000424671
0.00043379
0.000443405
0.00045339
0.000463604
0.000473893
0.000484086
0.000493999
0.000503441
0.000512217
0.000520135
0.000526998
0.00053263
0.000536843
0.000539476
0.000540382
0.000539438
0.000536545
0.000531623
0.00052462
0.000515514
0.000504313
0.000491057
0.0004758
0.000458643
0.000439688
0.000419036
0.000396824
0.00037319
0.000348215
0.000321955
0.000294236
0.000265513
0.00023586
0.000205447
0.000174395
0.000142859
0.000110997
7.89723e-05
4.69521e-05
1.51262e-05
-1.62994e-05
-4.71182e-05
-7.71217e-05
-0.000106094
-0.000133829
-0.000160144
-0.000184878
-0.00020789
-0.000229073
-0.000248349
-0.000265674
-0.000280975
-0.000294283
-0.000305646
-0.000315145
-0.00032289
-0.000329015
-0.000333679
-0.000337055
-0.000339329
-0.000340691
-0.000341334
-0.000341446
-0.000341206
-0.000340779
-0.000340306
-0.000339919
-0.000339758
-0.000339799
-0.000341288
0.000349314
0.000351039
0.000353118
0.00035618
0.000360111
0.000364887
0.000370471
0.000376807
0.00038383
0.000391464
0.000399618
0.00040819
0.000417061
0.000426104
0.000435176
0.000444124
0.000452784
0.000460984
0.000468552
0.000475311
0.000481101
0.000485754
0.000489114
0.000491043
0.000491418
0.000490136
0.000487111
0.00048228
0.000475606
0.000467083
0.000456718
0.000444547
0.00043062
0.000415031
0.00039786
0.000379187
0.000359136
0.000337832
0.000315367
0.000291896
0.000266586
0.000241022
0.000214559
0.000187424
0.000159752
0.000131691
0.000103383
7.4979e-05
4.66259e-05
1.84807e-05
-9.28635e-06
-3.65019e-05
-6.29969e-05
-8.86013e-05
-0.000113145
-0.000136476
-0.00015846
-0.000178987
-0.000197969
-0.000215342
-0.000231062
-0.000245076
-0.000257392
-0.000268045
-0.000277098
-0.000284637
-0.000290772
-0.00029563
-0.000299353
-0.000302092
-0.000304003
-0.000305245
-0.000305974
-0.000306337
-0.000306472
-0.000306497
-0.000306523
-0.000306667
-0.000306871
-0.000308282
0.000319462
0.000320997
0.000322855
0.00032561
0.000329141
0.000333426
0.000338428
0.000344093
0.00035036
0.000357156
0.000364396
0.000371985
0.000379816
0.000387772
0.000395726
0.000403536
0.000411057
0.000418137
0.000424623
0.000430357
0.000435206
0.000439011
0.000441649
0.000442997
0.000442954
0.000441431
0.000438359
0.00043369
0.000427398
0.000419486
0.000409966
0.000398871
0.000386249
0.00037218
0.000356729
0.000339965
0.000321996
0.000302927
0.000282827
0.00026177
0.00023952
0.000216701
0.000193207
0.000169172
0.000144704
0.00011993
9.49786e-05
6.99784e-05
4.50622e-05
2.03609e-05
-3.98833e-06
-2.78434e-05
-5.10657e-05
-7.35204e-05
-9.50715e-05
-0.000115596
-0.000134989
-0.000153154
-0.00017002
-0.000185537
-0.000199688
-0.000212402
-0.000223677
-0.000233535
-0.000242027
-0.000249221
-0.000255204
-0.000260078
-0.000263958
-0.000266966
-0.00026923
-0.000270879
-0.000272042
-0.000272839
-0.000273384
-0.000273773
-0.000274103
-0.000274471
-0.000274789
-0.000276114
0.00028852
0.000289878
0.000291519
0.000293975
0.000297115
0.00030092
0.000305357
0.000310373
0.000315913
0.000321907
0.000328279
0.000334942
0.000341799
0.000348745
0.000355664
0.00036243
0.000368913
0.00037498
0.000380494
0.000385322
0.000389336
0.000392418
0.000394446
0.00039532
0.00039495
0.000393267
0.000390217
0.000385767
0.000379905
0.000372633
0.000363966
0.000353937
0.000342591
0.000329997
0.00031621
0.000301289
0.00028533
0.000268417
0.000250613
0.000231985
0.00021249
0.000192393
0.000171751
0.000150674
0.000129257
0.000107609
8.58412e-05
6.40628e-05
4.2389e-05
2.09301e-05
-2.04052e-07
-2.09013e-05
-4.10495e-05
-6.05409e-05
-7.92709e-05
-9.71463e-05
-0.000114084
-0.000129998
-0.000144818
-0.000158493
-0.000171136
-0.000182551
-0.000192743
-0.000201736
-0.000209571
-0.000216302
-0.000221997
-0.000226736
-0.000230613
-0.000233724
-0.000236174
-0.000238067
-0.000239507
-0.000240593
-0.000241417
-0.000242059
-0.000242597
-0.00024312
-0.000243507
-0.000244741
0.000256637
0.000257828
0.000259258
0.000261421
0.000264178
0.000267516
0.000271403
0.000275792
0.000280631
0.000285858
0.000291404
0.000297191
0.000303133
0.000309135
0.000315092
0.000320894
0.000326429
0.000331577
0.000336218
0.000340234
0.000343531
0.00034598
0.000347489
0.000347972
0.000347356
0.000345585
0.000342619
0.000338441
0.000333043
0.00032643
0.000318619
0.000309644
0.000299548
0.000288388
0.000276215
0.000263078
0.000249063
0.000234239
0.000218669
0.000202414
0.000185495
0.000168043
0.000150149
0.000131913
0.000113418
9.47573e-05
7.60245e-05
5.73132e-05
3.87175e-05
2.03295e-05
2.23677e-06
-1.54738e-05
-3.27145e-05
-4.94025e-05
-6.54637e-05
-8.08283e-05
-9.54249e-05
-0.000109185
-0.000122029
-0.000133807
-0.000145066
-0.000155174
-0.000164243
-0.000172309
-0.000179406
-0.000185574
-0.000190865
-0.000195343
-0.00019908
-0.000202154
-0.000204648
-0.000206645
-0.000208229
-0.000209479
-0.000210471
-0.000211267
-0.000211935
-0.000212551
-0.000212971
-0.000214108
0.000223948
0.000224982
0.000226206
0.000228083
0.000230466
0.000233347
0.000236699
0.00024048
0.000244642
0.000249131
0.000253887
0.00025884
0.000263916
0.000269027
0.000274084
0.000278994
0.000283656
0.000287967
0.000291825
0.00029513
0.000297776
0.000299676
0.000300747
0.000300916
0.000300123
0.000298325
0.000295498
0.000291632
0.000286723
0.000280781
0.000273828
0.000265898
0.000257026
0.000247268
0.000236664
0.000225262
0.000213134
0.00020034
0.00018694
0.00017299
0.000158526
0.000143632
0.000128391
0.000112891
9.72059e-05
8.1412e-05
6.55875e-05
4.98094e-05
3.4152e-05
1.86901e-05
3.49193e-06
-1.13777e-05
-2.5854e-05
-3.98758e-05
-5.3392e-05
-6.6356e-05
-7.87168e-05
-9.04312e-05
-0.000101473
-0.000111897
-0.000121281
-0.000129967
-0.000137859
-0.000144945
-0.000151235
-0.000156756
-0.000161547
-0.000165656
-0.000169138
-0.000172055
-0.000174472
-0.000176454
-0.000178067
-0.000179376
-0.000180439
-0.000181307
-0.000182034
-0.000182694
-0.000183113
-0.00018415
0.000190581
0.000191466
0.000192489
0.000194086
0.0001961
0.000198533
0.000201362
0.00020455
0.000208056
0.000211832
0.000215827
0.000219981
0.000224229
0.000228497
0.000232709
0.000236783
0.000240636
0.000244178
0.00024732
0.000249974
0.000252053
0.000253482
0.000254187
0.000254108
0.000253197
0.000251421
0.000248772
0.000245248
0.00024085
0.000235593
0.000229501
0.000222606
0.000214943
0.000206558
0.00019749
0.000187782
0.000177495
0.00016668
0.000155393
0.000143682
0.000131584
0.000119166
0.000106491
9.36352e-05
8.06592e-05
6.76263e-05
5.45987e-05
4.16371e-05
2.87984e-05
1.61392e-05
3.71125e-06
-8.43947e-06
-2.02706e-05
-3.17426e-05
-4.2819e-05
-5.3471e-05
-6.36706e-05
-7.33881e-05
-8.25972e-05
-9.12686e-05
-9.92262e-05
-0.000106574
-0.000113287
-0.000119356
-0.000124784
-0.000129589
-0.000133798
-0.000137447
-0.000140577
-0.000143235
-0.000145472
-0.000147338
-0.000148885
-0.000150162
-0.000151215
-0.000152083
-0.00015281
-0.00015347
-0.00015386
-0.000154792
0.000156656
0.000157397
0.000158222
0.000159543
0.000161192
0.000163185
0.0001655
0.000168107
0.000170971
0.000174053
0.00017731
0.000180691
0.000184143
0.000187606
0.000191015
0.000194303
0.0001974
0.000200229
0.000202713
0.000204775
0.00020635
0.000207366
0.000207761
0.000207484
0.000206499
0.000204787
0.000202353
0.000199197
0.000195327
0.000190761
0.000185527
0.000179654
0.000173178
0.00016614
0.000158575
0.000150522
0.000142031
0.000133148
0.00012392
0.00011439
0.000104594
9.45811e-05
8.44014e-05
7.41144e-05
6.37685e-05
5.34121e-05
4.30923e-05
3.28537e-05
2.27384e-05
1.27848e-05
3.02777e-06
-6.50323e-06
-1.57842e-05
-2.47938e-05
-3.35134e-05
-4.19321e-05
-5.00367e-05
-5.78059e-05
-6.52135e-05
-7.22211e-05
-7.87172e-05
-8.47357e-05
-9.02612e-05
-9.52841e-05
-9.98054e-05
-0.000103835
-0.000107393
-0.000110504
-0.000113199
-0.000115513
-0.000117483
-0.000119148
-0.000120545
-0.000121713
-0.000122687
-0.000123495
-0.00012417
-0.000124791
-0.000125129
-0.000125952
0.000122283
0.000122885
0.000123515
0.00012456
0.000125847
0.000127403
0.000129211
0.000131244
0.000133477
0.000135878
0.000138413
0.000141042
0.000143721
0.000146404
0.000149042
0.000151578
0.000153958
0.000156118
0.000157997
0.000159527
0.000160642
0.000161289
0.000161414
0.000160978
0.000159957
0.000158346
0.000156152
0.000153382
0.000150051
0.000146182
0.000141802
0.000136941
0.000131634
0.000125917
0.000119822
0.000113388
0.000106654
9.96603e-05
9.24452e-05
8.50457e-05
7.74951e-05
6.98303e-05
6.20862e-05
5.43066e-05
4.65268e-05
3.87808e-05
3.11001e-05
2.35136e-05
1.60471e-05
8.72287e-06
1.55983e-06
-5.42846e-06
-1.2234e-05
-1.88523e-05
-2.52822e-05
-3.15273e-05
-3.75873e-05
-4.34524e-05
-4.90959e-05
-5.44795e-05
-5.95222e-05
-6.42134e-05
-6.85389e-05
-7.24897e-05
-7.60646e-05
-7.92698e-05
-8.21177e-05
-8.46258e-05
-8.68159e-05
-8.87125e-05
-9.03423e-05
-9.17327e-05
-9.29115e-05
-9.39058e-05
-9.47411e-05
-9.54375e-05
-9.60172e-05
-9.6566e-05
-9.68332e-05
-9.75386e-05
8.75687e-05
8.80282e-05
8.84687e-05
8.92348e-05
9.01589e-05
9.12787e-05
9.25792e-05
9.4042e-05
9.56476e-05
9.73741e-05
9.91957e-05
0.000101083
0.000103004
0.000104926
0.000106811
0.00010862
0.000110311
0.000111838
0.000113146
0.00011416
0.000114868
0.000115191
0.000115086
0.000114524
0.000113498
0.000112014
0.000110084
0.000107725
0.000104955
0.000101799
9.82852e-05
9.44439e-05
9.03075e-05
8.59094e-05
8.12792e-05
7.64505e-05
7.14545e-05
6.63255e-05
6.10931e-05
5.57872e-05
5.04362e-05
4.50664e-05
3.9701e-05
3.43678e-05
2.90892e-05
2.38854e-05
1.87733e-05
1.37667e-05
8.87592e-06
4.10632e-06
-5.39492e-07
-5.06231e-06
-9.46408e-06
-1.37543e-05
-1.79489e-05
-2.2067e-05
-2.61234e-05
-3.01203e-05
-3.40336e-05
-3.7853e-05
-4.14433e-05
-4.47991e-05
-4.79077e-05
-5.076e-05
-5.33531e-05
-5.56898e-05
-5.77776e-05
-5.96276e-05
-6.12537e-05
-6.26722e-05
-6.39002e-05
-6.49561e-05
-6.58582e-05
-6.66243e-05
-6.72719e-05
-6.78136e-05
-6.82607e-05
-6.87045e-05
-6.88894e-05
-6.94609e-05
5.26218e-05
5.29379e-05
5.31937e-05
5.36691e-05
5.42282e-05
5.49089e-05
5.56996e-05
5.65888e-05
5.75649e-05
5.86141e-05
5.97205e-05
6.08664e-05
6.20321e-05
6.31961e-05
6.43379e-05
6.543e-05
6.64499e-05
6.73685e-05
6.81568e-05
6.8722e-05
6.90479e-05
6.90639e-05
6.87412e-05
6.80691e-05
6.70548e-05
6.57142e-05
6.40635e-05
6.21248e-05
5.99254e-05
5.74939e-05
5.48587e-05
5.20488e-05
4.9093e-05
4.60195e-05
4.28552e-05
3.96274e-05
3.6361e-05
3.30819e-05
2.98127e-05
2.65759e-05
2.33929e-05
2.02797e-05
1.72489e-05
1.43138e-05
1.14838e-05
8.7653e-06
6.16179e-06
3.67311e-06
1.29546e-06
-9.78879e-07
-3.16116e-06
-5.26642e-06
-7.3149e-06
-9.32764e-06
-1.13302e-05
-1.33596e-05
-1.54511e-05
-1.76223e-05
-1.98649e-05
-2.21056e-05
-2.42436e-05
-2.62594e-05
-2.81366e-05
-2.98667e-05
-3.14468e-05
-3.28776e-05
-3.41628e-05
-3.53081e-05
-3.63212e-05
-3.72105e-05
-3.79855e-05
-3.86562e-05
-3.92328e-05
-3.97253e-05
-4.01436e-05
-4.04945e-05
-4.0779e-05
-4.10799e-05
-4.11764e-05
-4.16061e-05
1.75168e-05
1.76291e-05
1.77165e-05
1.78898e-05
1.80834e-05
1.83214e-05
1.85977e-05
1.89081e-05
1.92486e-05
1.96147e-05
2.00006e-05
2.04011e-05
2.081e-05
2.12183e-05
2.16161e-05
2.19953e-05
2.23468e-05
2.26692e-05
2.29633e-05
2.3133e-05
2.30465e-05
2.27644e-05
2.22383e-05
2.14635e-05
2.04608e-05
1.92567e-05
1.78789e-05
1.63561e-05
1.47196e-05
1.29995e-05
1.12255e-05
9.42626e-06
7.62867e-06
5.85809e-06
4.13789e-06
2.49083e-06
9.35097e-07
-5.10364e-07
-1.83012e-06
-3.00888e-06
-4.03322e-06
-4.897e-06
-5.59972e-06
-6.1426e-06
-6.53006e-06
-6.76954e-06
-6.87185e-06
-6.85144e-06
-6.7266e-06
-6.51954e-06
-6.25603e-06
-5.96507e-06
-5.67954e-06
-5.43556e-06
-5.27039e-06
-5.22704e-06
-5.35118e-06
-5.6717e-06
-6.19891e-06
-6.90913e-06
-7.67959e-06
-8.37912e-06
-9.02552e-06
-9.62403e-06
-1.01755e-05
-1.068e-05
-1.11381e-05
-1.1551e-05
-1.19206e-05
-1.22492e-05
-1.25399e-05
-1.27952e-05
-1.30179e-05
-1.32103e-05
-1.33752e-05
-1.35146e-05
-1.36235e-05
-1.37545e-05
-1.37938e-05
-1.39437e-05
)
;

boundaryField
{
    lowerWall
    {
        type            fixedFluxPressure;
        gradient        uniform 0;
        value           nonuniform List<scalar> 
80
(
12421.9
12422.1
12422.4
12422.9
12423.5
12424.1
12424.6
12425.2
12425.6
12425.9
12426.2
12426.3
12426.2
12426
12425.7
12425.2
12424.6
12423.8
12422.8
12421.7
12420.3
12418.7
12416.9
12414.9
12412.6
12410.1
12407.4
12404.4
12401.2
12397.8
12394.3
12390.8
12387.2
12383.8
12380.6
12377.8
12375.4
12373.5
12372.2
12371.6
12371.7
12372.5
12374
12376
12378.6
12381.6
12384.8
12388.3
12391.8
12395.4
12398.8
12402.2
12405.3
12408.2
12410.9
12413.4
12415.6
12417.6
12419.3
12420.9
12422.2
12423.3
12424.3
12425.1
12425.7
12426.2
12426.5
12426.7
12426.8
12426.7
12426.5
12426.1
12425.7
12425.2
12424.7
12424.1
12423.5
12423.1
12422.7
12422.6
)
;
    }
    rightWall
    {
        type            zeroGradient;
    }
    atmosphere
    {
        type            totalPressure;
        rho             rho;
        psi             none;
        gamma           1;
        p0              uniform 0;
        value           nonuniform List<scalar> 
80
(
0
0
0
0
0
0
0
0
0
0
0
0
0
0
0
0
0
0
0
-1.0118e-08
-1.70357e-07
-5.45321e-07
-1.15021e-06
-1.97211e-06
-2.97372e-06
-4.11713e-06
-5.36836e-06
-6.69531e-06
-8.06644e-06
-9.45091e-06
-1.08177e-05
-1.21363e-05
-1.33798e-05
-1.45234e-05
-1.55447e-05
-1.64214e-05
-1.71396e-05
-1.76821e-05
-1.8037e-05
-1.81923e-05
-1.81373e-05
-1.78706e-05
-1.73994e-05
-1.67324e-05
-1.58818e-05
-1.48626e-05
-1.36938e-05
-1.23983e-05
-1.10029e-05
-9.53859e-06
-8.04011e-06
-6.54539e-06
-5.09556e-06
-3.73352e-06
-2.50462e-06
-1.45981e-06
-6.60607e-07
-1.66609e-07
-1.35262e-10
0
0
0
0
0
0
0
0
0
0
0
0
0
0
0
0
0
0
0
0
0
)
;
    }
    leftWall
    {
        type            zeroGradient;
    }
    frontAndBack
    {
        type            empty;
    }
}


// ************************************************************************* //
