/*--------------------------------*- C++ -*----------------------------------*\
| =========                 |                                                 |
| \\      /  F ield         | OpenFOAM: The Open Source CFD Toolbox           |
|  \\    /   O peration     | Version:  2412                                  |
|   \\  /    A nd           | Website:  www.openfoam.com                      |
|    \\/     M anipulation  |                                                 |
\*---------------------------------------------------------------------------*/
FoamFile
{
    version     2.0;
    format      ascii;
    arch        "LSB;label=32;scalar=64";
    class       volScalarField;
    location    "0.45";
    object      p_rgh;
}
// * * * * * * * * * * * * * * * * * * * * * * * * * * * * * * * * * * * * * //

dimensions      [1 -1 -2 0 0 0 0];

internalField   nonuniform List<scalar> 
6400
(
7250.98
7250.98
7250.99
7250.99
7251
7251.02
7251.03
7251.05
7251.07
7251.09
7251.12
7251.15
7251.18
7251.21
7251.24
7251.28
7251.32
7251.36
7251.4
7251.45
7251.49
7251.54
7251.59
7251.64
7251.69
7251.74
7251.78
7251.83
7251.88
7251.92
7251.96
7252
7252.04
7252.07
7252.1
7252.12
7252.13
7252.15
7252.15
7252.15
7252.14
7252.13
7252.11
7252.09
7252.06
7252.03
7251.99
7251.94
7251.9
7251.85
7251.8
7251.74
7251.69
7251.63
7251.58
7251.52
7251.46
7251.41
7251.35
7251.3
7251.25
7251.2
7251.15
7251.11
7251.06
7251.02
7250.98
7250.95
7250.92
7250.89
7250.86
7250.84
7250.81
7250.8
7250.78
7250.77
7250.76
7250.75
7250.74
7250.74
7250.97
7250.98
7250.98
7250.99
7251
7251.01
7251.03
7251.05
7251.07
7251.09
7251.12
7251.14
7251.17
7251.21
7251.24
7251.28
7251.32
7251.36
7251.4
7251.45
7251.49
7251.54
7251.59
7251.64
7251.69
7251.74
7251.79
7251.83
7251.88
7251.92
7251.97
7252.01
7252.04
7252.07
7252.1
7252.12
7252.14
7252.15
7252.16
7252.16
7252.15
7252.14
7252.12
7252.09
7252.07
7252.03
7251.99
7251.95
7251.9
7251.85
7251.8
7251.74
7251.69
7251.63
7251.58
7251.52
7251.46
7251.41
7251.35
7251.3
7251.25
7251.2
7251.15
7251.1
7251.06
7251.02
7250.98
7250.95
7250.91
7250.88
7250.86
7250.83
7250.81
7250.79
7250.78
7250.76
7250.75
7250.74
7250.74
7250.74
7250.97
7250.97
7250.98
7250.99
7251
7251.01
7251.02
7251.04
7251.06
7251.08
7251.11
7251.14
7251.17
7251.2
7251.24
7251.27
7251.31
7251.35
7251.4
7251.44
7251.49
7251.54
7251.59
7251.64
7251.69
7251.74
7251.79
7251.84
7251.88
7251.93
7251.97
7252.01
7252.05
7252.08
7252.11
7252.13
7252.15
7252.16
7252.17
7252.17
7252.16
7252.15
7252.13
7252.11
7252.08
7252.04
7252
7251.96
7251.91
7251.86
7251.8
7251.75
7251.69
7251.63
7251.58
7251.52
7251.46
7251.4
7251.35
7251.29
7251.24
7251.19
7251.14
7251.1
7251.06
7251.02
7250.98
7250.94
7250.91
7250.88
7250.85
7250.83
7250.81
7250.79
7250.77
7250.76
7250.75
7250.74
7250.73
7250.73
7250.97
7250.97
7250.97
7250.98
7250.99
7251
7251.02
7251.03
7251.05
7251.08
7251.1
7251.13
7251.16
7251.19
7251.23
7251.27
7251.31
7251.35
7251.39
7251.44
7251.49
7251.54
7251.59
7251.64
7251.69
7251.74
7251.79
7251.84
7251.89
7251.94
7251.98
7252.02
7252.06
7252.1
7252.12
7252.15
7252.17
7252.18
7252.19
7252.19
7252.18
7252.17
7252.15
7252.12
7252.09
7252.05
7252.01
7251.97
7251.92
7251.86
7251.81
7251.75
7251.69
7251.63
7251.58
7251.52
7251.46
7251.4
7251.34
7251.29
7251.24
7251.19
7251.14
7251.09
7251.05
7251.01
7250.97
7250.93
7250.9
7250.87
7250.84
7250.82
7250.8
7250.78
7250.76
7250.75
7250.74
7250.73
7250.73
7250.72
7250.95
7250.96
7250.96
7250.97
7250.98
7250.99
7251.01
7251.02
7251.04
7251.07
7251.09
7251.12
7251.15
7251.19
7251.22
7251.26
7251.3
7251.34
7251.39
7251.43
7251.48
7251.53
7251.58
7251.64
7251.69
7251.74
7251.79
7251.85
7251.9
7251.95
7251.99
7252.04
7252.08
7252.11
7252.14
7252.17
7252.19
7252.2
7252.21
7252.21
7252.2
7252.19
7252.17
7252.14
7252.11
7252.07
7252.03
7251.98
7251.93
7251.87
7251.82
7251.76
7251.7
7251.64
7251.57
7251.51
7251.45
7251.4
7251.34
7251.28
7251.23
7251.18
7251.13
7251.08
7251.04
7251
7250.96
7250.92
7250.89
7250.86
7250.83
7250.81
7250.79
7250.77
7250.75
7250.74
7250.73
7250.72
7250.72
7250.71
7250.94
7250.94
7250.95
7250.96
7250.97
7250.98
7250.99
7251.01
7251.03
7251.06
7251.08
7251.11
7251.14
7251.17
7251.21
7251.25
7251.29
7251.33
7251.38
7251.43
7251.48
7251.53
7251.58
7251.63
7251.69
7251.74
7251.8
7251.85
7251.91
7251.96
7252.01
7252.05
7252.1
7252.14
7252.17
7252.2
7252.22
7252.23
7252.24
7252.24
7252.24
7252.22
7252.2
7252.17
7252.14
7252.1
7252.05
7252
7251.94
7251.89
7251.83
7251.76
7251.7
7251.64
7251.57
7251.51
7251.45
7251.39
7251.33
7251.27
7251.22
7251.17
7251.12
7251.07
7251.03
7250.98
7250.95
7250.91
7250.88
7250.85
7250.82
7250.8
7250.77
7250.75
7250.74
7250.73
7250.71
7250.71
7250.7
7250.7
7250.92
7250.93
7250.93
7250.94
7250.95
7250.96
7250.98
7251
7251.02
7251.04
7251.07
7251.09
7251.13
7251.16
7251.2
7251.23
7251.28
7251.32
7251.37
7251.42
7251.47
7251.52
7251.57
7251.63
7251.69
7251.74
7251.8
7251.86
7251.92
7251.97
7252.03
7252.08
7252.12
7252.16
7252.2
7252.23
7252.25
7252.27
7252.28
7252.28
7252.27
7252.26
7252.24
7252.21
7252.17
7252.12
7252.07
7252.02
7251.96
7251.9
7251.84
7251.77
7251.71
7251.64
7251.57
7251.51
7251.44
7251.38
7251.32
7251.26
7251.21
7251.15
7251.1
7251.06
7251.01
7250.97
7250.93
7250.89
7250.86
7250.83
7250.8
7250.78
7250.76
7250.74
7250.72
7250.71
7250.7
7250.69
7250.69
7250.68
7250.91
7250.91
7250.91
7250.92
7250.93
7250.94
7250.96
7250.98
7251
7251.02
7251.05
7251.08
7251.11
7251.14
7251.18
7251.22
7251.26
7251.31
7251.35
7251.4
7251.46
7251.51
7251.57
7251.63
7251.69
7251.75
7251.81
7251.87
7251.93
7251.99
7252.05
7252.1
7252.15
7252.2
7252.24
7252.27
7252.3
7252.32
7252.33
7252.33
7252.32
7252.3
7252.28
7252.25
7252.21
7252.16
7252.11
7252.05
7251.98
7251.92
7251.85
7251.78
7251.71
7251.64
7251.57
7251.5
7251.44
7251.37
7251.31
7251.25
7251.19
7251.14
7251.09
7251.04
7250.99
7250.95
7250.91
7250.87
7250.84
7250.81
7250.78
7250.76
7250.74
7250.72
7250.7
7250.69
7250.68
7250.67
7250.67
7250.66
7250.89
7250.89
7250.89
7250.9
7250.91
7250.92
7250.94
7250.96
7250.98
7251
7251.03
7251.06
7251.09
7251.12
7251.16
7251.2
7251.24
7251.29
7251.34
7251.39
7251.44
7251.5
7251.56
7251.62
7251.68
7251.75
7251.81
7251.88
7251.94
7252.01
7252.07
7252.13
7252.18
7252.23
7252.28
7252.32
7252.35
7252.37
7252.38
7252.38
7252.38
7252.36
7252.33
7252.3
7252.25
7252.2
7252.14
7252.08
7252.01
7251.94
7251.86
7251.79
7251.72
7251.64
7251.57
7251.5
7251.43
7251.36
7251.29
7251.23
7251.17
7251.12
7251.07
7251.02
7250.97
7250.93
7250.89
7250.85
7250.82
7250.79
7250.76
7250.74
7250.72
7250.7
7250.68
7250.67
7250.66
7250.65
7250.64
7250.64
7250.86
7250.87
7250.87
7250.88
7250.89
7250.9
7250.92
7250.93
7250.96
7250.98
7251
7251.03
7251.07
7251.1
7251.14
7251.18
7251.22
7251.27
7251.32
7251.37
7251.43
7251.49
7251.55
7251.61
7251.68
7251.75
7251.82
7251.89
7251.96
7252.03
7252.1
7252.16
7252.22
7252.28
7252.33
7252.37
7252.41
7252.43
7252.45
7252.45
7252.44
7252.42
7252.39
7252.35
7252.3
7252.25
7252.18
7252.11
7252.04
7251.96
7251.88
7251.8
7251.72
7251.64
7251.56
7251.49
7251.41
7251.34
7251.28
7251.21
7251.15
7251.1
7251.04
7250.99
7250.95
7250.9
7250.86
7250.83
7250.79
7250.76
7250.74
7250.71
7250.69
7250.67
7250.66
7250.64
7250.63
7250.63
7250.62
7250.62
7250.84
7250.84
7250.85
7250.85
7250.86
7250.88
7250.89
7250.91
7250.93
7250.95
7250.98
7251.01
7251.04
7251.07
7251.11
7251.15
7251.2
7251.25
7251.3
7251.35
7251.41
7251.47
7251.54
7251.6
7251.67
7251.75
7251.82
7251.9
7251.97
7252.05
7252.12
7252.2
7252.27
7252.33
7252.39
7252.44
7252.48
7252.5
7252.52
7252.53
7252.52
7252.5
7252.46
7252.42
7252.36
7252.3
7252.23
7252.15
7252.07
7251.98
7251.9
7251.81
7251.72
7251.64
7251.56
7251.48
7251.4
7251.33
7251.26
7251.19
7251.13
7251.07
7251.02
7250.96
7250.92
7250.87
7250.83
7250.8
7250.77
7250.74
7250.71
7250.68
7250.66
7250.65
7250.63
7250.62
7250.61
7250.6
7250.59
7250.59
7250.81
7250.81
7250.82
7250.82
7250.83
7250.85
7250.86
7250.88
7250.9
7250.92
7250.95
7250.98
7251.01
7251.05
7251.08
7251.13
7251.17
7251.22
7251.27
7251.33
7251.39
7251.45
7251.52
7251.59
7251.67
7251.74
7251.82
7251.91
7251.99
7252.07
7252.16
7252.24
7252.31
7252.39
7252.45
7252.51
7252.55
7252.59
7252.61
7252.62
7252.61
7252.58
7252.55
7252.5
7252.43
7252.36
7252.28
7252.19
7252.1
7252.01
7251.91
7251.82
7251.73
7251.63
7251.55
7251.46
7251.38
7251.3
7251.23
7251.16
7251.1
7251.04
7250.98
7250.93
7250.89
7250.84
7250.8
7250.77
7250.73
7250.7
7250.68
7250.65
7250.63
7250.61
7250.6
7250.59
7250.58
7250.57
7250.57
7250.56
7250.78
7250.78
7250.79
7250.79
7250.8
7250.82
7250.83
7250.85
7250.87
7250.89
7250.92
7250.95
7250.98
7251.01
7251.05
7251.1
7251.14
7251.19
7251.24
7251.3
7251.37
7251.43
7251.5
7251.58
7251.66
7251.74
7251.82
7251.91
7252
7252.1
7252.19
7252.28
7252.37
7252.45
7252.53
7252.59
7252.65
7252.69
7252.71
7252.72
7252.71
7252.68
7252.64
7252.58
7252.51
7252.43
7252.34
7252.24
7252.14
7252.03
7251.93
7251.83
7251.73
7251.63
7251.53
7251.44
7251.36
7251.28
7251.2
7251.13
7251.07
7251.01
7250.95
7250.9
7250.85
7250.81
7250.77
7250.73
7250.7
7250.67
7250.64
7250.62
7250.6
7250.58
7250.57
7250.56
7250.55
7250.54
7250.53
7250.53
7250.75
7250.75
7250.75
7250.76
7250.77
7250.78
7250.8
7250.81
7250.83
7250.86
7250.88
7250.91
7250.94
7250.98
7251.02
7251.06
7251.11
7251.16
7251.21
7251.27
7251.34
7251.41
7251.48
7251.56
7251.64
7251.73
7251.82
7251.92
7252.02
7252.12
7252.22
7252.33
7252.43
7252.52
7252.61
7252.69
7252.75
7252.8
7252.83
7252.84
7252.83
7252.8
7252.75
7252.69
7252.6
7252.51
7252.4
7252.29
7252.18
7252.06
7251.95
7251.83
7251.72
7251.62
7251.52
7251.42
7251.33
7251.25
7251.17
7251.1
7251.03
7250.97
7250.91
7250.86
7250.81
7250.77
7250.73
7250.69
7250.66
7250.63
7250.61
7250.58
7250.56
7250.55
7250.53
7250.52
7250.51
7250.5
7250.5
7250.5
7250.71
7250.71
7250.72
7250.72
7250.73
7250.75
7250.76
7250.78
7250.8
7250.82
7250.84
7250.87
7250.9
7250.94
7250.98
7251.02
7251.07
7251.12
7251.18
7251.24
7251.3
7251.37
7251.45
7251.53
7251.62
7251.72
7251.82
7251.92
7252.03
7252.14
7252.26
7252.38
7252.49
7252.6
7252.7
7252.79
7252.87
7252.93
7252.97
7252.98
7252.97
7252.94
7252.88
7252.8
7252.71
7252.6
7252.48
7252.35
7252.22
7252.09
7251.96
7251.83
7251.71
7251.6
7251.49
7251.39
7251.3
7251.21
7251.13
7251.05
7250.99
7250.92
7250.87
7250.81
7250.77
7250.72
7250.69
7250.65
7250.62
7250.59
7250.57
7250.54
7250.52
7250.51
7250.49
7250.48
7250.47
7250.47
7250.46
7250.46
7250.67
7250.68
7250.68
7250.69
7250.7
7250.71
7250.72
7250.74
7250.76
7250.78
7250.8
7250.83
7250.86
7250.9
7250.94
7250.98
7251.03
7251.08
7251.13
7251.2
7251.26
7251.34
7251.42
7251.5
7251.6
7251.7
7251.8
7251.92
7252.04
7252.16
7252.29
7252.43
7252.56
7252.69
7252.81
7252.92
7253.01
7253.08
7253.13
7253.15
7253.14
7253.1
7253.03
7252.94
7252.82
7252.69
7252.55
7252.41
7252.26
7252.11
7251.97
7251.83
7251.7
7251.58
7251.46
7251.36
7251.26
7251.17
7251.08
7251.01
7250.94
7250.88
7250.82
7250.77
7250.72
7250.68
7250.64
7250.61
7250.57
7250.55
7250.52
7250.5
7250.48
7250.47
7250.45
7250.44
7250.43
7250.43
7250.42
7250.42
7250.63
7250.64
7250.64
7250.65
7250.65
7250.67
7250.68
7250.69
7250.71
7250.73
7250.76
7250.79
7250.82
7250.85
7250.89
7250.93
7250.98
7251.03
7251.09
7251.15
7251.22
7251.29
7251.38
7251.47
7251.56
7251.67
7251.79
7251.91
7252.04
7252.18
7252.33
7252.48
7252.63
7252.78
7252.93
7253.06
7253.17
7253.26
7253.32
7253.34
7253.33
7253.29
7253.2
7253.09
7252.96
7252.8
7252.64
7252.47
7252.3
7252.13
7251.97
7251.82
7251.68
7251.55
7251.43
7251.31
7251.21
7251.12
7251.03
7250.95
7250.88
7250.82
7250.76
7250.71
7250.67
7250.63
7250.59
7250.56
7250.53
7250.5
7250.48
7250.46
7250.44
7250.42
7250.41
7250.4
7250.39
7250.39
7250.38
7250.38
7250.59
7250.59
7250.6
7250.6
7250.61
7250.62
7250.63
7250.65
7250.67
7250.69
7250.71
7250.74
7250.77
7250.8
7250.84
7250.88
7250.92
7250.98
7251.03
7251.1
7251.16
7251.24
7251.33
7251.42
7251.52
7251.63
7251.76
7251.89
7252.04
7252.19
7252.36
7252.53
7252.7
7252.88
7253.05
7253.21
7253.35
7253.47
7253.54
7253.58
7253.57
7253.51
7253.41
7253.27
7253.11
7252.92
7252.73
7252.53
7252.33
7252.15
7251.97
7251.8
7251.65
7251.51
7251.38
7251.26
7251.15
7251.06
7250.97
7250.89
7250.82
7250.76
7250.7
7250.65
7250.61
7250.57
7250.53
7250.5
7250.47
7250.45
7250.43
7250.41
7250.39
7250.38
7250.37
7250.36
7250.35
7250.34
7250.34
7250.34
7250.55
7250.55
7250.55
7250.56
7250.57
7250.58
7250.59
7250.6
7250.62
7250.64
7250.66
7250.69
7250.72
7250.75
7250.78
7250.82
7250.87
7250.92
7250.97
7251.04
7251.11
7251.19
7251.27
7251.37
7251.48
7251.6
7251.73
7251.86
7252.02
7252.19
7252.37
7252.57
7252.77
7252.98
7253.19
7253.38
7253.56
7253.7
7253.8
7253.84
7253.83
7253.76
7253.64
7253.47
7253.27
7253.05
7252.82
7252.59
7252.36
7252.15
7251.95
7251.77
7251.61
7251.46
7251.32
7251.2
7251.09
7250.99
7250.9
7250.83
7250.76
7250.69
7250.64
7250.59
7250.55
7250.51
7250.48
7250.45
7250.42
7250.4
7250.38
7250.36
7250.34
7250.33
7250.32
7250.31
7250.3
7250.3
7250.3
7250.29
7250.48
7250.49
7250.49
7250.5
7250.5
7250.51
7250.53
7250.54
7250.55
7250.57
7250.59
7250.62
7250.64
7250.67
7250.7
7250.74
7250.78
7250.83
7250.89
7250.95
7251.02
7251.1
7251.18
7251.25
7251.07
7250.84
7250.53
7250.14
7249.71
7249.26
7248.8
7248.33
7247.87
7247.41
7246.98
7246.59
7246.25
7245.98
7245.78
7245.68
7245.67
7245.75
7245.93
7246.19
7246.52
7246.9
7247.33
7247.78
7248.24
7248.71
7249.18
7249.63
7250.05
7250.38
7250.64
7250.84
7250.99
7250.89
7250.8
7250.72
7250.66
7250.6
7250.54
7250.5
7250.46
7250.43
7250.4
7250.37
7250.34
7250.32
7250.31
7250.29
7250.28
7250.27
7250.26
7250.25
7250.24
7250.24
7250.23
7250.23
5.14813
5.15397
5.14828
5.13004
5.10013
5.06155
5.01328
4.95441
4.88494
4.80467
4.71292
4.60867
4.49098
4.35901
4.21208
4.04973
3.87119
3.67638
3.46539
3.23943
3.00086
2.74589
2.47234
2.15599
2.07707
2.07077
2.15017
2.30865
2.51515
2.74287
2.99143
3.26011
3.54679
3.84478
4.14463
4.43447
4.69848
4.91819
5.07479
5.15237
5.14131
5.04032
4.8572
4.60768
4.31162
3.98921
3.65811
3.33135
3.0205
2.73216
2.46765
2.22812
2.03117
1.91861
1.88542
1.92515
2.02576
2.361
2.62288
2.85999
3.084
3.30099
3.50542
3.69619
3.87198
4.0343
4.18227
4.31378
4.43007
4.53131
4.61822
4.69505
4.76147
4.81708
4.8642
4.89947
4.92695
4.94471
4.95144
4.94591
0.682777
0.685034
0.689578
0.696425
0.705619
0.717233
0.731383
0.748233
0.767982
0.790847
0.817057
0.846863
0.880552
0.918477
0.961072
1.00887
1.06248
1.12261
1.19003
1.26559
1.35026
1.44515
1.55165
1.67133
1.80502
1.95441
2.12098
2.30613
2.51109
2.73672
2.98299
3.24967
3.53378
3.82996
4.13021
4.42216
4.68982
4.91417
5.07525
5.15569
5.14514
5.04192
4.85431
4.59971
4.29939
3.97435
3.64255
3.31804
3.00912
2.72331
2.46122
2.22374
2.01038
1.81959
1.64964
1.49855
1.36439
1.24521
1.14002
1.04712
0.965031
0.892432
0.828231
0.771464
0.721222
0.676746
0.63742
0.602685
0.572039
0.545069
0.521457
0.500935
0.483258
0.468207
0.455601
0.4453
0.437196
0.431195
0.427227
0.425245
0.67947
0.681684
0.686164
0.69292
0.70199
0.71345
0.727422
0.744069
0.76358
0.786161
0.812034
0.841443
0.874676
0.912088
0.954113
1.00127
1.05416
1.11346
1.17991
1.25438
1.33785
1.43146
1.53645
1.65414
1.78586
1.93321
2.09777
2.28114
2.48484
2.71023
2.9583
3.22819
3.51776
3.8231
4.13664
4.44628
4.73512
4.98181
5.1625
5.25531
5.24657
5.13338
4.92637
4.64793
4.32417
3.97932
3.6327
3.29812
2.98393
2.69328
2.42999
2.19319
1.98145
1.79295
1.62556
1.47703
1.34537
1.22866
1.12538
1.03409
0.953421
0.882061
0.818936
0.763117
0.713712
0.669958
0.631249
0.597049
0.566865
0.540305
0.517057
0.496844
0.479409
0.464547
0.452105
0.441961
0.433994
0.428093
0.424184
0.422235
0.67451
0.676692
0.681079
0.687687
0.69656
0.707776
0.721454
0.737744
0.756825
0.778889
0.804149
0.832845
0.865267
0.901761
0.942746
0.988712
1.04022
1.09791
1.16251
1.23487
1.31594
1.40686
1.50884
1.6232
1.75139
1.89503
2.05588
2.23582
2.43679
2.66071
2.90914
3.18302
3.48206
3.80351
4.14106
4.48322
4.81189
5.10168
5.32146
5.43978
5.43504
5.3011
5.05489
4.72973
4.36127
3.97948
3.60576
3.25323
2.92866
2.63517
2.37184
2.13724
1.9291
1.74497
1.58224
1.43844
1.31132
1.19878
1.09918
1.0111
0.933215
0.864268
0.803211
0.749177
0.701339
0.658945
0.621387
0.588156
0.558802
0.532958
0.510323
0.490627
0.473627
0.459137
0.447015
0.437137
0.42937
0.4236
0.419766
0.417852
0.667147
0.669261
0.673505
0.6799
0.68849
0.699353
0.712597
0.72836
0.746803
0.768104
0.79247
0.82014
0.851395
0.886568
0.926046
0.970275
1.01977
1.07514
1.13707
1.2064
1.28407
1.37115
1.46882
1.57842
1.70144
1.8396
1.99484
2.1694
2.36578
2.58675
2.83509
3.11321
3.42398
3.76686
4.13814
4.52815
4.91813
5.27745
5.56334
5.72705
5.73113
5.56037
5.24621
4.84371
4.40494
3.96795
3.55586
3.17976
2.84269
2.54626
2.28447
2.05435
1.85243
1.6753
1.51974
1.38291
1.26224
1.15558
1.0612
0.977715
0.903818
0.838341
0.780288
0.728803
0.683133
0.642623
0.606719
0.574935
0.54684
0.522077
0.500359
0.481435
0.465088
0.451148
0.439483
0.429964
0.422465
0.416888
0.413182
0.411343
0.657427
0.659447
0.663508
0.669631
0.677861
0.688268
0.700948
0.716021
0.73363
0.753943
0.777159
0.80351
0.833264
0.866726
0.904238
0.946198
0.993075
1.04543
1.10394
1.16937
1.24263
1.32471
1.41676
1.52006
1.63613
1.76677
1.91409
2.0807
2.26971
2.48489
2.73047
3.01066
3.33307
3.69991
4.11249
4.5656
5.04231
5.5071
5.90055
6.14366
6.16838
5.93202
5.50294
4.97878
4.43768
3.92655
3.46713
3.06549
2.72006
2.4208
2.16382
1.94218
1.75032
1.58361
1.43814
1.3107
1.19858
1.09962
1.01201
0.934451
0.86565
0.804556
0.750328
0.702179
0.659397
0.621387
0.587643
0.557708
0.53119
0.507784
0.487242
0.469337
0.453859
0.440644
0.429566
0.420508
0.413361
0.408049
0.404524
0.402779
0.645467
0.647374
0.651216
0.657014
0.664808
0.674661
0.686653
0.700886
0.717486
0.736609
0.758443
0.783208
0.811146
0.842523
0.877634
0.916826
0.960525
1.00925
1.06362
1.12434
1.19223
1.26818
1.35326
1.44868
1.55591
1.67675
1.81344
1.96886
2.14676
2.35186
2.59024
2.86958
3.19625
3.58422
4.04062
4.5692
5.16094
5.78016
6.34726
6.73163
6.80849
6.44719
5.82124
5.11019
4.42842
3.82674
3.31709
2.89306
2.54333
2.25108
2.00606
1.79885
1.62199
1.46976
1.33775
1.2225
1.12118
1.0317
0.952325
0.881926
0.819381
0.763688
0.714097
0.669942
0.630606
0.595574
0.564409
0.536706
0.512114
0.490367
0.471251
0.454559
0.440104
0.427744
0.417373
0.40889
0.402195
0.39722
0.393921
0.392284
0.631387
0.633165
0.636756
0.642177
0.649465
0.658671
0.66986
0.683118
0.698553
0.716308
0.736555
0.759489
0.785318
0.814262
0.846571
0.882549
0.922575
0.967113
1.01671
1.07197
1.13358
1.20233
1.27914
1.36509
1.46154
1.57018
1.6932
1.83359
1.99539
2.18412
2.40715
2.67398
2.99527
3.39492
3.88777
4.49481
5.22732
6.06487
6.91515
7.5733
7.7887
7.15381
6.17526
5.18283
4.32219
3.6251
3.07575
2.64613
2.30504
2.03135
1.80818
1.62319
1.46744
1.33449
1.21963
1.11941
1.03114
0.952957
0.883337
0.821248
0.765859
0.716356
0.672094
0.632542
0.597197
0.565614
0.537417
0.512277
0.489906
0.47008
0.452606
0.437302
0.424014
0.412633
0.40308
0.395269
0.389105
0.38452
0.381476
0.379961
0.615331
0.616968
0.620276
0.625271
0.631984
0.640456
0.650741
0.662906
0.677045
0.69328
0.711758
0.73264
0.756093
0.782295
0.811456
0.843839
0.879772
0.919647
0.963904
1.01303
1.06756
1.12812
1.19547
1.27049
1.35428
1.44826
1.55441
1.67548
1.81538
1.97977
2.17683
2.41833
2.72171
3.10358
3.60654
4.2728
5.1545
6.28573
7.61501
8.89037
9.5884
8.18338
6.4926
5.08327
4.02669
3.25948
2.70524
2.29945
1.99297
1.75645
1.56876
1.41575
1.2881
1.17953
1.08559
1.00319
0.930077
0.864738
0.806152
0.75344
0.706027
0.663405
0.625079
0.590639
0.559714
0.531954
0.507054
0.484756
0.464847
0.447152
0.431508
0.417761
0.405789
0.395518
0.386887
0.379823
0.374242
0.370081
0.367313
0.365935
0.597462
0.598946
0.601941
0.606462
0.612537
0.620199
0.629492
0.640467
0.6532
0.667785
0.684335
0.702971
0.72382
0.747023
0.772755
0.801239
0.83274
0.867554
0.905998
0.948413
0.995183
1.04675
1.10364
1.16644
1.23589
1.31296
1.39911
1.49645
1.6082
1.73919
1.89694
2.09297
2.34509
2.67963
3.13901
3.80276
4.79675
6.31465
8.55495
11.573
14.0043
10.3655
6.72777
4.60726
3.40254
2.65382
2.17112
1.83749
1.60092
1.42575
1.28967
1.17942
1.08713
1.00787
0.938283
0.876131
0.819999
0.768831
0.722237
0.679746
0.641007
0.605804
0.573873
0.544939
0.518758
0.495104
0.473757
0.454532
0.437282
0.421884
0.408217
0.396166
0.38564
0.376589
0.368967
0.362713
0.357759
0.354054
0.351586
0.35036
0.577951
0.579272
0.581926
0.585931
0.591312
0.5981
0.606329
0.616037
0.627272
0.640098
0.654587
0.670817
0.68888
0.708889
0.730987
0.755346
0.782153
0.811593
0.843852
0.879129
0.917643
0.959629
1.00532
1.05493
1.10871
1.16704
1.23054
1.30027
1.37799
1.46669
1.57124
1.69993
1.86717
2.09825
2.43566
2.96364
3.94766
6.17103
11.0675
19.1626
27.6871
18.2226
7.59745
3.48443
2.28679
1.75532
1.44486
1.25528
1.13291
1.04594
0.97779
0.920449
0.869907
0.823974
0.781413
0.7413
0.703366
0.667324
0.63336
0.601602
0.572016
0.544606
0.519358
0.496188
0.474988
0.455645
0.438042
0.422063
0.407623
0.394651
0.383073
0.372814
0.36382
0.356061
0.349508
0.344113
0.339824
0.336611
0.334469
0.333407
0.556977
0.558124
0.560414
0.563867
0.56851
0.574376
0.581487
0.589865
0.59953
0.610507
0.622826
0.636531
0.651684
0.668373
0.686704
0.706786
0.728714
0.752562
0.778393
0.806271
0.836246
0.868316
0.902384
0.938239
0.975574
1.01402
1.05318
1.09265
1.13212
1.17149
1.21096
1.25177
1.29859
1.36402
1.4735
1.70014
2.43547
6.38564
20.9838
41.879
67.6168
40.7197
10.6484
1.5619
0.594106
0.518535
0.536811
0.573145
0.60909
0.633929
0.646506
0.649098
0.64426
0.633882
0.619579
0.602309
0.583035
0.56253
0.541495
0.520623
0.500332
0.480873
0.462443
0.445163
0.429069
0.414157
0.400404
0.387776
0.376247
0.365796
0.35639
0.347995
0.34059
0.334171
0.328726
0.324225
0.320635
0.317941
0.316146
0.315261
0.534722
0.535687
0.537593
0.540469
0.544346
0.549255
0.555211
0.562212
0.570249
0.579307
0.589381
0.600487
0.612664
0.625972
0.64047
0.656192
0.67314
0.691286
0.710592
0.730996
0.752375
0.774472
0.796852
0.818867
0.839642
0.858021
0.872484
0.881007
0.880814
0.867897
0.836163
0.776613
0.677507
0.525204
0.297377
-0.0118782
0.209864
9.71238
58.7544
85.8638
144.744
159.56
27.3671
-1.41838
-1.66448
-0.965263
-0.470851
-0.147618
0.0716188
0.218408
0.315452
0.379085
0.419899
0.444688
0.458084
0.463173
0.462134
0.456818
0.448535
0.438396
0.427254
0.415671
0.404041
0.392653
0.381682
0.371227
0.361352
0.352105
0.343525
0.335639
0.328455
0.321971
0.316197
0.311151
0.306842
0.303262
0.300397
0.298242
0.296809
0.296103
0.511367
0.512143
0.513656
0.515943
0.51904
0.522975
0.52775
0.533342
0.539708
0.546802
0.554593
0.563074
0.572264
0.582186
0.592842
0.604187
0.616141
0.628598
0.641433
0.654471
0.667408
0.679745
0.690736
0.69935
0.704198
0.703404
0.694415
0.673699
0.636147
0.573989
0.474938
0.319167
0.0759036
-0.30279
-0.91004
-1.88267
-2.75601
19.1633
209.759
567.847
977.805
519.336
34.5394
-4.66189
-3.75423
-2.32087
-1.37963
-0.798492
-0.417756
-0.163794
0.00777705
0.125677
0.207295
0.263754
0.302292
0.327825
0.343699
0.352554
0.356315
0.356447
0.354105
0.350131
0.345115
0.339484
0.333537
0.327471
0.32143
0.315534
0.309885
0.304556
0.299594
0.295028
0.290895
0.287236
0.284081
0.281439
0.279314
0.277711
0.276643
0.276118
0.487095
0.487678
0.488797
0.490497
0.492816
0.495774
0.499357
0.503519
0.50819
0.513304
0.518809
0.524685
0.530924
0.537503
0.544358
0.551376
0.558414
0.565311
0.571873
0.577806
0.582643
0.58568
0.585933
0.582082
0.572343
0.554294
0.524629
0.478753
0.409976
0.308124
0.15716
-0.0689369
-0.41102
-0.93402
-1.76636
-3.04269
-4.52362
8.86551
313.344
2002.71
2633.75
619.779
27.6816
-6.63772
-4.47749
-3.05671
-1.97629
-1.27121
-0.800049
-0.478258
-0.255225
-0.0973879
0.0157624
0.097598
0.156965
0.199862
0.230493
0.251959
0.266613
0.276208
0.282085
0.285275
0.286526
0.286386
0.285258
0.283429
0.281117
0.278498
0.275723
0.272909
0.270133
0.26746
0.264951
0.262672
0.260669
0.258969
0.257586
0.256537
0.255834
0.255486
0.46209
0.46248
0.463214
0.464342
0.465897
0.467886
0.470278
0.473005
0.475981
0.479127
0.482384
0.485713
0.489072
0.492385
0.495526
0.498333
0.500624
0.502199
0.502793
0.502003
0.499229
0.493632
0.484093
0.469115
0.446677
0.414067
0.367648
0.302441
0.211338
0.0838293
-0.0961903
-0.354057
-0.727412
-1.27362
-2.08841
-3.16926
-4.19984
8.41547
267.492
2949.4
2959.9
366.409
17.0811
-5.58818
-4.20197
-3.14317
-2.20908
-1.52574
-1.04661
-0.705496
-0.460336
-0.281039
-0.14825
-0.0490173
0.0256674
0.0820853
0.124712
0.15681
0.1809
0.19888
0.212191
0.22195
0.229007
0.234001
0.237413
0.239607
0.240859
0.241394
0.241399
0.241023
0.240375
0.239546
0.238626
0.2377
0.236832
0.236061
0.235412
0.234908
0.234563
0.234388
0.436538
0.43674
0.437106
0.437686
0.438501
0.43954
0.440754
0.442059
0.443365
0.444589
0.445667
0.446536
0.447113
0.447267
0.446827
0.445602
0.443391
0.439956
0.43496
0.427912
0.418129
0.404722
0.386529
0.361993
0.329036
0.284948
0.226228
0.148234
0.0446241
-0.0934867
-0.279007
-0.530983
-0.874603
-1.34315
-1.9757
-2.66396
-3.0101
1.13565
154.401
3066.79
3071.33
177.391
1.7222
-4.15669
-3.46717
-2.81174
-2.14192
-1.58503
-1.16292
-0.844749
-0.604925
-0.422343
-0.282153
-0.173856
-0.0896803
-0.0238436
0.0278146
0.068384
0.100306
0.125458
0.145288
0.160921
0.173244
0.182952
0.190576
0.196527
0.201126
0.204635
0.207277
0.209225
0.210613
0.211559
0.212174
0.21256
0.212792
0.212924
0.212987
0.213009
0.21301
0.213002
0.410627
0.410648
0.410671
0.410733
0.410839
0.410956
0.411017
0.410935
0.410621
0.409999
0.408993
0.407511
0.405423
0.402553
0.398707
0.393683
0.387267
0.379176
0.36901
0.356217
0.340103
0.319796
0.29416
0.261678
0.220389
0.167865
0.101144
0.0165069
-0.0907846
-0.226792
-0.399493
-0.619167
-0.895756
-1.23631
-1.60398
-1.74851
-1.44061
-1.57285
64.2069
3191.14
3188.27
83.5099
-2.29934
-2.45984
-2.39352
-2.23417
-1.8984
-1.51055
-1.17931
-0.91061
-0.695875
-0.524329
-0.387081
-0.277097
-0.188706
-0.117333
-0.0595145
-0.0125991
0.0255493
0.0566319
0.0820102
0.102761
0.119763
0.133724
0.145196
0.154608
0.162308
0.168588
0.173694
0.177825
0.181136
0.183766
0.185844
0.187482
0.188767
0.18976
0.190501
0.191024
0.191354
0.191507
0.384549
0.3844
0.384105
0.383682
0.383113
0.382342
0.381291
0.379877
0.378023
0.375653
0.372677
0.368967
0.364349
0.358621
0.351581
0.34303
0.332729
0.320349
0.30544
0.287445
0.265705
0.239409
0.207488
0.168549
0.120895
0.062588
-0.00854906
-0.0949882
-0.199514
-0.325138
-0.474955
-0.651334
-0.852064
-1.06271
-1.20341
-0.872003
0.366267
0.43548
42.6167
3306.32
3299.1
61.8287
-0.9653
-0.943392
-1.37629
-1.71686
-1.61524
-1.37397
-1.13608
-0.925777
-0.745961
-0.59414
-0.466942
-0.360837
-0.272434
-0.198758
-0.137293
-0.0859722
-0.0430954
-0.0072459
0.0227601
0.0478982
0.0689913
0.086726
0.101651
0.114199
0.12473
0.133556
0.140942
0.147103
0.15221
0.156418
0.15987
0.162687
0.164962
0.166762
0.16814
0.169133
0.169773
0.170078
0.358493
0.358187
0.357601
0.356725
0.355515
0.353897
0.351791
0.349122
0.345826
0.341826
0.337007
0.331203
0.324208
0.315814
0.305824
0.294033
0.280172
0.263864
0.244645
0.221991
0.195307
0.16385
0.126643
0.0824901
0.0300695
-0.0319771
-0.104975
-0.190121
-0.288348
-0.400091
-0.524798
-0.65985
-0.796521
-0.913399
-0.899093
-0.351149
0.313405
0.652756
107.256
3406.9
3398.96
114.308
-0.419878
-0.633696
-0.755337
-1.3061
-1.36002
-1.22721
-1.06838
-0.91296
-0.769565
-0.64082
-0.527335
-0.428469
-0.342927
-0.269289
-0.206087
-0.151926
-0.105587
-0.0659941
-0.0321962
-0.00335698
0.0212622
0.0422964
0.0602693
0.0756098
0.0886849
0.0998188
0.109287
0.117311
0.124074
0.129742
0.134466
0.138374
0.141564
0.144113
0.146079
0.147508
0.148437
0.148887
0.332646
0.332199
0.331343
0.330043
0.328228
0.325813
0.32272
0.318891
0.314268
0.308764
0.302236
0.294485
0.28529
0.274447
0.261766
0.247023
0.229911
0.210029
0.18693
0.160146
0.129136
0.0932085
0.0515033
0.00307971
-0.0529704
-0.117436
-0.190857
-0.273324
-0.364321
-0.462487
-0.565198
-0.667963
-0.761345
-0.828618
-0.745195
-0.223167
-0.164443
0.152228
239.496
3496.78
3493.06
225.042
-0.548516
-0.701281
-0.499039
-1.07426
-1.16785
-1.10127
-1.00062
-0.890375
-0.779697
-0.673392
-0.574361
-0.484017
-0.402799
-0.330578
-0.266872
-0.210979
-0.162153
-0.119658
-0.0827875
-0.0508609
-0.023239
0.000645924
0.0212796
0.0390791
0.0544152
0.0676172
0.0789617
0.0886728
0.0969402
0.103937
0.10982
0.114723
0.118749
0.121981
0.124486
0.126317
0.127513
0.128099
0.307191
0.306615
0.305509
0.303809
0.301425
0.298268
0.294271
0.289387
0.283561
0.276686
0.268588
0.25905
0.247851
0.234796
0.219688
0.202273
0.182207
0.159096
0.132537
0.102108
0.0672937
0.0274397
-0.018177
-0.0702304
-0.129258
-0.195564
-0.269014
-0.348838
-0.433534
-0.520703
-0.606894
-0.687607
-0.755719
-0.801973
-0.716572
-0.330082
-0.534466
-0.366725
342.922
3583.73
3583.31
313.213
-0.633032
-0.70272
-0.487742
-0.938387
-1.03721
-1.00601
-0.945559
-0.870184
-0.786503
-0.699641
-0.613672
-0.531461
-0.454749
-0.384421
-0.3208
-0.263813
-0.21315
-0.168382
-0.129025
-0.0945427
-0.0643936
-0.0380775
-0.0151489
0.00479378
0.0221184
0.0371508
0.0501628
0.0613769
0.0709874
0.0791738
0.0860977
0.0918948
0.0966742
0.100524
0.103518
0.105715
0.107156
0.107868
0.282295
0.281604
0.280262
0.278184
0.27527
0.271435
0.266623
0.260797
0.253892
0.245777
0.236256
0.225105
0.212115
0.197095
0.179824
0.160007
0.137287
0.111296
0.0816783
0.0480284
0.00982259
-0.0335472
-0.0826588
-0.137972
-0.199772
-0.267992
-0.341959
-0.420283
-0.500846
-0.580672
-0.655973
-0.722369
-0.774268
-0.806391
-0.718191
-0.444901
-0.709544
-0.637691
554.51
3671.56
3667.01
538.535
-0.485881
-0.733613
-0.498336
-0.828306
-0.939649
-0.936737
-0.907783
-0.859696
-0.797178
-0.725583
-0.649937
-0.574243
-0.501195
-0.432459
-0.368971
-0.31114
-0.259007
-0.212397
-0.170997
-0.134392
-0.102127
-0.0737578
-0.0488739
-0.027088
-0.00804052
0.00858468
0.0230507
0.0355784
0.0463666
0.0556001
0.0634433
0.0700337
0.0754836
0.0798861
0.0833192
0.0858446
0.0875069
0.0883328
0.25811
0.257315
0.25575
0.253317
0.249914
0.245469
0.239939
0.233285
0.225423
0.2162
0.205408
0.192831
0.178273
0.161535
0.142357
0.120413
0.0953501
0.0668414
0.0345508
-0.00195367
-0.0432139
-0.0897777
-0.142101
-0.200535
-0.265254
-0.335955
-0.411603
-0.49045
-0.570001
-0.646795
-0.716461
-0.773682
-0.811242
-0.820671
-0.712884
-0.540134
-0.659779
-0.652003
1877.81
3753.24
3746.27
1910.43
-0.496255
-0.563068
-0.536272
-0.711876
-0.85278
-0.889606
-0.890601
-0.864344
-0.81712
-0.755824
-0.686822
-0.615105
-0.544116
-0.476076
-0.412329
-0.353585
-0.300122
-0.251934
-0.208816
-0.170434
-0.1364
-0.106314
-0.0797863
-0.0564413
-0.0359308
-0.0179506
-0.00224586
0.0114048
0.0232051
0.0333434
0.0419849
0.0492675
0.0553052
0.0601942
0.0640154
0.0668327
0.0686909
0.0696167
0.234767
0.23388
0.232103
0.229338
0.225495
0.220515
0.214364
0.206991
0.198292
0.188094
0.176191
0.162384
0.146487
0.128275
0.107444
0.0836514
0.0565749
0.0259162
-0.00868191
-0.0477067
-0.0917105
-0.141181
-0.196521
-0.258098
-0.326092
-0.400127
-0.479079
-0.561137
-0.643634
-0.722606
-0.792542
-0.845846
-0.870199
-0.845551
-0.70507
-0.379068
-0.0882989
-0.569299
3344.4
3811.64
3808.13
3368.23
-0.335214
0.197306
-0.263296
-0.561136
-0.785265
-0.872694
-0.901339
-0.890165
-0.851002
-0.793863
-0.726909
-0.655917
-0.584864
-0.516233
-0.451531
-0.391583
-0.336767
-0.287142
-0.242542
-0.202672
-0.167177
-0.135681
-0.107801
-0.0831716
-0.061454
-0.0423553
-0.0256251
-0.0110393
0.00161051
0.0125135
0.0218327
0.0297066
0.036249
0.0415576
0.0457148
0.0487848
0.0508126
0.051824
0.212376
0.211403
0.209427
0.206361
0.202132
0.196697
0.190022
0.182038
0.172617
0.161578
0.14873
0.133895
0.116884
0.0974461
0.0752231
0.0498842
0.021142
-0.0112993
-0.0478545
-0.0890668
-0.135481
-0.187557
-0.245754
-0.310556
-0.382227
-0.460518
-0.544599
-0.632973
-0.723116
-0.810796
-0.889207
-0.947726
-0.967275
-0.905431
-0.661824
0.0131145
0.152151
-0.16915
3566.86
3817.86
3817.43
3565.05
0.0969545
0.399996
0.243422
-0.406172
-0.771792
-0.908121
-0.952249
-0.94415
-0.902891
-0.842059
-0.771648
-0.697558
-0.62406
-0.553372
-0.486875
-0.425328
-0.369054
-0.318069
-0.272178
-0.231075
-0.194407
-0.161799
-0.132851
-0.107206
-0.0845357
-0.0645522
-0.0470056
-0.0316674
-0.0183265
-0.00679689
0.00307761
0.0114412
0.0184046
0.0240648
0.0285045
0.0317874
0.0339578
0.0350407
0.191017
0.189966
0.187809
0.184479
0.179926
0.174118
0.167015
0.158524
0.148497
0.136757
0.123134
0.107466
0.0895535
0.0691576
0.0458117
0.0192506
-0.0107894
-0.0446418
-0.0827951
-0.125824
-0.174256
-0.228593
-0.28945
-0.357486
-0.43312
-0.51647
-0.60738
-0.705111
-0.808035
-0.912444
-1.01116
-1.09149
-1.13212
-1.0676
-0.698827
0.726163
1.0048
1.37551
1325.51
3295.82
3333.15
1316.69
1.68025
1.38809
0.937643
-0.393022
-0.889003
-1.02863
-1.05789
-1.03256
-0.975266
-0.90088
-0.821137
-0.739703
-0.661516
-0.587339
-0.518243
-0.454727
-0.396909
-0.344653
-0.297667
-0.255584
-0.218035
-0.184624
-0.154883
-0.128493
-0.105121
-0.0844818
-0.0663225
-0.0504097
-0.0365326
-0.0245114
-0.0142134
-0.00545973
0.00184129
0.00778462
0.0124526
0.0159081
0.0181939
0.0193361
0.170753
0.169627
0.167313
0.163765
0.158955
0.15286
0.145422
0.136528
0.126016
0.113724
0.0995043
0.0831897
0.0645343
0.0435386
0.019307
-0.00814448
-0.0391122
-0.0740068
-0.113375
-0.157792
-0.207783
-0.263965
-0.32717
-0.398241
-0.477849
-0.566717
-0.665638
-0.774963
-0.89543
-1.02498
-1.15904
-1.28632
-1.39601
-1.45152
-1.18467
5.20827
51.5115
4.01109
127.789
577.61
587.136
131.336
4.09124
42.2935
4.95687
-0.898541
-1.23819
-1.26635
-1.22846
-1.15705
-1.06724
-0.967112
-0.872875
-0.78178
-0.696392
-0.617425
-0.545126
-0.479437
-0.420105
-0.36675
-0.318926
-0.276172
-0.238035
-0.204067
-0.173842
-0.146985
-0.123166
-0.102097
-0.0835253
-0.0672146
-0.0529543
-0.0405596
-0.0300082
-0.0209467
-0.0133893
-0.00723159
-0.00238936
0.001198
0.0035707
0.00476644
0.151626
0.150424
0.147986
0.144273
0.139278
0.132979
0.125299
0.116103
0.105233
0.0925495
0.077928
0.0612053
0.0421347
0.0204499
-0.00427062
-0.0322413
-0.0637671
-0.0993157
-0.139466
-0.184772
-0.23579
-0.293296
-0.358322
-0.431907
-0.515111
-0.609409
-0.716706
-0.839045
-0.979092
-1.13964
-1.32364
-1.52721
-1.76342
-2.10496
-2.22459
30.9123
114.956
52.1851
20.6592
-4.00103
-3.88274
19.3754
49.0736
120.2
28.1277
-1.89281
-1.8719
-1.62508
-1.458
-1.3079
-1.16751
-1.03938
-0.92413
-0.820132
-0.726469
-0.642242
-0.566636
-0.498889
-0.438283
-0.384135
-0.33581
-0.292723
-0.254336
-0.220151
-0.189727
-0.162673
-0.138654
-0.117379
-0.0985907
-0.0820604
-0.0675857
-0.0549999
-0.0441814
-0.0349594
-0.0272447
-0.020945
-0.0159831
-0.0123038
-0.00987174
-0.0086325
0.133654
0.13239
0.129863
0.126042
0.120936
0.114513
0.106679
0.0972859
0.0861868
0.0732681
0.0584208
0.0414701
0.0221481
0.000156824
-0.0247968
-0.0529597
-0.0846882
-0.120496
-0.160948
-0.206577
-0.258016
-0.316196
-0.382259
-0.457428
-0.543283
-0.64206
-0.756652
-0.890971
-1.05061
-1.2435
-1.48125
-1.78136
-2.17273
-2.85652
-3.28531
65.725
115.226
88.462
-0.146262
-4.05851
-3.98542
0.592243
94.6154
120.581
65.3666
-2.95142
-2.61748
-2.03798
-1.71014
-1.46249
-1.26556
-1.10376
-0.967458
-0.850562
-0.749002
-0.660023
-0.581656
-0.512391
-0.451026
-0.396569
-0.348189
-0.305177
-0.266915
-0.232857
-0.202536
-0.175557
-0.151582
-0.130318
-0.111509
-0.0949307
-0.0803906
-0.0677286
-0.0568112
-0.0475071
-0.0397117
-0.0333346
-0.0283047
-0.0245716
-0.0221041
-0.0208417
0.116849
0.115547
0.112968
0.109098
0.10395
0.0974816
0.089579
0.0800927
0.0688945
0.0558948
0.0409893
0.0239892
0.00462127
-0.0173885
-0.0422785
-0.0703101
-0.101889
-0.137544
-0.177788
-0.223129
-0.274299
-0.332337
-0.398403
-0.473871
-0.560815
-0.662075
-0.781316
-0.924177
-1.09881
-1.31728
-1.59974
-1.9818
-2.51829
-3.37859
-4.50114
67.4521
116.305
9.10179
-2.9595
-4.32526
-4.22688
-2.36919
15.6611
121.939
74.6927
-3.98283
-3.17554
-2.39373
-1.92213
-1.58665
-1.3401
-1.14913
-0.995553
-0.868488
-0.761097
-0.668958
-0.58907
-0.519273
-0.457949
-0.403846
-0.355971
-0.313509
-0.275778
-0.242202
-0.212298
-0.185667
-0.161978
-0.140939
-0.122299
-0.105841
-0.0913825
-0.0787718
-0.0678786
-0.0585833
-0.0507827
-0.0443906
-0.0393426
-0.0355931
-0.0331148
-0.031848
0.101228
0.0999073
0.0973177
0.0934551
0.0883296
0.0818833
0.073992
0.0645141
0.0533461
0.040416
0.0256155
0.00874364
-0.0104583
-0.0322224
-0.0567564
-0.0843431
-0.115421
-0.150495
-0.190007
-0.234452
-0.28462
-0.341557
-0.406382
-0.480589
-0.566537
-0.667337
-0.787135
-0.932571
-1.11323
-1.34349
-1.6477
-2.07186
-2.69476
-3.70657
-5.44576
20.5678
66.6571
-5.46459
-5.04266
-4.53938
-4.40932
-4.65292
-4.93959
89.9571
34.3947
-5.0538
-3.51968
-2.59541
-2.03342
-1.64705
-1.37201
-1.16459
-1.00182
-0.869897
-0.760303
-0.667561
-0.587999
-0.519038
-0.458796
-0.405861
-0.359136
-0.317748
-0.280983
-0.248253
-0.219079
-0.193071
-0.169904
-0.149296
-0.131007
-0.114829
-0.100593
-0.0881565
-0.0773939
-0.0681945
-0.060461
-0.0541148
-0.0490973
-0.0453687
-0.0429048
-0.0416483
0.0868044
0.0854861
0.0829255
0.0791205
0.0740714
0.0677051
0.059895
0.0505187
0.0394998
0.0267777
0.0122342
-0.00433516
-0.0231592
-0.0444251
-0.0683238
-0.0951634
-0.125388
-0.159439
-0.197697
-0.240658
-0.289095
-0.343935
-0.406213
-0.477465
-0.56002
-0.656901
-0.772316
-0.912651
-1.08723
-1.31012
-1.60392
-2.00924
-2.59939
-3.50191
-4.99965
-0.777229
-6.09721
-5.41631
-4.89613
-4.26126
-4.26041
-4.71169
-5.01771
-5.4947
6.89291
-4.78103
-3.40131
-2.55338
-2.00304
-1.62212
-1.34893
-1.14296
-0.982017
-0.852297
-0.745172
-0.655013
-0.578014
-0.511498
-0.453526
-0.402654
-0.357774
-0.318008
-0.28265
-0.251131
-0.222996
-0.197873
-0.175453
-0.155473
-0.137704
-0.121956
-0.108072
-0.0959207
-0.0853845
-0.0763614
-0.0687636
-0.062521
-0.0575816
-0.0539104
-0.0514855
-0.0502523
0.073586
0.0722916
0.0697951
0.0660887
0.0611592
0.0549217
0.0472554
0.0380644
0.027298
0.0149018
0.000749126
-0.0153568
-0.0336049
-0.0541417
-0.0771529
-0.102963
-0.131982
-0.164571
-0.201068
-0.241977
-0.287976
-0.339781
-0.398304
-0.464985
-0.541808
-0.631428
-0.737691
-0.865551
-1.02241
-1.21922
-1.47268
-1.80884
-2.2765
-2.92993
-3.92742
-2.69362
-4.10008
-2.48541
-1.37678
-3.20897
-3.50905
-2.47164
-3.10848
-3.50405
1.5878
-3.94219
-2.94347
-2.29471
-1.83948
-1.51286
-1.27037
-1.08363
-0.935719
-0.815489
-0.715688
-0.631417
-0.559288
-0.496866
-0.442369
-0.394461
-0.352111
-0.314501
-0.280976
-0.251017
-0.22421
-0.200217
-0.178753
-0.159578
-0.142484
-0.127299
-0.113884
-0.102117
-0.0918925
-0.0831197
-0.0757215
-0.0696368
-0.0648207
-0.0612416
-0.0588787
-0.0576799
0.0615739
0.0603223
0.0579165
0.0543377
0.0495586
0.0434904
0.0360257
0.0270973
0.0166749
0.00470508
-0.00894236
-0.0244416
-0.0419357
-0.0615408
-0.0834482
-0.107979
-0.135475
-0.166207
-0.200485
-0.238801
-0.28169
-0.329624
-0.383353
-0.444077
-0.513234
-0.592925
-0.686246
-0.796292
-0.927762
-1.08678
-1.28281
-1.52747
-1.84347
-2.24321
-2.75915
-2.81007
-0.221998
1.38263
1.95799
-1.93089
-2.27273
0.698689
4.87642
3.07016
0.074225
-2.91252
-2.33272
-1.90992
-1.58684
-1.34054
-1.14735
-0.992671
-0.866506
-0.761721
-0.673356
-0.597854
-0.532635
-0.475782
-0.425846
-0.381715
-0.342514
-0.30754
-0.276232
-0.248148
-0.222929
-0.200283
-0.179959
-0.161744
-0.145459
-0.130955
-0.118107
-0.106811
-0.0969754
-0.08852
-0.0813798
-0.0755032
-0.0708515
-0.0673957
-0.065115
-0.0639603
0.0507565
0.0495624
0.0472629
0.0438285
0.0392189
0.0333507
0.0261391
0.0175437
0.00754737
-0.00390769
-0.0169501
-0.0317199
-0.048309
-0.0668113
-0.0874258
-0.110452
-0.136154
-0.16472
-0.196428
-0.231708
-0.270932
-0.314363
-0.36253
-0.416259
-0.4764
-0.544389
-0.622291
-0.711666
-0.814627
-0.932856
-1.06952
-1.22647
-1.40862
-1.61537
-1.8275
-2.07479
2.65069
3.02598
3.57062
-0.748312
-0.998307
1.97217
6.41918
6.16284
1.54889
-1.9909
-1.725
-1.49282
-1.298
-1.13517
-0.997386
-0.880533
-0.780836
-0.695137
-0.620937
-0.55623
-0.499426
-0.449264
-0.404737
-0.365029
-0.329475
-0.297531
-0.268758
-0.242807
-0.219394
-0.198276
-0.179245
-0.162122
-0.146759
-0.133032
-0.120838
-0.110088
-0.100707
-0.0926272
-0.0857966
-0.0801723
-0.0757208
-0.0724148
-0.0702329
-0.0691298
0.0411021
0.0399763
0.0377892
0.0345065
0.0300795
0.0244361
0.0175213
0.00931921
-0.000180234
-0.0110428
-0.0233915
-0.0373282
-0.0528977
-0.0701739
-0.089349
-0.110677
-0.134346
-0.160504
-0.189393
-0.221323
-0.256502
-0.295065
-0.337266
-0.383467
-0.434058
-0.489719
-0.551306
-0.619453
-0.69412
-0.774354
-0.858892
-0.944601
-1.02692
-1.10094
-1.13778
-0.902524
3.91564
4.36302
0.673936
0.0430443
0.0180066
0.720345
7.89459
7.23745
0.972147
-1.26218
-1.19608
-1.10559
-1.01455
-0.924285
-0.83833
-0.75877
-0.686287
-0.6208
-0.56189
-0.508966
-0.461401
-0.4186
-0.380013
-0.345151
-0.313584
-0.284948
-0.258942
-0.235321
-0.213877
-0.194425
-0.176804
-0.160876
-0.146525
-0.133655
-0.122184
-0.112044
-0.103172
-0.0955182
-0.0890408
-0.0837053
-0.0794828
-0.0763474
-0.074277
-0.0732308
0.0325582
0.0315051
0.0294311
0.0263021
0.0220712
0.0166789
0.0101003
0.00234132
-0.00660471
-0.0168107
-0.0283874
-0.0414013
-0.0558652
-0.0718417
-0.0894977
-0.109009
-0.130484
-0.154054
-0.17994
-0.208305
-0.23921
-0.272758
-0.308929
-0.347561
-0.388767
-0.432556
-0.478587
-0.527017
-0.576179
-0.624114
-0.667086
-0.699977
-0.714337
-0.701838
-0.640301
-0.501467
2.3962
3.84223
0.748604
0.635939
0.634478
0.391953
1.03312
2.6914
-0.568135
-0.704766
-0.769054
-0.777964
-0.76155
-0.727448
-0.684388
-0.637471
-0.589957
-0.54371
-0.499772
-0.45863
-0.420444
-0.385191
-0.352738
-0.322902
-0.295486
-0.270308
-0.247205
-0.226034
-0.206664
-0.18897
-0.172841
-0.158182
-0.14491
-0.132957
-0.122266
-0.112784
-0.104467
-0.097279
-0.0911886
-0.0861697
-0.0821974
-0.0792471
-0.0772967
-0.076311
0.0250571
0.0240731
0.0221108
0.0191372
0.0151177
0.0100083
0.0038059
-0.00346823
-0.0118205
-0.0213266
-0.0320753
-0.0440968
-0.0573864
-0.0720084
-0.0881034
-0.105765
-0.125009
-0.145939
-0.168749
-0.193469
-0.220021
-0.248513
-0.27879
-0.310231
-0.342716
-0.375844
-0.408346
-0.439907
-0.468124
-0.490582
-0.502994
-0.49981
-0.471101
-0.4126
-0.307084
-0.116818
0.132789
0.421762
0.700703
0.848671
0.853854
0.705074
0.415944
0.114611
-0.0325748
-0.337935
-0.45681
-0.519573
-0.550938
-0.555919
-0.544906
-0.524009
-0.497474
-0.468103
-0.437756
-0.407603
-0.378353
-0.350408
-0.323967
-0.299107
-0.275838
-0.254142
-0.23398
-0.215303
-0.198052
-0.182161
-0.167569
-0.154222
-0.142073
-0.131081
-0.121208
-0.112422
-0.104693
-0.0979998
-0.0923205
-0.087637
-0.0839283
-0.0811715
-0.0793459
-0.0784231
0.0185249
0.0176017
0.0157496
0.0129386
0.00914587
0.00435181
-0.00143418
-0.00818569
-0.0159156
-0.0246999
-0.0345992
-0.0456031
-0.0576895
-0.0709216
-0.0854153
-0.101204
-0.118244
-0.136582
-0.156342
-0.177478
-0.199824
-0.22339
-0.248004
-0.272871
-0.297495
-0.321324
-0.342858
-0.360984
-0.373442
-0.377477
-0.369277
-0.343369
-0.294617
-0.216901
-0.102605
0.116137
0.306517
0.531957
0.731066
0.83458
0.841215
0.745534
0.551358
0.448587
0.217769
-0.122699
-0.247396
-0.331383
-0.384985
-0.41406
-0.424675
-0.422833
-0.412648
-0.3971
-0.378339
-0.357862
-0.336685
-0.315477
-0.294672
-0.274545
-0.255272
-0.236966
-0.219691
-0.203479
-0.188334
-0.174246
-0.161201
-0.149184
-0.138179
-0.128171
-0.11914
-0.111072
-0.103953
-0.0977719
-0.0925184
-0.0881806
-0.0847416
-0.0821819
-0.080483
-0.0796243
0.0128854
0.0120191
0.0102785
0.00764445
0.0040959
-0.000360307
-0.00570192
-0.0119019
-0.0189866
-0.0270334
-0.0360791
-0.0460798
-0.0569941
-0.068867
-0.0817709
-0.0956933
-0.110582
-0.126442
-0.143268
-0.160957
-0.179374
-0.198342
-0.217594
-0.236606
-0.254502
-0.270388
-0.283234
-0.29127
-0.292616
-0.284538
-0.263912
-0.227728
-0.171232
-0.0913288
0.0147738
0.203593
0.363754
0.516263
0.659129
0.733838
0.739423
0.671394
0.529737
0.354001
0.188761
0.000261333
-0.113294
-0.199308
-0.260911
-0.300848
-0.324813
-0.335843
-0.337547
-0.332655
-0.323248
-0.310873
-0.296658
-0.281405
-0.265685
-0.249905
-0.23436
-0.219256
-0.204738
-0.190897
-0.177795
-0.16547
-0.153949
-0.143252
-0.13339
-0.124369
-0.116189
-0.108848
-0.102347
-0.0966854
-0.0918633
-0.0878741
-0.0847057
-0.0823425
-0.0807701
-0.0799762
0.00806439
0.00726116
0.00564025
0.00320116
-8.08213e-05
-0.00418875
-0.00908391
-0.0147325
-0.0211712
-0.0284718
-0.036654
-0.0456585
-0.0554386
-0.0660211
-0.077416
-0.089549
-0.102376
-0.115907
-0.130009
-0.144478
-0.1593
-0.174201
-0.188589
-0.202304
-0.214578
-0.224028
-0.230019
-0.230747
-0.224695
-0.209472
-0.182979
-0.142958
-0.0867043
-0.0125067
0.0801193
0.1954
0.329338
0.460815
0.564175
0.62004
0.623661
0.57193
0.469084
0.333453
0.192149
0.069427
-0.0289715
-0.108585
-0.169763
-0.213981
-0.244253
-0.263103
-0.272847
-0.275703
-0.273476
-0.267588
-0.259136
-0.248952
-0.237667
-0.22576
-0.213593
-0.201435
-0.189478
-0.177865
-0.1667
-0.156062
-0.146014
-0.136602
-0.127861
-0.119813
-0.112474
-0.105855
-0.0999696
-0.0948273
-0.0904348
-0.0867915
-0.0838903
-0.0817206
-0.0802729
-0.0795442
0.00399544
0.00326463
0.00178125
-0.000447892
-0.00343934
-0.00718845
-0.0116491
-0.0167777
-0.0226094
-0.0291953
-0.0365302
-0.0445444
-0.0532007
-0.0625271
-0.0724926
-0.08296
-0.093861
-0.105227
-0.116876
-0.128474
-0.140035
-0.151414
-0.161773
-0.170884
-0.178355
-0.182814
-0.183612
-0.179176
-0.168405
-0.149508
-0.120924
-0.0811917
-0.0288854
0.0367656
0.115211
0.206679
0.306907
0.402596
0.477501
0.51872
0.520715
0.481858
0.406929
0.308353
0.203232
0.106602
0.0234691
-0.0468821
-0.103828
-0.147911
-0.180625
-0.203508
-0.218249
-0.22641
-0.229426
-0.22851
-0.224651
-0.21864
-0.211109
-0.202557
-0.193373
-0.183852
-0.174222
-0.164655
-0.155289
-0.146235
-0.137583
-0.1294
-0.121737
-0.11463
-0.108108
-0.102195
-0.0969134
-0.0922813
-0.0883109
-0.0850065
-0.0823662
-0.080385
-0.0790597
-0.0783959
0.000625187
-3.41456e-05
-0.00136344
-0.00337555
-0.00606794
-0.00944555
-0.0134695
-0.0181012
-0.0233685
-0.0292985
-0.0358525
-0.0429398
-0.0505237
-0.0586353
-0.0672377
-0.076175
-0.0853342
-0.0947083
-0.104151
-0.113318
-0.122064
-0.130307
-0.137412
-0.142912
-0.146426
-0.146998
-0.143992
-0.136145
-0.1226
-0.10215
-0.0737082
-0.0363607
0.0105202
0.0670634
0.132264
0.204655
0.280241
0.350289
0.404328
0.433936
0.434926
0.406426
0.352011
0.279822
0.200768
0.124444
0.0552245
-0.00553569
-0.056736
-0.0983302
-0.130944
-0.155456
-0.172918
-0.184435
-0.191071
-0.193799
-0.193466
-0.190783
-0.18634
-0.180619
-0.174001
-0.166788
-0.159221
-0.151495
-0.143769
-0.136177
-0.128824
-0.121793
-0.115147
-0.108934
-0.103194
-0.0979612
-0.0932644
-0.0891277
-0.0855673
-0.0825918
-0.0802041
-0.0784058
-0.0771999
-0.0766004
-0.00209349
-0.00269011
-0.00386828
-0.00566557
-0.00807912
-0.0110972
-0.0146797
-0.0188106
-0.0235122
-0.0288025
-0.0346229
-0.0408631
-0.0474723
-0.0544623
-0.0617884
-0.0693231
-0.0769514
-0.0845687
-0.0920111
-0.0990953
-0.105599
-0.11121
-0.115582
-0.118319
-0.118872
-0.116624
-0.110955
-0.100986
-0.086016
-0.0653313
-0.0382247
-0.00421844
0.0368676
0.0847186
0.138181
0.195297
0.252622
0.30436
0.343707
0.36499
0.365316
0.344215
0.304159
0.250623
0.190574
0.130219
0.0732115
0.0215217
-0.0235616
-0.0615776
-0.0926364
-0.117153
-0.135749
-0.149147
-0.158105
-0.163369
-0.165638
-0.165524
-0.16355
-0.160151
-0.155685
-0.150445
-0.144672
-0.138571
-0.132315
-0.126046
-0.119881
-0.113912
-0.10821
-0.102833
-0.0978299
-0.0932424
-0.0891048
-0.0854437
-0.0822775
-0.0796181
-0.0774736
-0.0758519
-0.0747622
-0.0742257
-0.00422234
-0.00475263
-0.00580024
-0.00739079
-0.00955263
-0.0122545
-0.0154293
-0.0190766
-0.0232096
-0.0278494
-0.0329393
-0.038371
-0.0440913
-0.0500844
-0.0562689
-0.0625328
-0.068816
-0.0749678
-0.080705
-0.0859411
-0.0906053
-0.0942034
-0.0964304
-0.0970409
-0.0954204
-0.091216
-0.0838569
-0.0727528
-0.0573777
-0.037338
-0.0122198
0.0181321
0.0536293
0.0937282
0.137278
0.182417
0.22631
0.264915
0.293733
0.309041
0.308908
0.293084
0.263214
0.222871
0.1766
0.128634
0.0819251
0.0383849
-0.000726638
-0.0347408
-0.063452
-0.0869639
-0.105594
-0.119788
-0.130071
-0.136977
-0.141074
-0.14287
-0.142805
-0.141258
-0.138551
-0.134958
-0.130715
-0.126024
-0.121061
-0.115971
-0.110874
-0.105866
-0.101026
-0.09642
-0.0921032
-0.0881219
-0.0845126
-0.0813027
-0.0785114
-0.0761534
-0.0742416
-0.0727897
-0.0718127
-0.0713373
-0.00584311
-0.0062929
-0.00722158
-0.00861741
-0.0105277
-0.0129353
-0.0157545
-0.0189724
-0.0225877
-0.0266187
-0.0310107
-0.0356697
-0.0405584
-0.0456571
-0.0508518
-0.0559994
-0.0610655
-0.0659509
-0.070327
-0.0740393
-0.0771136
-0.0791128
-0.079735
-0.0788049
-0.0757109
-0.0702458
-0.0619824
-0.0505016
-0.0354505
-0.0166225
0.00618638
0.0329114
0.0632985
0.0967355
0.132128
0.167847
0.201641
0.230669
0.251936
0.262989
0.262546
0.250467
0.227849
0.197027
0.161004
0.122715
0.0844832
0.0479935
0.0144118
-0.0155476
-0.0415228
-0.0634245
-0.0813598
-0.0955832
-0.106459
-0.114287
-0.119583
-0.122728
-0.124081
-0.123962
-0.122654
-0.120407
-0.117442
-0.113954
-0.11011
-0.106052
-0.101898
-0.0977483
-0.0936857
-0.0897818
-0.0860964
-0.0826774
-0.0795611
-0.0767737
-0.0743349
-0.0722614
-0.0705708
-0.0692818
-0.0684135
-0.0679965
-0.00701683
-0.00739729
-0.00820081
-0.00942164
-0.011075
-0.0131654
-0.015643
-0.0184651
-0.0216252
-0.0251307
-0.0289112
-0.0328746
-0.0369947
-0.0412647
-0.0455821
-0.049785
-0.0537943
-0.0575352
-0.0607706
-0.0633207
-0.0651428
-0.0658945
-0.0653397
-0.0633388
-0.059361
-0.0532158
-0.0446252
-0.0333009
-0.0190269
-0.00173381
0.0186354
0.0419064
0.0677306
0.0954917
0.124201
0.152507
0.178681
0.200703
0.216545
0.224563
0.223915
0.214525
0.197116
0.173253
0.144956
0.114281
0.0830015
0.0525237
0.02389
-0.00219482
-0.0253161
-0.0452781
-0.0620559
-0.0757587
-0.0865804
-0.0948978
-0.100907
-0.104938
-0.107288
-0.108226
-0.107996
-0.106822
-0.104905
-0.102423
-0.0995308
-0.0963612
-0.0930295
-0.0896355
-0.086266
-0.0829954
-0.0798845
-0.0769805
-0.0743176
-0.0719203
-0.0698084
-0.068001
-0.0665191
-0.0653855
-0.0646216
-0.0642597
-0.00775231
-0.00809972
-0.00878196
-0.00984948
-0.0112841
-0.0130622
-0.015201
-0.0176329
-0.0203689
-0.0234106
-0.0266647
-0.0300292
-0.0334725
-0.0369853
-0.0404957
-0.0438827
-0.0470349
-0.0498205
-0.0520811
-0.0537223
-0.0546217
-0.0544715
-0.0531038
-0.0503872
-0.045931
-0.0395396
-0.0310432
-0.0202547
-0.0070614
0.00851575
0.0264376
0.0464895
0.0682833
0.0912394
0.114511
0.137005
0.157405
0.17425
0.18614
0.191975
0.191209
0.183804
0.170236
0.151551
0.129141
0.10447
0.0788825
0.0535083
0.029241
0.00673473
-0.0135809
-0.031466
-0.0468269
-0.0596899
-0.0701735
-0.0784759
-0.0847697
-0.0892996
-0.0922927
-0.09397
-0.0945408
-0.0941992
-0.0931211
-0.0914635
-0.089365
-0.0869485
-0.0843238
-0.0815895
-0.0788328
-0.0761277
-0.0735336
-0.0710945
-0.068842
-0.0667993
-0.0649865
-0.0634251
-0.062139
-0.0611526
-0.0604881
-0.0601779
-0.00806242
-0.00837523
-0.0089668
-0.00988969
-0.0111626
-0.0127063
-0.0145534
-0.0166249
-0.0189617
-0.0215671
-0.0243375
-0.0271705
-0.0300284
-0.032885
-0.0356748
-0.0383322
-0.0407741
-0.0428152
-0.044296
-0.0452103
-0.0454241
-0.0446483
-0.0427637
-0.0396329
-0.034997
-0.0286889
-0.0205994
-0.0106151
0.00130017
0.0150864
0.0306568
0.0477755
0.0660548
0.0849728
0.103824
0.12173
0.137694
0.150656
0.159644
0.163915
0.163106
0.157197
0.146512
0.131762
0.113911
0.0940149
0.0730912
0.0520387
0.0315992
0.0123481
-0.00530421
-0.0211034
-0.0349242
-0.0467376
-0.0565878
-0.0645782
-0.0708642
-0.0755897
-0.078939
-0.0810939
-0.0822293
-0.082509
-0.082082
-0.0810829
-0.0796336
-0.0778459
-0.075823
-0.0736599
-0.0714404
-0.0692352
-0.0670994
-0.0650733
-0.0631859
-0.0614602
-0.0599176
-0.0585814
-0.0574773
-0.0566297
-0.0560591
-0.0557966
-0.00802841
-0.00825679
-0.00878797
-0.00957731
-0.0106992
-0.0120902
-0.0137053
-0.0154703
-0.0174488
-0.0196403
-0.0219481
-0.02429
-0.0266371
-0.0289479
-0.0311428
-0.0331776
-0.0350139
-0.0364692
-0.0373629
-0.037718
-0.0374278
-0.0362435
-0.0340769
-0.0307898
-0.0262101
-0.0202214
-0.0127559
-0.00373604
0.00682562
0.0188483
0.0322188
0.0466984
0.0619238
0.0774417
0.092672
0.106923
0.119442
0.129459
0.136294
0.139437
0.138639
0.133893
0.125417
0.113703
0.0994331
0.0833754
0.0662999
0.0489123
0.0318159
0.0154958
0.000318036
-0.0134677
-0.0257143
-0.0363566
-0.0453939
-0.0528799
-0.0589065
-0.0635878
-0.0670652
-0.0694836
-0.070985
-0.0717029
-0.0717607
-0.0712717
-0.070342
-0.0690718
-0.0675565
-0.0658836
-0.0641307
-0.0623615
-0.0606257
-0.0589598
-0.0573918
-0.0559454
-0.0546439
-0.0535124
-0.0525763
-0.0518583
-0.0513757
-0.0511568
-0.00774069
-0.00788226
-0.00835463
-0.00905443
-0.0100068
-0.0112582
-0.0126475
-0.014135
-0.0157954
-0.0176104
-0.0194937
-0.021396
-0.0233066
-0.0251755
-0.0269047
-0.0284437
-0.0297749
-0.0307552
-0.031217
-0.0311713
-0.030532
-0.0291106
-0.026843
-0.023598
-0.0192461
-0.0137227
-0.00699484
0.0009899
0.0101977
0.0205287
0.0318584
0.043966
0.0565295
0.0691671
0.0814098
0.0927217
0.102537
0.110295
0.115511
0.117829
0.117077
0.113248
0.106499
0.0971769
0.0857699
0.0728413
0.0589695
0.0447001
0.0305136
0.0168094
0.00390301
-0.00797197
-0.0186592
-0.0280729
-0.0361851
-0.0430126
-0.048614
-0.0530802
-0.0565108
-0.0590203
-0.0607211
-0.0617201
-0.0621175
-0.0620084
-0.0614844
-0.0606341
-0.0595419
-0.0582853
-0.0569317
-0.0555367
-0.0541437
-0.0527867
-0.0514938
-0.0502907
-0.049203
-0.0482562
-0.0474741
-0.0468759
-0.0464745
-0.0462954
-0.00722568
-0.00736633
-0.00776449
-0.00841814
-0.00922149
-0.010298
-0.0114263
-0.012634
-0.0140056
-0.0154977
-0.0170226
-0.0185538
-0.0200979
-0.0216017
-0.0229578
-0.0241072
-0.0250302
-0.0256232
-0.0257687
-0.0254628
-0.0246139
-0.0230867
-0.020846
-0.0177804
-0.0137776
-0.00881287
-0.00288664
0.00403627
0.0119147
0.0206395
0.0300864
0.0400664
0.0503091
0.0605022
0.07027
0.0792011
0.0868708
0.0928667
0.0968412
0.0985425
0.0978506
0.0947639
0.0893974
0.082001
0.0729254
0.0625812
0.0513981
0.0397911
0.0281371
0.0167608
0.00592946
-0.00414715
-0.0133164
-0.021484
-0.0286077
-0.0346854
-0.0397533
-0.0438737
-0.0471214
-0.0495832
-0.0513453
-0.052492
-0.053105
-0.0532641
-0.0530475
-0.0525309
-0.0517857
-0.0508762
-0.0498581
-0.0487777
-0.0476732
-0.0465772
-0.0455191
-0.044527
-0.0436282
-0.0428473
-0.0422053
-0.0417165
-0.0413892
-0.0412458
-0.00651822
-0.0067139
-0.00703244
-0.00760698
-0.00831561
-0.00919497
-0.0100594
-0.0110055
-0.0121227
-0.0133485
-0.0145841
-0.0158061
-0.0170291
-0.0182063
-0.0192419
-0.0200835
-0.0206994
-0.0209997
-0.0209222
-0.0204699
-0.0195356
-0.018012
-0.0158948
-0.0131069
-0.00955308
-0.005219
-0.000131261
0.0057251
0.0123115
0.0195275
0.0272603
0.0353499
0.0435757
0.0516886
0.0593919
0.066371
0.0723079
0.0769007
0.0799005
0.0811316
0.0805123
0.0780448
0.0738148
0.0680011
0.0608536
0.0526679
0.0437588
0.0344382
0.0249984
0.0157003
0.00676658
-0.00162194
-0.00932837
-0.0162605
-0.0223692
-0.0276434
-0.0321024
-0.0357865
-0.0387482
-0.0410517
-0.0427621
-0.0439464
-0.0446718
-0.045005
-0.0450111
-0.0447516
-0.044283
-0.0436552
-0.0429116
-0.04209
-0.0412245
-0.0403472
-0.0394894
-0.0386809
-0.0379492
-0.0373171
-0.0368012
-0.036411
-0.03615
-0.0360382
-0.00572468
-0.00589965
-0.00614288
-0.00654704
-0.00718311
-0.00788404
-0.00855106
-0.00930377
-0.0102097
-0.0111995
-0.0121792
-0.0131294
-0.0140668
-0.014953
-0.0157148
-0.0163216
-0.0167323
-0.0168429
-0.016623
-0.0161049
-0.0151873
-0.013768
-0.0118579
-0.00942364
-0.00638797
-0.00273726
0.00149739
0.00631377
0.0116732
0.0174896
0.0236695
0.0300815
0.0365485
0.0428744
0.0488301
0.05418
0.0586909
0.0621457
0.0643694
0.065242
0.0647083
0.062772
0.0594946
0.0550016
0.0494682
0.043104
0.0361373
0.0288001
0.0213156
0.0138887
0.00669841
-0.000106702
-0.00641122
-0.0121332
-0.0172249
-0.0216683
-0.0254692
-0.0286515
-0.0312486
-0.033307
-0.0348764
-0.0360104
-0.0367644
-0.037193
-0.037348
-0.0372759
-0.0370179
-0.0366098
-0.0360839
-0.0354709
-0.0348017
-0.0341084
-0.0334229
-0.0327758
-0.0321928
-0.0316937
-0.0312902
-0.0309871
-0.0307842
-0.0307001
-0.00490806
-0.00495003
-0.00511782
-0.00534031
-0.00587682
-0.00644027
-0.0069905
-0.00761333
-0.00832974
-0.00907693
-0.0097994
-0.0105067
-0.011217
-0.0118787
-0.0124217
-0.012841
-0.0131097
-0.0131141
-0.0128255
-0.0122995
-0.0114685
-0.0102394
-0.00861488
-0.00658154
-0.00408935
-0.00113761
0.00224468
0.00605338
0.0102564
0.0147799
0.019545
0.024448
0.0293563
0.0341213
0.0385717
0.0425377
0.0458556
0.0483747
0.0499743
0.0505732
0.0501345
0.0486602
0.0461924
0.0428166
0.0386535
0.0338499
0.0285687
0.0229785
0.0172443
0.01152
0.00594153
0.000623691
-0.0043425
-0.00888971
-0.0129738
-0.0165717
-0.0196806
-0.0223094
-0.0244859
-0.0262347
-0.0275954
-0.0286113
-0.0293269
-0.0297849
-0.0300232
-0.0300743
-0.0299651
-0.0297193
-0.0293602
-0.028913
-0.0284059
-0.0278697
-0.0273356
-0.0268323
-0.0263825
-0.0260016
-0.0256969
-0.0254695
-0.0253166
-0.0252563
-0.00399658
-0.00393093
-0.00402919
-0.00420484
-0.00460524
-0.00502654
-0.00545287
-0.00593065
-0.00645606
-0.0069813
-0.00748209
-0.00798917
-0.00851993
-0.00900773
-0.00937522
-0.00963301
-0.00978297
-0.00973216
-0.00945265
-0.00899157
-0.00829135
-0.00727973
-0.00597753
-0.00438888
-0.0024694
-0.000215868
0.00233652
0.00517174
0.00826655
0.0115723
0.0150282
0.018551
0.0220491
0.0254225
0.0285514
0.0313192
0.0336183
0.0353497
0.0364336
0.0368162
0.0364732
0.0354054
0.0336394
0.0312315
0.0282623
0.0248307
0.0210476
0.0170286
0.0128877
0.00873129
0.00465466
0.000739404
-0.00294766
-0.00635417
-0.00944169
-0.0121866
-0.0145802
-0.0166249
-0.0183343
-0.0197266
-0.0208298
-0.0216765
-0.0222999
-0.0227307
-0.0229939
-0.0231094
-0.0230928
-0.0229587
-0.0227237
-0.0224083
-0.0220375
-0.0216392
-0.0212412
-0.0208679
-0.0205377
-0.0202613
-0.0200424
-0.0198797
-0.0197688
-0.0197289
-0.00292148
-0.00291259
-0.00296887
-0.00316807
-0.0034033
-0.00362352
-0.00386471
-0.00416909
-0.00453036
-0.00490297
-0.00526027
-0.005621
-0.00598412
-0.00628213
-0.00647691
-0.00662803
-0.00673855
-0.006678
-0.00641196
-0.00603438
-0.00552419
-0.00478689
-0.00382616
-0.00268125
-0.0013464
0.000190672
0.00191455
0.00380546
0.00583483
0.00797405
0.0101938
0.0124369
0.0146423
0.0167531
0.0186985
0.0204064
0.0218127
0.0228595
0.0234995
0.0237001
0.0234478
0.0227432
0.0216016
0.0200574
0.0181594
0.0159673
0.0135481
0.0109709
0.00830382
0.00561044
0.00294854
0.000369058
-0.00208415
-0.00437443
-0.0064726
-0.00835766
-0.0100187
-0.0114554
-0.012673
-0.0136798
-0.0144924
-0.0151315
-0.015619
-0.0159738
-0.0162102
-0.0163385
-0.0163665
-0.0163027
-0.0161586
-0.0159504
-0.0156982
-0.0154245
-0.0151512
-0.0148967
-0.0146739
-0.0144894
-0.0143443
-0.0142362
-0.0141607
-0.0141381
-0.00176285
-0.00186168
-0.00192888
-0.00199426
-0.00200572
-0.00202976
-0.00216248
-0.00243195
-0.00275029
-0.00297972
-0.00309274
-0.00322248
-0.00346841
-0.00371783
-0.00381414
-0.00381605
-0.0038528
-0.00385022
-0.00368839
-0.00341123
-0.00307175
-0.00262931
-0.00205856
-0.00138721
-0.000632761
0.000193628
0.00108503
0.00204137
0.00304363
0.0040693
0.00511254
0.00615129
0.00715447
0.00809841
0.00895512
0.00969381
0.0102873
0.0107123
0.0109501
0.0109881
0.0108223
0.0104543
0.00989016
0.00914484
0.00823902
0.00719777
0.00604855
0.00481942
0.00353763
0.00222904
0.000917869
-0.000373096
-0.00162252
-0.00281086
-0.00392119
-0.00493972
-0.00585839
-0.00667512
-0.00738861
-0.00799567
-0.00849558
-0.0088976
-0.00921277
-0.00945038
-0.00961682
-0.00971609
-0.00975146
-0.00972746
-0.0096514
-0.009534
-0.00938875
-0.0092304
-0.00907284
-0.00892728
-0.00880101
-0.00869721
-0.00861571
-0.00855443
-0.00850931
-0.00850131
-0.000633224
-0.000582049
-0.000540586
-0.000566359
-0.000662796
-0.000750809
-0.00076473
-0.0007535
-0.000817986
-0.000953967
-0.00105146
-0.00106916
-0.00109336
-0.00117454
-0.00123919
-0.00123596
-0.00121508
-0.00120131
-0.00115362
-0.00105888
-0.000934673
-0.000780645
-0.000593452
-0.000406356
-0.000247974
-0.000128219
-5.71952e-05
-3.20202e-05
-5.17752e-05
-0.000121475
-0.000235418
-0.00038667
-0.000570753
-0.000778908
-0.00100031
-0.00122401
-0.00143856
-0.00163246
-0.00179525
-0.00191839
-0.00199436
-0.00202194
-0.00200661
-0.00195469
-0.00187455
-0.00177609
-0.00167028
-0.00156847
-0.0014816
-0.0014193
-0.001389
-0.00139538
-0.00144022
-0.00152266
-0.00164009
-0.00178865
-0.00196495
-0.00216692
-0.00238452
-0.00258717
-0.00275824
-0.00289924
-0.00301277
-0.00310099
-0.00316519
-0.00320602
-0.00322419
-0.00322116
-0.00319957
-0.0031634
-0.00311758
-0.00306735
-0.00301751
-0.00297177
-0.00293239
-0.00290019
-0.00287489
-0.00285567
-0.00284035
-0.0028402
)
;

boundaryField
{
    lowerWall
    {
        type            fixedFluxPressure;
        gradient        uniform 0;
        value           nonuniform List<scalar> 
80
(
7250.98
7250.98
7250.99
7250.99
7251
7251.02
7251.03
7251.05
7251.07
7251.09
7251.12
7251.15
7251.18
7251.21
7251.24
7251.28
7251.32
7251.36
7251.4
7251.45
7251.49
7251.54
7251.59
7251.64
7251.69
7251.74
7251.78
7251.83
7251.88
7251.92
7251.96
7252
7252.04
7252.07
7252.1
7252.12
7252.13
7252.15
7252.15
7252.15
7252.14
7252.13
7252.11
7252.09
7252.06
7252.03
7251.99
7251.94
7251.9
7251.85
7251.8
7251.74
7251.69
7251.63
7251.58
7251.52
7251.46
7251.41
7251.35
7251.3
7251.25
7251.2
7251.15
7251.11
7251.06
7251.02
7250.98
7250.95
7250.92
7250.89
7250.86
7250.84
7250.81
7250.8
7250.78
7250.77
7250.76
7250.75
7250.74
7250.74
)
;
    }
    rightWall
    {
        type            zeroGradient;
    }
    atmosphere
    {
        type            totalPressure;
        rho             rho;
        psi             none;
        gamma           1;
        p0              uniform 0;
        value           nonuniform List<scalar> 
80
(
0
0
0
0
0
0
0
0
0
0
0
0
0
0
0
0
0
0
0
0
0
0
0
-3.91339e-05
-0.000173769
-0.000408568
-0.000747068
-0.00118831
-0.00172775
-0.00235675
-0.00306179
-0.00382458
-0.004622
-0.00542685
-0.00620861
-0.00693483
-0.00757304
-0.00809268
-0.00846737
-0.00867671
-0.00870503
-0.00855177
-0.00823071
-0.00776044
-0.00716569
-0.00647556
-0.00572144
-0.00493498
-0.00414635
-0.00338277
-0.00266754
-0.00201937
-0.00145216
-0.000975072
-0.000593052
-0.000307793
-0.00011685
-1.75538e-05
0
0
0
0
0
0
0
0
0
0
0
0
0
0
0
0
0
0
0
0
0
0
)
;
    }
    leftWall
    {
        type            zeroGradient;
    }
    frontAndBack
    {
        type            empty;
    }
}


// ************************************************************************* //
