/*--------------------------------*- C++ -*----------------------------------*\
| =========                 |                                                 |
| \\      /  F ield         | OpenFOAM: The Open Source CFD Toolbox           |
|  \\    /   O peration     | Version:  2412                                  |
|   \\  /    A nd           | Website:  www.openfoam.com                      |
|    \\/     M anipulation  |                                                 |
\*---------------------------------------------------------------------------*/
FoamFile
{
    version     2.0;
    format      ascii;
    arch        "LSB;label=32;scalar=64";
    class       volScalarField;
    location    "8.35";
    object      p_rgh;
}
// * * * * * * * * * * * * * * * * * * * * * * * * * * * * * * * * * * * * * //

dimensions      [1 -1 -2 0 0 0 0];

internalField   nonuniform List<scalar> 
6400
(
15785.4
15785.3
15784.1
15781.6
15778.1
15773.7
15768.8
15763.7
15758.4
15753.2
15748.3
15743.7
15739.6
15736
15733.1
15730.9
15729.6
15729.1
15729.7
15731.4
15734.3
15738.5
15744.1
15751
15759.3
15769
15779.9
15792
15805
15818.8
15833
15847.4
15861.4
15874.9
15887.3
15898.4
15907.7
15915
15920
15922.6
15922.7
15920.2
15915.4
15908.2
15898.9
15887.9
15875.5
15862
15847.8
15833.4
15819
15805
15791.8
15779.4
15768.2
15758.3
15749.7
15742.4
15736.6
15732.1
15729
15727
15726.2
15726.4
15727.6
15729.7
15732.5
15736
15740.1
15744.7
15749.6
15754.8
15760.2
15765.4
15770.4
15774.9
15778.5
15781.1
15782.4
15782.5
15785.5
15785.4
15784.4
15782.2
15779
15775.2
15770.9
15766.3
15761.7
15757.1
15752.7
15748.6
15744.9
15741.8
15739.2
15737.4
15736.3
15736
15736.7
15738.4
15741.1
15745.1
15750.2
15756.5
15764
15772.7
15782.5
15793.2
15804.7
15816.8
15829.2
15841.7
15854
15865.6
15876.4
15885.9
15893.9
15900.2
15904.5
15906.7
15906.8
15904.7
15900.5
15894.3
15886.4
15876.9
15866.2
15854.5
15842.1
15829.5
15816.9
15804.7
15792.9
15782
15771.9
15763
15755.2
15748.6
15743.2
15739
15735.9
15734
15733.1
15733.2
15734.1
15735.8
15738.3
15741.4
15745
15749.1
15753.5
15758.1
15762.9
15767.5
15771.9
15775.8
15779.1
15781.4
15782.6
15782.7
15786.8
15786.6
15785.5
15783.5
15780.7
15777.3
15773.5
15769.5
15765.3
15761.3
15757.4
15753.8
15750.5
15747.8
15745.5
15743.9
15743
15742.9
15743.6
15745.2
15747.8
15751.4
15756
15761.7
15768.3
15776
15784.5
15793.8
15803.8
15814.2
15824.9
15835.5
15845.9
15855.8
15864.9
15872.9
15879.7
15885
15888.6
15890.5
15890.6
15888.8
15885.3
15880.1
15873.4
15865.4
15856.3
15846.4
15835.9
15825.1
15814.3
15803.7
15793.6
15784
15775.2
15767.3
15760.3
15754.4
15749.5
15745.7
15742.8
15741
15740
15740
15740.7
15742.2
15744.3
15747
15750.2
15753.8
15757.7
15761.8
15766
15770.1
15774
15777.5
15780.5
15782.6
15783.8
15784.1
15789.5
15789
15787.8
15785.7
15783
15779.8
15776.3
15772.6
15768.8
15765.1
15761.6
15758.3
15755.3
15752.8
15750.8
15749.4
15748.6
15748.5
15749.2
15750.7
15753
15756.2
15760.3
15765.3
15771.3
15778
15785.5
15793.6
15802.3
15811.3
15820.6
15829.8
15838.7
15847.2
15855
15861.9
15867.7
15872.2
15875.3
15876.9
15877
15875.5
15872.5
15868.1
15862.4
15855.5
15847.7
15839.2
15830.2
15820.8
15811.5
15802.2
15793.3
15785
15777.2
15770.2
15764
15758.7
15754.3
15750.9
15748.3
15746.6
15745.7
15745.6
15746.2
15747.5
15749.4
15751.9
15754.7
15758
15761.6
15765.3
15769.2
15773
15776.6
15779.9
15782.8
15784.9
15786.3
15786.9
15793.4
15792.5
15790.9
15788.6
15785.9
15782.7
15779.3
15775.8
15772.2
15768.8
15765.5
15762.4
15759.7
15757.4
15755.5
15754.1
15753.4
15753.2
15753.8
15755.1
15757.1
15760
15763.6
15768
15773.2
15779.1
15785.6
15792.8
15800.3
15808.2
15816.2
15824.2
15832
15839.3
15846.1
15852
15857
15860.9
15863.5
15864.9
15865
15863.7
15861.2
15857.4
15852.4
15846.5
15839.8
15832.4
15824.6
15816.4
15808.3
15800.2
15792.4
15785.1
15778.3
15772.1
15766.7
15762
15758.1
15755
15752.7
15751.2
15750.4
15750.4
15751
15752.2
15754
15756.3
15758.9
15762
15765.3
15768.8
15772.5
15776.1
15779.6
15782.9
15785.8
15788.1
15789.9
15790.9
15798.3
15796.8
15794.7
15792.1
15789.2
15786
15782.6
15779.1
15775.7
15772.3
15769.2
15766.2
15763.6
15761.4
15759.6
15758.3
15757.5
15757.3
15757.7
15758.7
15760.4
15762.9
15766
15769.8
15774.3
15779.4
15785.2
15791.4
15798
15804.8
15811.8
15818.8
15825.5
15831.9
15837.8
15842.9
15847.2
15850.6
15852.8
15854
15854.1
15853
15850.8
15847.5
15843.2
15838.1
15832.2
15825.8
15819
15811.9
15804.7
15797.7
15790.9
15784.5
15778.6
15773.2
15768.4
15764.4
15761
15758.3
15756.3
15755.1
15754.5
15754.5
15755.2
15756.4
15758.1
15760.3
15762.8
15765.7
15768.9
15772.3
15775.9
15779.4
15782.9
15786.3
15789.3
15792
15794.2
15795.9
15803.9
15801.7
15799
15796.1
15792.9
15789.4
15785.9
15782.5
15779
15775.7
15772.6
15769.8
15767.2
15765.1
15763.3
15761.9
15761
15760.6
15760.8
15761.6
15763
15765
15767.6
15770.8
15774.7
15779.1
15784.1
15789.4
15795.2
15801.2
15807.3
15813.4
15819.3
15824.9
15830
15834.5
15838.2
15841.1
15843.1
15844.1
15844.1
15843.2
15841.3
15838.4
15834.7
15830.2
15825.1
15819.4
15813.5
15807.2
15801
15794.8
15788.9
15783.3
15778.1
15773.5
15769.4
15765.9
15763
15760.8
15759.2
15758.2
15757.9
15758.1
15758.8
15760.1
15761.8
15763.9
15766.4
15769.2
15772.4
15775.7
15779.3
15782.9
15786.5
15790
15793.3
15796.4
15799.2
15801.5
15810
15807.2
15803.8
15800.4
15796.7
15793.1
15789.4
15785.8
15782.3
15778.9
15775.9
15773
15770.5
15768.3
15766.4
15765
15763.9
15763.4
15763.3
15763.8
15764.8
15766.3
15768.5
15771.1
15774.4
15778.1
15782.4
15787
15792
15797.3
15802.6
15808
15813.2
15818.2
15822.7
15826.6
15829.9
15832.4
15834.2
15835.1
15835.1
15834.3
15832.6
15830.1
15826.9
15822.9
15818.4
15813.4
15808
15802.5
15797
15791.6
15786.4
15781.5
15777
15773.1
15769.6
15766.7
15764.4
15762.6
15761.4
15760.7
15760.6
15761
15761.9
15763.3
15765
15767.2
15769.7
15772.5
15775.7
15779
15782.6
15786.3
15790.1
15793.9
15797.7
15801.3
15804.8
15807.7
15816.6
15813
15808.9
15804.8
15800.8
15796.7
15792.8
15789
15785.4
15782
15778.8
15775.9
15773.3
15771
15769.1
15767.5
15766.3
15765.5
15765.2
15765.3
15765.9
15767
15768.6
15770.8
15773.4
15776.6
15780.1
15784.2
15788.5
15793.1
15797.9
15802.7
15807.3
15811.8
15815.8
15819.4
15822.3
15824.5
15826
15826.8
15826.9
15826.2
15824.8
15822.6
15819.7
15816.2
15812.1
15807.6
15802.8
15797.8
15792.9
15788.1
15783.5
15779.3
15775.4
15772.1
15769.2
15766.9
15765
15763.7
15762.9
15762.6
15762.8
15763.5
15764.6
15766.1
15767.9
15770.2
15772.7
15775.6
15778.8
15782.3
15786
15789.9
15793.9
15798.1
15802.3
15806.5
15810.8
15814.5
15823.5
15819.1
15814.2
15809.4
15804.8
15800.3
15796
15792
15788.2
15784.7
15781.5
15778.5
15775.8
15773.4
15771.4
15769.6
15768.2
15767.1
15766.5
15766.2
15766.4
15767
15768.1
15769.7
15771.8
15774.4
15777.4
15780.8
15784.6
15788.7
15793
15797.3
15801.7
15805.7
15809.5
15812.7
15815.3
15817.3
15818.6
15819.3
15819.4
15818.9
15817.6
15815.8
15813.2
15810
15806.2
15802
15797.6
15793.1
15788.6
15784.4
15780.3
15776.6
15773.4
15770.6
15768.3
15766.5
15765.2
15764.3
15764
15764.1
15764.6
15765.5
15766.8
15768.5
15770.5
15772.9
15775.5
15778.5
15781.8
15785.3
15789.2
15793.3
15797.7
15802.3
15807.1
15812
15817.1
15821.6
15830.7
15825.4
15819.5
15813.9
15808.7
15803.7
15799.1
15794.8
15790.8
15787.2
15783.8
15780.8
15778
15775.4
15773.2
15771.2
15769.6
15768.2
15767.2
15766.5
15766.3
15766.4
15767
15768.1
15769.6
15771.6
15774.1
15777
15780.3
15784
15787.9
15792
15796.1
15800
15803.6
15806.6
15809
15810.7
15811.8
15812.4
15812.5
15812.1
15811.1
15809.5
15807.2
15804.2
15800.7
15796.7
15792.5
15788.3
15784.2
15780.3
15776.7
15773.6
15770.8
15768.6
15766.8
15765.6
15764.8
15764.5
15764.6
15765
15765.9
15767.2
15768.8
15770.7
15772.9
15775.3
15778.1
15781.2
15784.6
15788.3
15792.3
15796.7
15801.5
15806.6
15811.9
15817.6
15823.7
15829.1
15838.1
15831.7
15824.7
15818.3
15812.3
15806.8
15801.8
15797.2
15793.1
15789.3
15785.9
15782.7
15779.8
15777.1
15774.7
15772.5
15770.5
15768.8
15767.4
15766.3
15765.6
15765.2
15765.3
15765.8
15766.7
15768.2
15770.2
15772.6
15775.6
15778.9
15782.6
15786.6
15790.6
15794.5
15798.1
15801
15803.1
15804.6
15805.5
15806
15806
15805.8
15805
15803.7
15801.7
15798.9
15795.4
15791.4
15787.3
15783.2
15779.3
15775.8
15772.6
15770
15767.7
15766
15764.8
15764.1
15763.9
15764.1
15764.7
15765.6
15766.9
15768.5
15770.4
15772.5
15774.9
15777.6
15780.4
15783.6
15787.1
15790.9
15795.2
15799.8
15805
15810.6
15816.7
15823.2
15830.4
15836.9
15845.7
15838.1
15829.8
15822.3
15815.6
15809.5
15804.1
15799.3
15795
15791.1
15787.6
15784.3
15781.3
15778.5
15775.9
15773.4
15771.2
15769.1
15767.2
15765.7
15764.4
15763.5
15762.9
15762.9
15763.3
15764.2
15765.6
15767.7
15770.2
15773.4
15777
15781
15785.2
15789.3
15793
15795.9
15797.8
15798.8
15799.4
15799.7
15799.8
15799.7
15799.4
15798.5
15796.8
15794
15790.4
15786.1
15781.9
15777.7
15774
15770.7
15767.9
15765.6
15764
15762.8
15762.2
15762.1
15762.4
15763.2
15764.3
15765.8
15767.5
15769.5
15771.7
15774.1
15776.7
15779.5
15782.5
15785.8
15789.3
15793.3
15797.7
15802.6
15808.1
15814.3
15821.1
15828.7
15837.2
15844.9
15853.7
15844.4
15834.4
15825.8
15818.2
15811.6
15805.9
15800.9
15796.5
15792.6
15789
15785.7
15782.6
15779.7
15776.8
15774.1
15771.5
15769
15766.7
15764.6
15762.7
15761.2
15760.1
15759.4
15759.2
15759.5
15760.5
15762.1
15764.3
15767.3
15770.9
15775.1
15779.7
15784.4
15788.6
15791.6
15793.1
15793.6
15793.6
15793.6
15793.8
15794.1
15794.3
15794
15792.7
15789.9
15785.7
15781
15776.2
15771.9
15768
15764.9
15762.4
15760.6
15759.5
15758.9
15758.9
15759.4
15760.4
15761.8
15763.5
15765.5
15767.7
15770.1
15772.7
15775.4
15778.2
15781.2
15784.3
15787.6
15791.2
15795.2
15799.7
15804.8
15810.6
15817.3
15825
15833.8
15843.9
15853.2
15861.9
15850.4
15838.3
15828.3
15819.9
15812.8
15806.8
15801.8
15797.4
15793.6
15790.1
15786.8
15783.6
15780.6
15777.5
15774.5
15771.5
15768.6
15765.7
15763.1
15760.6
15758.4
15756.6
15755.2
15754.4
15754.1
15754.5
15755.7
15757.6
15760.5
15764.2
15768.8
15774.2
15780
15785.1
15788.5
15789.4
15789.1
15788.5
15788.1
15788.4
15789.1
15790.1
15790.7
15790
15786.9
15781.7
15775.8
15770.3
15765.4
15761.5
15758.5
15756.3
15754.9
15754.3
15754.3
15755
15756.2
15757.9
15759.9
15762.3
15764.9
15767.7
15770.5
15773.5
15776.5
15779.5
15782.6
15785.8
15789.1
15792.7
15796.6
15801
15806.2
15812.2
15819.4
15827.9
15838.1
15850.2
15861.8
15870.2
15855.7
15840.9
15829.3
15820.1
15812.7
15806.8
15801.9
15797.7
15794.1
15790.7
15787.5
15784.4
15781.2
15778
15774.6
15771.3
15767.9
15764.5
15761.1
15758
15755.1
15752.5
15750.4
15748.9
15748
15747.8
15748.5
15750.1
15752.8
15756.7
15761.9
15768.4
15775.9
15783
15787
15787
15785.2
15783.4
15782.2
15782.5
15784.2
15786.5
15788.7
15789.1
15785.4
15778.3
15770.6
15763.7
15758.3
15754.1
15751.2
15749.3
15748.4
15748.4
15749.1
15750.5
15752.5
15754.9
15757.7
15760.7
15764
15767.3
15770.7
15774
15777.3
15780.6
15783.7
15786.9
15790.1
15793.5
15797.3
15801.5
15806.5
15812.5
15820
15829.3
15841
15855.9
15870.5
15879.1
15860.5
15842
15828.6
15818.8
15811.4
15805.8
15801.3
15797.6
15794.3
15791.3
15788.2
15785.1
15781.9
15778.5
15774.8
15771
15767
15763
15758.9
15755
15751.2
15747.8
15744.9
15742.5
15740.9
15740.1
15740.2
15741.3
15743.8
15747.8
15753.8
15762.2
15773.2
15784.5
15789.7
15785.3
15777.8
15771.3
15767.6
15767.9
15772.2
15779.2
15787.3
15792.5
15787.8
15776.5
15765.1
15756.3
15749.9
15745.6
15742.8
15741.4
15741
15741.6
15743.1
15745.3
15748.1
15751.4
15755
15758.8
15762.8
15766.8
15770.8
15774.6
15778.2
15781.7
15784.9
15788
15791.1
15794.2
15797.6
15801.3
15805.9
15811.6
15819.1
15828.9
15842.4
15861
15879.7
15892.3
15865.7
15841.7
15826.6
15816.8
15810
15805.2
15801.6
15798.6
15795.8
15793.1
15790.3
15787.2
15783.7
15779.9
15775.7
15771.2
15766.4
15761.4
15756.2
15751.2
15746.2
15741.7
15737.6
15734.2
15731.5
15729.9
15729.2
15729.9
15732
15736.2
15743.2
15754.9
15774
15797.3
15805.2
15786.7
15763.3
15747.7
15740.1
15740.4
15748.5
15764.3
15788.3
15808.7
15802.1
15778.6
15758.6
15746.1
15738.6
15734.1
15731.6
15730.7
15731.1
15732.6
15735
15738.3
15742.2
15746.7
15751.5
15756.5
15761.6
15766.6
15771.4
15775.9
15780.1
15783.9
15787.3
15790.5
15793.3
15796.1
15798.9
15802
15805.7
15810.6
15817.4
15827.3
15842.4
15866.5
15893.2
15904.2
15859.7
15831.5
15817.5
15809.9
15805.3
15802.4
15800.4
15798.6
15796.8
15794.7
15792.3
15789.3
15785.8
15781.6
15776.9
15771.6
15765.9
15759.7
15753.3
15746.9
15740.6
15734.6
15729.2
15724.5
15720.7
15718
15716.5
15716.1
15717.3
15720.5
15727
15740.8
15770.5
15813.2
15830.5
15807.1
15793.9
15764.1
15714.1
15713
15764
15797.1
15809.3
15834.7
15819.4
15775.9
15744.6
15729.9
15722.9
15719.4
15717.9
15718
15719.3
15721.8
15725.5
15730.1
15735.4
15741.3
15747.5
15753.9
15760.2
15766.3
15772.1
15777.4
15782.1
15786.3
15789.8
15792.8
15795.3
15797.3
15799.2
15801
15803.1
15806.1
15810.7
15818.3
15832.3
15860.5
15905.2
15825.2
15784
15771.7
15769.3
15769.3
15770.3
15771.6
15772.7
15773.7
15774.3
15774.6
15774.4
15773.8
15772.6
15770.9
15768.7
15765.9
15762.7
15759
15755
15750.8
15746.5
15742.2
15738
15734.2
15730.7
15727.6
15723.1
15695.7
15632.7
15525.2
15360
15118.6
14768.3
14245
13129.7
11672.1
10130.8
8891.92
8254.3
8236.43
8848.64
10048.3
11596.6
13064.9
14202.5
14750.1
15107.1
15352.8
15521
15630.7
15695.1
15723.6
15728.4
15731.4
15734.8
15738.6
15742.7
15746.9
15751.2
15755.4
15759.5
15763.1
15766.4
15769.2
15771.4
15773.1
15774.3
15774.9
15775.1
15774.9
15774.2
15773.3
15772.1
15770.9
15770
15769.9
15772.3
15784.5
15825.9
311.953
472.708
594.805
696.389
779.719
850.279
912.252
968.593
1021.51
1072.66
1123.31
1174.36
1226.42
1279.81
1334.62
1390.67
1447.49
1504.34
1560.12
1613.37
1662.2
1704.19
1736.38
1755.04
1755.69
1732.91
1679.91
1590.41
1477.54
1341.04
1173.01
963.772
705.381
383.565
-0.0127257
47.3478
296.658
649.231
936.885
1042.18
1052.01
955.343
652.387
318.97
56.7816
-0.00446215
368.221
694.757
956.312
1168.3
1338.6
1476.97
1591.34
1682.43
1736.99
1760.94
1761.11
1743.01
1711.17
1669.36
1620.6
1567.32
1511.45
1454.45
1397.45
1341.2
1286.17
1232.55
1180.26
1128.97
1078.07
1026.66
973.479
916.848
854.55
783.616
699.841
597.714
474.979
313.42
-0.000508664
-0.000540773
-0.000574658
-0.000646711
-0.000739985
-0.000848529
-0.000965207
-0.00108478
-0.00120453
-0.00132225
-0.00143228
-0.00152579
-0.00159231
-0.00162914
-0.00164452
-0.00166281
-0.00171122
-0.00181195
-0.00197804
-0.00225602
-0.00276131
-0.00351832
-0.00506201
-0.00784531
-0.0124148
-0.0138243
-0.0117356
-0.00837659
-0.00790248
-0.0083206
0.00694538
0.0202371
0.0182002
0.00185012
-0.0132164
0.0150582
992.684
4279.23
6387.12
6432.06
6443.57
6438.76
4452.03
1109.55
0.0279781
0.00550844
0.0263839
0.0511203
0.060097
0.0231437
-0.0031982
-0.0056349
-0.00430535
-0.00479649
-0.00546842
-0.00446177
-0.00227553
0.00019497
0.0017213
0.00250521
0.00306131
0.00340324
0.00363867
0.00382016
0.00396798
0.00409661
0.00421245
0.00432228
0.00442829
0.0045342
0.00463943
0.00474109
0.00483354
0.00491238
0.00497446
0.00501817
0.00504313
0.00505338
0.00503688
0.00510945
-0.000612746
-0.000620171
-0.00069464
-0.000812565
-0.000959814
-0.00112239
-0.00129102
-0.00146012
-0.00162724
-0.00178966
-0.00194094
-0.0020706
-0.00216839
-0.002232
-0.00227336
-0.00231815
-0.00239634
-0.00252949
-0.00272406
-0.00297418
-0.00340503
-0.00419792
-0.00569551
-0.00780652
-0.00982318
-0.0109041
-0.0107351
-0.00853139
-0.00725302
-0.0078793
-0.00864447
0.0152846
0.0508879
0.0433008
-0.00418617
-0.0471984
484.896
5672.67
7385.76
7419.59
7420.87
7392.52
6093.81
612.841
-0.0371043
0.0129906
0.052758
0.0672824
0.0314347
-0.00256766
-0.00476857
-0.0041609
-0.00421994
-0.00579299
-0.00575172
-0.00410233
-0.00213861
-0.000276901
0.00111337
0.00194205
0.00243024
0.00273488
0.00296956
0.00315852
0.00331995
0.00346531
0.00360309
0.00373891
0.00387661
0.00401861
0.00416432
0.00430983
0.00444992
0.00458023
0.00469782
0.00480035
0.00488522
0.0049496
0.00499061
0.00500698
-0.000550002
-0.000580127
-0.00066068
-0.000792922
-0.00094514
-0.00110933
-0.00127787
-0.00144745
-0.00161685
-0.00178255
-0.00193524
-0.00206068
-0.00214646
-0.00219148
-0.00221118
-0.00223214
-0.00227782
-0.00235801
-0.00248209
-0.00271402
-0.00314996
-0.00401492
-0.00588076
-0.00901442
-0.0132786
-0.0136434
-0.0118929
-0.00978879
-0.00877189
-0.00907175
0.015957
0.0799349
0.365788
0.365713
0.227961
-0.0239349
-0.0490958
961.861
7588.19
7635.87
7637.06
7595.36
1274.01
-0.0620544
-0.0148655
0.165793
0.354567
0.357766
0.228122
0.0637171
-0.000296581
-0.0060421
-0.00597996
-0.00560615
-0.00556442
-0.00496629
-0.00322062
-0.000613967
0.00121367
0.00207144
0.00256616
0.00288944
0.00309571
0.00325124
0.00338579
0.00351218
0.00363709
0.00376483
0.00389868
0.00403961
0.00418498
0.00432976
0.00446888
0.00459876
0.00471697
0.00482124
0.00490888
0.00498108
0.00501882
0.0050371
-0.000563139
-0.000579235
-0.000660287
-0.000783747
-0.00093141
-0.00109188
-0.00125737
-0.00142535
-0.00159483
-0.00176101
-0.00191196
-0.00203115
-0.00210619
-0.00213924
-0.00215024
-0.00216724
-0.00220918
-0.00227663
-0.00236694
-0.00250686
-0.00273157
-0.00339943
-0.00528222
-0.00835437
-0.0113408
-0.0139537
-0.01377
-0.0125264
-0.0123213
-0.00640523
0.0619163
0.0676782
0.0478951
0.0176236
-0.0122908
-0.0123311
-0.0112593
127.755
5076.17
6273.15
6362.15
5442.03
226.018
-0.00200296
-0.00232251
0.00819591
0.0509314
0.14364
0.173797
0.164203
0.0357388
-0.0141572
-0.00922175
-0.00643455
-0.00654104
-0.00425097
-0.0013031
0.000766106
0.00193934
0.00244241
0.00273021
0.00296659
0.00315167
0.00330042
0.00342859
0.00354779
0.00366634
0.00378956
0.00392019
0.00405789
0.00419931
0.00433969
0.00447464
0.00460089
0.00471583
0.00481655
0.00489942
0.0049608
0.00499194
0.00499036
-0.000558108
-0.000586275
-0.000671335
-0.00079422
-0.000940156
-0.00109788
-0.001261
-0.00142804
-0.00159803
-0.00176466
-0.00191348
-0.00202595
-0.00208992
-0.00210992
-0.00210703
-0.00210377
-0.00210187
-0.00207429
-0.00199478
-0.00188389
-0.00180363
-0.00206115
-0.00364736
-0.00633041
-0.00642127
-0.00712742
-0.00686644
-0.00870492
-0.0172049
-0.0241184
-0.021851
-0.0113939
-0.00828763
-0.0105218
-0.00999966
-0.000663215
0.0133589
13.2754
0.0162232
0.07143
0.06928
0.0537348
12.983
-0.00831415
-0.000514489
0.0126455
0.0123833
0.0054637
-0.00834504
-0.0244011
-0.0326727
-0.0265437
0.00772674
0.0151286
0.016985
0.00515221
-0.000579882
0.00164024
0.0026791
0.00303136
0.00312286
0.00320436
0.00328768
0.00337404
0.00346597
0.00356447
0.00367127
0.00378768
0.00391366
0.00404723
0.00418459
0.00432122
0.00445302
0.00457654
0.00468856
0.0047858
0.0048651
0.00492291
0.00495375
0.00495958
-0.000579595
-0.000610479
-0.000696422
-0.000818521
-0.000962969
-0.00111838
-0.00127954
-0.00144595
-0.0016166
-0.00178373
-0.00193065
-0.00203741
-0.00209274
-0.00210368
-0.00209204
-0.00207505
-0.0020432
-0.00195741
-0.00178208
-0.00153727
-0.0012297
-0.00101058
-0.00240586
-0.0035651
-0.00493784
-0.00639216
-0.0107141
-0.0144653
-0.021198
-0.0264722
-0.025924
-0.0231108
-0.0225991
-0.0232447
-0.0192076
-0.00996909
0.145119
0.310514
0.0628475
0.0730399
0.0666201
0.069029
0.0382156
-0.0171272
-0.00386356
0.00801996
0.00504594
-0.00578684
-0.0208467
-0.028297
-0.0238197
-0.00816339
-0.000743406
-0.00333106
0.00876187
0.0030928
-0.000510232
0.0020983
0.00301558
0.00318547
0.0032387
0.00328481
0.00333215
0.00339057
0.00346243
0.0035479
0.00364646
0.00375719
0.00387865
0.00400821
0.00414199
0.00427567
0.00440525
0.00452711
0.00463751
0.00473259
0.00480956
0.00486535
0.00489591
0.00490123
-0.000617625
-0.000649191
-0.000735262
-0.000857201
-0.00100031
-0.00115379
-0.00131344
-0.00147967
-0.00165147
-0.00181984
-0.00196624
-0.00206988
-0.00212099
-0.00212954
-0.00211847
-0.00210131
-0.00206093
-0.0019522
-0.00173541
-0.00142973
-0.00106203
-0.000666537
-0.00168502
-0.00365886
-0.00681805
-0.0126738
-0.0265027
-0.0383771
-0.0435586
-0.0413699
-0.0356364
-0.0286119
-0.0276539
-0.0323088
-0.0418486
-0.0500357
-0.0352655
0.0671924
0.082471
0.0706749
0.0636412
0.048879
0.0248858
0.00364825
0.000616567
-0.000654357
-0.00665311
-0.0157516
-0.0263964
-0.0339506
-0.0364325
-0.0321606
-0.0190745
-0.0088802
-0.00221099
-0.00037018
-0.000354875
0.00194278
0.00296313
0.00313146
0.00320089
0.00324685
0.00328961
0.00334388
0.00341198
0.00349411
0.00358955
0.00369732
0.00381597
0.00394289
0.0040743
0.00420593
0.00433381
0.00445443
0.00456404
0.00465816
0.00473378
0.00478828
0.00481856
0.00482336
-0.000668912
-0.000700244
-0.000786797
-0.000908867
-0.00105092
-0.00120285
-0.00136142
-0.00152801
-0.0017018
-0.00187283
-0.00202114
-0.00212561
-0.00217825
-0.00219211
-0.00219188
-0.0021898
-0.00216619
-0.00207758
-0.00189474
-0.00165036
-0.00143488
-0.00131881
-0.00203704
-0.00540289
-0.0105423
-0.021319
-0.0368156
-0.0517149
-0.0567337
-0.051043
-0.0408092
-0.0315059
-0.0262316
-0.0244215
-0.0256012
-0.025766
-0.0109303
0.0223046
0.050136
0.0555077
0.0465019
0.0312309
0.0166695
0.00294998
-0.00620526
-0.0102927
-0.0130834
-0.0188749
-0.0297579
-0.0430952
-0.0521196
-0.049915
-0.0334827
-0.0158226
-0.00778316
-0.00375512
-0.000881367
0.00155266
0.00255735
0.00285456
0.00300984
0.00310032
0.00317009
0.00324013
0.00331726
0.00340411
0.0035016
0.00361004
0.00372869
0.00385527
0.00398614
0.00411704
0.00424389
0.00436319
0.00447163
0.00456506
0.00463993
0.00469369
0.00472394
0.00472921
-0.000727173
-0.0007584
-0.000845858
-0.000967801
-0.00110885
-0.00125928
-0.00141682
-0.001584
-0.0017604
-0.00193546
-0.00208828
-0.00219784
-0.00225799
-0.00228464
-0.00230467
-0.00233125
-0.00234696
-0.00231599
-0.00222519
-0.00212906
-0.00216021
-0.00251795
-0.00367428
-0.00735012
-0.0150201
-0.0257123
-0.0392812
-0.0542857
-0.0597523
-0.053429
-0.0421021
-0.0317691
-0.026994
-0.0269206
-0.0272472
-0.0227109
-0.00988595
0.00709394
0.0228668
0.0308956
0.0273129
0.0164557
0.00675299
-0.00153486
-0.00748541
-0.0102676
-0.0124199
-0.0191475
-0.0310067
-0.0454546
-0.0564152
-0.055954
-0.0398125
-0.0206308
-0.0103454
-0.00569443
-0.00169261
0.000877306
0.0019469
0.00243634
0.00270612
0.0028706
0.0029888
0.00308904
0.00318481
0.00328288
0.00338716
0.00349985
0.00362118
0.00374932
0.0038809
0.00401191
0.00413839
0.00425684
0.00436405
0.00445658
0.0045309
0.00458434
0.00461479
0.00462081
-0.000790136
-0.000821976
-0.00091001
-0.00103153
-0.00117134
-0.00131992
-0.00147611
-0.00164368
-0.00182287
-0.00200291
-0.0021624
-0.00228053
-0.00235272
-0.0023973
-0.00244378
-0.00250802
-0.00257683
-0.00262327
-0.00264685
-0.00271453
-0.00297732
-0.00364902
-0.00521093
-0.00860944
-0.0148709
-0.0234525
-0.0341348
-0.0454525
-0.0500026
-0.0461363
-0.0374156
-0.0294965
-0.0250947
-0.024388
-0.026506
-0.0255567
-0.0196089
-0.00874891
0.00408121
0.0137748
0.0155726
0.010444
0.00457916
-0.00067391
-0.00505673
-0.00830649
-0.0116676
-0.0174887
-0.0268759
-0.0385724
-0.0472655
-0.0470158
-0.0350775
-0.0201381
-0.0109299
-0.00587489
-0.00206851
0.000213857
0.00135961
0.00198599
0.00235763
0.00259781
0.00276888
0.00290466
0.00302378
0.00313721
0.00325187
0.00337172
0.00349789
0.00362901
0.00376214
0.00389362
0.00401992
0.00413782
0.0042441
0.00433578
0.00440963
0.00446294
0.00449368
0.00450047
-0.000858015
-0.000890933
-0.000979045
-0.00110007
-0.00123836
-0.00138475
-0.00153924
-0.00170687
-0.00188879
-0.00207446
-0.00224237
-0.00237185
-0.00245905
-0.00252373
-0.00259785
-0.00270138
-0.00282641
-0.00295261
-0.00308408
-0.00328386
-0.00369889
-0.00447527
-0.00602212
-0.00874342
-0.0131046
-0.0189372
-0.0258042
-0.0326608
-0.0360888
-0.0351181
-0.0308753
-0.0260827
-0.0228838
-0.0221898
-0.0231731
-0.0231523
-0.0201953
-0.0133364
-0.00355472
0.00525844
0.0103067
0.00957927
0.00589187
0.00191653
-0.00204376
-0.00570286
-0.00947235
-0.0141748
-0.0204086
-0.0272877
-0.0316608
-0.0305632
-0.0238303
-0.015403
-0.00917137
-0.00495478
-0.00200912
-0.0001721
0.000915553
0.00159171
0.00202421
0.00232039
0.00253552
0.00270363
0.00284585
0.00297589
0.0031027
0.00323134
0.00336345
0.00349815
0.00363306
0.00376509
0.00389122
0.00400863
0.00411424
0.00420522
0.00427863
0.00433183
0.00436282
0.00437031
-0.000930565
-0.000964242
-0.00105226
-0.00117259
-0.00130902
-0.00145287
-0.00160518
-0.00177229
-0.0019565
-0.00214797
-0.00232544
-0.00246809
-0.00257172
-0.00265593
-0.00275434
-0.00289118
-0.0030646
-0.00325984
-0.00347955
-0.00377219
-0.00424528
-0.00504336
-0.00637111
-0.00840237
-0.0113133
-0.0150472
-0.0192354
-0.0232632
-0.0257785
-0.0261266
-0.0245732
-0.0222469
-0.0203128
-0.0191796
-0.0187604
-0.0182405
-0.0157822
-0.0106877
-0.00351806
0.00340221
0.00891766
0.0105388
0.00778765
0.00416481
0.000194859
-0.00345567
-0.00684375
-0.0103389
-0.0141654
-0.0176781
-0.0193676
-0.0181409
-0.0145166
-0.0101964
-0.00656772
-0.00378886
-0.00175918
-0.00034024
0.000628705
0.00128758
0.00173716
0.00206419
0.00230823
0.00250064
0.00266236
0.00280783
0.00294663
0.0030841
0.00322212
0.00336024
0.00349669
0.00362909
0.00375494
0.00387179
0.00397676
0.00406709
0.00413999
0.00419298
0.00422413
0.00423221
-0.00100594
-0.00103979
-0.00112756
-0.00124668
-0.00138078
-0.00152158
-0.00167098
-0.00183654
-0.00202195
-0.00221862
-0.00240595
-0.00256278
-0.00268338
-0.00278499
-0.00290226
-0.00306217
-0.00326749
-0.00351321
-0.00379621
-0.00415039
-0.00464494
-0.00537974
-0.00647654
-0.00802243
-0.0100786
-0.012574
-0.0152896
-0.0178543
-0.0196269
-0.020125
-0.0195706
-0.0183778
-0.0170032
-0.015676
-0.0143435
-0.0126456
-0.010043
-0.00601287
-0.000714185
0.0044415
0.0087946
0.011186
0.00888677
0.00553897
0.00186029
-0.00143781
-0.0043451
-0.00703385
-0.00954193
-0.0114852
-0.0122355
-0.0114655
-0.0094079
-0.00697902
-0.00477061
-0.00293881
-0.00148469
-0.000371629
0.000456191
0.00106359
0.00150878
0.00184268
0.00209982
0.00230716
0.00248302
0.00264091
0.00278984
0.00293479
0.00307762
0.00321831
0.00335571
0.00348807
0.00361339
0.00372947
0.00383366
0.00392322
0.0039955
0.00404814
0.00407933
0.0040879
-0.00108167
-0.00111544
-0.00120246
-0.00131969
-0.00145086
-0.00158798
-0.00173351
-0.00189612
-0.00208104
-0.0022814
-0.00247798
-0.00264917
-0.00278728
-0.0029027
-0.00303433
-0.0032062
-0.00343091
-0.0037047
-0.00402301
-0.00440582
-0.00489651
-0.00555083
-0.00644061
-0.00762733
-0.00912946
-0.0108683
-0.0126931
-0.014364
-0.0155415
-0.015952
-0.0156768
-0.0149049
-0.0138094
-0.0124836
-0.010866
-0.00879889
-0.0060627
-0.002478
0.00170862
0.00562599
0.00866798
0.011104
0.00917759
0.00617212
0.00294542
0.000136036
-0.00226178
-0.00436282
-0.00616586
-0.00745728
-0.00797769
-0.00762359
-0.00651022
-0.00506296
-0.00361288
-0.00231197
-0.00121324
-0.000324609
0.000372505
0.000914004
0.00133207
0.00165827
0.00191781
0.00213134
0.00231517
0.00248126
0.00263715
0.00278714
0.00293293
0.00307488
0.00321237
0.00334415
0.00346857
0.0035836
0.00368674
0.00377533
0.00384681
0.00389894
0.00393004
0.00393906
-0.00115624
-0.00118996
-0.00127535
-0.00138988
-0.00151743
-0.0016501
-0.00179074
-0.00194879
-0.00213105
-0.00233248
-0.00253657
-0.00272076
-0.00287411
-0.0030061
-0.003146
-0.00332179
-0.0035502
-0.00383388
-0.0041685
-0.00455944
-0.00503011
-0.00560738
-0.00632511
-0.0072235
-0.00830952
-0.00951463
-0.0107265
-0.011799
-0.0125594
-0.0128458
-0.0126345
-0.0120134
-0.0110572
-0.00979211
-0.00817264
-0.00611312
-0.00351666
-0.000361105
0.00309933
0.006155
0.00840752
0.0101443
0.00883225
0.00622726
0.00356081
0.00125482
-0.000691981
-0.00236019
-0.00374707
-0.00472782
-0.00517448
-0.00505887
-0.00447308
-0.00361479
-0.00266633
-0.00174748
-0.000924322
-0.00022271
0.000356177
0.000826244
0.00120498
0.00151156
0.00176355
0.00197653
0.00216311
0.00233273
0.00249174
0.00264386
0.00279034
0.0029321
0.00306874
0.00319932
0.0033224
0.00343602
0.00353778
0.00362509
0.00369552
0.00374698
0.00377789
0.00378729
-0.00122937
-0.0012629
-0.0013456
-0.00145655
-0.00157955
-0.00170704
-0.00184184
-0.00199376
-0.00217098
-0.00237126
-0.00257963
-0.00277484
-0.00294298
-0.00308828
-0.0032333
-0.00340501
-0.0036222
-0.0038939
-0.00422211
-0.00460441
-0.0050455
-0.00555201
-0.00613178
-0.00680575
-0.00758027
-0.00840594
-0.00919959
-0.00986955
-0.0103226
-0.0104616
-0.01023
-0.00966035
-0.00878657
-0.00761595
-0.00611953
-0.00424584
-0.00194115
0.000776436
0.00366975
0.0061306
0.0078326
0.00880634
0.00815943
0.00587235
0.00379801
0.00196584
0.000406021
-0.000934223
-0.00204493
-0.00284511
-0.00326749
-0.00330496
-0.00300997
-0.00249849
-0.00188087
-0.00124053
-0.000632513
-8.66139e-05
0.000385745
0.000785316
0.00111968
0.00139974
0.00163734
0.00184351
0.00202753
0.00219656
0.00235534
0.00250682
0.00265165
0.00279196
0.0029268
0.00305553
0.00317674
0.0032885
0.00338845
0.00347414
0.00354325
0.00359382
0.00362442
0.00363419
-0.0013012
-0.0013339
-0.00141339
-0.00151929
-0.00163661
-0.00175829
-0.00188684
-0.00203168
-0.00220178
-0.00239736
-0.0026065
-0.00280981
-0.00299164
-0.00315038
-0.00330075
-0.0034649
-0.00366085
-0.00390146
-0.0041969
-0.00454721
-0.00494609
-0.00538566
-0.0058569
-0.00636488
-0.00691583
-0.0074785
-0.00798864
-0.00838238
-0.00861304
-0.00860797
-0.00833035
-0.00777865
-0.00696614
-0.00589893
-0.00456549
-0.00293548
-0.000970166
0.00131523
0.00372457
0.00573873
0.00705651
0.00753622
0.00714204
0.00526405
0.00375292
0.0023396
0.00110397
2.16845e-05
-0.000885314
-0.00155645
-0.00195248
-0.00207478
-0.00195345
-0.00165619
-0.00125445
-0.000807625
-0.000359353
6.2429e-05
0.000442868
0.00077699
0.00106651
0.00131711
0.00153618
0.00173108
0.00190829
0.00207283
0.00222814
0.00237641
0.00251881
0.00265619
0.00278834
0.00291454
0.00303328
0.00314262
0.0032403
0.00332398
0.00339148
0.003441
0.00347115
0.00348129
-0.00137187
-0.00140339
-0.00147812
-0.00157722
-0.00168768
-0.0018032
-0.00192557
-0.00206299
-0.00222435
-0.00241187
-0.00261711
-0.0028238
-0.00301647
-0.00318944
-0.00334997
-0.0035124
-0.00368969
-0.00389401
-0.00414088
-0.00443869
-0.00478093
-0.0051523
-0.00553361
-0.0059167
-0.0063049
-0.00668115
-0.00699665
-0.00720026
-0.00726441
-0.00715037
-0.00682642
-0.00628302
-0.00552601
-0.00456475
-0.0034011
-0.00201775
-0.000380767
0.00150785
0.00349666
0.00515339
0.0061725
0.00633987
0.00596307
0.0045959
0.00353085
0.00246457
0.00149475
0.000623786
-0.000117856
-0.000682195
-0.0010428
-0.00120204
-0.00117858
-0.00101402
-0.000754832
-0.000443315
-0.00011354
0.000210391
0.00051374
0.00078952
0.00103651
0.00125714
0.00145558
0.00163638
0.00180373
0.00196092
0.00211042
0.00225385
0.00239217
0.00252584
0.00265463
0.00277761
0.00289329
0.00299971
0.00309467
0.00317599
0.00324162
0.00328991
0.00331951
0.00333001
-0.00144128
-0.00147114
-0.00153915
-0.00162938
-0.0017317
-0.00184088
-0.00195759
-0.00208797
-0.00223984
-0.00241663
-0.00261305
-0.00281647
-0.00301329
-0.0031966
-0.00336911
-0.0035381
-0.00370879
-0.00388724
-0.00408779
-0.00432567
-0.00460155
-0.00490113
-0.0052014
-0.00548467
-0.00574888
-0.00598608
-0.00616249
-0.00623809
-0.0061865
-0.00599262
-0.00563444
-0.00510311
-0.00440355
-0.00354828
-0.00254694
-0.00139001
-4.39667e-05
0.00150333
0.00313705
0.00450301
0.00527517
0.0052165
0.0047991
0.00396601
0.00321677
0.00242261
0.00166688
0.000972705
0.000372425
-9.61155e-05
-0.000413179
-0.000579969
-0.000607193
-0.000522422
-0.000356717
-0.000140168
0.000101405
0.00034849
0.000588198
0.000813468
0.00102175
0.00121352
0.00139074
0.00155591
0.00171154
0.00185964
0.00200184
0.00213926
0.0022725
0.00240175
0.0025265
0.00264568
0.00275775
0.00286079
0.00295268
0.00303135
0.00309493
0.00314183
0.00317078
0.00318159
-0.00150916
-0.00153661
-0.00159566
-0.00167483
-0.00176769
-0.00187035
-0.00198212
-0.00210646
-0.00224929
-0.00241434
-0.00259875
-0.00279295
-0.00298561
-0.0031704
-0.00334882
-0.00352493
-0.00369784
-0.00386514
-0.00403388
-0.00421942
-0.00442974
-0.00465748
-0.00488219
-0.00508187
-0.00524862
-0.00537868
-0.00545087
-0.0054353
-0.00531128
-0.00506944
-0.00469699
-0.00418808
-0.00354876
-0.00279438
-0.00193877
-0.00097647
0.000127044
0.00139527
0.00273819
0.00387144
0.00443234
0.00421675
0.00384027
0.00337237
0.00286104
0.00227832
0.00169575
0.00115088
0.000672814
0.000291413
2.23739e-05
-0.000134198
-0.000184111
-0.000146267
-4.18146e-05
0.000107903
0.000283833
0.000470991
0.000658922
0.000841406
0.00101551
0.00118057
0.00133714
0.00148635
0.00162947
0.00176764
0.00190177
0.00203253
0.00216012
0.00228437
0.00240454
0.00251941
0.00262743
0.00272671
0.00281524
0.00289107
0.00295244
0.00299786
0.00302609
0.00303702
-0.00157482
-0.0015989
-0.00164686
-0.00171292
-0.00179498
-0.00189074
-0.00199806
-0.0021174
-0.0022523
-0.00240624
-0.00257812
-0.00276061
-0.00294378
-0.00312168
-0.0032961
-0.00347149
-0.00364544
-0.00380956
-0.00396151
-0.0041104
-0.00426649
-0.00442999
-0.00458735
-0.00471786
-0.00480968
-0.00485956
-0.00485617
-0.00477597
-0.00460632
-0.00433994
-0.00396945
-0.00349116
-0.00291104
-0.00224608
-0.00151349
-0.000710711
0.000197475
0.00124342
0.00235092
0.00330115
0.00367735
0.00337813
0.00312363
0.0028503
0.0025076
0.00208083
0.00163903
0.0012201
0.000847104
0.000543792
0.000323045
0.000186014
0.000129439
0.000140444
0.000204581
0.000306958
0.000433996
0.000574699
0.000721047
0.00086794
0.00101258
0.00115372
0.00129107
0.0014249
0.00155564
0.00168375
0.00180961
0.00193341
0.00205498
0.00217382
0.002289
0.00239921
0.00250286
0.00259812
0.00268311
0.00275596
0.00281502
0.00285886
0.00288628
0.00289721
-0.00163724
-0.00165704
-0.00169224
-0.00174357
-0.0018136
-0.00190176
-0.00200459
-0.00211943
-0.0022472
-0.00239093
-0.00255109
-0.0027224
-0.0028955
-0.00306346
-0.00322731
-0.00339293
-0.00356035
-0.00372027
-0.00386359
-0.00399073
-0.00410875
-0.00422195
-0.00432422
-0.00439996
-0.00443647
-0.00442911
-0.00437065
-0.00424705
-0.00404871
-0.00377085
-0.00340982
-0.00296354
-0.00243711
-0.00184742
-0.00121438
-0.000538396
0.000214322
0.00108278
0.00199664
0.00280046
0.00301717
0.00270358
0.00258234
0.00240823
0.00217322
0.00186453
0.00153757
0.00122333
0.000939396
0.000704643
0.000529378
0.000415061
0.000360321
0.000356539
0.000394032
0.000462749
0.000553415
0.000658343
0.000771686
0.000889486
0.00100927
0.00112962
0.00124978
0.00136944
0.00148851
0.00160693
0.00172465
0.00184144
0.00195681
0.00207
0.00217994
0.00228525
0.00238433
0.00247546
0.0025568
0.00262661
0.0026833
0.00272549
0.00275203
0.00276284
-0.00169519
-0.00171012
-0.00173169
-0.00176746
-0.00182456
-0.00190426
-0.00200201
-0.00211222
-0.00223304
-0.00236672
-0.00251542
-0.00267634
-0.00284103
-0.00300075
-0.00315378
-0.00330561
-0.00345965
-0.00360981
-0.00374514
-0.00385924
-0.00395319
-0.00403094
-0.00409144
-0.0041252
-0.00412143
-0.00407444
-0.00397882
-0.00382588
-0.00360921
-0.0033263
-0.00297651
-0.00255953
-0.00207986
-0.00155324
-0.00100073
-0.000425337
0.000202915
0.000927054
0.00167759
0.00235795
0.00243011
0.00217444
0.00213687
0.00202809
0.00186754
0.00165201
0.00141828
0.00118942
0.000979648
0.000803344
0.000668414
0.000576433
0.00052735
0.000515778
0.000535588
0.000580369
0.000644141
0.000721823
0.00080937
0.000903848
0.00100319
0.00110595
0.00121121
0.00131829
0.00142672
0.00153612
0.00164605
0.00175595
0.0018651
0.00197257
0.00207718
0.00217751
0.00227201
0.00235899
0.0024367
0.00250345
0.00255773
0.00259823
0.00262381
0.00263443
-0.00174731
-0.00175713
-0.00176531
-0.00178581
-0.00182969
-0.00190003
-0.00199174
-0.00209684
-0.00221066
-0.00233412
-0.00247064
-0.00262044
-0.00277714
-0.002931
-0.00307648
-0.00321606
-0.00335449
-0.00349008
-0.00361409
-0.00371728
-0.00379541
-0.00384924
-0.0038794
-0.00388127
-0.00384762
-0.00377292
-0.00365276
-0.00348131
-0.00325449
-0.00297167
-0.0026345
-0.00224466
-0.00180679
-0.00133518
-0.000850313
-0.000356443
0.000171496
0.000777545
0.00139114
0.00196149
0.0018963
0.00176403
0.00175587
0.00169874
0.00159797
0.0014571
0.00129754
0.00113727
0.000987784
0.000859435
0.000758252
0.000685984
0.000643649
0.00062825
0.000636341
0.00066424
0.000708416
0.000765749
0.000833589
0.000909825
0.000992786
0.00108113
0.00117383
0.00127004
0.00136904
0.0014702
0.00157282
0.00167612
0.00177923
0.0018811
0.00198047
0.00207594
0.00216596
0.00224888
0.00232302
0.00238676
0.00243863
0.00247739
0.00250199
0.00251234
-0.00179176
-0.00179666
-0.00179303
-0.00179994
-0.00183118
-0.00189133
-0.0019756
-0.00207478
-0.00218174
-0.00229539
-0.00241934
-0.00255639
-0.00270341
-0.00285141
-0.00299191
-0.00312298
-0.00324778
-0.0033674
-0.00347691
-0.0035679
-0.00363331
-0.00367044
-0.00367912
-0.00365754
-0.00360124
-0.00350686
-0.00337105
-0.00318976
-0.00296036
-0.00268333
-0.00236178
-0.00199919
-0.00160068
-0.00117912
-0.000753041
-0.00032643
0.000121444
0.00063249
0.00113947
0.00160988
0.0014576
0.00141699
0.00143774
0.00142358
0.00137057
0.00128726
0.00118529
0.00107854
0.000976072
0.000885339
0.000810838
0.000754695
0.000718655
0.000701596
0.000702074
0.000718375
0.0007487
0.000791312
0.000844572
0.000906982
0.000977209
0.00105405
0.00113644
0.00122346
0.00131426
0.00140806
0.001504
0.00160117
0.0016986
0.00179517
0.00188959
0.00198045
0.0020662
0.00214524
0.00221593
0.00227671
0.00232619
0.00236321
0.00238678
0.0023968
-0.0018261
-0.00182669
-0.0018143
-0.00181088
-0.00183107
-0.00188045
-0.00195547
-0.00204724
-0.00214732
-0.00225239
-0.0023648
-0.00248862
-0.00262388
-0.00276404
-0.00289972
-0.00302508
-0.00313989
-0.00324543
-0.00333984
-0.00341732
-0.00347076
-0.00349532
-0.00348916
-0.00345108
-0.00337919
-0.00327185
-0.00312726
-0.00294298
-0.00271743
-0.00245154
-0.00214904
-0.00181443
-0.0014532
-0.00107704
-0.000701831
-0.000330351
5.55078e-05
0.000490803
0.000926564
0.0012762
0.00115954
0.00114677
0.001191
0.00120403
0.00118482
0.00114347
0.00108522
0.00101865
0.000951082
0.000888266
0.000833722
0.000790035
0.000759376
0.000742016
0.00073793
0.000746743
0.0007678
0.000800278
0.000843209
0.000895527
0.000956158
0.00102405
0.00109817
0.00117759
0.00126143
0.0013488
0.00143881
0.00153048
0.00162277
0.00171452
0.00180441
0.001891
0.00197277
0.00204813
0.00211551
0.00217341
0.00222052
0.00225578
0.00227829
0.00228794
-0.00184734
-0.00184468
-0.00182796
-0.00181897
-0.00183093
-0.00186961
-0.00193339
-0.00201542
-0.00210766
-0.00220519
-0.00230824
-0.00242035
-0.00254344
-0.00267391
-0.00280347
-0.00292418
-0.0030323
-0.00312741
-0.00320888
-0.00327349
-0.00331577
-0.0033305
-0.00331457
-0.00326649
-0.00318545
-0.00307124
-0.00292354
-0.00274145
-0.00252427
-0.00227304
-0.00199143
-0.00168414
-0.00135675
-0.00101991
-0.000686853
-0.000359183
-1.93636e-05
0.000354855
0.000764758
0.000984308
0.000952355
0.000965199
0.00101099
0.00103153
0.00103376
0.00102214
0.000995446
0.000957508
0.000914611
0.000871697
0.000831837
0.000797647
0.000771508
0.00075497
0.000748794
0.000753408
0.000768855
0.000794861
0.00083088
0.000876139
0.000929768
0.000990863
0.0010585
0.00113178
0.00120985
0.00129181
0.00137675
0.00146367
0.00155149
0.00163899
0.00172484
0.00180756
0.00188565
0.00195755
0.00202173
0.00207682
0.00212159
0.00215508
0.00217651
0.00218573
-0.0018525
-0.00184813
-0.00183244
-0.00182363
-0.00183138
-0.00186063
-0.00191184
-0.00198145
-0.00206363
-0.00215326
-0.0022486
-0.00235137
-0.00246368
-0.00258404
-0.00270625
-0.00282218
-0.00292575
-0.00301419
-0.00308647
-0.00314087
-0.00317389
-0.00318117
-0.00315928
-0.00310628
-0.00302156
-0.00290562
-0.00275923
-0.00258273
-0.00237621
-0.0021408
-0.00187973
-0.00159737
-0.00129898
-0.000994289
-0.000694356
-0.000400347
-9.52031e-05
0.000236834
0.000596635
0.000771854
0.000808703
0.000833807
0.000870876
0.000891349
0.000907899
0.00091662
0.000911215
0.000892728
0.000866722
0.000837741
0.000808515
0.000781715
0.000760063
0.000745513
0.000739333
0.000742379
0.000755069
0.000777427
0.000809164
0.00084973
0.000898429
0.000954516
0.00101721
0.00108569
0.00115915
0.00123674
0.00131755
0.00140055
0.00148462
0.00156849
0.00165079
0.00173004
0.00180472
0.00187334
0.00193446
0.0019868
0.00202926
0.00206099
0.00208132
0.00209009
-0.00183943
-0.00183523
-0.00182593
-0.00182312
-0.0018315
-0.00185419
-0.00189326
-0.00194874
-0.00201822
-0.002098
-0.00218542
-0.00228015
-0.00238318
-0.00249388
-0.00260793
-0.00271826
-0.00281789
-0.00290218
-0.00296886
-0.00301647
-0.0030429
-0.00304509
-0.00301996
-0.00296545
-0.00288085
-0.00276681
-0.00262463
-0.00245547
-0.00226014
-0.00203994
-0.00179768
-0.00153711
-0.0012629
-0.000983868
-0.00070946
-0.000441487
-0.000168706
0.000128198
0.000452394
0.000620741
0.000691291
0.000721034
0.000748713
0.000770149
0.000797141
0.000819326
0.000827535
0.000821846
0.000807273
0.000788177
0.000767131
0.000746811
0.000729781
0.000718324
0.000713828
0.000717312
0.000729355
0.000750141
0.000779545
0.000817208
0.000862615
0.000915183
0.000974277
0.0010392
0.00110922
0.00118349
0.00126112
0.00134104
0.00142207
0.00150289
0.00158209
0.0016582
0.00172973
0.00179524
0.00185342
0.00190309
0.00194328
0.00197327
0.00199249
0.00200079
-0.00180758
-0.0018055
-0.00180672
-0.00181462
-0.00182844
-0.00184888
-0.00187867
-0.00192075
-0.00197625
-0.002044
-0.00212171
-0.00220779
-0.00230173
-0.00240267
-0.00250751
-0.00261056
-0.00270517
-0.00278571
-0.00284864
-0.00289203
-0.00291426
-0.00291326
-0.00288669
-0.00283264
-0.00275029
-0.00264019
-0.00250378
-0.00234266
-0.00215824
-0.00195208
-0.00172672
-0.00148532
-0.00123189
-0.000974281
-0.000720276
-0.000470912
-0.00023195
4.03562e-05
0.000326051
0.000498271
0.000580902
0.00061117
0.00063486
0.000659808
0.00069393
0.000724044
0.000740542
0.000743249
0.000736789
0.000725305
0.000711178
0.000696951
0.000685079
0.000677573
0.000675959
0.000681268
0.000694114
0.000714774
0.000743256
0.000779378
0.000822812
0.000873143
0.000929875
0.000992422
0.00106009
0.00113207
0.00120742
0.00128503
0.00136366
0.00144194
0.00151845
0.00159171
0.0016603
0.00172287
0.00177822
0.00182531
0.00186332
0.00189162
0.00190975
0.00191757
-0.00175853
-0.00176011
-0.00177374
-0.00179467
-0.00181754
-0.00184057
-0.00186611
-0.00189861
-0.00194184
-0.00199719
-0.00206374
-0.00213969
-0.00222346
-0.00231358
-0.00240751
-0.00250082
-0.00258777
-0.00266271
-0.00272134
-0.00276106
-0.00278007
-0.00277686
-0.00274966
-0.00269692
-0.00261779
-0.00251264
-0.0023828
-0.0022301
-0.00205632
-0.00186335
-0.00165369
-0.00143008
-0.00119597
-0.000958433
-0.000723996
-0.000497679
-0.000274049
-3.24111e-05
0.000217431
0.000385849
0.000468358
0.000498604
0.000524056
0.000554036
0.000592639
0.000626938
0.000648526
0.000657136
0.00065702
0.000652017
0.000644318
0.000636189
0.000629904
0.000626736
0.000628713
0.000636677
0.000651231
0.000672732
0.000701322
0.000736983
0.000779567
0.000828806
0.000884319
0.00094559
0.00101195
0.00108256
0.00115644
0.00123241
0.00130917
0.00138534
0.00145946
0.00153012
0.00159596
0.00165575
0.00170841
0.00175305
0.00178897
0.00181567
0.00183275
0.0018401
-0.00169591
-0.00170193
-0.00172704
-0.00176034
-0.00179358
-0.00182314
-0.00185025
-0.0018793
-0.00191517
-0.00196096
-0.00201724
-0.00208275
-0.0021556
-0.00223389
-0.00231529
-0.00239635
-0.00247249
-0.00253868
-0.00259066
-0.00262521
-0.0026403
-0.00263452
-0.00260653
-0.00255506
-0.00247932
-0.00237949
-0.00225674
-0.00211285
-0.00194984
-0.00176987
-0.00157551
-0.00136931
-0.00115434
-0.000936994
-0.000721206
-0.000515707
-0.000313805
-0.0001003
0.000117161
0.000272949
0.000348856
0.000380106
0.000411074
0.000447538
0.000489877
0.000526563
0.000551736
0.000565176
0.000570663
0.000571656
0.000570039
0.000567773
0.00056677
0.000568457
0.00057441
0.000585449
0.000602239
0.000625241
0.000654733
0.000690848
0.000733579
0.000782771
0.000838106
0.000899093
0.000965047
0.00103508
0.00110814
0.001183
0.00125831
0.00133267
0.00140466
0.00147292
0.00153619
0.00159336
0.0016435
0.00168584
0.00171981
0.001745
0.00176109
0.00176797
-0.00162487
-0.00163508
-0.00166821
-0.00171036
-0.00175261
-0.00179046
-0.00182388
-0.00185603
-0.00189129
-0.00193314
-0.00198303
-0.0020404
-0.00210359
-0.0021706
-0.00223929
-0.002307
-0.00237023
-0.00242482
-0.00246757
-0.00249459
-0.00250397
-0.00249432
-0.00246455
-0.00241362
-0.00234084
-0.00224626
-0.00213078
-0.00199606
-0.00184414
-0.00167731
-0.0014982
-0.00130931
-0.00111349
-0.000917175
-0.000719369
-0.000535614
-0.000357285
-0.000171621
1.61992e-05
0.000152112
0.000218555
0.000253612
0.000293374
0.000338294
0.000385066
0.000423882
0.000452121
0.000470022
0.000480752
0.000487352
0.000491457
0.000494724
0.000498803
0.000505179
0.000514987
0.000529213
0.000548548
0.000573548
0.000604614
0.000641992
0.000685765
0.000735834
0.000791893
0.000853426
0.000919698
0.000989761
0.00106248
0.0011366
0.00121073
0.0012835
0.00135354
0.00141957
0.00148044
0.00153518
0.00158298
0.0016232
0.00165537
0.00167917
0.00169433
0.00170076
-0.0015508
-0.00156401
-0.00160021
-0.00164594
-0.00169357
-0.00173888
-0.00178082
-0.00182087
-0.00186179
-0.0019062
-0.00195547
-0.00200938
-0.00206657
-0.0021252
-0.00218337
-0.00223903
-0.00228972
-0.00233264
-0.00236401
-0.00238181
-0.00238393
-0.00236908
-0.00233633
-0.00228491
-0.00221426
-0.00212436
-0.00201593
-0.00189036
-0.00174955
-0.00159576
-0.00143159
-0.00125941
-0.00108165
-0.000903856
-0.000729061
-0.000564745
-0.000410143
-0.000252529
-9.53586e-05
2.13828e-05
7.88169e-05
0.000121209
0.000172202
0.000227554
0.000279996
0.000321121
0.00035234
0.000374548
0.00039015
0.000401848
0.000411089
0.00041935
0.000428099
0.000438639
0.000452109
0.000469513
0.000491616
0.000519046
0.000552285
0.000591639
0.000637223
0.00068893
0.000746421
0.000809116
0.000876211
0.00094669
0.00101937
0.00109294
0.00116606
0.00123737
0.00130558
0.00136953
0.00142818
0.00148067
0.00152632
0.00156461
0.00159515
0.00161767
0.00163198
0.00163794
-0.00147804
-0.00149245
-0.00152673
-0.00157059
-0.00161895
-0.00166878
-0.0017186
-0.00176829
-0.00181864
-0.00187066
-0.00192481
-0.00198062
-0.0020368
-0.00209166
-0.00214349
-0.00219068
-0.00223146
-0.00226383
-0.00228544
-0.00229441
-0.00228918
-0.00226872
-0.00223238
-0.00217969
-0.00211033
-0.00202432
-0.00192224
-0.00180525
-0.00167501
-0.00153358
-0.00138342
-0.0012267
-0.00106561
-0.00090546
-0.000749386
-0.000603603
-0.000471319
-0.000339692
-0.000204765
-0.000110352
-6.12587e-05
-8.8995e-06
5.40329e-05
0.000119565
0.000177976
0.000221265
0.000255269
0.000281333
0.000301134
0.000317159
0.000330765
0.000343272
0.000356047
0.000370367
0.000387302
0.000407912
0.00043301
0.000463274
0.00049921
0.000541128
0.000589113
0.000643008
0.000702398
0.000766626
0.000834811
0.00090588
0.000978617
0.00105172
0.00112387
0.00119379
0.00126027
0.00132226
0.00137884
0.00142928
0.00147299
0.00150952
0.00153859
0.00155996
0.00157346
0.00157897
-0.0014088
-0.00142249
-0.00145116
-0.001489
-0.00153393
-0.00158453
-0.00163945
-0.00169749
-0.00175772
-0.0018194
-0.00188169
-0.00194344
-0.00200306
-0.00205884
-0.00210913
-0.00215262
-0.00218791
-0.00221364
-0.00222837
-0.00223077
-0.00221979
-0.00219476
-0.00215536
-0.00210145
-0.00203302
-0.00195024
-0.00185367
-0.0017443
-0.00162354
-0.00149317
-0.00135548
-0.00121232
-0.00106512
-0.000920759
-0.000779405
-0.000648241
-0.000533267
-0.000423689
-0.000308164
-0.00022944
-0.000187488
-0.000129555
-5.2584e-05
2.09697e-05
8.30077e-05
0.000127358
0.000163293
0.000192268
0.000215282
0.000234692
0.000251817
0.000267866
0.000284147
0.000301891
0.000322156
0.000346042
0.000374371
0.000407816
0.000446856
0.000491749
0.000542508
0.000598888
0.000660387
0.000726265
0.000795578
0.000867218
0.000939963
0.00101254
0.0010837
0.00115224
0.00121705
0.0012772
0.00133187
0.00138043
0.00142237
0.00145734
0.00148508
0.0015054
0.00151816
0.00152321
-0.0013428
-0.00135427
-0.00137566
-0.00140561
-0.00144463
-0.00149283
-0.00154936
-0.00161253
-0.00168029
-0.00175052
-0.00182119
-0.00189027
-0.00195573
-0.00201557
-0.00206805
-0.00211222
-0.00214652
-0.00217001
-0.00218179
-0.00218106
-0.0021672
-0.00213988
-0.0020991
-0.00204503
-0.00197793
-0.00189824
-0.00180658
-0.00170389
-0.00159141
-0.00147061
-0.0013436
-0.00121207
-0.00107626
-0.000944285
-0.000814219
-0.000692455
-0.000586098
-0.000489406
-0.000389368
-0.000315881
-0.000277874
-0.000218846
-0.000135171
-6.20271e-05
-2.04762e-06
4.13144e-05
7.77557e-05
0.000108376
0.000133518
0.0001554
0.000175294
0.000194302
0.000213701
0.000234673
0.000258281
0.00028554
0.000317295
0.000354162
0.000396543
0.000444603
0.000498256
0.000557157
0.000620719
0.000688133
0.000758414
0.000830446
0.000903032
0.000974955
0.00104503
0.00111216
0.00117535
0.00123375
0.00128665
0.0013335
0.00137386
0.00140742
0.00143396
0.00145333
0.00146539
0.00146998
-0.00127787
-0.0012863
-0.00130086
-0.0013234
-0.00135618
-0.00140037
-0.00145565
-0.00152034
-0.00159189
-0.00166744
-0.00174414
-0.0018193
-0.00189041
-0.00195514
-0.00201113
-0.00205904
-0.00209553
-0.00212026
-0.00213268
-0.00213226
-0.00211869
-0.00209188
-0.00205203
-0.00199953
-0.00193491
-0.00185882
-0.00177203
-0.0016755
-0.00157039
-0.0014579
-0.00133991
-0.00121745
-0.00109332
-0.000970408
-0.000849013
-0.000732883
-0.000627532
-0.000532188
-0.000439121
-0.000362538
-0.00032175
-0.000271287
-0.000192724
-0.000130532
-7.77029e-05
-3.68313e-05
-1.08689e-06
3.0055e-05
5.64509e-05
8.01122e-05
0.000102241
0.000123832
0.000146127
0.000170244
0.000197207
0.000227939
0.000263222
0.000303585
0.000349325
0.000400497
0.000456909
0.000518122
0.000583477
0.000652122
0.000723059
0.000795189
0.000867365
0.000938442
0.00100732
0.00107301
0.00113459
0.00119132
0.00124257
0.00128785
0.00132677
0.00135906
0.00138452
0.00140301
0.00141441
0.00141854
-0.00121103
-0.00121639
-0.0012261
-0.00124353
-0.00127159
-0.00131192
-0.00136453
-0.00142795
-0.00149969
-0.00157669
-0.00165582
-0.00173407
-0.00180874
-0.00187749
-0.00193878
-0.0019887
-0.0020282
-0.00205594
-0.00207121
-0.00207358
-0.00206283
-0.00203896
-0.00200227
-0.00195327
-0.00189263
-0.00182115
-0.00173973
-0.00164941
-0.00155133
-0.00144658
-0.00133686
-0.00122278
-0.00110802
-0.000993618
-0.000880364
-0.000770116
-0.000666346
-0.000570286
-0.000478488
-0.000400544
-0.00035458
-0.000305128
-0.000245462
-0.000192918
-0.000146731
-0.000108171
-7.35003e-05
-4.24588e-05
-1.52841e-05
9.77141e-06
3.38325e-05
5.78211e-05
8.29068e-05
0.000110117
0.000140398
0.000174578
0.000213322
0.000257045
0.000305927
0.000359914
0.000418716
0.000481822
0.000548524
0.000617955
0.000689131
0.000760994
0.000832462
0.000902472
0.00097002
0.00103419
0.00109418
0.0011493
0.001199
0.00124282
0.00128042
0.00131155
0.00133602
0.0013537
0.00136447
0.00136815
-0.00113977
-0.00114269
-0.00115021
-0.00116559
-0.00119151
-0.00122944
-0.00127943
-0.00134027
-0.00140971
-0.00148497
-0.00156303
-0.00164095
-0.00171602
-0.00178589
-0.00184838
-0.00190128
-0.00194371
-0.0019747
-0.00199354
-0.00199978
-0.00199319
-0.00197381
-0.00194188
-0.00189793
-0.00184263
-0.00177686
-0.00170161
-0.00161796
-0.00152709
-0.00143005
-0.00132844
-0.00122221
-0.00111615
-0.0010102
-0.000905456
-0.000803308
-0.000706008
-0.000615715
-0.000531443
-0.00045648
-0.000404971
-0.000353245
-0.000301115
-0.000253317
-0.000210531
-0.000173233
-0.000139432
-0.000108634
-8.08035e-05
-5.45018e-05
-2.86453e-05
-2.35666e-06
2.54336e-05
5.56362e-05
8.90983e-05
0.000126522
0.000168449
0.000215165
0.000266743
0.000323032
0.000383668
0.000448089
0.00051557
0.000585254
0.000656191
0.000727382
0.000797822
0.000866533
0.000932596
0.000995183
0.00105356
0.00110711
0.00115531
0.00119776
0.00123414
0.00126419
0.00128774
0.00130466
0.00131484
0.00131808
-0.00106303
-0.00106445
-0.00107231
-0.00108854
-0.00111496
-0.00115245
-0.00120085
-0.00125904
-0.00132515
-0.00139679
-0.00147135
-0.0015462
-0.00161879
-0.00168724
-0.00174901
-0.00180245
-0.0018463
-0.00187952
-0.00190136
-0.00191132
-0.00190911
-0.00189468
-0.00186822
-0.00183014
-0.00178109
-0.00172189
-0.00165354
-0.00157714
-0.00149386
-0.00140482
-0.00131159
-0.00121274
-0.00111543
-0.00101795
-0.000921648
-0.000827913
-0.000738549
-0.000655417
-0.000578609
-0.000509761
-0.000454134
-0.000402031
-0.000352905
-0.000307919
-0.00026726
-0.000231056
-0.00019801
-0.000167429
-0.000138961
-0.000111454
-8.38729e-05
-5.53922e-05
-2.50665e-05
7.9009e-06
4.42296e-05
8.44972e-05
0.0001291
0.000178233
0.000231871
0.000289787
0.000351566
0.000416626
0.000484247
0.000553604
0.0006238
0.000693905
0.00076299
0.000830161
0.00089458
0.000955489
0.00101222
0.0010642
0.00111094
0.00115207
0.00118727
0.0012163
0.00123899
0.00125519
0.00126481
0.00126763
-0.000981516
-0.000982447
-0.000992419
-0.00101148
-0.00104032
-0.00107904
-0.00112708
-0.00118332
-0.00124614
-0.00131359
-0.00138356
-0.00145388
-0.00152256
-0.0015872
-0.00164635
-0.00169835
-0.00174188
-0.00177587
-0.00179955
-0.00181234
-0.00181389
-0.00180407
-0.00178297
-0.00175089
-0.00170836
-0.00165613
-0.00159509
-0.0015263
-0.00145089
-0.00137003
-0.00128541
-0.00119416
-0.00110566
-0.00101658
-0.000928545
-0.000842928
-0.000761209
-0.000684609
-0.000613714
-0.000549745
-0.000494147
-0.000443501
-0.000397101
-0.000354565
-0.000315718
-0.000280552
-0.000248102
-0.00021761
-0.000188526
-0.000159862
-0.000130686
-0.000100228
-6.76715e-05
-3.23621e-05
6.32088e-06
4.88298e-05
9.54399e-05
0.000146254
0.000201179
0.000259939
0.000322097
0.000387072
0.000454172
0.000522616
0.000591569
0.000660175
0.000727582
0.000792971
0.000855574
0.000914694
0.000969712
0.00102009
0.00106538
0.0011052
0.00113925
0.00116729
0.00118913
0.00120465
0.00121374
0.00121617
-0.000897473
-0.000898744
-0.000911625
-0.000934265
-0.0009663
-0.00100706
-0.00105557
-0.00111058
-0.00117065
-0.00123418
-0.00129948
-0.00136482
-0.00142848
-0.00148878
-0.00154425
-0.00159353
-0.00163542
-0.00166892
-0.00169324
-0.00170778
-0.00171216
-0.00170619
-0.00168986
-0.00166337
-0.00162713
-0.00158175
-0.00152802
-0.00146686
-0.00139931
-0.00132638
-0.00124925
-0.00116873
-0.00108778
-0.0010067
-0.00092661
-0.000848672
-0.000774152
-0.000703994
-0.000638833
-0.000579369
-0.000525966
-0.000477405
-0.000433093
-0.00039238
-0.000355031
-0.00032075
-0.000288706
-0.000258152
-0.000228465
-0.000198781
-0.000168265
-0.000136206
-0.0001019
-6.48282e-05
-2.44663e-05
1.95305e-05
6.73393e-05
0.000118999
0.000174369
0.000233149
0.000294901
0.000359067
0.000424993
0.000491955
0.000559185
0.000625896
0.000691307
0.000754667
0.00081527
0.000872468
0.000925681
0.000974399
0.00101819
0.00105668
0.00108957
0.00111662
0.00113764
0.00115248
0.00116108
0.00116316
-0.000814042
-0.000816174
-0.000831824
-0.000857648
-0.000892475
-0.000935059
-0.00098407
-0.00103815
-0.00109594
-0.00115605
-0.00121711
-0.00127775
-0.00133662
-0.00139242
-0.00144391
-0.00148997
-0.00152954
-0.00156176
-0.00158587
-0.00160132
-0.00160768
-0.00160474
-0.00159242
-0.00157086
-0.00154035
-0.00150137
-0.00145458
-0.00140077
-0.00134084
-0.00127575
-0.00120659
-0.00113481
-0.00106182
-0.0009885
-0.000915932
-0.000845162
-0.000777211
-0.000712922
-0.000652953
-0.000597664
-0.000547233
-0.000501082
-0.000458805
-0.000419936
-0.00038396
-0.000350507
-0.000318855
-0.000288279
-0.000258161
-0.000227735
-0.000196277
-0.000163143
-0.000127709
-8.9594e-05
-4.83287e-05
-3.69028e-06
4.44527e-05
9.60861e-05
0.000151045
0.000209028
0.000269615
0.000332281
0.000396421
0.00046137
0.000526423
0.000590861
0.000653968
0.000715051
0.000773456
0.000828576
0.000879861
0.000926823
0.000969039
0.00100615
0.00103784
0.00106388
0.00108407
0.00109826
0.00110638
0.00110815
-0.000734448
-0.000737636
-0.000755228
-0.00078301
-0.000819339
-0.000862649
-0.000911416
-0.000964213
-0.00101972
-0.0010767
-0.00113398
-0.00119045
-0.00124503
-0.00129668
-0.00134442
-0.00138731
-0.00142447
-0.00145514
-0.00147865
-0.00149447
-0.00150223
-0.00150166
-0.00149269
-0.00147536
-0.00144991
-0.00141671
-0.00137628
-0.00132931
-0.00127655
-0.00121889
-0.00115731
-0.00109336
-0.00102792
-0.000961923
-0.000896383
-0.000832254
-0.000770382
-0.00071149
-0.000656129
-0.000604694
-0.000557297
-0.000513725
-0.000473622
-0.000436459
-0.000401797
-0.000369181
-0.00033801
-0.000307615
-0.000277391
-0.000246668
-0.000214817
-0.000181292
-0.000145674
-0.000107118
-6.57623e-05
-2.13321e-05
2.62764e-05
7.70323e-05
0.000130766
0.00018719
0.00024591
0.000306445
0.000368241
0.000430689
0.000493148
0.000554959
0.000615463
0.000674019
0.000730014
0.000782879
0.000832088
0.000877171
0.000917714
0.000953356
0.000983797
0.00100878
0.00102812
0.00104165
0.00104931
0.00105083
-0.000661288
-0.000665456
-0.000683814
-0.000711923
-0.000748003
-0.000790419
-0.000837627
-0.000888216
-0.000940926
-0.000994629
-0.00104827
-0.0011009
-0.00115163
-0.0011996
-0.00124399
-0.00128402
-0.00131895
-0.00134813
-0.00137096
-0.00138696
-0.00139578
-0.00139717
-0.00139101
-0.00137735
-0.00135633
-0.00132825
-0.00129355
-0.00125278
-0.0012066
-0.00115577
-0.0011012
-0.00104436
-0.000985877
-0.00092663
-0.000867547
-0.000809498
-0.000753219
-0.000699341
-0.000648422
-0.000600752
-0.000556396
-0.000515293
-0.000477236
-0.000441761
-0.000408421
-0.000376798
-0.000346349
-0.000316465
-0.000286573
-0.000256083
-0.000224444
-0.000191162
-0.000155812
-0.000117947
-7.74022e-05
-3.40295e-05
1.22265e-05
6.13214e-05
0.000113093
0.000167275
0.000223508
0.000281354
0.00034031
0.000399824
0.00045931
0.000518163
0.000575776
0.000631553
0.000684921
0.000735337
0.000782301
0.000825357
0.000864099
0.000898172
0.000927273
0.000951148
0.000969596
0.000982465
0.000989684
0.000990981
-0.000596083
-0.000600971
-0.000618882
-0.000645688
-0.000679736
-0.000719527
-0.000763648
-0.000810807
-0.000859839
-0.000909679
-0.000959414
-0.00100819
-0.00105522
-0.00109975
-0.00114108
-0.00117854
-0.00121147
-0.0012393
-0.0012615
-0.00127763
-0.00128734
-0.00129041
-0.00128671
-0.00127625
-0.00125914
-0.00123561
-0.00120602
-0.00117082
-0.00113058
-0.00108598
-0.00103777
-0.00098737
-0.000935228
-0.000882151
-0.00082898
-0.00077649
-0.00072534
-0.000676133
-0.000629328
-0.000585203
-0.000543914
-0.000505428
-0.000469535
-0.000435904
-0.000404148
-0.000373828
-0.000344477
-0.000315554
-0.000286533
-0.000256883
-0.000226114
-0.000193786
-0.000159545
-0.000123032
-8.40569e-05
-4.24947e-05
1.68726e-06
4.84403e-05
9.76163e-05
0.000148974
0.000202191
0.000256871
0.000312561
0.000368759
0.000424931
0.000480522
0.000534971
0.000587722
0.000638236
0.000686
0.000730534
0.000771397
0.000808192
0.000840571
0.000868231
0.000890919
0.000908431
0.000920615
0.000927404
0.000928527
-0.000539115
-0.000544382
-0.000560822
-0.00058499
-0.000615527
-0.000651204
-0.000690859
-0.000733352
-0.000777649
-0.000822854
-0.000868129
-0.000912702
-0.000955855
-0.000996908
-0.00103522
-0.00107017
-0.00110117
-0.00112771
-0.00114927
-0.00116546
-0.00117594
-0.00118048
-0.00117895
-0.00117132
-0.00115768
-0.0011382
-0.00111317
-0.00108298
-0.00104812
-0.00100915
-0.000966729
-0.000922174
-0.000875833
-0.000828426
-0.000780719
-0.000733401
-0.000687075
-0.000642278
-0.000599462
-0.000558908
-0.000520725
-0.000484939
-0.000451445
-0.000419926
-0.000390039
-0.000361394
-0.000333571
-0.000306096
-0.00027849
-0.000250278
-0.000221016
-0.000190308
-0.00015785
-0.000123333
-8.65668e-05
-4.74432e-05
-5.93289e-06
3.79195e-05
8.39802e-05
0.000132037
0.000181802
0.000232921
0.000284985
0.00033754
0.000390098
0.00044215
0.000493176
0.000542661
0.000590097
0.000634998
0.000676906
0.000715398
0.000750088
0.000780633
0.000806738
0.00082815
0.000844667
0.000856138
0.0008625
0.000863486
-0.000489546
-0.000494843
-0.000509108
-0.00052976
-0.000555802
-0.000586398
-0.000620523
-0.000657339
-0.000696041
-0.000735846
-0.000776025
-0.000815886
-0.00085477
-0.000892047
-0.000927115
-0.000959393
-0.000988337
-0.00101344
-0.00103423
-0.00105031
-0.00106135
-0.00106712
-0.00106746
-0.00106233
-0.00105176
-0.00103589
-0.00101496
-0.000989285
-0.000959287
-0.000925448
-0.00088833
-0.000849148
-0.000808166
-0.000766041
-0.000723459
-0.000681042
-0.00063934
-0.000598861
-0.000560007
-0.000523041
-0.000488111
-0.000455256
-0.000424381
-0.000395253
-0.000367577
-0.000341
-0.000315137
-0.000289579
-0.00026389
-0.000237647
-0.000210446
-0.000181918
-0.000151777
-0.000119774
-8.573e-05
-4.95383e-05
-1.11658e-05
2.93483e-05
7.189e-05
0.000116273
0.000162243
0.000209483
0.000257627
0.000306262
0.000354944
0.000403208
0.000450574
0.000496563
0.0005407
0.000582528
0.000621612
0.000657547
0.000689963
0.000718527
0.000742952
0.00076299
0.000778444
0.000789164
0.000795095
0.000795973
-0.000445707
-0.000450733
-0.000462476
-0.000479259
-0.000500442
-0.000525339
-0.000553418
-0.00058405
-0.000616608
-0.000650473
-0.000685038
-0.000719703
-0.000753878
-0.000786981
-0.000818444
-0.000847722
-0.000874294
-0.000897667
-0.000917391
-0.000933071
-0.000944372
-0.00095104
-0.000952912
-0.000949905
-0.000942022
-0.000929358
-0.000912096
-0.000890504
-0.000864938
-0.000835809
-0.00080359
-0.000769393
-0.000733436
-0.000696304
-0.000658609
-0.000620915
-0.000583729
-0.00054751
-0.000512643
-0.000479376
-0.000447849
-0.000418121
-0.000390136
-0.000363697
-0.000338553
-0.000314391
-0.000290865
-0.000267615
-0.000244251
-0.00022039
-0.00019568
-0.000169819
-0.000142348
-0.000113234
-8.22806e-05
-4.93744e-05
-1.4476e-05
2.23842e-05
6.11132e-05
0.000101548
0.000143464
0.00018658
0.000230567
0.000275053
0.000319637
0.000363893
0.000407381
0.000449658
0.000490285
0.000528834
0.000564896
0.000598089
0.000628059
0.000654489
0.000677102
0.000695662
0.000709977
0.000719901
0.000725388
0.000726179
-0.000405471
-0.000410016
-0.000419183
-0.000432061
-0.000448355
-0.000467712
-0.000489785
-0.000514183
-0.000540477
-0.000568216
-0.000596922
-0.000626099
-0.000655239
-0.000683821
-0.000711322
-0.000737233
-0.00076106
-0.00078233
-0.000800604
-0.000815493
-0.000826661
-0.00083384
-0.000836842
-0.000835554
-0.00082995
-0.00082008
-0.000806083
-0.000788173
-0.000766645
-0.000741856
-0.000714196
-0.000684672
-0.000653468
-0.000621103
-0.000588121
-0.000555032
-0.000522296
-0.000490334
-0.000459497
-0.000430017
-0.000402037
-0.000375621
-0.000350729
-0.000327207
-0.000304841
-0.000283356
-0.000262445
-0.000241781
-0.000221023
-0.00019982
-0.000177847
-0.000154812
-0.000130391
-0.000104452
-7.68413e-05
-4.74547e-05
-1.62492e-05
1.67533e-05
5.14734e-05
8.77707e-05
0.000125448
0.000164258
0.000203905
0.000244059
0.000284357
0.000324412
0.000363827
0.000402195
0.000439113
0.000474187
0.000507035
0.000537302
0.000564655
0.000588798
0.000609467
0.00062644
0.000639534
0.000648611
0.000653635
0.000654351
-0.000366613
-0.000370511
-0.000377267
-0.000386617
-0.000398493
-0.000412767
-0.00042928
-0.000447825
-0.000468152
-0.000489959
-0.000512897
-0.000536581
-0.00056059
-0.000584479
-0.000607786
-0.000630047
-0.000650804
-0.000669614
-0.000686055
-0.000699747
-0.00071036
-0.00071762
-0.00072132
-0.000721325
-0.000717572
-0.000710081
-0.000698943
-0.000684323
-0.000666467
-0.000645677
-0.000622265
-0.000597134
-0.000570446
-0.000542651
-0.000514226
-0.000485632
-0.000457283
-0.000429553
-0.000402762
-0.000377125
-0.000352776
-0.000329779
-0.000308113
-0.000287653
-0.000268214
-0.000249561
-0.000231421
-0.000213502
-0.000195505
-0.000177114
-0.000158025
-0.000137973
-0.000116714
-9.40813e-05
-6.99371e-05
-4.41869e-05
-1.67891e-05
1.2241e-05
4.2838e-05
7.48813e-05
0.000108199
0.000142574
0.000177746
0.000213422
0.000249278
0.000284969
0.000320138
0.000354419
0.000387445
0.000418858
0.000448311
0.000475476
0.000500049
0.000521754
0.000540348
0.000555625
0.000567415
0.00057559
0.000580123
0.000580768
-0.000327156
-0.000330328
-0.000335015
-0.00034138
-0.000349523
-0.000359453
-0.000371151
-0.000384553
-0.000399542
-0.000415942
-0.000433522
-0.000452005
-0.000471061
-0.000490325
-0.000509409
-0.000527903
-0.000545398
-0.000561487
-0.000575784
-0.000587929
-0.000597602
-0.000604536
-0.000608516
-0.000609388
-0.000607065
-0.000601536
-0.000592855
-0.000581144
-0.000566599
-0.000549473
-0.000530012
-0.000509006
-0.000486598
-0.000463172
-0.000439142
-0.000414916
-0.000390859
-0.000367299
-0.000344518
-0.000322711
-0.000302003
-0.000282453
-0.000264048
-0.000246689
-0.000230221
-0.000214442
-0.000199113
-0.000183978
-0.00016877
-0.000153219
-0.00013705
-0.000120025
-0.00010194
-8.26344e-05
-6.19804e-05
-3.98951e-05
-1.63391e-05
8.67798e-06
3.51027e-05
6.28328e-05
9.17205e-05
0.000121577
0.000152177
0.000183263
0.000214552
0.000245741
0.000276515
0.000306549
0.000335518
0.000363103
0.000388992
0.000412892
0.000434529
0.000453654
0.000470048
0.000483523
0.000493927
0.000501143
0.000505155
0.000505722
-0.000285558
-0.000287994
-0.000291011
-0.000295022
-0.000300211
-0.000306668
-0.000314462
-0.000323619
-0.000334114
-0.000345869
-0.000358751
-0.000372574
-0.000387099
-0.000402041
-0.000417085
-0.00043189
-0.000446101
-0.000459363
-0.000471331
-0.00048168
-0.000490114
-0.000496384
-0.000500274
-0.000501628
-0.000500344
-0.000496387
-0.00048978
-0.00048061
-0.000469028
-0.000455238
-0.000439432
-0.000422281
-0.000403909
-0.000384636
-0.000364815
-0.000344796
-0.000324893
-0.000305388
-0.000286521
-0.000268464
-0.000251327
-0.000235163
-0.000219966
-0.000205656
-0.000192104
-0.000179139
-0.00016656
-0.000154145
-0.000141662
-0.000128883
-0.00011557
-0.000101515
-8.65371e-05
-7.05002e-05
-5.32889e-05
-3.48322e-05
-1.50928e-05
5.92445e-06
2.8176e-05
5.15768e-05
7.6002e-05
0.000101291
0.000127252
0.000153666
0.000180289
0.000206863
0.000233114
0.000258764
0.000283531
0.000307137
0.000329311
0.000349798
0.000368358
0.000384774
0.000398852
0.000410428
0.000419368
0.000425568
0.000429024
0.000429503
-0.000240835
-0.000242561
-0.000244314
-0.000246592
-0.000249605
-0.000253475
-0.000258305
-0.000264173
-0.000271108
-0.0002791
-0.000288088
-0.000297956
-0.000308544
-0.000319641
-0.000331006
-0.000342368
-0.000353436
-0.000363912
-0.000373504
-0.000381933
-0.00038894
-0.000394297
-0.000397809
-0.000399326
-0.000398744
-0.000396012
-0.000391131
-0.000384161
-0.000375215
-0.000364448
-0.000352009
-0.000338444
-0.000323855
-0.000308505
-0.000292684
-0.000276681
-0.000260756
-0.000245143
-0.000230039
-0.000215592
-0.000201893
-0.000188987
-0.000176871
-0.000165483
-0.000154719
-0.00014444
-0.000134479
-0.000124651
-0.000114763
-0.000104624
-9.4046e-05
-8.28261e-05
-7.08382e-05
-5.79622e-05
-4.41021e-05
-2.91942e-05
-1.32071e-05
3.85782e-06
2.1967e-05
4.10512e-05
6.10082e-05
8.1706e-05
0.000102986
0.000124667
0.000146548
0.000168414
0.000190037
0.000211187
0.000231626
0.000251124
0.000269453
0.000286397
0.000301757
0.000315348
0.000327009
0.000336599
0.000344006
0.000349138
0.000352003
0.00035238
-0.000192572
-0.000193637
-0.000194507
-0.000195611
-0.000197148
-0.000199233
-0.000201973
-0.000205457
-0.000209743
-0.000214856
-0.00022078
-0.000227452
-0.000234771
-0.000242594
-0.000250746
-0.000259021
-0.000267196
-0.000275041
-0.000282322
-0.00028881
-0.000294295
-0.000298584
-0.000301512
-0.000302946
-0.00030279
-0.000300992
-0.00029754
-0.000292471
-0.000285863
-0.000277833
-0.000268492
-0.000258254
-0.000247204
-0.000235548
-0.000223512
-0.000211322
-0.000199182
-0.000187276
-0.00017576
-0.000164749
-0.000154317
-0.000144502
-0.0001353
-0.000126666
-0.000118521
-0.000110755
-0.00010324
-9.58286e-05
-8.83701e-05
-8.07127e-05
-7.27056e-05
-6.41815e-05
-5.5048e-05
-4.52093e-05
-3.45868e-05
-2.31299e-05
-1.0814e-05
2.36296e-06
1.63758e-05
3.11718e-05
4.66708e-05
6.27691e-05
7.93423e-05
9.6248e-05
0.000113328
0.000130413
0.000147325
0.000163878
0.000179888
0.000195169
0.000209543
0.000222838
0.000234894
0.000245565
0.000254722
0.000262254
0.000268069
0.000272089
0.000274335
0.000274593
-0.000140878
-0.000141373
-0.000141673
-0.000142072
-0.000142714
-0.000143683
-0.000145067
-0.000146944
-0.000149375
-0.000152395
-0.00015601
-0.000160194
-0.000164886
-0.000169999
-0.000175414
-0.000180992
-0.000186572
-0.000191993
-0.000197086
-0.00020168
-0.000205618
-0.000208755
-0.000210962
-0.000212137
-0.0002122
-0.000211106
-0.000208839
-0.00020542
-0.000200901
-0.000195359
-0.000188876
-0.000181735
-0.000174004
-0.00016583
-0.000157377
-0.000148805
-0.000140263
-0.000131883
-0.000123777
-0.000116029
-0.000108694
-0.000101799
-9.53422e-05
-8.92935e-05
-8.35961e-05
-7.81729e-05
-7.29314e-05
-6.77672e-05
-6.25725e-05
-5.72438e-05
-5.17033e-05
-4.56877e-05
-3.92728e-05
-3.23522e-05
-2.48609e-05
-1.67591e-05
-8.03536e-06
1.31621e-06
1.12813e-05
2.18219e-05
3.28794e-05
4.4379e-05
5.62307e-05
6.83319e-05
8.05687e-05
9.28183e-05
0.000104952
0.000116835
0.000128335
0.000139316
0.00014965
0.00015921
0.000167882
0.000175559
0.000182148
0.000187565
0.000191745
0.000194622
0.000196224
0.000196354
-8.63032e-05
-8.63344e-05
-8.63476e-05
-8.64015e-05
-8.65837e-05
-8.69387e-05
-8.75219e-05
-8.8386e-05
-8.95747e-05
-9.11168e-05
-9.30232e-05
-9.52859e-05
-9.78761e-05
-0.000100747
-0.000103833
-0.00010705
-0.000110305
-0.0001135
-0.000116536
-0.000119305
-0.00012171
-0.00012366
-0.000125072
-0.000125877
-0.000126021
-0.000125474
-0.000124221
-0.000122274
-0.000119659
-0.000116423
-0.000112614
-0.000108388
-0.000103792
-9.89185e-05
-9.38669e-05
-8.87346e-05
-8.36139e-05
-7.85864e-05
-7.37221e-05
-6.90733e-05
-6.46755e-05
-6.05464e-05
-5.66863e-05
-5.30777e-05
-4.96881e-05
-4.64714e-05
-4.33715e-05
-4.03246e-05
-3.72623e-05
-3.41127e-05
-3.07993e-05
-2.73197e-05
-2.35499e-05
-1.94566e-05
-1.5013e-05
-1.01912e-05
-4.99493e-06
5.861e-07
6.54671e-06
1.28617e-05
1.94937e-05
2.63974e-05
3.35187e-05
4.07955e-05
4.81587e-05
5.55339e-05
6.28427e-05
7.00042e-05
7.69365e-05
8.35585e-05
8.97911e-05
9.55584e-05
0.00010079
0.000105421
0.000109395
0.000112662
0.000115179
0.000116899
0.000117847
0.000117855
-2.96576e-05
-2.94515e-05
-2.938e-05
-2.9342e-05
-2.93498e-05
-2.94117e-05
-2.95458e-05
-2.97711e-05
-3.01043e-05
-3.0557e-05
-3.11353e-05
-3.1839e-05
-3.26614e-05
-3.35891e-05
-3.4602e-05
-3.5674e-05
-3.67748e-05
-3.78727e-05
-3.89347e-05
-3.99219e-05
-4.08026e-05
-4.15471e-05
-4.21202e-05
-4.24931e-05
-4.26433e-05
-4.25569e-05
-4.22234e-05
-4.16455e-05
-4.08295e-05
-3.97887e-05
-3.85441e-05
-3.71305e-05
-3.55754e-05
-3.39099e-05
-3.21692e-05
-3.03873e-05
-2.85981e-05
-2.68317e-05
-2.51144e-05
-2.34669e-05
-2.19041e-05
-2.04347e-05
-1.90616e-05
-1.77817e-05
-1.65863e-05
-1.54621e-05
-1.43916e-05
-1.33534e-05
-1.23217e-05
-1.12627e-05
-1.01671e-05
-9.09097e-06
-7.8877e-06
-6.55932e-06
-5.1056e-06
-3.51398e-06
-1.7977e-06
4.20109e-08
2.02552e-06
4.12937e-06
6.34212e-06
8.64917e-06
1.10323e-05
1.34703e-05
1.59398e-05
1.84154e-05
2.08705e-05
2.32773e-05
2.56082e-05
2.78354e-05
2.9932e-05
3.18722e-05
3.36321e-05
3.51899e-05
3.65261e-05
3.76235e-05
3.84675e-05
3.90359e-05
3.93372e-05
3.92742e-05
)
;

boundaryField
{
    lowerWall
    {
        type            fixedFluxPressure;
        gradient        uniform 0;
        value           nonuniform List<scalar> 
80
(
15785.4
15785.3
15784.1
15781.6
15778.1
15773.7
15768.8
15763.7
15758.4
15753.2
15748.3
15743.7
15739.6
15736
15733.1
15730.9
15729.6
15729.1
15729.7
15731.4
15734.3
15738.5
15744.1
15751
15759.3
15769
15779.9
15792
15805
15818.8
15833
15847.4
15861.4
15874.9
15887.3
15898.4
15907.7
15915
15920
15922.6
15922.7
15920.2
15915.4
15908.2
15898.9
15887.9
15875.5
15862
15847.8
15833.4
15819
15805
15791.8
15779.4
15768.2
15758.3
15749.7
15742.4
15736.6
15732.1
15729
15727
15726.2
15726.4
15727.6
15729.7
15732.5
15736
15740.1
15744.7
15749.6
15754.8
15760.2
15765.4
15770.4
15774.9
15778.5
15781.1
15782.4
15782.5
)
;
    }
    rightWall
    {
        type            zeroGradient;
    }
    atmosphere
    {
        type            totalPressure;
        rho             rho;
        psi             none;
        gamma           1;
        p0              uniform 0;
        value           nonuniform List<scalar> 
80
(
-4.06126e-07
-1.44137e-07
-1.48995e-07
-1.60716e-07
-1.77213e-07
-1.99075e-07
-2.26903e-07
-2.61294e-07
-3.02936e-07
-3.52461e-07
-4.10621e-07
-4.77977e-07
-5.55097e-07
-6.4212e-07
-7.39184e-07
-8.46757e-07
-9.65322e-07
-1.09457e-06
-1.23484e-06
-1.3888e-06
-1.55584e-06
-1.73068e-06
-1.90914e-06
-2.08319e-06
-2.24617e-06
-2.39154e-06
-2.51535e-06
-2.61433e-06
-2.68575e-06
-2.72759e-06
-2.73834e-06
-2.71703e-06
-2.66441e-06
-2.58134e-06
-2.47053e-06
-2.33335e-06
-2.17425e-06
-1.99607e-06
-1.80335e-06
-1.60009e-06
-1.39123e-06
-1.18121e-06
-9.74879e-07
-7.77089e-07
-5.92547e-07
-4.25779e-07
-2.8109e-07
-1.62537e-07
-7.39042e-08
-1.86734e-08
0
0
0
0
0
0
0
0
0
0
0
0
0
0
0
0
0
0
0
0
0
0
0
0
0
0
0
0
0
0
)
;
    }
    leftWall
    {
        type            zeroGradient;
    }
    frontAndBack
    {
        type            empty;
    }
}


// ************************************************************************* //
