/*--------------------------------*- C++ -*----------------------------------*\
| =========                 |                                                 |
| \\      /  F ield         | OpenFOAM: The Open Source CFD Toolbox           |
|  \\    /   O peration     | Version:  2412                                  |
|   \\  /    A nd           | Website:  www.openfoam.com                      |
|    \\/     M anipulation  |                                                 |
\*---------------------------------------------------------------------------*/
FoamFile
{
    version     2.0;
    format      ascii;
    arch        "LSB;label=32;scalar=64";
    class       volScalarField;
    location    "3.55";
    object      p_rgh;
}
// * * * * * * * * * * * * * * * * * * * * * * * * * * * * * * * * * * * * * //

dimensions      [1 -1 -2 0 0 0 0];

internalField   nonuniform List<scalar> 
6400
(
24484.6
24891.4
25350.8
25495.9
25013.7
23960.6
22887.9
22547.8
23378.1
25118.8
26857.3
27528.7
26585.2
24405.2
22148.4
21107.9
21937.1
24230.7
26731.3
28050
27470
25351.2
22901.7
21464.8
21758.3
23507.9
25665.9
27048.8
26999.8
25697.4
23969.6
22771.1
22653.5
23523.4
24784.7
25730.7
25933.7
25420.6
24577.4
23883.1
23648.9
23898.1
24417.6
24912.9
25162.1
25096.4
24792.2
24410.4
24123
24054.1
24238.7
24604.3
24984
25176
25041.9
24600.3
24055.4
23716.9
23832.3
24417
25197.4
25727
25637.7
24884.4
23824.7
23054.1
23070
23954
25278.5
26316.3
26449.3
25538
24022.9
22690.2
22240.6
22926.3
24455.4
26184.9
27448.8
28063.9
24197.5
24223.2
24616.4
25219
25647.3
25459.3
24575.3
23425.6
22733
23048.8
24346.4
25958.6
26936.4
26628.9
25117.9
23216.2
22008.8
22207.3
23716.5
25683.1
26998.5
26947.3
25609.4
23783.6
22497.6
22413.1
23479.1
25017.3
26155.8
26330.7
25563.1
24378.5
23456.2
23240
23733.6
24566.9
25255
25474.1
25201.3
24667.1
24184.8
23975.8
24081.6
24389.5
24723
24935
24957.6
24804.4
24549
24297.6
24160.2
24213.9
24460.6
24802.4
25064.9
25078
24782.1
24294.8
23878.4
23804.8
24182.4
24855.6
25456.7
25604.9
25145.4
24277
23472.9
23218.6
23715.8
24736.9
25730.8
26130
25678
24580.3
23396.1
22742.6
22987.9
24088.9
25610.2
27332.1
24454
23872.9
23833
24438.3
25473.2
26255.3
26126.4
24947.3
23283.2
22121.8
22267.6
23791.4
25909.7
27407.7
27365.8
25740.2
23422.8
21727.8
21616
23129.5
25381.1
27092.2
27343.6
26083.3
24104.8
22541
22200.8
23146
24730.1
26032.7
26397.9
25760
24599.2
23601.9
23259.3
23636.3
24411.5
25118.4
25416.6
25241.2
24774.5
24298.4
24033.6
24054.3
24296.2
24622.4
24892.3
25004.6
24916.9
24655.9
24322
24069.3
24047.5
24316.4
24780.8
25204
25318.5
24990.4
24336
23700.8
23482.8
23886.5
24760.1
25636.7
25983.8
25527.8
24453.7
23337.2
22829.4
23269.3
24462.6
25769.2
26457.6
26120.9
24914.6
23486.9
22635.7
22881.5
24102.4
25989
25128.3
23998.4
23298.8
23386.7
24445.8
25958.3
26959.7
26647.8
24969.9
22772.3
21355.2
21676.9
23706.6
26364.9
28127.3
27936.2
25855.9
23055
21121.1
21125
23007.2
25646.6
27548
27715.1
26183.5
23926.2
22230
21948.9
23074.4
24836.4
26218.1
26544.2
25800.1
24541.4
23504.6
23183.5
23611
24429.6
25155.2
25451.9
25267
24789
24295.9
24005.9
24002
24240.2
24599.2
24931.8
25102.4
25023.9
24699.9
24253.3
23903.1
23869.7
24240.9
24878.3
25445.5
25576.3
25104.9
24214.1
23384.7
23139.9
23718.8
24882.3
25998.6
26389.8
25746.5
24354.3
22970.1
22398.4
23013.4
24515.7
26083.3
26836.3
26349.5
24913.4
23381.3
22660.3
23061.2
24330.8
25834.9
24663.7
23466.1
22707.6
23021.3
24484.6
26369.5
27500
26999.8
24936.2
22394.9
20882
21397.4
23769.3
26694.7
28490.8
28102.8
25743.9
22769.5
20867.2
21064.8
23157.7
25883.2
27700.8
27686
26005.5
23729.3
22146.6
22026.1
23250.1
24989.4
26252.4
26448
25644.7
24426.8
23493.1
23265.5
23721.6
24498.1
25151
25396.6
25209.6
24765.6
24306.1
24020.3
23992.8
24208.5
24577.4
24956.4
25178.7
25111.2
24732.5
24186.7
23754.1
23718.5
24186.9
24974.3
25654.1
25781.4
25178.1
24096.5
23131.3
22893.6
23625.6
25000
26258.8
26637.9
25838.2
24244.8
22739.1
22195.2
22956.9
24616.4
26240.6
26920
26316.2
24864.6
23477.6
22846.3
22995.1
25985.8
25526.3
24442.6
23058.4
22196.2
22654.3
24459
26686.2
27963
27346.3
24999
22190.8
20575.7
21179
23733.7
26802.2
28622.2
28158.8
25712.4
22717.5
20872.4
21145
23253.4
25904.8
27602.4
27508.6
25855.9
23708.5
22279
22238.2
23415.9
25010.3
26118.6
26242.4
25488.4
24403
23600.2
23425.3
23834.6
24506.5
25069
25292
25152.6
24781.7
24364.4
24061.7
23977.7
24147.4
24523.6
24965.1
25262.1
25222
24790.9
24135.4
23603.3
23549.3
24105.2
25042.6
25845.9
25990.7
25280.8
24027.4
22926.2
22668.6
23505.7
25044
26426.4
26822.4
25937.8
24226
22648.9
22116.2
22939
24637.7
26229.9
26830.3
26186.3
24786.1
23433.3
22481.2
25242.5
26003.9
25762.8
24485.9
22730.1
21687.6
22273.3
24414.6
26972.8
28389.9
27672.2
25077.6
22037.8
20327.5
20986.4
23669.6
26839.8
28684.9
28192.2
25721.4
22745.2
20946.5
21239.2
23299.2
25844.2
27441.1
27326
25759.8
23764.7
22463.3
22446.8
23528.1
24962.9
25943.8
26045.6
25381.1
24436
23737
23572.4
23903.5
24468
24965.3
25201.4
25134
24836
24437.9
24088.2
23927.9
24053.1
24456.8
24986.9
25375.3
25361.4
24861.3
24074.7
23429.2
23356.4
24010.3
25111.6
26048.1
26213.5
25395.7
23968.5
22729.2
22446.8
23378.9
25066.4
26561.4
26976.2
26027.6
24232.5
22617.6
22108.3
22970.1
24653.4
26143
26596.2
25843.9
24438.5
22915.5
23836.1
25660.1
26608.5
26259
24531.2
22378.6
21203.2
21945.1
24395.6
27218.7
28718.2
27892.3
25104
21918.1
20180.3
20905.8
23666.7
26857.7
28664.2
28129.3
25673.3
22779.4
21076.4
21400.5
23386.5
25784.3
27250.3
27107.7
25641.8
23817.8
22655.5
22663.2
23642.7
24915.6
25773.3
25859.7
25286.2
24473.3
23864
23697.8
23950
24419.7
24871.1
25135.5
25141.6
24903
24503.3
24090.1
23851.4
23944.9
24395.9
25029.2
25509.8
25509.9
24924.9
23998.6
23243.9
23164.6
23926.3
25189.1
26244.9
26415.7
25488.1
23904.8
22556.9
22271.4
23293.3
25094
26651
27050.2
26045.7
24222.5
22646.7
22214.2
23102.3
24679
25930.8
26129.3
25327.8
23986.9
22522.9
24552.7
26343.2
27278.3
26609.4
24485.2
22049.9
20818.5
21712.2
24394.6
27381.2
28899.8
27981.8
25090.3
21872.6
20179.9
20961.8
23715.9
26819.7
28517.7
27944.6
25571.9
22848.1
21298.1
21653.5
23517.5
25706.8
27002.6
26831.3
25494.3
23877
22874.9
22906.4
23769.8
24866.3
25595.3
25669.5
25192.3
24512.1
23987
23812.9
23985.2
24367.3
24784.7
25085.9
25164.8
24975.1
24559.8
24074.8
23760.1
23833.1
24343.2
25083.8
25650.6
25653.9
24978
23917.5
23067.6
22993.2
23859.1
25262.4
26410
26571.9
25549
23850.8
22440.8
22173.7
23261.7
25112.5
26661.8
27011.8
25980.6
24210.8
22760.7
22435.5
23292
24648
25594.1
25692.6
25116.2
22148.2
23272.8
24988.1
26805.6
27674.2
26800.9
24421.3
21814.9
20572.9
21583.1
24401.3
27446.7
28931.8
27953.1
25055.7
21912
20317.4
21128.1
23788.5
26713.6
28259.4
27671.3
25450.5
22965.3
21597.8
21965.3
23659.2
25596.7
26707.8
26524.1
25345.9
23956.5
23116.2
23157.2
23888.6
24803.3
25411.3
25486.2
25112.6
24560.7
24107
23913
24003.2
24306.8
24704.3
25052.3
25203.1
25052
24608.8
24046.2
23659.6
23722
24298.2
25144.1
25787.1
25784.8
25020
23840.2
22914.4
22853.4
23810.3
25321.6
26527.6
26670.1
25577
23816.3
22395
22162.4
23282
25112.2
26586.7
26865.7
25846.7
24204.5
22936.5
22716.4
23496.1
24630.5
25445.3
25771.4
23080.7
22603.3
23279.6
25008.3
26995.8
27908.1
26922.7
24383.3
21691.2
20475.2
21563.4
24419
27419.5
28821.7
27814.1
25001
22024.2
20570.2
21383.3
23878.4
26555.1
27920.3
27339.1
25319.8
23116
21943.4
22304.5
23798.8
25465.8
26394.4
26214.5
25209.3
24048.7
23357.8
23393.9
23988.6
24731.2
25235.6
25324.3
25053.7
24616.2
24215.5
23990.7
24001.8
24241.2
24634.7
25036.6
25254.3
25129.1
24647.7
24006.9
23557.3
23619.1
24263.5
25204.5
25908.4
25892.2
25047.4
23773.3
22797.7
22758.1
23784.8
25361.7
26585.9
26698.6
25566.7
23803.2
22425
22241.7
23355.8
25096
26434.7
26625.7
25651.4
24191.2
23145.7
23052.1
23799.8
24825
25739.9
24906.6
23004.9
22230.2
22910.3
24928.9
27119.2
28052
26974.4
24357.4
21675.2
20529.1
21655.9
24448.6
27303.1
28578
27574.1
24928.5
22199.8
20920.4
21711.4
23982.3
26357.2
27522.9
26966.6
25183.5
23286.9
22312.5
22653.7
23933.4
25326.4
26081.3
25916.3
25086.1
24143.6
23585.7
23607
24069.9
24657.8
25077.6
25188.6
25013.5
24671.9
24306.6
24045
23985.4
24176.8
24579.2
25036.4
25310.9
25199
24674.3
23962.3
23463.5
23534
24241
25257.9
26001.2
25964.4
25057.2
23723.9
22731.1
22719.5
23786.9
25377.2
26574.4
26648.3
25514.8
23813.5
22533.6
22411.8
23481.7
25066.2
26215.9
26307.6
25409.9
24185.7
23417.2
23498.2
24220
25191.7
26626.9
24282.3
22468.4
21748.5
22710.8
24945.6
27191.7
28062.5
26921.2
24331.1
21764.4
20729.6
21851.8
24486
27105.2
28219.4
27252.7
24846.5
22429.1
21345.2
22089.6
24090.9
26129.2
27088.9
26574.8
25049.9
23470.1
22687.7
22996.6
24056.9
25184.2
25780.6
25639.7
24979.1
24236.5
23792.6
23791.9
24133
24587.3
24941.3
25079.5
24988.6
24723.4
24378.5
24078.8
23960.4
24119.7
24539.1
25046.4
25363.9
25253.9
24687.3
23919
23389.6
23476.2
24233.1
25297.3
26053.5
25991.3
25046.7
23698.3
22725
22745.6
23818.5
25364.3
26488.4
26518
25423.7
23848.6
22716.2
22661.3
23648.2
25021.2
25946.3
25945.6
25169.2
24233.9
23761.8
23927.3
24516.7
27262.1
25681.2
23815.7
22161.9
21647.3
22748.6
24994.6
27143.2
27905.9
26758.5
24306.2
21952.2
21060.6
22135.8
24528
26840.2
27771.8
26873.2
24761.5
22697.6
21817.1
22493.3
24196.1
25883.4
26642.7
26185.5
24926.8
23657
23051.2
23317.7
24164.1
25045.2
25503.5
25393.7
24890.4
24323.4
23972.7
23945.8
24179.6
24523.5
24829
24995.2
24973.7
24765.4
24430.5
24097.4
23935.8
24077.1
24515.1
25059.5
25401.5
25284.2
24684.9
23885
23349.1
23457
24242.5
25315.9
26053
25962.4
25012.7
23700.5
22786.7
22842.1
23880.8
25322.9
26329.6
26313
25298.5
23906.4
22958.9
22968.3
23837.6
24963.1
25656.7
25592.6
24973.2
24314.3
24004.9
24065.7
26472.2
26372.9
25408.4
23783.2
22251.7
21808.5
22888.9
24999.1
26955.8
27596.6
26505.8
24291.2
22229.5
21500.2
22486
24566.9
26520.5
27261.1
26459.6
24681.2
22992.4
22310.6
22899.7
24291
25630.8
26205
25816.5
24819.3
23839.6
23388.5
23605.6
24252.4
24914.7
25257.9
25182.9
24819.3
24400.7
24123.4
24069.8
24213.7
24470.1
24740
24929.8
24961.1
24793.7
24465.2
24110.2
23922.8
24055.2
24503.8
25063.7
25409.7
25281.8
24670.4
23873.1
23357
23485.4
24267
25302.5
25987.1
25871
24957.2
23737.9
22922
23008.9
23969.9
25251
26104
26045.6
25149.2
23983.8
23241.8
23304.8
24032.4
24901.1
25381.1
25276.3
24790.9
24294.5
23970
24772.1
26004.3
26296.1
25530.5
23950.3
22480.2
22069
23064.1
24955.1
26660.5
27178.9
26201.4
24299.7
22578
22008.1
22862.9
24586.8
26161.8
26723.9
26047.1
24619.7
23300.6
22796.5
23281.8
24365
25380.7
25796.4
25485.9
24734.1
24011.9
23688.1
23851
24319.3
24795.9
25048.5
25010
24765.5
24467
24245
24166.5
24238.3
24427.2
24670.4
24877.5
24946.4
24809.1
24489
24125.7
23926.6
24052.4
24497.1
25049.1
25383.1
25249.9
24653.6
23893.4
23417.2
23555.6
24295.5
25248.2
25856.1
25727.2
24893.1
23815.9
23123.7
23229.2
24070.9
25147.5
25828.1
25741.4
24993.9
24077.8
23540.6
23640.7
24216.1
24838.7
25125
24972.3
24570.8
24133.2
23184.6
24925.1
26093.3
26392
25562.2
24043.4
22716
22383.9
23278.4
24903.1
26321.7
26717.8
25880.1
24318.4
22943.6
22519.8
23227.3
24593.1
25807.8
26214.8
25670.7
24575.9
23590.7
23234.2
23613.1
24417.7
25154
25443.3
25210.5
24671.4
24161.9
23935
24045.3
24365.4
24695.9
24882.9
24878.3
24727.5
24518.2
24334.1
24234.9
24254.8
24397.6
24623.2
24840
24929.9
24809.8
24498.3
24139.2
23943.5
24068.1
24499.4
25024.5
25331.3
25193.2
24630
23932.4
23512.3
23656.2
24330.2
25170.8
25685.9
25551.7
24823.3
23915.7
23358.8
23472.9
24173.5
25029.5
25538
25436.5
24848.5
24176.7
23824.9
23944.2
24367.9
24763.3
24875.2
24694.9
24361.2
22563
23915.3
25198.1
26115.8
26184.5
25337.1
24016.6
22961.1
22779.3
23582.8
24910.9
25999.8
26236.6
25516.5
24287
23264.5
23004.7
23593.9
24634.2
25511.3
25762.5
25322.2
24513.9
23822
23601.3
23899
24474.9
24979
25160.6
24985.5
24612.6
24269.9
24120.5
24194
24405.7
24629.1
24766.8
24782
24691.6
24540.5
24383.9
24279.4
24277
24398.1
24609.1
24815.8
24897.1
24774.3
24475.2
24146.6
23986.9
24128.6
24537.3
25003.2
25245.9
25084.3
24565.9
23966.4
23641.1
23809.8
24407.5
25103.9
25491.6
25334.1
24716.3
23998.8
23598.5
23733.7
24296.4
24931.5
25268.7
25150.7
24710.9
24259.8
24066.4
24190.1
24470.6
24671.1
24671.4
24510.6
23070.4
23608
24410.5
25256.1
25755.8
25628.9
24907.7
23966.8
23329.1
23358.4
24036.5
24969.3
25623.1
25640.1
25041.4
24197.2
23593.2
23544.3
24027.8
24726.5
25236
25301.8
24944.3
24413
24017.3
23947
24186.7
24557.5
24842.8
24911.7
24771.8
24536.1
24340.9
24270.5
24329.2
24461.8
24596.5
24680.2
24690.7
24631.8
24525.7
24409.4
24331.6
24337.6
24444
24615.7
24767.9
24804.3
24676.3
24427.8
24189.3
24111.6
24271.4
24608.3
24940.3
25062.4
24873.9
24455
24036.6
23870
24071.8
24542.5
25015.5
25214.1
25020.6
24550.4
24081.6
23883
24051.1
24459.4
24849.8
25001.5
24863.8
24568.6
24323.4
24265.3
24378.3
24528.7
24592.8
24551.3
24224.2
24203.5
24373.1
24628.8
24846.9
24907.3
24761.7
24477.5
24210.1
24113.2
24243
24522.2
24787.3
24889
24778.1
24529.8
24292
24196.4
24283.4
24486.5
24681.4
24762.8
24701.2
24549.6
24402.6
24338.2
24377.2
24481
24583.4
24631.7
24612.4
24549.5
24483.6
24446.8
24449
24479.7
24519.6
24551.8
24566.8
24561.6
24537.9
24502
24467
24450.2
24465.7
24513.4
24573
24610.9
24598.3
24532.2
24443
24382.6
24394.2
24482.2
24603
24686.2
24676
24568.8
24420.2
24317
24324.4
24443.8
24608.2
24721.4
24716.8
24598.3
24437.8
24330.5
24335.5
24440.5
24574.2
24654.8
24643.2
24562.3
24475.1
24438.1
24462.3
24510.5
24535.7
24525.7
1.04194
1.52376
1.11676
0.78627
1.07423
1.18991
0.912335
0.560612
0.909742
1.11571
0.890371
0.443381
0.659472
0.870587
0.721132
0.412395
0.649942
0.869122
0.769951
0.497733
0.619265
0.804556
0.794084
0.671143
0.785074
0.955756
0.965585
0.870441
0.902316
1.02023
1.07784
1.0734
1.12076
1.2151
1.25689
1.24367
1.22382
1.22372
1.21678
1.18396
1.12611
1.07253
1.04437
1.07355
1.05079
0.990736
0.983863
1.00957
0.982499
0.896878
0.90918
0.983262
0.948106
0.791119
0.776262
0.882781
0.878036
0.737526
0.807963
1.07859
1.15937
1.02865
1.04266
1.30938
1.39324
1.26082
1.25399
1.4921
1.53496
1.36805
1.28231
1.40897
1.38102
1.23488
1.17409
1.20007
1.15283
1.06951
1.13496
1.04061
7.60744e-05
-0.000418574
-0.000296666
-5.7209e-05
0.000277797
0.00054228
0.000571455
0.00033807
-6.05261e-05
-0.000355817
-0.000383085
-0.000142834
0.000230379
0.000497574
0.00052634
0.00032264
1.50049e-06
-0.000239224
-0.000264311
-8.91808e-05
0.000172925
0.000348653
0.000371827
0.000253216
7.04567e-05
-6.36909e-05
-7.99861e-05
7.8494e-06
0.000131244
0.000218604
0.000236599
0.000189713
0.000117215
6.05432e-05
4.17949e-05
5.67816e-05
8.85998e-05
0.000125837
0.00015711
0.000174765
0.000172665
0.000145011
9.25988e-05
4.05437e-05
1.52256e-05
4.05767e-05
0.000119301
0.000207461
0.000257488
0.000225068
0.000108157
-2.56554e-05
-9.79245e-05
-5.01145e-05
9.46025e-05
0.000256148
0.000344471
0.00029014
0.000124851
-7.91591e-05
-0.000179889
-0.000117905
6.35153e-05
0.000275173
0.000376945
0.000313213
0.000135886
-5.90646e-05
-0.000139761
-7.65368e-05
7.38608e-05
0.00022034
0.000265572
0.000198826
8.24787e-05
8.18033e-06
2.17942e-05
9.16828e-05
0.000139432
0.000120693
0.000132425
-4.19977e-05
-4.57122e-05
2.37465e-05
0.000118733
0.000219351
0.000252984
0.000207373
0.000104672
-8.18985e-06
-4.23922e-05
3.95614e-06
0.000101443
0.00020199
0.000235967
0.000198385
0.000115418
2.76533e-05
-8.48877e-07
3.09435e-05
9.8867e-05
0.000167653
0.000188976
0.000165203
0.000118057
7.08582e-05
5.4593e-05
7.12021e-05
0.000104512
0.000137381
0.000150432
0.000141555
0.000121458
0.000102981
9.34619e-05
9.43823e-05
0.000102567
0.000113402
0.000123851
0.000131709
0.000133702
0.000127851
0.000113733
9.59084e-05
8.16018e-05
8.27786e-05
0.000101742
0.000130847
0.000153492
0.000152663
0.000124765
7.95231e-05
4.50205e-05
4.59703e-05
7.92066e-05
0.000135047
0.000173204
0.000168163
0.000128894
6.53796e-05
1.8848e-05
2.11967e-05
6.40877e-05
0.000133938
0.000181987
0.000175363
0.000130576
6.72567e-05
2.78166e-05
3.46555e-05
7.21045e-05
0.000120829
0.000147586
0.00013663
0.000103897
7.40111e-05
7.00711e-05
8.82903e-05
0.000108131
0.000112333
0.000200171
0.00013886
9.76632e-05
7.35062e-05
5.72885e-05
6.52678e-05
9.58204e-05
0.000131688
0.000150116
0.000140148
0.000108953
7.85471e-05
6.35585e-05
7.33853e-05
0.000100456
0.000127443
0.000140399
0.000131983
0.000108393
8.80429e-05
8.0458e-05
9.09004e-05
0.000109175
0.000121545
0.000126346
0.000122845
0.00011178
0.00010265
0.000100827
0.00010375
0.000110837
0.000118872
0.00012223
0.000120691
0.000117901
0.000115203
0.000112566
0.000110066
0.000107855
0.000107378
0.000110292
0.000116791
0.000122838
0.00012455
0.000120679
0.000109305
9.86672e-05
9.25778e-05
9.5745e-05
0.000110361
0.000124642
0.000128887
0.000117921
9.79556e-05
8.29829e-05
7.86769e-05
9.07216e-05
0.00010837
0.0001222
0.000127173
0.000113488
9.10182e-05
7.31228e-05
6.86442e-05
8.60965e-05
0.000107276
0.000118376
0.000119851
0.000107077
8.99783e-05
7.92298e-05
7.80606e-05
9.07866e-05
0.000105463
0.000109138
0.000102895
9.03456e-05
8.58444e-05
9.17901e-05
0.000102766
0.000130006
0.000147323
0.000136972
0.000126728
9.99192e-05
6.96404e-05
6.34822e-05
7.41644e-05
0.000104588
0.000131589
0.000134787
0.000126718
0.000102794
7.87357e-05
7.47879e-05
8.25636e-05
0.000104227
0.000125407
0.000128007
0.000120675
0.000105057
9.15973e-05
9.37463e-05
9.96638e-05
0.000108856
0.000118659
0.000121443
0.000118875
0.000113287
0.000107901
0.000106454
0.000107711
0.000110709
0.00011367
0.000115842
0.000117386
0.000118323
0.000118093
0.000115985
0.000112124
0.000107915
0.000105759
0.000107545
0.000112921
0.000119458
0.000122075
0.000116149
0.00010522
9.52339e-05
9.16132e-05
9.80002e-05
0.000112089
0.000122268
0.000120719
0.000109678
9.18159e-05
8.30365e-05
8.51931e-05
9.24501e-05
0.000110495
0.000120549
0.000117791
0.000106216
8.5071e-05
7.55714e-05
8.01939e-05
8.95931e-05
0.000104563
0.000111861
0.000110789
0.000103753
9.10944e-05
8.47507e-05
8.8457e-05
9.70687e-05
0.00010291
0.00010176
9.5682e-05
9.19432e-05
9.69506e-05
7.5764e-05
0.000101928
0.000112844
0.000120649
0.000122181
0.000107603
9.10637e-05
7.73784e-05
8.08042e-05
9.7508e-05
0.00011258
0.000122944
0.000122304
0.000110587
9.76361e-05
8.68992e-05
8.7447e-05
9.99479e-05
0.000113034
0.000119992
0.00011775
0.00010879
0.000102452
0.000100283
0.000101676
0.00010665
0.000111876
0.000115751
0.000116701
0.000115186
0.000113008
0.000111381
0.000111223
0.000112096
0.00011319
0.000114136
0.000115053
0.000116136
0.000117059
0.000116977
0.000115226
0.000112172
0.000109124
0.000107433
0.000108593
0.000112622
0.000116343
0.000116507
0.000111171
0.000102393
9.64687e-05
9.78957e-05
0.000104739
0.000111917
0.000114758
0.000109475
9.99028e-05
9.12386e-05
8.6163e-05
8.97519e-05
0.000100184
0.000109657
0.000112851
0.000105484
9.52207e-05
8.90132e-05
8.59964e-05
8.85667e-05
9.50345e-05
0.00010145
0.000105376
0.000102447
9.56131e-05
9.03716e-05
9.01763e-05
9.43232e-05
9.86951e-05
9.88709e-05
9.5157e-05
9.54668e-05
8.65612e-05
9.21707e-05
9.56458e-05
0.000103113
0.000111716
0.000114074
0.000110184
0.000100357
9.27037e-05
9.29496e-05
9.66028e-05
0.000102839
0.000109644
0.000111502
0.000110352
0.000104329
9.72809e-05
9.61039e-05
0.000100505
0.000108292
0.000113523
0.000112408
0.000109495
0.000107141
0.000105872
0.000106662
0.000108337
0.000110654
0.000112808
0.000114087
0.000114388
0.000114012
0.00011372
0.000113875
0.000114278
0.000114567
0.00011458
0.000114551
0.000114823
0.000115335
0.000115621
0.000115307
0.000114267
0.000112309
0.00010979
0.000108246
0.000108967
0.000111627
0.000113416
0.000111354
0.000106026
0.000101823
0.000100851
0.000102093
0.000105045
0.000107246
0.000106746
0.000103464
9.74023e-05
9.17913e-05
9.14109e-05
9.6341e-05
0.000102945
0.000103749
0.000100359
9.81571e-05
9.63327e-05
9.4067e-05
9.2242e-05
9.25354e-05
9.62465e-05
9.92058e-05
9.91889e-05
9.6639e-05
9.3584e-05
9.25054e-05
9.4349e-05
9.67833e-05
9.60248e-05
9.54273e-05
9.84018e-05
9.89682e-05
9.63415e-05
9.40113e-05
9.71666e-05
0.000102929
0.000107129
0.000105835
0.000101658
0.000100032
9.96537e-05
9.94919e-05
0.00010064
0.000102398
0.000105601
0.000107605
0.0001061
0.000103208
0.000101527
0.000103014
0.000106526
0.000108969
0.00010974
0.000109567
0.000109345
0.000109422
0.000109727
0.000110422
0.000111482
0.000112712
0.000113778
0.000114358
0.000114587
0.000114776
0.00011507
0.000115413
0.000115614
0.000115565
0.000115367
0.000115125
0.000114806
0.000114422
0.000114221
0.00011415
0.000113411
0.000111516
0.000109262
0.000108437
0.000109606
0.000110478
0.000108698
0.000105887
0.000104492
0.000103548
0.000101949
0.000100917
0.000102345
0.000104452
0.000104376
0.000100297
9.52494e-05
9.37475e-05
9.72564e-05
9.96461e-05
9.78099e-05
9.60504e-05
9.68438e-05
9.81973e-05
9.70481e-05
9.40418e-05
9.29405e-05
9.40828e-05
9.58077e-05
9.66759e-05
9.60593e-05
9.44065e-05
9.34992e-05
9.45202e-05
9.50098e-05
9.50486e-05
9.85658e-05
0.000101555
0.000102445
9.88038e-05
9.58606e-05
9.72705e-05
0.000101658
0.000103644
0.000101734
0.000100297
0.000100794
0.000101584
0.00010178
0.000100929
0.000101131
0.00010336
0.000105414
0.00010571
0.000104608
0.000104044
0.000105042
0.000106514
0.000107944
0.00010881
0.000109549
0.000110173
0.000110727
0.000111304
0.000111945
0.00011275
0.0001137
0.000114536
0.000115101
0.000115449
0.000115689
0.000115903
0.000116108
0.00011628
0.000116382
0.000116326
0.000115959
0.000115154
0.00011412
0.000113499
0.000113501
0.00011334
0.000111985
0.000109906
0.000109055
0.000109512
0.000108412
0.000105382
0.000104162
0.000105699
0.00010564
0.000101913
9.88496e-05
9.97545e-05
0.000102618
0.000103259
9.92853e-05
9.45411e-05
9.51072e-05
9.88542e-05
9.90701e-05
9.56274e-05
9.36014e-05
9.52921e-05
9.73528e-05
9.65983e-05
9.45306e-05
9.3386e-05
9.35172e-05
9.42948e-05
9.50823e-05
9.50456e-05
9.41217e-05
9.38092e-05
9.38639e-05
9.41452e-05
9.60571e-05
9.59085e-05
0.000100357
0.000101642
9.86695e-05
9.62931e-05
9.81739e-05
0.000101469
0.000101605
9.96497e-05
9.87972e-05
9.99001e-05
0.000101901
0.000102494
0.000101601
0.000101465
0.000102844
0.000104418
0.000104912
0.000104886
0.000105442
0.000106346
0.000107331
0.000108282
0.000109249
0.000110133
0.000110948
0.000111767
0.00011254
0.000113282
0.000114093
0.000114923
0.000115629
0.00011617
0.000116573
0.000116826
0.000116905
0.000116893
0.000116945
0.000117036
0.000116992
0.000116628
0.000115715
0.000114419
0.000113479
0.000113306
0.000112941
0.000111217
0.000109521
0.000110022
0.000110426
0.000106882
0.000102169
0.000102662
0.000106738
0.00010659
0.000101537
9.7237e-05
9.80438e-05
0.000101978
0.000102298
9.69001e-05
9.29052e-05
9.54002e-05
9.93526e-05
9.84823e-05
9.43152e-05
9.25719e-05
9.43312e-05
9.58923e-05
9.5393e-05
9.41288e-05
9.33827e-05
9.31679e-05
9.34302e-05
9.3932e-05
9.39413e-05
9.36924e-05
9.33229e-05
9.32636e-05
9.84012e-05
9.33698e-05
9.48288e-05
9.93023e-05
0.000100228
9.73475e-05
9.59013e-05
9.8175e-05
0.000100581
0.000100419
9.87645e-05
9.7944e-05
9.9329e-05
0.000101535
0.000102285
0.000101817
0.00010194
0.000103096
0.000104125
0.000104625
0.000105328
0.000106324
0.000107306
0.000108223
0.000109213
0.000110196
0.000111107
0.000112038
0.000112983
0.000113861
0.000114701
0.000115537
0.000116282
0.000116875
0.000117394
0.00011788
0.00011815
0.000118079
0.000117916
0.000117864
0.000117762
0.000117515
0.000117038
0.00011606
0.000114771
0.00011406
0.000113944
0.000112448
0.000109281
0.000108491
0.000111445
0.000111705
0.000105096
9.9274e-05
0.000101903
0.000107252
0.000106399
0.000100236
9.52627e-05
9.73028e-05
0.000102341
0.000101336
9.46784e-05
9.16396e-05
9.52831e-05
9.89207e-05
9.71804e-05
9.32131e-05
9.21239e-05
9.36363e-05
9.46025e-05
9.41218e-05
9.33943e-05
9.29532e-05
9.26797e-05
9.27019e-05
9.28795e-05
9.30792e-05
9.29385e-05
9.26612e-05
0.000100447
9.61531e-05
9.21994e-05
9.45599e-05
9.86417e-05
9.8844e-05
9.61946e-05
9.54711e-05
9.74482e-05
9.94659e-05
9.9648e-05
9.8366e-05
9.78182e-05
9.92487e-05
0.000101141
0.000101794
0.000101799
0.000102457
0.000103526
0.000104268
0.000104983
0.000106022
0.000107166
0.000108198
0.000109246
0.000110344
0.000111377
0.000112375
0.000113406
0.000114413
0.000115359
0.000116294
0.000117171
0.000117822
0.000118275
0.000118803
0.000119377
0.000119547
0.00011929
0.000119098
0.00011901
0.000118729
0.000118211
0.000117297
0.000115851
0.00011477
0.000115291
0.00011543
0.00011148
0.000106283
0.000107528
0.000113543
0.000112575
0.000102786
9.70586e-05
0.000101521
0.000106966
0.000105945
9.81101e-05
9.31031e-05
9.71421e-05
0.00010265
0.000100002
9.27636e-05
9.08512e-05
9.51009e-05
9.78767e-05
9.55562e-05
9.21991e-05
9.16998e-05
9.2966e-05
9.34379e-05
9.29722e-05
9.25369e-05
9.22803e-05
9.20425e-05
9.18664e-05
9.20011e-05
9.2183e-05
9.20864e-05
9.73958e-05
9.90139e-05
9.39905e-05
9.1457e-05
9.42936e-05
9.76649e-05
9.74152e-05
9.54499e-05
9.49845e-05
9.65222e-05
9.84347e-05
9.88847e-05
9.80612e-05
9.80112e-05
9.94454e-05
0.000100864
0.000101394
0.00010192
0.000102971
0.00010398
0.000104774
0.000105744
0.000106951
0.000108129
0.00010926
0.000110459
0.00011166
0.000112795
0.000113919
0.00011503
0.000116055
0.000117053
0.000118119
0.000119044
0.000119534
0.000119859
0.000120505
0.000121108
0.000120995
0.000120487
0.000120227
0.000120182
0.000120066
0.000119375
0.000117394
0.000114668
0.000114396
0.000117483
0.0001174
0.000109453
0.000102517
0.000107281
0.000115863
0.000112529
0.000100488
9.57054e-05
0.000100668
0.000107509
0.000105192
9.54392e-05
9.13203e-05
9.73549e-05
0.000102488
9.82482e-05
9.10782e-05
9.03692e-05
9.46985e-05
9.65387e-05
9.39819e-05
9.12657e-05
9.11616e-05
9.21187e-05
9.22919e-05
9.18965e-05
9.16313e-05
9.15071e-05
9.12326e-05
9.10381e-05
9.11343e-05
9.12534e-05
9.16587e-05
9.71319e-05
9.67745e-05
9.24284e-05
9.10664e-05
9.38224e-05
9.63076e-05
9.62325e-05
9.49409e-05
9.45455e-05
9.58659e-05
9.76368e-05
9.81304e-05
9.78034e-05
9.83407e-05
9.97243e-05
0.000100737
0.000101344
0.00010229
0.0001035
0.000104542
0.000105541
0.000106753
0.000108055
0.000109295
0.000110561
0.00011189
0.000113197
0.000114477
0.000115757
0.00011692
0.00011791
0.00011899
0.000120254
0.000121149
0.000121358
0.00012165
0.000122534
0.000123109
0.00012264
0.000121645
0.000120962
0.000121191
0.000121955
0.000121247
0.000116922
0.000112147
0.00011412
0.000120887
0.000119193
0.000105995
9.86619e-05
0.000107729
0.000117465
0.000111563
9.92854e-05
9.45254e-05
0.000100784
0.000108106
0.000103623
9.24605e-05
9.00706e-05
9.7623e-05
0.000101701
9.62133e-05
8.96393e-05
8.98951e-05
9.39267e-05
9.50332e-05
9.25462e-05
9.04464e-05
9.04663e-05
9.11011e-05
9.11116e-05
9.0802e-05
9.06998e-05
9.06129e-05
9.0363e-05
9.01934e-05
9.02443e-05
8.81914e-05
9.13125e-05
9.5761e-05
9.47168e-05
9.13983e-05
9.09026e-05
9.30139e-05
9.49486e-05
9.52436e-05
9.44197e-05
9.42345e-05
9.55516e-05
9.70392e-05
9.74604e-05
9.7666e-05
9.86827e-05
9.99553e-05
0.000100817
0.00010167
0.000102876
0.000104144
0.000105294
0.000106537
0.000107944
0.000109349
0.000110718
0.000112133
0.000113567
0.000114984
0.000116465
0.000117932
0.000119074
0.000119989
0.000121275
0.000122792
0.000123464
0.000123271
0.000123593
0.000124757
0.000125493
0.000124729
0.000122602
0.000120942
0.000121928
0.000124839
0.000123743
0.00011513
0.00010823
0.000114553
0.000125389
0.000120086
0.000101612
9.55443e-05
0.000108153
0.000117103
0.000109945
9.68857e-05
9.22345e-05
0.000101102
0.00010843
0.000101259
8.96128e-05
8.9303e-05
9.76065e-05
0.000100352
9.42616e-05
8.85082e-05
8.92637e-05
9.27585e-05
9.33578e-05
9.12438e-05
8.96744e-05
8.96625e-05
8.99911e-05
8.98811e-05
8.96813e-05
8.96717e-05
8.96353e-05
8.94471e-05
8.93103e-05
8.96508e-05
8.68787e-05
9.07915e-05
9.38866e-05
9.2803e-05
9.07852e-05
9.0588e-05
9.21048e-05
9.38167e-05
9.43016e-05
9.38303e-05
9.40848e-05
9.54537e-05
9.65899e-05
9.70284e-05
9.77226e-05
9.89863e-05
0.000100172
0.000101128
0.00010227
0.00010364
0.000104972
0.000106285
0.000107753
0.000109322
0.000110876
0.000112436
0.000114008
0.000115513
0.000117064
0.000118844
0.000120483
0.000121455
0.000122323
0.000124028
0.000125794
0.000126062
0.000125326
0.000125441
0.000127007
0.000128512
0.000127363
0.000123065
0.000119664
0.000122728
0.000129246
0.000126381
0.000111254
0.000103231
0.000116083
0.000130005
0.00011969
9.7554e-05
9.38895e-05
0.000107557
0.000115372
0.000108213
9.31708e-05
9.02185e-05
0.000101846
0.00010802
9.83614e-05
8.71702e-05
8.87077e-05
9.69166e-05
9.85616e-05
9.25113e-05
8.7628e-05
8.84926e-05
9.12271e-05
9.15437e-05
8.9953e-05
8.88435e-05
8.87744e-05
8.88548e-05
8.86724e-05
8.85188e-05
8.85572e-05
8.85795e-05
8.84598e-05
9.22774e-05
8.74241e-05
8.67035e-05
8.99773e-05
9.18504e-05
9.13702e-05
9.02585e-05
9.01133e-05
9.13885e-05
9.29188e-05
9.33528e-05
9.32675e-05
9.40258e-05
9.5371e-05
9.62739e-05
9.69043e-05
9.79622e-05
9.93012e-05
0.000100489
0.000101659
0.000103063
0.000104569
0.000106024
0.000107535
0.000109196
0.000110924
0.000112686
0.000114505
0.000116215
0.000117743
0.000119534
0.000121756
0.00012344
0.000124037
0.00012495
0.000127247
0.000129315
0.000129197
0.00012745
0.000126772
0.000129318
0.000132485
0.000130583
0.000122229
0.000116693
0.000124251
0.000135615
0.000128468
0.000105249
9.80152e-05
0.00011815
0.000133138
0.000118001
9.52916e-05
9.34902e-05
0.000106366
0.000115837
0.000105844
8.9085e-05
8.89547e-05
0.000102515
0.000106756
9.54431e-05
8.53416e-05
8.79739e-05
9.55108e-05
9.64297e-05
9.09796e-05
8.70071e-05
8.76209e-05
8.95166e-05
8.96589e-05
8.85717e-05
8.78563e-05
8.77696e-05
8.77187e-05
8.74805e-05
8.73321e-05
8.73918e-05
8.74479e-05
9.12119e-05
8.99298e-05
8.63606e-05
8.66465e-05
8.86906e-05
9.01148e-05
9.0207e-05
8.95615e-05
8.96233e-05
9.09117e-05
9.21613e-05
9.25076e-05
9.28573e-05
9.39707e-05
9.5229e-05
9.6106e-05
9.7033e-05
9.83308e-05
9.9705e-05
0.000100988
0.000102398
0.000104018
0.000105679
0.000107323
0.000109058
0.000110891
0.000112789
0.000114862
0.000117004
0.000118753
0.00012028
0.000122556
0.000125356
0.000126867
0.000126893
0.00012781
0.00013076
0.000133587
0.000133112
0.000129114
0.000127453
0.000131972
0.000137978
0.000134106
0.000118937
0.000111792
0.000127119
0.000143472
0.000129441
9.8215e-05
9.38022e-05
0.000119652
0.000133173
0.000115423
9.44134e-05
9.25784e-05
0.000107573
0.000116239
0.000102295
8.51516e-05
8.81708e-05
0.000102449
0.000104722
9.29377e-05
8.4121e-05
8.69704e-05
9.34108e-05
9.38994e-05
8.95103e-05
8.64307e-05
8.66945e-05
8.78146e-05
8.7808e-05
8.70931e-05
8.66716e-05
8.66463e-05
8.65534e-05
8.62877e-05
8.61338e-05
8.61973e-05
8.66289e-05
8.96321e-05
8.76207e-05
8.59676e-05
8.61174e-05
8.74424e-05
8.87812e-05
8.90602e-05
8.87177e-05
8.91796e-05
9.05042e-05
9.1471e-05
9.18813e-05
9.26325e-05
9.39037e-05
9.5093e-05
9.61031e-05
9.73267e-05
9.87943e-05
0.000100246
0.000101694
0.000103332
0.000105147
0.000107001
0.000108905
0.000110885
0.000112861
0.000114999
0.000117566
0.000120029
0.000121611
0.000123188
0.000126274
0.000129767
0.000130987
0.000130158
0.0001306
0.000134526
0.000139145
0.000137344
0.000130017
0.000126835
0.000135379
0.000145987
0.000137474
0.000112454
0.000105292
0.000131057
0.000151298
0.000128894
9.21422e-05
9.17893e-05
0.000119515
0.0001297
0.000112757
9.07427e-05
8.99256e-05
0.000108771
0.000115515
9.80412e-05
8.19003e-05
8.73858e-05
0.000101162
0.000102034
9.09504e-05
8.34537e-05
8.5889e-05
9.08326e-05
9.11272e-05
8.79155e-05
8.56772e-05
8.56729e-05
8.62028e-05
8.60525e-05
8.55418e-05
8.53302e-05
8.53868e-05
8.53097e-05
8.50537e-05
8.49194e-05
8.26711e-05
8.60033e-05
8.69439e-05
8.61971e-05
8.53298e-05
8.53183e-05
8.64857e-05
8.769e-05
8.79077e-05
8.78997e-05
8.87529e-05
9.00217e-05
9.08393e-05
9.14728e-05
9.25334e-05
9.38544e-05
9.50526e-05
9.62635e-05
9.77342e-05
9.93508e-05
0.000100941
0.0001026
0.000104462
0.00010647
0.000108586
0.000110841
0.000113045
0.000115121
0.000117704
0.000121026
0.000123692
0.000124849
0.000126546
0.000130688
0.000135163
0.000136208
0.000133676
0.000132885
0.000139331
0.000146583
0.000141847
0.000128674
0.00012382
0.000140384
0.000156838
0.000140272
0.000103276
9.81903e-05
0.000135038
0.000156528
0.000126614
8.88997e-05
9.20484e-05
0.000117276
0.000126702
0.000108743
8.49128e-05
8.82971e-05
0.000109823
0.000113561
9.40604e-05
7.97138e-05
8.62875e-05
9.85907e-05
9.87609e-05
8.9267e-05
8.3182e-05
8.47707e-05
8.81695e-05
8.83114e-05
8.61376e-05
8.46221e-05
8.45004e-05
8.4683e-05
8.4408e-05
8.39826e-05
8.38896e-05
8.40123e-05
8.39621e-05
8.37516e-05
8.18928e-05
8.24502e-05
8.40795e-05
8.49897e-05
8.49385e-05
8.43111e-05
8.44897e-05
8.57037e-05
8.66665e-05
8.68516e-05
8.72198e-05
8.83062e-05
8.94684e-05
9.02969e-05
9.12117e-05
9.24877e-05
9.38519e-05
9.51422e-05
9.6566e-05
9.82416e-05
0.000100014
0.000101799
0.00010371
0.000105792
0.000108028
0.000110556
0.000113255
0.000115548
0.000117714
0.000121115
0.000125477
0.000128194
0.000128677
0.000130319
0.000135727
0.000142059
0.000142784
0.000136457
0.00013458
0.000146582
0.000155411
0.000147029
0.000123459
0.000118228
0.000146897
0.0001697
0.000142075
9.31909e-05
9.23822e-05
0.00013765
0.000156869
0.000123043
8.91299e-05
9.21166e-05
0.000116509
0.000126618
0.000103324
7.92609e-05
8.73278e-05
0.000109519
0.000110466
9.09556e-05
7.86649e-05
8.49001e-05
9.50457e-05
9.4959e-05
8.75968e-05
8.28792e-05
8.36385e-05
8.56709e-05
8.56375e-05
8.42055e-05
8.32342e-05
8.3149e-05
8.31716e-05
8.28241e-05
8.24381e-05
8.24029e-05
8.25423e-05
8.25101e-05
8.24389e-05
8.1248e-05
8.14418e-05
8.2462e-05
8.35551e-05
8.35523e-05
8.31515e-05
8.36871e-05
8.48917e-05
8.56337e-05
8.59433e-05
8.66536e-05
8.78299e-05
8.89204e-05
8.98661e-05
9.10325e-05
9.24611e-05
9.39045e-05
9.53452e-05
9.69835e-05
9.88476e-05
0.000100804
0.000102853
0.000105043
0.00010732
0.000109906
0.000113122
0.000116286
0.000118422
0.000120737
0.0001254
0.000131125
0.000133934
0.000133268
0.000134202
0.000141737
0.000151593
0.00015019
0.000136989
0.000136152
0.000154042
0.000169475
0.000152078
0.000114387
0.000110047
0.000153933
0.000182052
0.000142093
8.4938e-05
8.96007e-05
0.000137295
0.000151512
0.000119155
8.72737e-05
9.07332e-05
0.000118862
0.000125466
9.71722e-05
7.49182e-05
8.62704e-05
0.000107163
0.00010637
8.86955e-05
7.84864e-05
8.34072e-05
9.10074e-05
9.09076e-05
8.56474e-05
8.22115e-05
8.2391e-05
8.34168e-05
8.31987e-05
8.2192e-05
8.15986e-05
8.16087e-05
8.15941e-05
8.12385e-05
8.08984e-05
8.08864e-05
8.09969e-05
8.15e-05
8.10631e-05
8.02987e-05
8.01442e-05
8.12823e-05
8.22209e-05
8.21274e-05
8.20544e-05
8.28783e-05
8.39714e-05
8.4612e-05
8.51512e-05
8.61181e-05
8.73263e-05
8.84248e-05
8.95319e-05
9.08973e-05
9.24474e-05
9.40028e-05
9.56328e-05
9.74935e-05
9.95548e-05
0.000101773
0.000104184
0.000106607
0.000109034
0.000112269
0.000116564
0.000120131
0.000121823
0.000124325
0.00013062
0.000138378
0.000141444
0.000138216
0.000137603
0.000150077
0.000165019
0.000157134
0.000134858
0.000135122
0.000164789
0.000187063
0.000157227
0.000102326
0.000100653
0.000160032
0.000190095
0.000139729
8.10591e-05
9.02612e-05
0.000133009
0.000142557
0.000112425
7.96037e-05
8.83172e-05
0.000120173
0.000122344
9.17006e-05
7.24417e-05
8.46944e-05
0.000102841
0.00010144
8.68648e-05
7.87292e-05
8.195e-05
8.70745e-05
8.69445e-05
8.34152e-05
8.10419e-05
8.09342e-05
8.13425e-05
8.09772e-05
8.01974e-05
7.98274e-05
7.99176e-05
7.99123e-05
7.96038e-05
7.93388e-05
7.9332e-05
7.89698e-05
7.97711e-05
7.97208e-05
7.87867e-05
7.89806e-05
8.0167e-05
8.08271e-05
8.0768e-05
8.10554e-05
8.20186e-05
8.29832e-05
8.36447e-05
8.44199e-05
8.55538e-05
8.67958e-05
8.797e-05
8.92504e-05
9.07812e-05
9.24415e-05
9.4136e-05
9.59849e-05
9.80676e-05
0.000100382
0.000103057
0.000105926
0.000108397
0.000110951
0.000115314
0.000121131
0.000125071
0.000126044
0.000128468
0.000137021
0.000148316
0.000151142
0.000142022
0.000140157
0.000162666
0.000182653
0.000163557
0.000131107
0.000130266
0.000176342
0.000207013
0.0001618
8.97175e-05
9.27862e-05
0.000163175
0.00019036
0.000135137
8.25266e-05
9.21971e-05
0.000129733
0.000140801
0.000104588
7.17501e-05
8.70716e-05
0.00011927
0.000117525
8.78188e-05
7.1838e-05
8.28298e-05
9.72932e-05
9.59492e-05
8.49673e-05
7.87715e-05
8.04764e-05
8.35353e-05
8.3302e-05
8.098e-05
7.93996e-05
7.9228e-05
7.93335e-05
7.88974e-05
7.82439e-05
7.79958e-05
7.81129e-05
7.81177e-05
7.78923e-05
7.77166e-05
7.65967e-05
7.71651e-05
7.83741e-05
7.79403e-05
7.72951e-05
7.78672e-05
7.893e-05
7.93776e-05
7.94947e-05
8.00791e-05
8.1081e-05
8.19785e-05
8.27379e-05
8.37028e-05
8.49394e-05
8.62262e-05
8.75113e-05
8.89724e-05
9.06594e-05
9.24423e-05
9.43191e-05
9.63812e-05
9.86451e-05
0.000101386
0.000104878
0.000108245
0.000110455
0.000113165
0.000119164
0.000127046
0.000131564
0.000131071
0.000132791
0.000145526
0.00016308
0.000162899
0.000142871
0.000142369
0.000180187
0.000204296
0.000173808
0.000121956
0.000121347
0.000187162
0.000225443
0.000164071
8.0175e-05
8.90972e-05
0.000161578
0.000181709
0.000129737
8.27874e-05
9.34395e-05
0.000133447
0.000138936
9.57595e-05
6.60875e-05
8.55912e-05
0.000115067
0.000111178
8.51654e-05
7.23577e-05
8.08301e-05
9.13715e-05
9.03585e-05
8.26899e-05
7.82002e-05
7.88341e-05
8.04085e-05
8.00456e-05
7.84672e-05
7.74216e-05
7.72978e-05
7.72995e-05
7.68708e-05
7.6325e-05
7.61427e-05
7.62373e-05
7.62392e-05
7.6096e-05
7.5309e-05
7.45289e-05
7.5943e-05
7.6673e-05
7.61316e-05
7.59241e-05
7.66983e-05
7.75645e-05
7.79347e-05
7.82738e-05
7.90503e-05
8.00571e-05
8.09623e-05
8.18515e-05
8.29612e-05
8.42609e-05
8.5589e-05
8.69971e-05
8.86462e-05
9.05059e-05
9.24932e-05
9.46238e-05
9.67861e-05
9.91434e-05
0.000102662
0.000107462
0.000111305
0.000112943
0.000115829
0.000123953
0.00013504
0.000140123
0.000135994
0.00013631
0.000158003
0.000184869
0.000175925
0.000140409
0.000145004
0.000201677
0.000229146
0.00018574
0.000110352
0.000110652
0.000195116
0.00023637
0.000162428
7.66783e-05
9.02948e-05
0.000154511
0.000166754
0.000118627
7.34779e-05
8.94761e-05
0.000134752
0.000133759
8.82479e-05
6.35019e-05
8.34667e-05
0.00010815
0.000103863
8.30916e-05
7.32039e-05
7.88093e-05
8.58145e-05
8.51139e-05
8.00528e-05
7.69218e-05
7.69386e-05
7.75933e-05
7.71235e-05
7.59715e-05
7.52566e-05
7.52002e-05
7.51854e-05
7.48239e-05
7.44016e-05
7.42652e-05
7.43161e-05
7.43072e-05
7.44717e-05
7.2912e-05
7.32103e-05
7.45139e-05
7.48068e-05
7.44146e-05
7.45907e-05
7.54095e-05
7.61225e-05
7.65299e-05
7.706e-05
7.79376e-05
7.89439e-05
7.98989e-05
8.09258e-05
8.21576e-05
8.34952e-05
8.48516e-05
8.63727e-05
8.81887e-05
9.02926e-05
9.27113e-05
9.51719e-05
9.71622e-05
9.95281e-05
0.000104331
0.000110955
0.000115261
0.000115981
0.000118939
0.000130572
0.00014703
0.0001517
0.000139187
0.000138604
0.000176813
0.000214338
0.000189908
0.000136053
0.000148186
0.000216936
0.00025954
0.000198317
9.97663e-05
0.00010216
0.000197731
0.000234762
0.000156179
7.90591e-05
9.38194e-05
0.000148923
0.000160662
0.000106648
6.21273e-05
8.75534e-05
0.000132199
0.000125723
8.30953e-05
6.35971e-05
8.09245e-05
9.99237e-05
9.62663e-05
8.09897e-05
7.3582e-05
7.66975e-05
8.09082e-05
8.03791e-05
7.71541e-05
7.50255e-05
7.47862e-05
7.49563e-05
7.4443e-05
7.35437e-05
7.30262e-05
7.30049e-05
7.29888e-05
7.27183e-05
7.2426e-05
7.23313e-05
7.2348e-05
7.29229e-05
7.21119e-05
7.11389e-05
7.18958e-05
7.28407e-05
7.2915e-05
7.27741e-05
7.31949e-05
7.3982e-05
7.46316e-05
7.51369e-05
7.58089e-05
7.6729e-05
7.77224e-05
7.87314e-05
7.98984e-05
8.12517e-05
8.26311e-05
8.40176e-05
8.55768e-05
8.74647e-05
8.99946e-05
9.32447e-05
9.60617e-05
9.75044e-05
9.98757e-05
0.000106558
0.000115605
0.000120295
0.000118847
0.000121125
0.000139585
0.000165609
0.000166612
0.000139168
0.000140713
0.000202857
0.000250234
0.000205427
0.000134279
0.00014406
0.000232937
0.000286164
0.000207342
9.36605e-05
9.93741e-05
0.000192923
0.000219876
0.000145503
7.8839e-05
9.68121e-05
0.000153074
0.000156896
9.36939e-05
5.51426e-05
8.57419e-05
0.000124895
0.000115731
7.96696e-05
6.47949e-05
7.79582e-05
9.15479e-05
8.89959e-05
7.85591e-05
7.31616e-05
7.44743e-05
7.66694e-05
7.61827e-05
7.41118e-05
7.26763e-05
7.23942e-05
7.23675e-05
7.18845e-05
7.11751e-05
7.07904e-05
7.07696e-05
7.07426e-05
7.05561e-05
7.03765e-05
7.03203e-05
7.02577e-05
7.09963e-05
6.98446e-05
6.95753e-05
7.03907e-05
7.10178e-05
7.10651e-05
7.11571e-05
7.16903e-05
7.24298e-05
7.30804e-05
7.37005e-05
7.44803e-05
7.54052e-05
7.63515e-05
7.73882e-05
7.8686e-05
8.01863e-05
8.16993e-05
8.31529e-05
8.45459e-05
8.63327e-05
8.96131e-05
9.41728e-05
9.72632e-05
9.7753e-05
0.000100221
0.000109718
0.000122514
0.0001272
0.000120405
0.000121265
0.000152983
0.000193295
0.000184515
0.000136718
0.000144365
0.000233834
0.000288049
0.00022491
0.000137594
0.000136954
0.000243044
0.000299335
0.000208546
9.46678e-05
0.000102814
0.000182738
0.000198716
0.000127129
6.49876e-05
9.01306e-05
0.00015304
0.000146906
8.2567e-05
5.29166e-05
8.32018e-05
0.000114545
0.000105427
7.73164e-05
6.60526e-05
7.47285e-05
8.37398e-05
8.22669e-05
7.56414e-05
7.1875e-05
7.21044e-05
7.30206e-05
7.25006e-05
7.10886e-05
7.00888e-05
6.98448e-05
6.97614e-05
6.93556e-05
6.88224e-05
6.85451e-05
6.85115e-05
6.84702e-05
6.83499e-05
6.82544e-05
6.72455e-05
6.87827e-05
6.85836e-05
6.7823e-05
6.79604e-05
6.86678e-05
6.91111e-05
6.92437e-05
6.95044e-05
7.00701e-05
7.07602e-05
7.14297e-05
7.21621e-05
7.3039e-05
7.39443e-05
7.47964e-05
7.57919e-05
7.71533e-05
7.88702e-05
8.07633e-05
8.2339e-05
8.32216e-05
8.47519e-05
8.92389e-05
9.5531e-05
9.86064e-05
9.74304e-05
9.99103e-05
0.000114198
0.000133583
0.000136794
0.000119144
0.000118944
0.000173155
0.000230426
0.000206085
0.000135955
0.000152035
0.000264024
0.000323252
0.000254763
0.000137035
0.000132244
0.000242647
0.000290229
0.000198531
9.83311e-05
0.000107705
0.000179523
0.000187681
0.000109227
4.91426e-05
8.83571e-05
0.000147453
0.000132769
7.46764e-05
5.31971e-05
7.90887e-05
0.00010276
9.56727e-05
7.54435e-05
6.6891e-05
7.16129e-05
7.69819e-05
7.61959e-05
7.22368e-05
6.9733e-05
6.94874e-05
6.97248e-05
6.91941e-05
6.81592e-05
6.74335e-05
6.72376e-05
6.71409e-05
6.68252e-05
6.6454e-05
6.62665e-05
6.62228e-05
6.61757e-05
6.61065e-05
6.48671e-05
6.5801e-05
6.66405e-05
6.62763e-05
6.59055e-05
6.62044e-05
6.67678e-05
6.71475e-05
6.73973e-05
6.77728e-05
6.83315e-05
6.89528e-05
6.96176e-05
7.04523e-05
7.14393e-05
7.23416e-05
7.30741e-05
7.38782e-05
7.51273e-05
7.71994e-05
7.9848e-05
8.1532e-05
8.14917e-05
8.27784e-05
8.91488e-05
9.76837e-05
0.000100137
9.54629e-05
9.74882e-05
0.000120676
0.000151164
0.000149377
0.00011423
0.00011667
0.00020102
0.000276092
0.000234537
0.000146022
0.000164932
0.000287596
0.000351963
0.000273323
0.000142107
0.000134637
0.000229859
0.000260951
0.000176909
8.83367e-05
0.000104391
0.000177149
0.000177182
8.72932e-05
4.05968e-05
8.74003e-05
0.000136438
0.000118305
7.03187e-05
5.44111e-05
7.36384e-05
9.06197e-05
8.63737e-05
7.31486e-05
6.69051e-05
6.88213e-05
7.15464e-05
7.10076e-05
6.86529e-05
6.70119e-05
6.66377e-05
6.65893e-05
6.60981e-05
6.53157e-05
6.47858e-05
6.46291e-05
6.45281e-05
6.42962e-05
6.40595e-05
6.39407e-05
6.38947e-05
6.38552e-05
6.33258e-05
6.29821e-05
6.39664e-05
6.43379e-05
6.40719e-05
6.39771e-05
6.42917e-05
6.47407e-05
6.51137e-05
6.5473e-05
6.59375e-05
6.64671e-05
6.6972e-05
6.75659e-05
6.84625e-05
6.95913e-05
7.06081e-05
7.12535e-05
7.1608e-05
7.24948e-05
7.51518e-05
7.88979e-05
8.04432e-05
7.89551e-05
8.02083e-05
8.96915e-05
0.000101675
0.000102242
9.00847e-05
9.10127e-05
0.000129958
0.000176357
0.00016383
0.000105869
0.000115211
0.000233895
0.000326904
0.000277355
0.000174928
0.000183574
0.000295583
0.000363108
0.000275898
0.000151283
0.000140884
0.000212134
0.000230967
0.000144529
6.28401e-05
9.48343e-05
0.000176115
0.000157055
6.81292e-05
3.73568e-05
8.31553e-05
0.000121699
0.000105689
6.90618e-05
5.64456e-05
6.83689e-05
7.9483e-05
7.75187e-05
6.97363e-05
6.55619e-05
6.5983e-05
6.71035e-05
6.66133e-05
6.51354e-05
6.40267e-05
6.36729e-05
6.35337e-05
6.31127e-05
6.25321e-05
6.21592e-05
6.20327e-05
6.19332e-05
6.17743e-05
6.16379e-05
6.15655e-05
6.15263e-05
6.1934e-05
6.09236e-05
6.11862e-05
6.18302e-05
6.19963e-05
6.19034e-05
6.19622e-05
6.22438e-05
6.26023e-05
6.297e-05
6.34221e-05
6.39796e-05
6.44781e-05
6.48099e-05
6.52108e-05
6.60405e-05
6.73509e-05
6.87275e-05
6.93461e-05
6.89226e-05
6.93024e-05
7.29289e-05
7.79718e-05
7.86676e-05
7.47009e-05
7.60591e-05
9.11256e-05
0.000109206
0.000105524
7.93342e-05
7.92204e-05
0.000142228
0.000207934
0.000181194
0.000101629
0.000122112
0.000273099
0.000387889
0.000342643
0.000220688
0.00021433
0.000305482
0.000343671
0.000253181
0.000145664
0.000135796
0.000203942
0.000210867
0.000109482
3.31133e-05
9.45448e-05
0.00016753
0.000134679
5.65691e-05
3.59242e-05
7.40259e-05
0.000103748
9.34919e-05
6.84957e-05
5.87002e-05
6.45972e-05
7.08572e-05
6.99972e-05
6.57038e-05
6.30978e-05
6.29156e-05
6.32315e-05
6.27684e-05
6.17613e-05
6.09842e-05
6.06979e-05
6.05434e-05
6.02032e-05
5.97956e-05
5.95482e-05
5.94446e-05
5.93555e-05
5.92585e-05
5.91889e-05
5.91458e-05
5.99024e-05
5.93058e-05
5.88573e-05
5.91607e-05
5.95174e-05
5.96428e-05
5.96919e-05
5.98383e-05
6.00783e-05
6.03365e-05
6.0654e-05
6.11706e-05
6.18486e-05
6.23694e-05
6.25159e-05
6.25377e-05
6.30557e-05
6.45979e-05
6.66085e-05
6.71269e-05
6.55745e-05
6.56099e-05
7.10058e-05
7.75874e-05
7.60966e-05
6.72475e-05
6.83388e-05
9.31951e-05
0.000121792
0.000110013
6.23004e-05
6.17696e-05
0.000153767
0.000239727
0.000200968
0.000109434
0.000147245
0.00032705
0.000466105
0.00039764
0.000299995
0.000269848
0.000308197
0.000294635
0.000200941
0.0001035
0.000114915
0.00019969
0.000192428
6.41548e-05
1.67259e-05
9.25306e-05
0.000151667
0.000118324
5.50573e-05
3.8121e-05
6.4079e-05
8.51985e-05
8.04993e-05
6.56841e-05
5.90415e-05
6.13643e-05
6.44114e-05
6.39329e-05
6.16012e-05
6.00136e-05
5.9677e-05
5.9672e-05
5.9257e-05
5.85291e-05
5.79812e-05
5.77663e-05
5.76203e-05
5.73633e-05
5.71013e-05
5.69463e-05
5.68607e-05
5.67916e-05
5.67424e-05
5.67119e-05
5.7123e-05
5.7363e-05
5.68638e-05
5.67422e-05
5.69259e-05
5.71188e-05
5.72467e-05
5.73959e-05
5.76128e-05
5.78174e-05
5.79347e-05
5.8105e-05
5.86046e-05
5.94256e-05
6.01131e-05
6.01457e-05
5.95663e-05
5.95223e-05
6.1419e-05
6.41651e-05
6.41125e-05
6.08484e-05
6.10708e-05
6.98464e-05
7.89594e-05
7.33057e-05
5.51191e-05
5.44547e-05
9.50023e-05
0.000138825
0.000115119
4.13316e-05
3.93056e-05
0.000158349
0.000263301
0.000218201
0.000157303
0.000185459
0.000410906
0.000493304
0.000461385
0.000343933
0.000263319
0.000256848
0.000223489
0.000127785
3.47623e-05
8.84495e-05
0.000203368
0.000153993
2.86751e-05
5.37261e-06
7.71633e-05
0.00012651
0.0001039
5.88607e-05
4.44404e-05
5.84654e-05
7.11933e-05
6.93865e-05
6.14663e-05
5.74239e-05
5.80853e-05
5.93581e-05
5.90025e-05
5.76911e-05
5.67045e-05
5.64006e-05
5.63057e-05
5.59545e-05
5.54251e-05
5.50521e-05
5.48946e-05
5.47659e-05
5.45915e-05
5.44433e-05
5.43497e-05
5.42821e-05
5.42377e-05
5.42196e-05
5.42092e-05
5.47992e-05
5.46962e-05
5.44949e-05
5.44709e-05
5.45526e-05
5.46418e-05
5.47559e-05
5.49742e-05
5.52813e-05
5.54885e-05
5.54321e-05
5.53106e-05
5.56085e-05
5.65503e-05
5.76026e-05
5.75995e-05
5.62123e-05
5.5627e-05
5.82446e-05
6.16649e-05
5.98159e-05
5.35552e-05
5.44243e-05
6.93283e-05
8.34101e-05
7.15885e-05
3.72781e-05
3.29017e-05
9.39763e-05
0.000155681
0.000119762
1.8038e-05
9.12606e-06
0.00014474
0.000223277
0.000294995
0.000283223
0.000669025
0.000703954
0.000755333
0.000719039
0.000307714
0.000203016
0.000187669
0.000208739
6.55889e-05
-2.35206e-05
0.00010081
0.000196941
0.000128925
2.17541e-05
2.85871e-06
5.60692e-05
9.44937e-05
8.44593e-05
5.78801e-05
4.79913e-05
5.46436e-05
6.13921e-05
6.08162e-05
5.68509e-05
5.46026e-05
5.46512e-05
5.51106e-05
5.48308e-05
5.40338e-05
5.34012e-05
5.31851e-05
5.30849e-05
5.28048e-05
5.24402e-05
5.22023e-05
5.20845e-05
5.19811e-05
5.18818e-05
5.18126e-05
5.17578e-05
5.17111e-05
5.16894e-05
5.1682e-05
5.20133e-05
5.21759e-05
5.21218e-05
5.20703e-05
5.2078e-05
5.20908e-05
5.20781e-05
5.21179e-05
5.23527e-05
5.2783e-05
5.30891e-05
5.28987e-05
5.23309e-05
5.2168e-05
5.31762e-05
5.46944e-05
5.44633e-05
5.20628e-05
5.13758e-05
5.57989e-05
5.99289e-05
5.4366e-05
4.25642e-05
4.37698e-05
6.80847e-05
9.1711e-05
7.12972e-05
1.46026e-05
4.23767e-06
8.49187e-05
0.000166119
0.000120721
-8.1174e-06
-1.9391e-05
3.28164e-05
0.00035015
0.136838
0.0630844
0.0623821
0.0624347
0.0629294
0.13671
0.000210772
5.49686e-05
0.000208131
0.00016945
-3.27773e-05
-5.79965e-05
8.55808e-05
0.0001658
0.000116926
3.73043e-05
1.78083e-05
4.76751e-05
7.16597e-05
6.80352e-05
5.40519e-05
4.83197e-05
5.11576e-05
5.44793e-05
5.431e-05
5.24297e-05
5.12549e-05
5.11676e-05
5.13412e-05
5.1134e-05
5.06137e-05
5.02088e-05
5.00763e-05
4.99901e-05
4.97872e-05
4.95654e-05
4.94258e-05
4.9337e-05
4.92654e-05
4.92242e-05
4.92016e-05
4.91726e-05
4.91473e-05
4.94547e-05
4.94213e-05
4.95358e-05
4.95522e-05
4.9537e-05
4.95606e-05
4.96042e-05
4.95864e-05
4.94551e-05
4.93105e-05
4.94409e-05
4.99844e-05
5.05328e-05
5.03305e-05
4.92175e-05
4.84549e-05
4.96208e-05
5.14069e-05
5.02285e-05
4.61286e-05
4.62374e-05
5.43997e-05
5.99598e-05
4.86677e-05
2.7894e-05
2.6947e-05
6.42439e-05
0.000101473
7.15694e-05
-8.53381e-06
-3.2451e-05
6.40757e-05
0.000162602
0.000116302
-2.43546e-05
-0.000106691
8.3178e-05
0.452219
15606.6
15570.9
15571.2
15607.4
0.470573
7.71656e-05
-3.97217e-05
4.07951e-05
0.000254104
0.000122837
-6.84729e-05
-7.45676e-05
3.49783e-05
0.00010539
8.5954e-05
4.08901e-05
2.79766e-05
4.33291e-05
5.6779e-05
5.58826e-05
4.9404e-05
4.64457e-05
4.76906e-05
4.92578e-05
4.92549e-05
4.84044e-05
4.7814e-05
4.77724e-05
4.78849e-05
4.77449e-05
4.7403e-05
4.71611e-05
4.70854e-05
4.7015e-05
4.68929e-05
4.67863e-05
4.67143e-05
4.66529e-05
4.66148e-05
4.66098e-05
4.66096e-05
4.65982e-05
4.71541e-05
4.70198e-05
4.7007e-05
4.69678e-05
4.69002e-05
4.68755e-05
4.69352e-05
4.70444e-05
4.70778e-05
4.6842e-05
4.63871e-05
4.62045e-05
4.67642e-05
4.76414e-05
4.74817e-05
4.57617e-05
4.47481e-05
4.64907e-05
4.84157e-05
4.46697e-05
3.75601e-05
3.91744e-05
5.34961e-05
6.20782e-05
4.51108e-05
1.15477e-05
2.16306e-06
5.42625e-05
0.000109304
7.63123e-05
-3.39916e-05
-7.811e-05
2.23241e-05
0.00014031
0.000119481
-5.67238e-05
-0.000239927
1.20593
70106.3
70072.5
70076.7
70123.8
1.33086
6.08764e-05
-5.70926e-05
-0.000237122
9.47404e-05
0.000252585
0.000134949
-1.259e-05
-3.59421e-05
2.46372e-05
6.88388e-05
6.19683e-05
3.92893e-05
3.23947e-05
4.00167e-05
4.6969e-05
4.75366e-05
4.479e-05
4.35607e-05
4.42024e-05
4.50231e-05
4.51359e-05
4.47722e-05
4.44985e-05
4.45423e-05
4.46579e-05
4.45769e-05
4.43777e-05
4.4256e-05
4.42111e-05
4.41621e-05
4.41134e-05
4.40877e-05
4.40611e-05
4.40291e-05
4.40194e-05
4.40314e-05
4.404e-05
4.46365e-05
4.45713e-05
4.45474e-05
4.44945e-05
4.43658e-05
4.42108e-05
4.41094e-05
4.41267e-05
4.43286e-05
4.45371e-05
4.42966e-05
4.34599e-05
4.27719e-05
4.32181e-05
4.4327e-05
4.37694e-05
4.14445e-05
4.06297e-05
4.44225e-05
4.68981e-05
3.8814e-05
2.53397e-05
2.60064e-05
4.89923e-05
7.07445e-05
5.0101e-05
-9.71574e-06
-3.22853e-05
3.38096e-05
0.000115854
8.25347e-05
-5.53261e-05
-0.000128801
-4.04144e-05
6.73663e-05
0.000111372
-0.000202958
10.4315
58419.1
58503.6
58503.8
58419.3
10.4396
6.73855e-05
0.00017834
-0.000393537
-0.000293816
-2.10997e-05
0.000121207
7.90669e-05
1.57726e-06
-1.1964e-05
2.21382e-05
4.75643e-05
4.61613e-05
3.57131e-05
3.28454e-05
3.69455e-05
4.09244e-05
4.15178e-05
4.06451e-05
4.03471e-05
4.08234e-05
4.14037e-05
4.16035e-05
4.14757e-05
4.13882e-05
4.1498e-05
4.16143e-05
4.15895e-05
4.15133e-05
4.14747e-05
4.14521e-05
4.14317e-05
4.14391e-05
4.14606e-05
4.1464e-05
4.14586e-05
4.14675e-05
4.14855e-05
4.2055e-05
4.19936e-05
4.19806e-05
4.19945e-05
4.1935e-05
4.1771e-05
4.15448e-05
4.12562e-05
4.10863e-05
4.13335e-05
4.18252e-05
4.1715e-05
4.05526e-05
3.93597e-05
3.98882e-05
4.10127e-05
3.93346e-05
3.48664e-05
3.4853e-05
4.32315e-05
4.87377e-05
3.59445e-05
1.10721e-05
5.19332e-06
4.04045e-05
8.07978e-05
5.74502e-05
-2.73658e-05
-7.11224e-05
4.06287e-06
0.000109314
8.39737e-05
-6.77281e-05
-0.000174885
-0.000153712
-7.19141e-05
-0.000173797
-0.00020574
-0.00041071
-0.000292844
-0.000366848
-0.00069079
-0.000593938
-0.000146647
0.000543271
0.00015287
-0.000143695
-0.00015298
-1.80663e-05
5.96186e-05
4.45111e-05
7.2728e-06
2.03224e-06
2.07948e-05
3.51939e-05
3.59913e-05
3.21402e-05
3.15512e-05
3.41002e-05
3.63642e-05
3.70926e-05
3.70795e-05
3.7201e-05
3.76716e-05
3.81994e-05
3.84493e-05
3.84558e-05
3.8491e-05
3.86292e-05
3.8735e-05
3.8766e-05
3.87831e-05
3.88009e-05
3.88028e-05
3.88155e-05
3.8858e-05
3.89013e-05
3.89226e-05
3.89347e-05
3.89546e-05
3.95685e-05
3.94607e-05
3.93441e-05
3.93204e-05
3.9342e-05
3.92994e-05
3.92239e-05
3.89886e-05
3.84253e-05
3.78713e-05
3.80169e-05
3.8782e-05
3.88193e-05
3.72022e-05
3.59162e-05
3.73142e-05
3.88635e-05
3.43496e-05
2.55302e-05
2.54118e-05
4.0579e-05
5.37623e-05
3.81331e-05
-3.42747e-06
-2.10256e-05
2.49708e-05
8.6859e-05
6.79259e-05
-3.93425e-05
-0.000106528
-3.28492e-05
8.57811e-05
8.37835e-05
-4.38881e-05
-0.000155687
-0.000152822
-0.000160039
-0.000230181
-0.000261735
-0.000201342
-0.000208639
-0.000355552
-0.000609806
-0.000804527
-8.25305e-05
0.000148755
5.07772e-05
-7.89069e-05
-8.22076e-05
-1.44625e-05
2.91763e-05
2.56295e-05
9.91203e-06
9.1898e-06
1.98188e-05
2.80163e-05
2.96645e-05
2.89585e-05
2.95505e-05
3.12953e-05
3.28335e-05
3.36435e-05
3.39763e-05
3.42833e-05
3.47801e-05
3.52841e-05
3.55563e-05
3.56604e-05
3.57776e-05
3.59162e-05
3.60159e-05
3.60931e-05
3.61712e-05
3.62253e-05
3.62556e-05
3.62973e-05
3.63567e-05
3.64061e-05
3.64332e-05
3.64603e-05
3.71232e-05
3.70948e-05
3.68935e-05
3.66853e-05
3.65983e-05
3.65063e-05
3.65034e-05
3.66656e-05
3.6567e-05
3.574e-05
3.46843e-05
3.46375e-05
3.55714e-05
3.52002e-05
3.26461e-05
3.16695e-05
3.57794e-05
3.90475e-05
3.0917e-05
1.45292e-05
1.09888e-05
3.39575e-05
6.05418e-05
4.51881e-05
-1.46617e-05
-4.92623e-05
2.11309e-06
8.52378e-05
7.5362e-05
-4.49259e-05
-0.000131657
-7.80301e-05
2.68074e-05
2.95005e-05
-6.98276e-05
-0.000135382
-0.00013935
-0.000167113
-0.000275819
-0.000240236
-3.36216e-05
0.00018682
0.000168067
-0.000376775
-0.000313796
-7.17718e-05
4.35145e-05
8.32437e-06
-4.76624e-05
-4.68422e-05
-1.03221e-05
1.45259e-05
1.59308e-05
1.08602e-05
1.24449e-05
1.8827e-05
2.37842e-05
2.56201e-05
2.62967e-05
2.73145e-05
2.86886e-05
2.99473e-05
3.07812e-05
3.12365e-05
3.16301e-05
3.21314e-05
3.25881e-05
3.28663e-05
3.30459e-05
3.32097e-05
3.33427e-05
3.3447e-05
3.35588e-05
3.36685e-05
3.37452e-05
3.38002e-05
3.3861e-05
3.39238e-05
3.39693e-05
3.40025e-05
3.45508e-05
3.46794e-05
3.46277e-05
3.43647e-05
3.41478e-05
3.38622e-05
3.34867e-05
3.3454e-05
3.39221e-05
3.40947e-05
3.30804e-05
3.16537e-05
3.17788e-05
3.28515e-05
3.10799e-05
2.60427e-05
2.52315e-05
3.39157e-05
4.17861e-05
3.11316e-05
4.01643e-06
-7.89786e-06
2.21583e-05
6.55137e-05
5.51432e-05
-2.04246e-05
-7.4411e-05
-2.37719e-05
7.33006e-05
7.49317e-05
-3.82651e-05
-0.000123706
-8.61091e-05
-1.72112e-05
-3.82772e-05
-0.000107516
-0.000115411
-9.67882e-05
-0.000192144
-0.000371034
-0.000409185
-0.000198864
0.000158325
-1.17747e-05
-0.000193164
-0.000172496
-6.00952e-05
1.60327e-06
-8.03588e-06
-3.06531e-05
-2.6916e-05
-6.36615e-06
8.17972e-06
1.1265e-05
1.10985e-05
1.35799e-05
1.77896e-05
2.1084e-05
2.29092e-05
2.40583e-05
2.51501e-05
2.63437e-05
2.74721e-05
2.82764e-05
2.87723e-05
2.9211e-05
2.96812e-05
3.00726e-05
3.03515e-05
3.05772e-05
3.0762e-05
3.08954e-05
3.10143e-05
3.11466e-05
3.12682e-05
3.13571e-05
3.14272e-05
3.14938e-05
3.15497e-05
3.15903e-05
3.19912e-05
3.20061e-05
3.21395e-05
3.20353e-05
3.19286e-05
3.17988e-05
3.12548e-05
3.04462e-05
3.0227e-05
3.09213e-05
3.12388e-05
2.98792e-05
2.84688e-05
2.98075e-05
3.17389e-05
2.75851e-05
1.7874e-05
1.54903e-05
2.96189e-05
4.58865e-05
3.56821e-05
-3.76212e-06
-2.82491e-05
5.50093e-06
6.52378e-05
6.36082e-05
-2.19339e-05
-9.15557e-05
-4.86119e-05
4.46877e-05
4.89012e-05
-4.60437e-05
-0.000105169
-7.23479e-05
-4.89763e-05
-0.000101942
-0.000140543
-6.85126e-05
1.63933e-05
-5.52491e-05
-0.000248159
-0.000360836
-0.000105239
2.35419e-05
-3.76222e-05
-0.000114949
-0.000104809
-4.82704e-05
-1.33398e-05
-1.32154e-05
-2.01809e-05
-1.52153e-05
-2.97913e-06
5.89273e-06
9.29333e-06
1.10637e-05
1.36883e-05
1.67161e-05
1.91912e-05
2.09219e-05
2.21407e-05
2.31792e-05
2.42573e-05
2.52682e-05
2.60045e-05
2.65145e-05
2.69675e-05
2.73829e-05
2.77157e-05
2.7991e-05
2.82343e-05
2.84239e-05
2.8565e-05
2.86996e-05
2.88396e-05
2.8961e-05
2.90527e-05
2.91256e-05
2.91859e-05
2.92308e-05
2.9751e-05
2.94837e-05
2.94882e-05
2.93703e-05
2.92579e-05
2.94618e-05
2.95609e-05
2.88551e-05
2.76084e-05
2.72049e-05
2.80143e-05
2.78831e-05
2.54203e-05
2.41517e-05
2.82162e-05
3.26372e-05
2.63139e-05
9.79344e-06
2.60561e-06
2.14127e-05
4.91175e-05
4.30062e-05
-7.33385e-06
-4.60641e-05
-1.29214e-05
5.87289e-05
6.58981e-05
-2.03772e-05
-9.21764e-05
-5.74801e-05
1.66682e-05
8.13091e-06
-6.42873e-05
-8.44866e-05
-4.96393e-05
-6.61224e-05
-0.000161137
-0.000206803
-0.000108716
1.72397e-05
-1.31907e-05
-0.000206192
-0.00021412
-9.17757e-05
-2.31081e-05
-4.38583e-05
-7.61948e-05
-6.83185e-05
-3.74074e-05
-1.68803e-05
-1.32801e-05
-1.32807e-05
-8.16052e-06
-3.73975e-07
5.42836e-06
8.62821e-06
1.09513e-05
1.33385e-05
1.56828e-05
1.77259e-05
1.93089e-05
2.04497e-05
2.14108e-05
2.23797e-05
2.32498e-05
2.39031e-05
2.44092e-05
2.48461e-05
2.52053e-05
2.54974e-05
2.57651e-05
2.60054e-05
2.61929e-05
2.63425e-05
2.64856e-05
2.66223e-05
2.67351e-05
2.682e-05
2.68845e-05
2.69312e-05
2.75982e-05
2.73822e-05
2.72696e-05
2.70124e-05
2.64774e-05
2.62876e-05
2.67761e-05
2.7189e-05
2.6411e-05
2.49486e-05
2.48446e-05
2.59816e-05
2.46127e-05
1.95981e-05
1.78156e-05
2.55686e-05
3.48258e-05
2.81631e-05
3.73978e-06
-1.16768e-05
9.55222e-06
4.90681e-05
4.9855e-05
-7.47388e-06
-5.80944e-05
-2.87162e-05
4.54649e-05
5.47685e-05
-2.42243e-05
-8.29798e-05
-5.09179e-05
-5.28201e-06
-3.3883e-05
-8.42951e-05
-6.7436e-05
-1.33966e-05
-3.86458e-05
-0.000152674
-0.000209016
-0.000113678
-4.71287e-06
-4.80338e-05
-0.000140436
-0.000140036
-7.66242e-05
-3.73787e-05
-4.19582e-05
-5.3425e-05
-4.60713e-05
-2.81088e-05
-1.55785e-05
-1.11513e-05
-8.44879e-06
-3.79393e-06
1.52365e-06
5.64946e-06
8.51864e-06
1.07923e-05
1.28246e-05
1.47393e-05
1.64898e-05
1.7884e-05
1.89123e-05
1.97974e-05
2.06424e-05
2.13645e-05
2.19375e-05
2.24175e-05
2.28173e-05
2.3131e-05
2.33989e-05
2.36544e-05
2.38815e-05
2.40633e-05
2.42159e-05
2.4357e-05
2.44811e-05
2.45775e-05
2.46472e-05
2.46956e-05
2.51445e-05
2.50874e-05
2.516e-05
2.52494e-05
2.47021e-05
2.37241e-05
2.33003e-05
2.39356e-05
2.44518e-05
2.33697e-05
2.19425e-05
2.31088e-05
2.54202e-05
2.24541e-05
1.33686e-05
9.32325e-06
2.04692e-05
3.67179e-05
3.2526e-05
8.38409e-07
-2.45578e-05
-3.79888e-06
4.49108e-05
5.27424e-05
-6.6932e-06
-6.16604e-05
-3.55697e-05
3.06375e-05
3.26978e-05
-3.45398e-05
-6.95183e-05
-3.6608e-05
-2.01632e-05
-6.89853e-05
-0.000114769
-7.71342e-05
-6.60332e-06
-2.55918e-05
-0.000130963
-0.000171074
-0.000101095
-3.26996e-05
-5.55197e-05
-9.90273e-05
-9.6041e-05
-6.13968e-05
-3.82822e-05
-3.6684e-05
-3.85344e-05
-3.17488e-05
-2.06361e-05
-1.25709e-05
-8.31755e-06
-4.91314e-06
-9.76845e-07
2.87587e-06
6.05034e-06
8.56522e-06
1.05714e-05
1.22714e-05
1.38827e-05
1.53691e-05
1.65561e-05
1.74739e-05
1.82749e-05
1.89876e-05
1.95799e-05
2.00804e-05
2.05161e-05
2.08708e-05
2.11524e-05
2.14038e-05
2.16426e-05
2.18515e-05
2.20232e-05
2.21703e-05
2.22989e-05
2.24021e-05
2.24761e-05
2.25254e-05
2.28029e-05
2.25149e-05
2.23766e-05
2.28624e-05
2.32042e-05
2.25768e-05
2.12592e-05
2.06797e-05
2.14041e-05
2.1517e-05
1.93664e-05
1.7861e-05
2.12675e-05
2.6107e-05
2.22673e-05
8.25e-06
-3.50385e-07
1.26189e-05
3.66737e-05
3.72944e-05
5.65024e-07
-3.37969e-05
-1.545e-05
3.73976e-05
4.85211e-05
-8.76585e-06
-5.81261e-05
-3.24777e-05
1.7378e-05
6.06165e-06
-4.78423e-05
-5.7177e-05
-2.02775e-05
-1.7162e-05
-7.95917e-05
-0.000126518
-8.38169e-05
-1.47718e-05
-3.28135e-05
-0.000108496
-0.000129743
-8.21883e-05
-4.44575e-05
-5.33767e-05
-7.21556e-05
-6.7674e-05
-4.78055e-05
-3.38552e-05
-3.02391e-05
-2.81006e-05
-2.21738e-05
-1.48501e-05
-9.29593e-06
-5.52182e-06
-2.25707e-06
9.27589e-07
3.85185e-06
6.4242e-06
8.57556e-06
1.0272e-05
1.17063e-05
1.30684e-05
1.42938e-05
1.52827e-05
1.60925e-05
1.67937e-05
1.73826e-05
1.78734e-05
1.8309e-05
1.86919e-05
1.90042e-05
1.92621e-05
1.94973e-05
1.97148e-05
1.9902e-05
2.00579e-05
2.01898e-05
2.02965e-05
2.03733e-05
2.04225e-05
2.09046e-05
2.06842e-05
1.98326e-05
1.96157e-05
2.03029e-05
2.09252e-05
2.03161e-05
1.89051e-05
1.86468e-05
1.97689e-05
1.89964e-05
1.47166e-05
1.2409e-05
1.8277e-05
2.70147e-05
2.40359e-05
5.35687e-06
-9.49451e-06
3.28078e-06
3.40522e-05
4.00723e-05
1.19095e-06
-3.81689e-05
-2.20705e-05
2.88241e-05
3.68803e-05
-1.50934e-05
-5.01045e-05
-2.32241e-05
8.04059e-06
-1.7024e-05
-6.06726e-05
-5.46004e-05
-1.14948e-05
-1.23305e-05
-7.63634e-05
-0.000117443
-7.74001e-05
-2.71644e-05
-4.3123e-05
-8.42423e-05
-9.49996e-05
-6.69137e-05
-4.54214e-05
-4.73795e-05
-5.37805e-05
-4.86788e-05
-3.66163e-05
-2.78255e-05
-2.38592e-05
-2.04384e-05
-1.55151e-05
-1.0413e-05
-6.32101e-06
-3.07782e-06
-2.52746e-07
2.26704e-06
4.56851e-06
6.68544e-06
8.47167e-06
9.88592e-06
1.11073e-05
1.22392e-05
1.32228e-05
1.40389e-05
1.47372e-05
1.53303e-05
1.58154e-05
1.62295e-05
1.66061e-05
1.69371e-05
1.72126e-05
1.7449e-05
1.76643e-05
1.78562e-05
1.80177e-05
1.81513e-05
1.82592e-05
1.83377e-05
1.83867e-05
1.86194e-05
1.92763e-05
1.86773e-05
1.74638e-05
1.69849e-05
1.76822e-05
1.83455e-05
1.75275e-05
1.61645e-05
1.69569e-05
1.91937e-05
1.75349e-05
1.03582e-05
5.98776e-06
1.35132e-05
2.6921e-05
2.66827e-05
4.54603e-06
-1.66227e-05
-5.50443e-06
2.92991e-05
3.88977e-05
3.6922e-07
-3.81e-05
-2.21904e-05
2.09964e-05
2.04068e-05
-2.34518e-05
-4.22322e-05
-1.40214e-05
3.08686e-06
-2.98118e-05
-6.92451e-05
-5.50607e-05
-1.11626e-05
-1.42136e-05
-6.92041e-05
-9.63658e-05
-6.59769e-05
-3.76325e-05
-4.29301e-05
-6.66977e-05
-6.97638e-05
-5.33742e-05
-4.09042e-05
-3.98663e-05
-4.048e-05
-3.55128e-05
-2.77344e-05
-2.18434e-05
-1.81405e-05
-1.46512e-05
-1.07242e-05
-7.00895e-06
-3.83282e-06
-1.10096e-06
1.22312e-06
3.21825e-06
5.07189e-06
6.79157e-06
8.23378e-06
9.40846e-06
1.04393e-05
1.13556e-05
1.21351e-05
1.28046e-05
1.33898e-05
1.38801e-05
1.42834e-05
1.46371e-05
1.49601e-05
1.52438e-05
1.54856e-05
1.56983e-05
1.58883e-05
1.60506e-05
1.6183e-05
1.62884e-05
1.63665e-05
1.64154e-05
1.57166e-05
1.65714e-05
1.73674e-05
1.67723e-05
1.53938e-05
1.47682e-05
1.54382e-05
1.57641e-05
1.41373e-05
1.26491e-05
1.50055e-05
1.91912e-05
1.73731e-05
7.24492e-06
-4.2477e-07
7.34705e-06
2.51885e-05
2.86951e-05
4.8814e-06
-2.07512e-05
-1.14416e-05
2.38918e-05
3.33634e-05
-3.05017e-06
-3.47247e-05
-1.72757e-05
1.33066e-05
4.20707e-06
-3.14615e-05
-3.75213e-05
-8.65171e-06
1.49264e-06
-3.46144e-05
-6.90898e-05
-5.20484e-05
-1.49909e-05
-2.08638e-05
-5.95044e-05
-7.32038e-05
-5.57023e-05
-3.88847e-05
-4.15528e-05
-5.23892e-05
-5.17917e-05
-4.18891e-05
-3.43679e-05
-3.22105e-05
-3.04286e-05
-2.60512e-05
-2.07499e-05
-1.65298e-05
-1.32797e-05
-1.01798e-05
-7.14052e-06
-4.35896e-06
-1.8318e-06
4.04192e-07
2.26431e-06
3.86269e-06
5.36025e-06
6.72077e-06
7.86374e-06
8.83099e-06
9.67846e-06
1.04042e-05
1.10208e-05
1.15652e-05
1.20437e-05
1.24451e-05
1.27835e-05
1.30862e-05
1.33606e-05
1.36008e-05
1.38094e-05
1.39938e-05
1.41531e-05
1.42826e-05
1.43832e-05
1.44574e-05
1.45048e-05
1.37581e-05
1.31798e-05
1.42134e-05
1.51115e-05
1.46504e-05
1.33544e-05
1.29864e-05
1.39134e-05
1.36363e-05
1.05532e-05
8.42202e-06
1.22284e-05
1.89484e-05
1.8189e-05
5.8139e-06
-5.70665e-06
1.0396e-06
2.20022e-05
2.86564e-05
4.72963e-06
-2.20053e-05
-1.33814e-05
1.89741e-05
2.43444e-05
-8.37953e-06
-2.88105e-05
-9.19013e-06
1.01093e-05
-5.90239e-06
-3.62496e-05
-3.53483e-05
-6.79025e-06
-1.10436e-06
-3.51361e-05
-6.1453e-05
-4.51946e-05
-2.01415e-05
-2.6542e-05
-4.83379e-05
-5.51542e-05
-4.61991e-05
-3.57793e-05
-3.67955e-05
-4.07981e-05
-3.86902e-05
-3.23936e-05
-2.75699e-05
-2.51262e-05
-2.26175e-05
-1.90115e-05
-1.52478e-05
-1.20729e-05
-9.315e-06
-6.75436e-06
-4.43322e-06
-2.29851e-06
-2.90327e-07
1.47862e-06
2.94597e-06
4.23267e-06
5.42094e-06
6.46985e-06
7.36513e-06
8.1452e-06
8.82024e-06
9.38779e-06
9.8762e-06
1.03135e-05
1.06979e-05
1.1025e-05
1.13092e-05
1.15656e-05
1.17947e-05
1.19939e-05
1.21679e-05
1.23193e-05
1.24441e-05
1.25393e-05
1.26078e-05
1.26517e-05
1.30316e-05
1.15676e-05
1.10324e-05
1.18449e-05
1.26344e-05
1.21157e-05
1.09979e-05
1.1384e-05
1.3053e-05
1.22704e-05
7.44749e-06
3.96815e-06
8.42551e-06
1.77249e-05
1.90511e-05
5.5439e-06
-9.17327e-06
-3.92645e-06
1.81391e-05
2.595e-05
3.13699e-06
-2.09625e-05
-1.14771e-05
1.49289e-05
1.3713e-05
-1.3544e-05
-2.37937e-05
-5.56512e-06
7.24656e-06
-1.14557e-05
-3.73924e-05
-3.25884e-05
-7.38686e-06
-5.63551e-06
-3.31985e-05
-4.96785e-05
-3.74418e-05
-2.37808e-05
-2.77721e-05
-3.88862e-05
-4.23995e-05
-3.62877e-05
-3.07214e-05
-3.06285e-05
-3.13091e-05
-2.88136e-05
-2.4611e-05
-2.12805e-05
-1.89293e-05
-1.64557e-05
-1.36222e-05
-1.08901e-05
-8.43642e-06
-6.18227e-06
-4.16669e-06
-2.39614e-06
-7.39325e-07
8.20715e-07
2.17621e-06
3.32212e-06
4.34231e-06
5.25694e-06
6.04969e-06
6.74095e-06
7.35112e-06
7.87377e-06
8.31425e-06
8.69971e-06
9.04608e-06
9.35072e-06
9.6151e-06
9.85033e-06
1.00621e-05
1.02477e-05
1.04075e-05
1.05455e-05
1.06612e-05
1.07501e-05
1.08126e-05
1.08517e-05
1.13916e-05
1.11827e-05
9.83745e-06
9.24299e-06
9.82079e-06
1.02292e-05
9.23751e-06
8.15072e-06
9.54617e-06
1.24058e-05
1.16805e-05
5.42962e-06
8.60684e-08
4.16197e-06
1.53937e-05
1.89317e-05
5.4545e-06
-1.06728e-05
-6.42181e-06
1.44744e-05
2.09077e-05
1.24792e-08
-1.82519e-05
-7.2741e-06
1.11296e-05
4.34197e-06
-1.68854e-05
-2.10778e-05
-3.65111e-06
4.73021e-06
-1.39658e-05
-3.44543e-05
-2.79579e-05
-9.09927e-06
-1.04371e-05
-2.91743e-05
-3.7671e-05
-3.06249e-05
-2.37309e-05
-2.57831e-05
-3.08656e-05
-3.19643e-05
-2.81038e-05
-2.49429e-05
-2.42317e-05
-2.34648e-05
-2.1146e-05
-1.82346e-05
-1.57954e-05
-1.37173e-05
-1.15875e-05
-9.44516e-06
-7.43965e-06
-5.54262e-06
-3.78191e-06
-2.25632e-06
-9.09651e-07
3.60339e-07
1.52947e-06
2.5411e-06
3.42028e-06
4.20252e-06
4.88443e-06
5.47345e-06
5.99526e-06
6.45646e-06
6.85115e-06
7.18929e-06
7.48964e-06
7.75899e-06
7.99614e-06
8.20564e-06
8.3943e-06
8.56186e-06
8.70559e-06
8.82731e-06
8.92922e-06
9.00899e-06
9.06505e-06
9.09931e-06
8.19838e-06
9.34603e-06
9.09923e-06
8.08299e-06
7.74285e-06
8.31526e-06
8.23229e-06
6.41077e-06
5.0192e-06
7.15605e-06
1.12996e-05
1.13683e-05
4.4914e-06
-2.57491e-06
4.67953e-07
1.23887e-05
1.72202e-05
4.64948e-06
-1.05161e-05
-6.32958e-06
1.14253e-05
1.44298e-05
-3.53558e-06
-1.4367e-05
-2.97306e-06
7.93945e-06
-6.61509e-07
-1.76947e-05
-1.83321e-05
-2.98988e-06
1.69699e-06
-1.4487e-05
-2.84201e-05
-2.221e-05
-1.07221e-05
-1.32689e-05
-2.38212e-05
-2.79029e-05
-2.42611e-05
-2.09536e-05
-2.15835e-05
-2.39306e-05
-2.35935e-05
-2.10995e-05
-1.91536e-05
-1.81744e-05
-1.69532e-05
-1.50512e-05
-1.30056e-05
-1.11804e-05
-9.4649e-06
-7.78533e-06
-6.21977e-06
-4.74593e-06
-3.319e-06
-2.01888e-06
-8.98829e-07
1.06749e-07
1.04258e-06
1.88142e-06
2.61384e-06
3.26343e-06
3.83545e-06
4.32682e-06
4.75404e-06
5.13507e-06
5.47091e-06
5.76071e-06
6.01442e-06
6.24214e-06
6.44533e-06
6.62442e-06
6.78436e-06
6.92789e-06
7.05256e-06
7.15692e-06
7.24274e-06
7.31018e-06
7.35831e-06
7.38767e-06
5.57371e-06
6.1876e-06
6.94026e-06
6.6958e-06
6.0619e-06
6.25223e-06
7.16392e-06
6.78578e-06
4.19197e-06
2.1827e-06
4.36646e-06
9.36789e-06
1.05594e-05
3.99289e-06
-3.83729e-06
-1.78929e-06
9.32394e-06
1.38541e-05
2.8861e-06
-9.08017e-06
-4.35039e-06
8.75422e-06
7.84827e-06
-5.95902e-06
-1.01648e-05
-8.01049e-07
5.69848e-06
-3.07595e-06
-1.60332e-05
-1.46806e-05
-3.01562e-06
-1.48209e-06
-1.33069e-05
-2.10621e-05
-1.65926e-05
-1.10981e-05
-1.31047e-05
-1.83373e-05
-2.00367e-05
-1.82342e-05
-1.65911e-05
-1.68393e-05
-1.74886e-05
-1.66832e-05
-1.50639e-05
-1.37606e-05
-1.27652e-05
-1.158e-05
-1.01565e-05
-8.74142e-06
-7.40142e-06
-6.09453e-06
-4.87745e-06
-3.77686e-06
-2.72302e-06
-1.7116e-06
-8.09943e-07
-2.15476e-08
6.94567e-07
1.34417e-06
1.9164e-06
2.42257e-06
2.87427e-06
3.26797e-06
3.60609e-06
3.90302e-06
4.16798e-06
4.40105e-06
4.6049e-06
4.78695e-06
4.95099e-06
5.09634e-06
5.2245e-06
5.33894e-06
5.43986e-06
5.52493e-06
5.59384e-06
5.64734e-06
5.68587e-06
5.70981e-06
4.47701e-06
4.00809e-06
4.39787e-06
4.6418e-06
4.20523e-06
3.75351e-06
4.43974e-06
5.7972e-06
5.53513e-06
2.74483e-06
2.44038e-07
1.8742e-06
6.83994e-06
8.7293e-06
3.21709e-06
-3.7848e-06
-2.244e-06
6.60316e-06
9.39775e-06
6.99966e-07
-6.71199e-06
-1.74159e-06
6.0513e-06
2.66594e-06
-6.38311e-06
-7.58189e-06
-3.09392e-07
3.40038e-06
-3.96847e-06
-1.23628e-05
-1.01907e-05
-3.13573e-06
-3.59182e-06
-1.05846e-05
-1.39595e-05
-1.16687e-05
-9.51094e-06
-1.07307e-05
-1.29301e-05
-1.34413e-05
-1.26227e-05
-1.17388e-05
-1.17465e-05
-1.16407e-05
-1.08733e-05
-9.85144e-06
-8.96409e-06
-8.13341e-06
-7.21015e-06
-6.2491e-06
-5.32111e-06
-4.40316e-06
-3.5153e-06
-2.71829e-06
-1.99331e-06
-1.29612e-06
-6.48862e-07
-7.61948e-08
4.3534e-07
8.9871e-07
1.30931e-06
1.6694e-06
1.99061e-06
2.27622e-06
2.52405e-06
2.73896e-06
2.92954e-06
3.09925e-06
3.24864e-06
3.38123e-06
3.50117e-06
3.60883e-06
3.70349e-06
3.78672e-06
3.86012e-06
3.92286e-06
3.97374e-06
4.01269e-06
4.04073e-06
4.05864e-06
3.24811e-06
2.7381e-06
2.6573e-06
2.85903e-06
2.77857e-06
2.14721e-06
1.71366e-06
2.46989e-06
3.83114e-06
3.84596e-06
1.65254e-06
-5.60022e-07
4.1721e-07
4.14909e-06
5.61553e-06
1.73238e-06
-2.78019e-06
-1.23845e-06
4.15383e-06
4.67783e-06
-9.58321e-07
-3.83482e-06
1.22271e-07
3.21225e-06
-1.86797e-07
-4.9e-06
-4.74526e-06
-7.03557e-08
1.13272e-06
-3.67132e-06
-7.50483e-06
-5.67004e-06
-2.71633e-06
-3.75759e-06
-6.7971e-06
-7.88599e-06
-6.96357e-06
-6.39129e-06
-6.96133e-06
-7.67799e-06
-7.76637e-06
-7.23665e-06
-6.88315e-06
-6.7488e-06
-6.46486e-06
-5.94823e-06
-5.3793e-06
-4.84606e-06
-4.30098e-06
-3.73659e-06
-3.1942e-06
-2.66704e-06
-2.1399e-06
-1.64712e-06
-1.20915e-06
-8.03136e-07
-4.19792e-07
-7.41629e-08
2.33527e-07
5.11413e-07
7.59915e-07
9.77198e-07
1.16846e-06
1.33932e-06
1.49014e-06
1.62127e-06
1.73661e-06
1.83967e-06
1.9312e-06
2.01209e-06
2.0848e-06
2.1507e-06
2.20924e-06
2.26028e-06
2.30475e-06
2.34291e-06
2.37416e-06
2.39797e-06
2.41508e-06
2.42659e-06
1.06906e-06
9.40097e-07
8.6072e-07
9.20886e-07
9.98682e-07
8.9785e-07
6.02221e-07
5.00996e-07
8.65474e-07
1.33406e-06
1.16936e-06
3.21896e-07
-2.66128e-07
4.07239e-07
1.60158e-06
1.50416e-06
-1.00744e-07
-9.59523e-07
2.80354e-07
1.59082e-06
6.77484e-07
-1.05134e-06
-8.40474e-07
6.08688e-07
7.0292e-07
-7.50324e-07
-1.8682e-06
-1.05372e-06
1.77329e-07
-3.74669e-07
-1.94463e-06
-2.31252e-06
-1.47962e-06
-1.18516e-06
-1.85496e-06
-2.48614e-06
-2.4884e-06
-2.26965e-06
-2.27964e-06
-2.46049e-06
-2.57177e-06
-2.46497e-06
-2.3149e-06
-2.22815e-06
-2.13966e-06
-1.9884e-06
-1.80226e-06
-1.6198e-06
-1.43794e-06
-1.24889e-06
-1.06612e-06
-8.9364e-07
-7.22191e-07
-5.56823e-07
-4.08017e-07
-2.72954e-07
-1.4684e-07
-3.34306e-08
6.83408e-08
1.60189e-07
2.4306e-07
3.16055e-07
3.79927e-07
4.36745e-07
4.87323e-07
5.31634e-07
5.70523e-07
6.0529e-07
6.36435e-07
6.64032e-07
6.88664e-07
7.10981e-07
7.30973e-07
7.48445e-07
7.63552e-07
7.76463e-07
7.8711e-07
7.95233e-07
8.01121e-07
8.05775e-07
)
;

boundaryField
{
    lowerWall
    {
        type            fixedFluxPressure;
        gradient        uniform 0;
        value           nonuniform List<scalar> 
80
(
24484.6
24891.4
25350.8
25495.9
25013.7
23960.6
22887.9
22547.8
23378.1
25118.8
26857.3
27528.7
26585.2
24405.2
22148.4
21107.9
21937.1
24230.7
26731.3
28050
27470
25351.2
22901.7
21464.8
21758.3
23507.9
25665.9
27048.8
26999.8
25697.4
23969.6
22771.1
22653.5
23523.4
24784.7
25730.7
25933.7
25420.6
24577.4
23883.1
23648.9
23898.1
24417.6
24912.9
25162.1
25096.4
24792.2
24410.4
24123
24054.1
24238.7
24604.3
24984
25176
25041.9
24600.3
24055.4
23716.9
23832.3
24417
25197.4
25727
25637.7
24884.4
23824.7
23054.1
23070
23954
25278.5
26316.3
26449.3
25538
24022.9
22690.2
22240.6
22926.3
24455.4
26184.9
27448.8
28063.9
)
;
    }
    rightWall
    {
        type            zeroGradient;
    }
    atmosphere
    {
        type            totalPressure;
        rho             rho;
        psi             none;
        gamma           1;
        p0              uniform 0;
        value           nonuniform List<scalar> 
80
(
0
0
0
0
0
0
0
0
0
0
0
0
0
0
0
0
0
0
0
0
0
0
0
0
-1.82351e-11
-4.06914e-10
-1.23077e-09
-2.62007e-09
-4.80076e-09
-7.63342e-09
-1.12802e-08
-1.58778e-08
-2.05623e-08
-2.62594e-08
-3.20794e-08
-3.75912e-08
-4.28e-08
-4.70221e-08
-5.00905e-08
-5.17007e-08
-5.16894e-08
-5.00175e-08
-4.69046e-08
-4.26127e-08
-3.74394e-08
-3.17834e-08
-2.60568e-08
-2.05427e-08
-1.55033e-08
-1.11263e-08
-7.49911e-09
-4.64902e-09
-2.55161e-09
-1.14089e-09
-3.27969e-10
-1.30344e-11
0
0
0
0
0
0
0
0
0
0
0
0
0
0
0
0
0
0
0
0
0
0
0
0
)
;
    }
    leftWall
    {
        type            zeroGradient;
    }
    frontAndBack
    {
        type            empty;
    }
}


// ************************************************************************* //
