/*--------------------------------*- C++ -*----------------------------------*\
| =========                 |                                                 |
| \\      /  F ield         | OpenFOAM: The Open Source CFD Toolbox           |
|  \\    /   O peration     | Version:  2412                                  |
|   \\  /    A nd           | Website:  www.openfoam.com                      |
|    \\/     M anipulation  |                                                 |
\*---------------------------------------------------------------------------*/
FoamFile
{
    version     2.0;
    format      ascii;
    arch        "LSB;label=32;scalar=64";
    class       volScalarField;
    location    "3.65";
    object      p;
}
// * * * * * * * * * * * * * * * * * * * * * * * * * * * * * * * * * * * * * //

dimensions      [1 -1 -2 0 0 0 0];

internalField   nonuniform List<scalar> 
6400
(
8185.54
8185.73
8185.84
8185.71
8185.32
8184.69
8183.81
8182.74
8181.47
8180.04
8178.47
8176.78
8174.97
8173.08
8171.1
8169.07
8166.98
8164.86
8162.73
8160.59
8158.46
8156.36
8154.3
8152.3
8150.37
8148.51
8146.74
8145.07
8143.51
8142.06
8140.74
8139.53
8138.46
8137.52
8136.71
8136.03
8135.5
8135.09
8134.83
8134.7
8134.7
8134.84
8135.11
8135.52
8136.06
8136.74
8137.54
8138.48
8139.54
8140.73
8142.04
8143.47
8145.01
8146.66
8148.4
8150.22
8152.13
8154.09
8156.11
8158.18
8160.26
8162.36
8164.46
8166.54
8168.58
8170.58
8172.52
8174.37
8176.14
8177.8
8179.33
8180.72
8181.95
8182.99
8183.83
8184.44
8184.8
8184.91
8184.8
8184.6
7768.42
7768.61
7768.69
7768.54
7768.15
7767.52
7766.67
7765.62
7764.38
7762.98
7761.43
7759.75
7757.96
7756.08
7754.12
7752.09
7750.02
7747.91
7745.79
7743.67
7741.56
7739.47
7737.43
7735.45
7733.53
7731.68
7729.93
7728.27
7726.72
7725.28
7723.96
7722.77
7721.7
7720.76
7719.95
7719.28
7718.74
7718.34
7718.07
7717.94
7717.95
7718.09
7718.36
7718.77
7719.31
7719.98
7720.79
7721.72
7722.78
7723.97
7725.27
7726.69
7728.22
7729.86
7731.58
7733.4
7735.29
7737.24
7739.24
7741.29
7743.36
7745.44
7747.52
7749.59
7751.62
7753.6
7755.52
7757.36
7759.11
7760.75
7762.26
7763.62
7764.82
7765.84
7766.66
7767.26
7767.63
7767.76
7767.67
7767.47
7351.39
7351.61
7351.69
7351.53
7351.13
7350.51
7349.67
7348.63
7347.4
7346.01
7344.47
7342.8
7341.02
7339.14
7337.18
7335.15
7333.08
7330.98
7328.86
7326.74
7324.63
7322.56
7320.52
7318.54
7316.63
7314.8
7313.05
7311.4
7309.86
7308.42
7307.11
7305.91
7304.85
7303.91
7303.11
7302.43
7301.9
7301.5
7301.23
7301.1
7301.11
7301.25
7301.52
7301.93
7302.47
7303.14
7303.95
7304.88
7305.94
7307.12
7308.43
7309.84
7311.37
7312.99
7314.71
7316.52
7318.4
7320.35
7322.34
7324.38
7326.45
7328.52
7330.6
7332.66
7334.69
7336.67
7338.59
7340.42
7342.16
7343.79
7345.29
7346.64
7347.83
7348.83
7349.64
7350.24
7350.61
7350.76
7350.66
7350.44
6934.59
6934.84
6934.94
6934.77
6934.37
6933.74
6932.89
6931.85
6930.62
6929.22
6927.67
6925.98
6924.18
6922.29
6920.31
6918.26
6916.18
6914.06
6911.92
6909.79
6907.68
6905.59
6903.55
6901.56
6899.64
6897.81
6896.06
6894.41
6892.86
6891.43
6890.11
6888.92
6887.85
6886.92
6886.11
6885.44
6884.91
6884.51
6884.24
6884.11
6884.12
6884.26
6884.53
6884.94
6885.49
6886.16
6886.97
6887.9
6888.96
6890.15
6891.45
6892.87
6894.4
6896.02
6897.75
6899.56
6901.44
6903.39
6905.4
6907.44
6909.52
6911.61
6913.7
6915.77
6917.81
6919.81
6921.74
6923.59
6925.34
6926.98
6928.49
6929.84
6931.04
6932.04
6932.85
6933.46
6933.84
6933.99
6933.88
6933.62
6518.06
6518.33
6518.43
6518.25
6517.83
6517.18
6516.32
6515.26
6514
6512.58
6511
6509.28
6507.45
6505.52
6503.51
6501.43
6499.3
6497.15
6494.99
6492.83
6490.68
6488.57
6486.51
6484.51
6482.57
6480.72
6478.96
6477.3
6475.75
6474.31
6472.99
6471.79
6470.73
6469.79
6468.98
6468.31
6467.78
6467.38
6467.11
6466.98
6466.99
6467.13
6467.41
6467.82
6468.37
6469.05
6469.86
6470.79
6471.86
6473.05
6474.36
6475.78
6477.32
6478.95
6480.69
6482.51
6484.41
6486.38
6488.4
6490.47
6492.57
6494.69
6496.8
6498.91
6500.98
6503.01
6504.97
6506.86
6508.64
6510.31
6511.84
6513.22
6514.43
6515.46
6516.29
6516.91
6517.3
6517.46
6517.35
6517.07
6101.8
6102.07
6102.16
6101.97
6101.52
6100.85
6099.95
6098.85
6097.56
6096.09
6094.47
6092.71
6090.83
6088.84
6086.77
6084.64
6082.47
6080.26
6078.05
6075.84
6073.66
6071.51
6069.41
6067.38
6065.42
6063.54
6061.76
6060.09
6058.52
6057.07
6055.74
6054.54
6053.47
6052.53
6051.72
6051.05
6050.51
6050.11
6049.85
6049.72
6049.73
6049.88
6050.16
6050.57
6051.12
6051.8
6052.61
6053.56
6054.63
6055.83
6057.14
6058.58
6060.13
6061.78
6063.54
6065.38
6067.31
6069.3
6071.36
6073.46
6075.6
6077.76
6079.92
6082.07
6084.2
6086.27
6088.29
6090.22
6092.05
6093.77
6095.34
6096.77
6098.02
6099.08
6099.94
6100.59
6101
6101.18
6101.08
6100.8
5685.83
5686.09
5686.15
5685.93
5685.45
5684.74
5683.8
5682.64
5681.3
5679.77
5678.08
5676.25
5674.3
5672.25
5670.11
5667.9
5665.66
5663.39
5661.11
5658.84
5656.6
5654.4
5652.25
5650.18
5648.18
5646.27
5644.46
5642.76
5641.17
5639.7
5638.36
5637.15
5636.07
5635.13
5634.32
5633.64
5633.11
5632.71
5632.45
5632.32
5632.34
5632.48
5632.77
5633.18
5633.74
5634.42
5635.24
5636.19
5637.27
5638.48
5639.81
5641.27
5642.83
5644.51
5646.29
5648.17
5650.13
5652.17
5654.27
5656.42
5658.61
5660.83
5663.05
5665.27
5667.46
5669.6
5671.68
5673.69
5675.59
5677.37
5679.01
5680.49
5681.79
5682.91
5683.81
5684.5
5684.95
5685.15
5685.07
5684.81
5270.15
5270.37
5270.4
5270.14
5269.62
5268.85
5267.85
5266.63
5265.22
5263.61
5261.84
5259.92
5257.88
5255.74
5253.5
5251.21
5248.88
5246.52
5244.16
5241.81
5239.5
5237.23
5235.02
5232.89
5230.84
5228.89
5227.05
5225.31
5223.7
5222.21
5220.85
5219.63
5218.54
5217.59
5216.78
5216.1
5215.57
5215.17
5214.91
5214.79
5214.8
5214.95
5215.24
5215.66
5216.22
5216.91
5217.74
5218.7
5219.79
5221.01
5222.36
5223.84
5225.43
5227.14
5228.95
5230.87
5232.88
5234.96
5237.12
5239.33
5241.59
5243.88
5246.18
5248.48
5250.76
5252.99
5255.16
5257.25
5259.24
5261.11
5262.83
5264.39
5265.76
5266.94
5267.91
5268.64
5269.14
5269.38
5269.33
5269.09
4854.75
4854.94
4854.93
4854.62
4854.04
4853.2
4852.13
4850.83
4849.32
4847.61
4845.74
4843.72
4841.56
4839.31
4836.96
4834.56
4832.11
4829.65
4827.19
4824.75
4822.35
4820
4817.72
4815.52
4813.42
4811.42
4809.52
4807.75
4806.11
4804.59
4803.21
4801.97
4800.87
4799.91
4799.1
4798.42
4797.89
4797.49
4797.23
4797.12
4797.13
4797.29
4797.58
4798
4798.57
4799.26
4800.1
4801.07
4802.17
4803.41
4804.78
4806.28
4807.91
4809.66
4811.52
4813.48
4815.54
4817.69
4819.92
4822.21
4824.55
4826.93
4829.32
4831.72
4834.1
4836.44
4838.72
4840.92
4843.02
4844.99
4846.81
4848.47
4849.93
4851.19
4852.23
4853.03
4853.58
4853.87
4853.86
4853.65
4439.64
4439.79
4439.73
4439.36
4438.71
4437.8
4436.63
4435.23
4433.61
4431.79
4429.79
4427.63
4425.35
4422.95
4420.48
4417.94
4415.37
4412.78
4410.2
4407.65
4405.15
4402.71
4400.34
4398.07
4395.89
4393.83
4391.89
4390.07
4388.39
4386.84
4385.44
4384.18
4383.07
4382.1
4381.28
4380.6
4380.07
4379.67
4379.42
4379.3
4379.32
4379.48
4379.78
4380.21
4380.77
4381.48
4382.32
4383.3
4384.42
4385.68
4387.08
4388.61
4390.27
4392.06
4393.97
4396
4398.13
4400.35
4402.66
4405.04
4407.48
4409.96
4412.47
4414.98
4417.49
4419.96
4422.37
4424.7
4426.92
4429.02
4430.96
4432.73
4434.3
4435.66
4436.78
4437.66
4438.28
4438.62
4438.66
4438.49
4024.84
4024.94
4024.82
4024.38
4023.65
4022.64
4021.37
4019.85
4018.1
4016.14
4013.99
4011.68
4009.24
4006.68
4004.05
4001.35
3998.63
3995.9
3993.18
3990.51
3987.89
3985.34
3982.87
3980.51
3978.26
3976.13
3974.12
3972.26
3970.53
3968.95
3967.52
3966.24
3965.12
3964.14
3963.32
3962.64
3962.11
3961.72
3961.47
3961.35
3961.38
3961.54
3961.84
3962.27
3962.84
3963.55
3964.4
3965.39
3966.53
3967.81
3969.23
3970.8
3972.51
3974.35
3976.32
3978.41
3980.62
3982.93
3985.33
3987.81
3990.37
3992.97
3995.61
3998.26
4000.91
4003.53
4006.1
4008.58
4010.96
4013.2
4015.29
4017.19
4018.89
4020.36
4021.58
4022.55
4023.24
4023.65
4023.75
4023.63
3610.35
3610.4
3610.2
3609.68
3608.86
3607.75
3606.36
3604.71
3602.81
3600.68
3598.35
3595.86
3593.23
3590.49
3587.67
3584.8
3581.9
3579
3576.13
3573.31
3570.55
3567.88
3565.31
3562.85
3560.5
3558.3
3556.23
3554.3
3552.53
3550.91
3549.45
3548.15
3547.02
3546.03
3545.21
3544.53
3544
3543.62
3543.37
3543.27
3543.29
3543.46
3543.76
3544.19
3544.77
3545.48
3546.34
3547.34
3548.49
3549.79
3551.25
3552.86
3554.61
3556.51
3558.55
3560.72
3563.01
3565.41
3567.92
3570.52
3573.2
3575.95
3578.74
3581.55
3584.37
3587.16
3589.91
3592.57
3595.13
3597.55
3599.8
3601.86
3603.7
3605.3
3606.64
3607.71
3608.49
3608.97
3609.14
3609.07
3196.2
3196.17
3195.88
3195.28
3194.36
3193.14
3191.62
3189.81
3187.74
3185.42
3182.89
3180.19
3177.35
3174.39
3171.35
3168.27
3165.17
3162.08
3159.03
3156.04
3153.13
3150.32
3147.63
3145.06
3142.62
3140.32
3138.18
3136.19
3134.37
3132.71
3131.22
3129.9
3128.75
3127.77
3126.94
3126.27
3125.75
3125.38
3125.14
3125.04
3125.07
3125.24
3125.54
3125.98
3126.55
3127.27
3128.13
3129.14
3130.3
3131.63
3133.11
3134.76
3136.57
3138.53
3140.64
3142.89
3145.28
3147.79
3150.41
3153.15
3155.97
3158.87
3161.83
3164.83
3167.84
3170.84
3173.79
3176.67
3179.43
3182.06
3184.51
3186.75
3188.77
3190.52
3191.99
3193.16
3194.03
3194.59
3194.84
3194.85
2782.38
2782.26
2781.87
2781.19
2780.18
2778.84
2777.17
2775.19
2772.91
2770.38
2767.62
2764.67
2761.58
2758.37
2755.09
2751.77
2748.43
2745.12
2741.87
2738.69
2735.62
2732.65
2729.82
2727.13
2724.58
2722.2
2719.97
2717.92
2716.03
2714.33
2712.81
2711.47
2710.31
2709.33
2708.52
2707.86
2707.36
2706.99
2706.77
2706.67
2706.71
2706.88
2707.19
2707.62
2708.2
2708.91
2709.76
2710.77
2711.95
2713.29
2714.81
2716.5
2718.37
2720.4
2722.58
2724.93
2727.41
2730.04
2732.8
2735.67
2738.66
2741.73
2744.89
2748.1
2751.33
2754.57
2757.76
2760.88
2763.88
2766.74
2769.42
2771.88
2774.09
2776.02
2777.63
2778.92
2779.88
2780.53
2780.87
2780.96
2368.88
2368.65
2368.17
2367.41
2366.33
2364.87
2363.04
2360.85
2358.34
2355.56
2352.53
2349.3
2345.93
2342.44
2338.87
2335.27
2331.67
2328.12
2324.63
2321.25
2317.99
2314.86
2311.88
2309.05
2306.39
2303.9
2301.59
2299.46
2297.52
2295.77
2294.22
2292.86
2291.7
2290.73
2289.93
2289.3
2288.81
2288.47
2288.25
2288.17
2288.22
2288.39
2288.69
2289.13
2289.7
2290.4
2291.25
2292.25
2293.42
2294.79
2296.33
2298.07
2300
2302.1
2304.37
2306.81
2309.41
2312.16
2315.06
2318.09
2321.25
2324.52
2327.89
2331.33
2334.82
2338.33
2341.8
2345.19
2348.48
2351.61
2354.55
2357.26
2359.7
2361.83
2363.6
2365.01
2366.05
2366.76
2367.19
2367.38
1955.63
1955.3
1954.75
1953.97
1952.83
1951.26
1949.25
1946.83
1944.05
1940.96
1937.62
1934.08
1930.38
1926.57
1922.68
1918.77
1914.87
1911.03
1907.3
1903.69
1900.22
1896.91
1893.78
1890.82
1888.03
1885.44
1883.04
1880.84
1878.83
1877.02
1875.44
1874.07
1872.91
1871.96
1871.19
1870.59
1870.13
1869.81
1869.61
1869.54
1869.6
1869.77
1870.07
1870.5
1871.06
1871.75
1872.57
1873.55
1874.72
1876.1
1877.68
1879.47
1881.46
1883.64
1886.01
1888.55
1891.27
1894.15
1897.19
1900.39
1903.74
1907.22
1910.83
1914.53
1918.31
1922.13
1925.91
1929.63
1933.22
1936.66
1939.91
1942.91
1945.62
1947.97
1949.92
1951.44
1952.54
1953.27
1953.76
1954.04
1542.47
1542.12
1541.58
1540.86
1539.71
1538.03
1535.82
1533.13
1530.03
1526.59
1522.89
1518.98
1514.92
1510.75
1506.51
1502.24
1498
1493.86
1489.85
1486
1482.32
1478.83
1475.53
1472.43
1469.52
1466.81
1464.32
1462.04
1459.96
1458.08
1456.46
1455.09
1453.94
1453.02
1452.3
1451.73
1451.32
1451.03
1450.85
1450.8
1450.86
1451.03
1451.32
1451.75
1452.29
1452.96
1453.75
1454.68
1455.84
1457.22
1458.83
1460.68
1462.76
1465.03
1467.49
1470.14
1472.99
1476
1479.19
1482.56
1486.11
1489.83
1493.68
1497.67
1501.78
1505.95
1510.09
1514.16
1518.1
1521.89
1525.49
1528.83
1531.85
1534.47
1536.61
1538.24
1539.34
1540.01
1540.48
1540.77
1129.07
1128.91
1128.6
1128.09
1127.01
1125.24
1122.8
1119.77
1116.26
1112.41
1108.31
1104
1099.54
1094.99
1090.37
1085.7
1081.06
1076.56
1072.28
1068.18
1064.28
1060.58
1057.14
1053.9
1050.84
1048
1045.42
1043.05
1040.85
1038.87
1037.2
1035.85
1034.72
1033.85
1033.21
1032.72
1032.36
1032.12
1031.96
1031.92
1032
1032.15
1032.44
1032.87
1033.39
1034.04
1034.75
1035.57
1036.71
1038.09
1039.71
1041.65
1043.85
1046.23
1048.8
1051.59
1054.59
1057.73
1061.05
1064.59
1068.36
1072.31
1076.42
1080.71
1085.19
1089.79
1094.35
1098.79
1103.1
1107.27
1111.26
1114.99
1118.4
1121.36
1123.74
1125.46
1126.5
1126.96
1127.2
1127.28
714.279
715.237
715.999
716.146
715.271
713.392
710.645
707.144
703.084
698.704
694.115
689.323
684.393
679.393
674.334
669.153
663.95
658.991
654.385
650.007
645.82
641.886
638.291
634.93
631.667
628.661
626.019
623.597
621.28
619.12
617.438
616.185
615.071
614.316
613.848
613.442
613.193
613.038
612.859
612.854
612.959
613.05
613.35
613.8
614.258
614.933
615.528
616.013
617.152
618.509
620.089
622.122
624.494
626.974
629.634
632.574
635.761
639.043
642.467
646.199
650.235
654.475
658.877
663.492
668.468
673.691
678.814
683.677
688.39
693.012
697.473
701.714
705.663
709.103
711.819
713.668
714.516
714.336
713.495
712.412
303.351
307.746
310.957
312.247
311.815
310.119
307.499
304.095
300.078
295.752
291.387
286.879
282.295
277.817
273.524
269.195
264.655
260.181
256.154
252.446
249.08
246.133
243.607
241.05
238.204
235.655
233.76
232.249
230.942
229.999
229.669
229.445
228.612
227.432
226.36
225.283
224.378
223.764
223.336
223.126
223.16
223.429
223.915
224.58
225.43
226.623
227.934
229.257
230.575
231.275
231.578
232.264
233.515
235.016
236.817
239.184
241.949
244.625
247.1
249.796
252.949
256.485
260.296
264.366
268.883
273.491
277.822
281.969
286.206
290.515
294.746
298.879
302.817
306.189
308.805
310.497
310.942
309.695
306.499
302.018
44.2922
48.5965
51.168
52.214
52.2007
51.4908
50.3425
48.9509
47.4017
45.4479
43.515
41.5109
39.4469
37.5451
35.7559
34.1598
32.7789
31.154
29.5898
28.1805
27.006
26.0441
25.1339
24.1182
23.5285
22.8534
22.2812
21.9515
21.8744
22.0946
22.1886
21.6934
21.1627
20.3207
19.4129
18.5082
17.6735
17.1111
16.8198
16.5962
16.5447
16.8255
17.1642
17.5261
18.1854
18.9943
20.0465
21.3412
22.123
22.7406
23.0546
22.9297
22.9109
23.1675
23.6467
24.2904
24.8726
25.8062
26.8809
27.8264
28.886
30.1825
31.6743
33.27
34.8916
36.1506
37.6115
39.354
41.2813
43.2081
45.0628
46.9009
48.5113
49.8417
50.9631
51.6801
51.7266
50.7486
48.2721
43.9972
-10.1954
-10.1658
-10.1632
-10.1611
-10.1536
-10.1485
-10.1337
-9.94353
-9.4192
-9.29816
-9.19489
-9.13598
-9.18823
-9.14972
-9.29725
-9.3414
-8.61712
-8.29317
-8.14669
-8.0876
-8.10572
-8.24016
-8.56243
-9.00806
-7.95431
-7.54924
-7.54244
-7.60952
-7.6599
-7.79402
-8.54884
-9.99465
-10.4093
-10.4079
-10.417
-10.4285
-10.4296
-10.4178
-10.4032
-10.39
-10.3859
-10.4044
-10.4157
-10.4253
-10.4302
-10.4223
-10.4098
-10.4146
-10.267
-9.3012
-7.9425
-7.45187
-7.33748
-7.25248
-7.20091
-7.45617
-8.39301
-8.44618
-7.82775
-7.55716
-7.48705
-7.51947
-7.62162
-7.81318
-8.22957
-9.21785
-9.4384
-9.3164
-9.17211
-9.18574
-9.29294
-9.39714
-9.79406
-10.0869
-10.1376
-10.1399
-10.1421
-10.1387
-10.1408
-10.1729
-10.6562
-10.6528
-10.6457
-10.6394
-10.6326
-10.6304
-10.6397
-10.6111
-10.4226
-10.2738
-10.1617
-10.0911
-10.0672
-10.0531
-10.1158
-10.1686
-9.94961
-9.77659
-9.67843
-9.65266
-9.68034
-9.79209
-9.96512
-10.1625
-9.7718
-9.62528
-9.67498
-9.73892
-9.77898
-9.87825
-10.39
-10.867
-10.9021
-10.8838
-10.8948
-10.9049
-10.9111
-10.9106
-10.9056
-10.8999
-10.899
-10.9057
-10.91
-10.9107
-10.9075
-10.8985
-10.8876
-10.8984
-10.8899
-10.6943
-10.0409
-9.69931
-9.62681
-9.55742
-9.47347
-9.50338
-9.80759
-9.80148
-9.60616
-9.41702
-9.35254
-9.36292
-9.43022
-9.58231
-9.80718
-10.1206
-10.1466
-10.113
-10.0874
-10.1276
-10.2315
-10.3728
-10.5578
-10.6183
-10.6165
-10.6157
-10.6194
-10.6231
-10.6294
-10.6343
-11.1453
-11.141
-11.1371
-11.1341
-11.129
-11.1257
-11.1364
-11.1497
-11.1588
-11.1553
-11.1341
-11.115
-11.0926
-11.1005
-11.1419
-11.1894
-11.2716
-11.2397
-11.1953
-11.1899
-11.2103
-11.2685
-11.2859
-11.2592
-11.3918
-11.4083
-11.4085
-11.4107
-11.4163
-11.4211
-11.4314
-11.4277
-11.4108
-11.4011
-11.41
-11.4196
-11.4197
-11.4121
-11.4048
-11.398
-11.3972
-11.4038
-11.4086
-11.4152
-11.4196
-11.414
-11.4028
-11.4078
-11.4216
-11.4283
-11.4244
-11.4101
-11.4041
-11.3993
-11.3956
-11.3616
-11.1804
-11.1603
-11.2763
-11.1936
-11.1531
-11.149
-11.1767
-11.2515
-11.2697
-11.1418
-11.0695
-11.0595
-11.0779
-11.0925
-11.1222
-11.1468
-11.1504
-11.132
-11.117
-11.1165
-11.116
-11.114
-11.1172
-11.1234
-11.6376
-11.6386
-11.6462
-11.6452
-11.6319
-11.619
-11.6236
-11.6375
-11.6518
-11.6787
-11.7209
-11.7562
-11.7878
-11.8109
-11.8275
-11.8353
-11.8333
-11.8403
-11.8567
-11.8708
-11.8821
-11.8849
-11.8912
-11.894
-11.8967
-11.8985
-11.8984
-11.8995
-11.9014
-11.9052
-11.914
-11.9195
-11.911
-11.9073
-11.9169
-11.9279
-11.925
-11.9148
-11.9077
-11.902
-11.9005
-11.9048
-11.9076
-11.9164
-11.9248
-11.9215
-11.9087
-11.9079
-11.9164
-11.9152
-11.9049
-11.8951
-11.8911
-11.8889
-11.8875
-11.8849
-11.8837
-11.8778
-11.8673
-11.8646
-11.8558
-11.8419
-11.825
-11.8051
-11.8005
-11.7939
-11.7811
-11.761
-11.7345
-11.7033
-11.6659
-11.6458
-11.6416
-11.6235
-11.6194
-11.6303
-11.6357
-11.6303
-11.6195
-11.6194
-12.1479
-12.1703
-12.1973
-12.1902
-12.152
-12.1151
-12.1055
-12.1156
-12.1378
-12.1678
-12.2042
-12.2386
-12.2694
-12.2951
-12.3133
-12.3237
-12.3317
-12.3419
-12.3525
-12.3629
-12.3722
-12.3794
-12.3854
-12.3882
-12.3887
-12.3902
-12.393
-12.3966
-12.3993
-12.4035
-12.4131
-12.4132
-12.4083
-12.4054
-12.4162
-12.4285
-12.4241
-12.4107
-12.4033
-12.399
-12.397
-12.3986
-12.402
-12.4113
-12.4232
-12.4202
-12.4064
-12.4034
-12.4103
-12.4128
-12.4012
-12.3919
-12.3875
-12.3831
-12.3787
-12.3764
-12.374
-12.3691
-12.3627
-12.3557
-12.3455
-12.3337
-12.321
-12.3075
-12.2934
-12.2811
-12.2676
-12.2454
-12.2158
-12.184
-12.1543
-12.1352
-12.1218
-12.1132
-12.1291
-12.1663
-12.1916
-12.1829
-12.1492
-12.1313
-12.6772
-12.7313
-12.7702
-12.7486
-12.6788
-12.6115
-12.5828
-12.5899
-12.623
-12.6648
-12.7039
-12.7368
-12.7641
-12.7868
-12.8041
-12.8166
-12.827
-12.8378
-12.8483
-12.8576
-12.8652
-12.871
-12.8764
-12.8806
-12.8822
-12.8833
-12.8847
-12.8862
-12.8884
-12.8918
-12.8962
-12.8996
-12.8991
-12.8977
-12.908
-12.92
-12.9157
-12.9022
-12.8951
-12.8924
-12.8903
-12.8907
-12.8937
-12.9017
-12.9115
-12.9092
-12.8962
-12.8905
-12.8913
-12.889
-12.8848
-12.8803
-12.8768
-12.8743
-12.8725
-12.8702
-12.8672
-12.8616
-12.8546
-12.848
-12.8396
-12.829
-12.8166
-12.8027
-12.789
-12.7757
-12.7599
-12.7386
-12.7123
-12.682
-12.6467
-12.6126
-12.5895
-12.597
-12.6377
-12.7047
-12.7516
-12.742
-12.6904
-12.6531
-13.1904
-13.2601
-13.297
-13.2667
-13.1829
-13.1021
-13.0658
-13.0791
-13.1175
-13.1612
-13.2007
-13.2342
-13.2621
-13.2843
-13.3016
-13.315
-13.3261
-13.3362
-13.3455
-13.3536
-13.3604
-13.3658
-13.37
-13.373
-13.3752
-13.3772
-13.3792
-13.3812
-13.383
-13.385
-13.3865
-13.3861
-13.3849
-13.3849
-13.3926
-13.4013
-13.3992
-13.3905
-13.3856
-13.3839
-13.3824
-13.3823
-13.3842
-13.3883
-13.3925
-13.39
-13.3811
-13.3755
-13.3754
-13.3766
-13.3762
-13.3741
-13.3715
-13.3686
-13.3655
-13.3623
-13.3587
-13.3543
-13.3488
-13.3424
-13.3345
-13.3249
-13.3136
-13.301
-13.2874
-13.2726
-13.2552
-13.2337
-13.2073
-13.1761
-13.1405
-13.1037
-13.0755
-13.0802
-13.1332
-13.2132
-13.273
-13.2695
-13.2094
-13.1538
-13.6546
-13.7282
-13.7628
-13.7364
-13.6574
-13.582
-13.554
-13.5745
-13.6177
-13.6645
-13.7052
-13.7385
-13.7653
-13.7866
-13.8031
-13.8161
-13.8268
-13.836
-13.844
-13.8508
-13.8564
-13.8609
-13.8645
-13.8671
-13.8691
-13.8707
-13.8722
-13.8734
-13.8744
-13.8753
-13.8756
-13.8745
-13.8726
-13.8724
-13.8767
-13.8822
-13.8827
-13.8794
-13.8768
-13.8757
-13.8749
-13.8747
-13.8758
-13.8768
-13.8767
-13.8736
-13.8682
-13.8651
-13.8654
-13.8665
-13.8661
-13.8648
-13.8631
-13.861
-13.8587
-13.8559
-13.8527
-13.8486
-13.8437
-13.8379
-13.8309
-13.8224
-13.8125
-13.801
-13.788
-13.7732
-13.7556
-13.7342
-13.7082
-13.6774
-13.642
-13.605
-13.5742
-13.5689
-13.6131
-13.6885
-13.7468
-13.7472
-13.6866
-13.6168
-14.0635
-14.1348
-14.1823
-14.1749
-14.1192
-14.0627
-14.044
-14.0707
-14.1226
-14.1757
-14.2181
-14.2505
-14.2752
-14.2942
-14.3088
-14.3202
-14.3295
-14.3372
-14.3437
-14.3491
-14.3535
-14.357
-14.3597
-14.3618
-14.3635
-14.3649
-14.3661
-14.3671
-14.3679
-14.3683
-14.3679
-14.3667
-14.3652
-14.3642
-14.3659
-14.369
-14.3711
-14.3708
-14.3693
-14.3682
-14.3677
-14.3674
-14.3682
-14.3683
-14.367
-14.3638
-14.3603
-14.3587
-14.359
-14.3594
-14.3594
-14.3585
-14.3569
-14.355
-14.3527
-14.3502
-14.3472
-14.3436
-14.3394
-14.3344
-14.3285
-14.3213
-14.3128
-14.3027
-14.2909
-14.2769
-14.26
-14.2391
-14.2136
-14.1827
-14.1469
-14.108
-14.073
-14.0583
-14.0827
-14.1369
-14.1782
-14.1667
-14.1068
-14.0376
-14.443
-14.5116
-14.5882
-14.6198
-14.5964
-14.5525
-14.542
-14.5814
-14.6439
-14.701
-14.743
-14.772
-14.7921
-14.8071
-14.8185
-14.8272
-14.8341
-14.8398
-14.8444
-14.8482
-14.8513
-14.8537
-14.8556
-14.8571
-14.8583
-14.8594
-14.8602
-14.8608
-14.8612
-14.8612
-14.8608
-14.86
-14.8591
-14.8586
-14.8597
-14.862
-14.8632
-14.8632
-14.8622
-14.8613
-14.861
-14.8607
-14.8611
-14.8606
-14.8593
-14.857
-14.8547
-14.8533
-14.853
-14.8529
-14.8526
-14.8518
-14.8506
-14.849
-14.8472
-14.845
-14.8424
-14.8395
-14.836
-14.832
-14.8272
-14.8214
-14.8145
-14.8062
-14.7963
-14.7842
-14.7691
-14.7503
-14.7268
-14.6977
-14.662
-14.6198
-14.5748
-14.5489
-14.5561
-14.583
-14.5933
-14.5574
-14.4857
-14.4199
-14.8501
-14.9282
-15.0368
-15.1132
-15.1291
-15.1282
-15.1428
-15.1696
-15.212
-15.2556
-15.2859
-15.3042
-15.316
-15.3248
-15.3315
-15.3366
-15.3405
-15.3436
-15.3462
-15.3482
-15.3497
-15.351
-15.3521
-15.3529
-15.3537
-15.3543
-15.3547
-15.355
-15.3551
-15.355
-15.3546
-15.354
-15.3535
-15.3533
-15.354
-15.3554
-15.3566
-15.3564
-15.3555
-15.3547
-15.3546
-15.3543
-15.3545
-15.3542
-15.3529
-15.351
-15.3493
-15.3481
-15.3474
-15.347
-15.3466
-15.3459
-15.3449
-15.3437
-15.3422
-15.3404
-15.3384
-15.3361
-15.3334
-15.3304
-15.3269
-15.3227
-15.3177
-15.3116
-15.3042
-15.2948
-15.2829
-15.2675
-15.2477
-15.2214
-15.1854
-15.1382
-15.0821
-15.0411
-15.0403
-15.0536
-15.0328
-14.9623
-14.8681
-14.8027
-15.3414
-15.4306
-15.5803
-15.7234
-15.825
-15.9036
-15.9232
-15.8745
-15.8358
-15.8345
-15.8457
-15.8462
-15.8458
-15.8464
-15.8474
-15.8479
-15.8483
-15.8485
-15.8487
-15.8488
-15.8489
-15.849
-15.8491
-15.8493
-15.8494
-15.8495
-15.8496
-15.8496
-15.8494
-15.8491
-15.8487
-15.8483
-15.8479
-15.8479
-15.8483
-15.8491
-15.8498
-15.8496
-15.8489
-15.8483
-15.8483
-15.848
-15.8479
-15.8475
-15.8465
-15.8451
-15.8437
-15.8427
-15.842
-15.8415
-15.841
-15.8404
-15.8397
-15.8387
-15.8376
-15.8364
-15.8349
-15.8333
-15.8316
-15.8296
-15.8275
-15.8251
-15.8223
-15.8188
-15.8144
-15.8088
-15.8012
-15.7909
-15.7773
-15.7589
-15.7326
-15.6952
-15.6457
-15.5919
-15.5697
-15.565
-15.5249
-15.425
-15.3097
-15.2356
-15.9399
-16.0407
-16.2313
-16.4449
-16.6381
-16.7535
-16.7264
-16.6332
-16.5248
-16.4465
-16.4149
-16.3958
-16.38
-16.3711
-16.3653
-16.3608
-16.3571
-16.3542
-16.3519
-16.35
-16.3485
-16.3474
-16.3466
-16.346
-16.3455
-16.3451
-16.3448
-16.3444
-16.344
-16.3436
-16.3431
-16.3427
-16.3424
-16.3423
-16.3425
-16.3429
-16.3433
-16.343
-16.3423
-16.342
-16.342
-16.3417
-16.3414
-16.341
-16.3402
-16.3391
-16.3381
-16.3373
-16.3366
-16.3362
-16.3357
-16.3353
-16.3348
-16.3342
-16.3335
-16.3327
-16.332
-16.3311
-16.3303
-16.3296
-16.3289
-16.3284
-16.3279
-16.3273
-16.3266
-16.3255
-16.3234
-16.3202
-16.3159
-16.311
-16.3028
-16.2845
-16.2901
-16.313
-16.2668
-16.1979
-16.1045
-15.9685
-15.8316
-15.7576
-16.6325
-16.7385
-16.9617
-17.2381
-17.4733
-17.558
-17.5067
-17.3921
-17.2419
-17.0969
-16.9981
-16.9471
-16.9174
-16.8982
-16.8848
-16.8746
-16.8666
-16.8604
-16.8554
-16.8516
-16.8485
-16.8462
-16.8444
-16.843
-16.8418
-16.8409
-16.8401
-16.8394
-16.8388
-16.8382
-16.8376
-16.8371
-16.8368
-16.8366
-16.8366
-16.8367
-16.8368
-16.8365
-16.8357
-16.8356
-16.8357
-16.8354
-16.835
-16.8346
-16.8339
-16.8332
-16.8325
-16.8318
-16.8313
-16.8309
-16.8306
-16.8304
-16.8301
-16.8299
-16.8296
-16.8294
-16.8293
-16.8293
-16.8295
-16.83
-16.8309
-16.8323
-16.8343
-16.837
-16.8404
-16.8445
-16.8492
-16.855
-16.8637
-16.8763
-16.8898
-16.9221
-16.9975
-17.0773
-17.0661
-16.9344
-16.7697
-16.5895
-16.4282
-16.3637
-17.3627
-17.4695
-17.7065
-18.0248
-18.2674
-18.3198
-18.2664
-18.1483
-17.9695
-17.7744
-17.5996
-17.5019
-17.4575
-17.4276
-17.4051
-17.3888
-17.3762
-17.3665
-17.359
-17.3531
-17.3486
-17.345
-17.3422
-17.34
-17.3383
-17.3368
-17.3356
-17.3346
-17.3337
-17.3329
-17.3322
-17.3316
-17.3312
-17.3309
-17.3307
-17.3306
-17.3304
-17.3301
-17.3293
-17.3293
-17.3294
-17.3291
-17.3286
-17.3283
-17.3278
-17.3273
-17.3268
-17.3263
-17.326
-17.3258
-17.3257
-17.3256
-17.3256
-17.3257
-17.326
-17.3263
-17.3269
-17.3277
-17.329
-17.3307
-17.3332
-17.3366
-17.3412
-17.3472
-17.355
-17.3651
-17.3779
-17.3953
-17.4198
-17.4524
-17.5101
-17.6158
-17.739
-17.8356
-17.8577
-17.7123
-17.4895
-17.265
-17.0714
-17.011
-18.0609
-18.1651
-18.3906
-18.6985
-18.9242
-18.9792
-18.9511
-18.8606
-18.6905
-18.4589
-18.2248
-18.069
-17.9993
-17.9575
-17.9253
-17.9023
-17.8852
-17.8721
-17.8621
-17.8544
-17.8484
-17.8437
-17.84
-17.8371
-17.8347
-17.8328
-17.8311
-17.8298
-17.8286
-17.8276
-17.8268
-17.8261
-17.8255
-17.8251
-17.8247
-17.8244
-17.8241
-17.8238
-17.8232
-17.8231
-17.823
-17.8227
-17.8223
-17.8221
-17.8217
-17.8214
-17.8211
-17.8209
-17.8207
-17.8207
-17.8207
-17.8209
-17.8212
-17.8217
-17.8224
-17.8233
-17.8245
-17.8262
-17.8284
-17.8314
-17.8354
-17.8408
-17.8479
-17.8574
-17.8698
-17.8863
-17.9081
-17.9388
-17.9777
-18.0423
-18.1664
-18.3271
-18.4873
-18.5914
-18.6196
-18.4943
-18.242
-17.9737
-17.758
-17.6803
-18.6813
-18.7847
-18.9771
-19.2372
-19.4449
-19.5217
-19.5184
-19.4512
-19.3125
-19.0954
-18.8403
-18.6397
-18.5386
-18.4831
-18.4424
-18.4134
-18.3923
-18.3764
-18.3643
-18.3549
-18.3477
-18.342
-18.3375
-18.3339
-18.331
-18.3286
-18.3266
-18.3249
-18.3235
-18.3223
-18.3213
-18.3205
-18.3198
-18.3192
-18.3187
-18.3183
-18.3179
-18.3175
-18.3171
-18.3168
-18.3167
-18.3164
-18.3161
-18.3159
-18.3157
-18.3156
-18.3154
-18.3154
-18.3154
-18.3155
-18.3158
-18.3162
-18.3168
-18.3177
-18.3187
-18.3202
-18.322
-18.3244
-18.3276
-18.3317
-18.3372
-18.3443
-18.3539
-18.3665
-18.3834
-18.4062
-18.4379
-18.4833
-18.5398
-18.6474
-18.8379
-19.0385
-19.202
-19.301
-19.3357
-19.2465
-18.9868
-18.6881
-18.4817
-18.3892
-19.2202
-19.3267
-19.4837
-19.6925
-19.8792
-19.9764
-19.9958
-19.9469
-19.827
-19.6438
-19.4035
-19.189
-19.0669
-18.9993
-18.9533
-18.9205
-18.8967
-18.8787
-18.865
-18.8544
-18.8462
-18.8397
-18.8345
-18.8303
-18.827
-18.8242
-18.8219
-18.82
-18.8184
-18.817
-18.8158
-18.8148
-18.814
-18.8133
-18.8127
-18.8122
-18.8118
-18.8113
-18.811
-18.8106
-18.8104
-18.8102
-18.81
-18.8098
-18.8098
-18.8097
-18.8097
-18.8098
-18.81
-18.8103
-18.8108
-18.8115
-18.8124
-18.8135
-18.815
-18.8169
-18.8193
-18.8224
-18.8263
-18.8315
-18.8381
-18.8469
-18.8584
-18.8738
-18.8945
-18.9227
-18.9632
-19.0208
-19.1061
-19.2634
-19.4982
-19.7081
-19.8419
-19.9309
-19.9802
-19.9144
-19.6451
-19.3512
-19.1644
-19.0863
-19.6976
-19.8012
-19.9309
-20.1004
-20.2623
-20.3677
-20.4037
-20.3683
-20.2713
-20.1207
-19.9182
-19.7055
-19.576
-19.5053
-19.4574
-19.4231
-19.3978
-19.3786
-19.364
-19.3526
-19.3437
-19.3366
-19.331
-19.3264
-19.3226
-19.3196
-19.317
-19.3149
-19.313
-19.3115
-19.3102
-19.3091
-19.3082
-19.3074
-19.3067
-19.3061
-19.3056
-19.3051
-19.3049
-19.3044
-19.3042
-19.304
-19.3039
-19.3038
-19.3038
-19.3039
-19.304
-19.3042
-19.3046
-19.3051
-19.3058
-19.3067
-19.3078
-19.3092
-19.311
-19.3133
-19.3162
-19.3198
-19.3245
-19.3304
-19.3381
-19.348
-19.3611
-19.3785
-19.4019
-19.434
-19.4805
-19.5455
-19.6599
-19.8625
-20.1129
-20.2981
-20.4097
-20.4762
-20.5098
-20.4307
-20.1801
-19.9233
-19.7619
-19.7175
-20.1461
-20.2248
-20.3385
-20.4817
-20.6234
-20.7235
-20.7635
-20.7368
-20.6618
-20.5532
-20.393
-20.1957
-20.0711
-20.0026
-19.9554
-19.9213
-19.8957
-19.8762
-19.8611
-19.8494
-19.8401
-19.8327
-19.8268
-19.8219
-19.8179
-19.8146
-19.8118
-19.8095
-19.8076
-19.8059
-19.8045
-19.8033
-19.8022
-19.8014
-19.8006
-19.8
-19.7995
-19.799
-19.7986
-19.7982
-19.7981
-19.7979
-19.7978
-19.7978
-19.7978
-19.798
-19.7982
-19.7986
-19.7991
-19.7998
-19.8006
-19.8017
-19.803
-19.8047
-19.8068
-19.8094
-19.8126
-19.8167
-19.8218
-19.8283
-19.8367
-19.8475
-19.8615
-19.8801
-19.9051
-19.9394
-19.9888
-20.0583
-20.1923
-20.4189
-20.6439
-20.8021
-20.9033
-20.9543
-20.944
-20.827
-20.6148
-20.4196
-20.3011
-20.2699
-20.6018
-20.6341
-20.7185
-20.8382
-20.9634
-21.0525
-21.0885
-21.0671
-21.0151
-20.9547
-20.8356
-20.6695
-20.5554
-20.4923
-20.4478
-20.4156
-20.3905
-20.3713
-20.3565
-20.3448
-20.3355
-20.328
-20.3219
-20.3169
-20.3127
-20.3093
-20.3064
-20.304
-20.3019
-20.3001
-20.2986
-20.2973
-20.2962
-20.2953
-20.2945
-20.2938
-20.2932
-20.2927
-20.2924
-20.292
-20.2919
-20.2918
-20.2917
-20.2917
-20.2918
-20.2921
-20.2924
-20.2929
-20.2935
-20.2943
-20.2953
-20.2965
-20.298
-20.2999
-20.3022
-20.3051
-20.3086
-20.3129
-20.3184
-20.3252
-20.3339
-20.3451
-20.3596
-20.3784
-20.4038
-20.4386
-20.4874
-20.5589
-20.6964
-20.9238
-21.1084
-21.2375
-21.324
-21.3649
-21.3258
-21.1893
-21.0048
-20.8593
-20.7846
-20.7466
-21.056
-21.047
-21.0877
-21.1833
-21.2907
-21.3662
-21.3967
-21.3819
-21.3622
-21.3583
-21.2679
-21.1286
-21.0303
-20.9752
-20.9355
-20.9054
-20.8822
-20.8642
-20.85
-20.8389
-20.8298
-20.8224
-20.8163
-20.8113
-20.8071
-20.8036
-20.8006
-20.7981
-20.796
-20.7941
-20.7926
-20.7912
-20.7901
-20.7891
-20.7882
-20.7875
-20.7869
-20.7864
-20.786
-20.7857
-20.7856
-20.7855
-20.7855
-20.7856
-20.7858
-20.7861
-20.7865
-20.7871
-20.7878
-20.7887
-20.7898
-20.7911
-20.7928
-20.7948
-20.7973
-20.8003
-20.804
-20.8085
-20.8141
-20.821
-20.8298
-20.841
-20.8556
-20.8734
-20.8983
-20.9321
-20.9776
-21.0484
-21.1811
-21.3786
-21.5257
-21.6165
-21.6849
-21.7161
-21.673
-21.5365
-21.3592
-21.2353
-21.1974
-21.1875
-21.4862
-21.4692
-21.4831
-21.5592
-21.6495
-21.7116
-21.7334
-21.7295
-21.7498
-21.7831
-21.698
-21.5807
-21.5004
-21.4539
-21.4194
-21.3925
-21.3717
-21.3552
-21.3422
-21.3316
-21.323
-21.3159
-21.3101
-21.3051
-21.301
-21.2975
-21.2946
-21.292
-21.2898
-21.288
-21.2864
-21.285
-21.2838
-21.2827
-21.2819
-21.2811
-21.2805
-21.28
-21.2796
-21.2793
-21.2793
-21.2792
-21.2793
-21.2794
-21.2796
-21.28
-21.2805
-21.2811
-21.2819
-21.2829
-21.2841
-21.2855
-21.2873
-21.2894
-21.292
-21.2951
-21.2988
-21.3034
-21.3089
-21.3158
-21.3243
-21.335
-21.3487
-21.366
-21.3892
-21.4203
-21.4613
-21.5278
-21.6462
-21.8103
-21.9132
-21.9553
-21.9959
-22.0164
-21.9709
-21.8435
-21.6864
-21.587
-21.5908
-21.6244
-21.9107
-21.9174
-21.9561
-22.0112
-22.0614
-22.102
-22.1256
-22.1514
-22.2138
-22.2196
-22.1301
-22.0328
-21.9688
-21.9303
-21.9008
-21.8776
-21.8594
-21.8448
-21.833
-21.8234
-21.8154
-21.8088
-21.8032
-21.7985
-21.7945
-21.7911
-21.7882
-21.7857
-21.7835
-21.7816
-21.78
-21.7786
-21.7773
-21.7763
-21.7754
-21.7746
-21.774
-21.7735
-21.7731
-21.7729
-21.7728
-21.7728
-21.7729
-21.7731
-21.7734
-21.7738
-21.7744
-21.775
-21.7759
-21.7769
-21.7782
-21.7797
-21.7815
-21.7837
-21.7863
-21.7894
-21.7931
-21.7976
-21.803
-21.8095
-21.8176
-21.8276
-21.8402
-21.8561
-21.8769
-21.9045
-21.9403
-21.9972
-22.098
-22.234
-22.3104
-22.2945
-22.2984
-22.3083
-22.2678
-22.1673
-22.0525
-21.9913
-22.0173
-22.0456
-22.3689
-22.3948
-22.4783
-22.5308
-22.5497
-22.5618
-22.5883
-22.6453
-22.6929
-22.6531
-22.5659
-22.4863
-22.4367
-22.4053
-22.3807
-22.3613
-22.3458
-22.3333
-22.323
-22.3144
-22.3071
-22.301
-22.2958
-22.2914
-22.2876
-22.2843
-22.2815
-22.279
-22.2769
-22.275
-22.2734
-22.272
-22.2708
-22.2697
-22.2688
-22.268
-22.2674
-22.2668
-22.2665
-22.2663
-22.2663
-22.2664
-22.2665
-22.2667
-22.2671
-22.2675
-22.2681
-22.2688
-22.2697
-22.2708
-22.2721
-22.2736
-22.2755
-22.2776
-22.2802
-22.2833
-22.2869
-22.2912
-22.2963
-22.3025
-22.3099
-22.319
-22.3302
-22.3443
-22.3623
-22.3858
-22.4156
-22.4607
-22.5435
-22.6607
-22.741
-22.7038
-22.6643
-22.6551
-22.6221
-22.5641
-22.5119
-22.4883
-22.474
-22.4696
-22.8764
-22.8918
-22.9694
-23.05
-23.0824
-23.0902
-23.1058
-23.1422
-23.1423
-23.0849
-23.0023
-22.9403
-22.9044
-22.8796
-22.86
-22.8443
-22.8316
-22.8211
-22.8123
-22.8048
-22.7983
-22.7928
-22.788
-22.7839
-22.7804
-22.7772
-22.7745
-22.7722
-22.7701
-22.7683
-22.7667
-22.7653
-22.7641
-22.763
-22.7621
-22.7613
-22.7607
-22.7601
-22.7597
-22.7596
-22.7597
-22.7598
-22.76
-22.7603
-22.7607
-22.7611
-22.7617
-22.7625
-22.7634
-22.7645
-22.7658
-22.7673
-22.7691
-22.7713
-22.7738
-22.7768
-22.7802
-22.7843
-22.7891
-22.7947
-22.8015
-22.8095
-22.8193
-22.8313
-22.8463
-22.8655
-22.8895
-22.9233
-22.9872
-23.086
-23.172
-23.1715
-23.1181
-23.0821
-23.0629
-23.056
-23.0458
-23.0041
-22.9511
-22.9356
-23.4059
-23.4074
-23.4618
-23.5432
-23.592
-23.6022
-23.5984
-23.5999
-23.5708
-23.5043
-23.4377
-23.3968
-23.3726
-23.3544
-23.3395
-23.3274
-23.3173
-23.3087
-23.3012
-23.2948
-23.2891
-23.2842
-23.2799
-23.2761
-23.2728
-23.2699
-23.2673
-23.2651
-23.2631
-23.2613
-23.2598
-23.2585
-23.2573
-23.2563
-23.2554
-23.2546
-23.2539
-23.2533
-23.253
-23.2529
-23.2531
-23.2532
-23.2534
-23.2538
-23.2542
-23.2546
-23.2552
-23.256
-23.2569
-23.258
-23.2593
-23.2608
-23.2626
-23.2647
-23.2671
-23.2699
-23.2732
-23.277
-23.2814
-23.2865
-23.2925
-23.2995
-23.3078
-23.3178
-23.3299
-23.3449
-23.3632
-23.3871
-23.431
-23.5072
-23.59
-23.6261
-23.6058
-23.5792
-23.5809
-23.5865
-23.5551
-23.4875
-23.4401
-23.4513
-23.9303
-23.9452
-23.9827
-24.027
-24.0571
-24.0597
-24.0435
-24.0169
-23.9689
-23.9152
-23.879
-23.8582
-23.8433
-23.8308
-23.8202
-23.8111
-23.8032
-23.7963
-23.7901
-23.7846
-23.7797
-23.7754
-23.7715
-23.7681
-23.765
-23.7623
-23.7599
-23.7578
-23.7559
-23.7542
-23.7528
-23.7515
-23.7503
-23.7494
-23.7485
-23.7477
-23.7471
-23.7465
-23.7462
-23.7462
-23.7465
-23.7467
-23.7469
-23.7472
-23.7476
-23.7481
-23.7486
-23.7494
-23.7502
-23.7513
-23.7525
-23.754
-23.7558
-23.7578
-23.7601
-23.7627
-23.7658
-23.7693
-23.7733
-23.7779
-23.7832
-23.7892
-23.7962
-23.8043
-23.8138
-23.8251
-23.8386
-23.855
-23.8798
-23.9281
-23.995
-24.0515
-24.0687
-24.077
-24.0889
-24.0829
-24.0475
-23.9958
-23.9621
-23.9605
-24.4418
-24.467
-24.4927
-24.5072
-24.4977
-24.4802
-24.4555
-24.4128
-24.3726
-24.3506
-24.3375
-24.3272
-24.3182
-24.3099
-24.3025
-24.2958
-24.2897
-24.2841
-24.279
-24.2744
-24.2702
-24.2663
-24.2629
-24.2598
-24.257
-24.2545
-24.2523
-24.2503
-24.2485
-24.247
-24.2456
-24.2444
-24.2433
-24.2424
-24.2416
-24.2409
-24.2403
-24.2397
-24.2394
-24.2395
-24.2399
-24.2402
-24.2404
-24.2407
-24.241
-24.2414
-24.2419
-24.2426
-24.2434
-24.2444
-24.2456
-24.2471
-24.2487
-24.2506
-24.2528
-24.2553
-24.2582
-24.2614
-24.265
-24.2691
-24.2737
-24.2789
-24.2847
-24.2913
-24.2987
-24.3071
-24.3167
-24.3277
-24.3409
-24.3602
-24.3982
-24.4496
-24.4915
-24.5222
-24.5471
-24.5524
-24.5417
-24.5182
-24.4958
-24.4727
-24.9289
-24.9483
-24.9706
-24.9713
-24.9398
-24.8994
-24.8661
-24.8408
-24.8259
-24.8159
-24.8088
-24.803
-24.7974
-24.7919
-24.7866
-24.7816
-24.7769
-24.7724
-24.7681
-24.7642
-24.7606
-24.7573
-24.7542
-24.7514
-24.7489
-24.7466
-24.7445
-24.7427
-24.741
-24.7396
-24.7383
-24.7371
-24.7361
-24.7353
-24.7345
-24.7339
-24.7334
-24.733
-24.7328
-24.7329
-24.7335
-24.734
-24.7341
-24.7342
-24.7343
-24.7346
-24.735
-24.7356
-24.7364
-24.7374
-24.7385
-24.7399
-24.7415
-24.7433
-24.7453
-24.7477
-24.7503
-24.7533
-24.7566
-24.7602
-24.7643
-24.7687
-24.7736
-24.779
-24.7848
-24.7912
-24.7982
-24.8058
-24.8141
-24.824
-24.8367
-24.8602
-24.9019
-24.9415
-24.9755
-25.0086
-25.0263
-25.0168
-24.9859
-24.9657
-25.401
-25.4111
-25.4228
-25.4188
-25.39
-25.3533
-25.3254
-25.3089
-25.2992
-25.2926
-25.2881
-25.2842
-25.2803
-25.2764
-25.2725
-25.2686
-25.2648
-25.2611
-25.2576
-25.2542
-25.2511
-25.2481
-25.2454
-25.2429
-25.2406
-25.2385
-25.2366
-25.2349
-25.2334
-25.232
-25.2308
-25.2297
-25.2288
-25.2281
-25.2274
-25.227
-25.2266
-25.2263
-25.2263
-25.2264
-25.2271
-25.228
-25.228
-25.2277
-25.2276
-25.2277
-25.228
-25.2285
-25.2292
-25.2301
-25.2312
-25.2325
-25.234
-25.2358
-25.2377
-25.2399
-25.2423
-25.245
-25.248
-25.2513
-25.2549
-25.2588
-25.2629
-25.2674
-25.2722
-25.2773
-25.2826
-25.2882
-25.2943
-25.3013
-25.3106
-25.323
-25.3423
-25.3729
-25.4142
-25.4579
-25.4813
-25.4748
-25.4547
-25.4416
-25.8687
-25.8719
-25.8743
-25.8675
-25.8481
-25.8234
-25.8033
-25.7898
-25.7814
-25.7761
-25.7723
-25.769
-25.7658
-25.7628
-25.7596
-25.7565
-25.7533
-25.7502
-25.7472
-25.7444
-25.7416
-25.739
-25.7366
-25.7344
-25.7323
-25.7304
-25.7286
-25.727
-25.7256
-25.7243
-25.7232
-25.7222
-25.7214
-25.7207
-25.7202
-25.7199
-25.7197
-25.7198
-25.72
-25.7201
-25.7208
-25.722
-25.7219
-25.7211
-25.7206
-25.7206
-25.7207
-25.7212
-25.7219
-25.7227
-25.7238
-25.725
-25.7264
-25.7281
-25.7299
-25.7319
-25.7342
-25.7367
-25.7394
-25.7424
-25.7456
-25.749
-25.7527
-25.7565
-25.7606
-25.7649
-25.7693
-25.774
-25.7791
-25.7849
-25.7925
-25.803
-25.8176
-25.8399
-25.8715
-25.9049
-25.9234
-25.923
-25.9145
-25.9084
-26.3386
-26.3387
-26.3369
-26.3295
-26.3157
-26.2995
-26.2853
-26.2748
-26.2678
-26.263
-26.2593
-26.2562
-26.2534
-26.2506
-26.2479
-26.2452
-26.2425
-26.2398
-26.2372
-26.2347
-26.2322
-26.2299
-26.2278
-26.2257
-26.2238
-26.2221
-26.2205
-26.219
-26.2177
-26.2165
-26.2155
-26.2146
-26.2138
-26.2132
-26.2128
-26.2126
-26.2127
-26.2132
-26.2137
-26.2136
-26.2139
-26.2153
-26.2153
-26.2141
-26.2133
-26.2131
-26.2132
-26.2137
-26.2143
-26.2151
-26.2161
-26.2173
-26.2187
-26.2203
-26.222
-26.2239
-26.226
-26.2283
-26.2308
-26.2335
-26.2364
-26.2395
-26.2428
-26.2462
-26.2498
-26.2536
-26.2576
-26.2618
-26.2665
-26.2719
-26.2785
-26.2874
-26.2999
-26.3168
-26.3381
-26.3593
-26.3736
-26.3781
-26.3771
-26.3754
-26.8127
-26.812
-26.8093
-26.8028
-26.7924
-26.7807
-26.7703
-26.7621
-26.756
-26.7514
-26.7478
-26.7447
-26.742
-26.7394
-26.7369
-26.7345
-26.7321
-26.7297
-26.7274
-26.7251
-26.723
-26.7209
-26.7189
-26.7171
-26.7154
-26.7138
-26.7123
-26.7109
-26.7097
-26.7086
-26.7076
-26.7068
-26.7061
-26.7055
-26.7052
-26.7051
-26.7052
-26.706
-26.7068
-26.7065
-26.7061
-26.7073
-26.7074
-26.7062
-26.7054
-26.7053
-26.7055
-26.7059
-26.7066
-26.7074
-26.7084
-26.7095
-26.7108
-26.7123
-26.7139
-26.7157
-26.7177
-26.7199
-26.7222
-26.7247
-26.7274
-26.7302
-26.7332
-26.7363
-26.7396
-26.7431
-26.7468
-26.7508
-26.7553
-26.7605
-26.7667
-26.7744
-26.7844
-26.7972
-26.8121
-26.827
-26.8384
-26.8442
-26.8458
-26.8459
-27.2907
-27.2895
-27.2869
-27.2819
-27.2732
-27.2649
-27.257
-27.2503
-27.2449
-27.2406
-27.237
-27.234
-27.2313
-27.2288
-27.2265
-27.2242
-27.222
-27.2199
-27.2178
-27.2157
-27.2138
-27.2119
-27.2101
-27.2084
-27.2068
-27.2054
-27.204
-27.2027
-27.2016
-27.2005
-27.1996
-27.1988
-27.1982
-27.1976
-27.1973
-27.1971
-27.1972
-27.1979
-27.199
-27.1982
-27.1971
-27.1981
-27.1984
-27.1976
-27.1971
-27.1972
-27.1975
-27.198
-27.1987
-27.1995
-27.2005
-27.2016
-27.2029
-27.2043
-27.2058
-27.2075
-27.2094
-27.2114
-27.2136
-27.2159
-27.2183
-27.221
-27.2237
-27.2267
-27.2297
-27.233
-27.2366
-27.2404
-27.2448
-27.2497
-27.2555
-27.2625
-27.2709
-27.2809
-27.2921
-27.3033
-27.3121
-27.3175
-27.3197
-27.3203
-27.7709
-27.7698
-27.7673
-27.763
-27.757
-27.7505
-27.7443
-27.7387
-27.734
-27.73
-27.7266
-27.7236
-27.721
-27.7186
-27.7164
-27.7143
-27.7122
-27.7102
-27.7083
-27.7064
-27.7046
-27.7029
-27.7013
-27.6997
-27.6983
-27.6969
-27.6956
-27.6945
-27.6934
-27.6924
-27.6916
-27.6908
-27.6902
-27.6896
-27.6892
-27.6889
-27.6888
-27.6892
-27.6898
-27.6886
-27.6874
-27.6882
-27.6887
-27.6886
-27.6886
-27.6889
-27.6894
-27.69
-27.6907
-27.6916
-27.6925
-27.6936
-27.6948
-27.6962
-27.6976
-27.6992
-27.701
-27.7029
-27.7049
-27.7071
-27.7094
-27.7118
-27.7144
-27.7172
-27.7201
-27.7233
-27.7266
-27.7304
-27.7345
-27.7392
-27.7446
-27.7508
-27.758
-27.7661
-27.7748
-27.7833
-27.7902
-27.7948
-27.7971
-27.7976
-28.2531
-28.2521
-28.2499
-28.2463
-28.2418
-28.2368
-28.2318
-28.2272
-28.2231
-28.2195
-28.2163
-28.2135
-28.2109
-28.2086
-28.2065
-28.2045
-28.2026
-28.2007
-28.1989
-28.1972
-28.1956
-28.194
-28.1925
-28.191
-28.1897
-28.1884
-28.1872
-28.1862
-28.1852
-28.1842
-28.1834
-28.1827
-28.1821
-28.1815
-28.1811
-28.1807
-28.1804
-28.1802
-28.18
-28.1789
-28.1782
-28.1787
-28.1795
-28.1799
-28.1802
-28.1807
-28.1813
-28.182
-28.1827
-28.1835
-28.1845
-28.1855
-28.1867
-28.188
-28.1894
-28.1909
-28.1925
-28.1943
-28.1962
-28.1983
-28.2004
-28.2028
-28.2052
-28.2078
-28.2106
-28.2136
-28.2168
-28.2204
-28.2243
-28.2287
-28.2336
-28.2392
-28.2453
-28.252
-28.2588
-28.2654
-28.2709
-28.2749
-28.2772
-28.2785
-28.7367
-28.7358
-28.7339
-28.7311
-28.7275
-28.7236
-28.7196
-28.7158
-28.7122
-28.7089
-28.706
-28.7034
-28.701
-28.6988
-28.6968
-28.6949
-28.693
-28.6913
-28.6896
-28.6881
-28.6865
-28.6851
-28.6837
-28.6823
-28.6811
-28.6799
-28.6788
-28.6778
-28.6769
-28.676
-28.6752
-28.6745
-28.6739
-28.6734
-28.6729
-28.6725
-28.6721
-28.6718
-28.6713
-28.6706
-28.6701
-28.6706
-28.6712
-28.6716
-28.6721
-28.6726
-28.6732
-28.6739
-28.6746
-28.6754
-28.6763
-28.6773
-28.6785
-28.6797
-28.681
-28.6825
-28.684
-28.6857
-28.6875
-28.6894
-28.6915
-28.6937
-28.696
-28.6985
-28.7011
-28.704
-28.7071
-28.7104
-28.7141
-28.7181
-28.7226
-28.7275
-28.7327
-28.7382
-28.7437
-28.7489
-28.7533
-28.7567
-28.7588
-28.7598
-29.2214
-29.2206
-29.2191
-29.2168
-29.214
-29.2109
-29.2076
-29.2044
-29.2013
-29.1984
-29.1958
-29.1933
-29.1911
-29.189
-29.1871
-29.1853
-29.1836
-29.182
-29.1804
-29.1789
-29.1775
-29.1761
-29.1748
-29.1736
-29.1724
-29.1713
-29.1703
-29.1694
-29.1685
-29.1677
-29.167
-29.1663
-29.1657
-29.1652
-29.1648
-29.1644
-29.164
-29.1637
-29.1633
-29.1629
-29.1627
-29.1629
-29.1633
-29.1636
-29.1641
-29.1646
-29.1651
-29.1658
-29.1665
-29.1673
-29.1681
-29.1691
-29.1702
-29.1714
-29.1726
-29.174
-29.1755
-29.1771
-29.1788
-29.1806
-29.1825
-29.1846
-29.1868
-29.1891
-29.1917
-29.1943
-29.1972
-29.2004
-29.2038
-29.2075
-29.2115
-29.2157
-29.2202
-29.2248
-29.2293
-29.2335
-29.2371
-29.2399
-29.2417
-29.2426
-29.7071
-29.7064
-29.7051
-29.7033
-29.701
-29.6985
-29.6958
-29.6931
-29.6904
-29.6879
-29.6855
-29.6833
-29.6812
-29.6793
-29.6775
-29.6758
-29.6742
-29.6727
-29.6712
-29.6698
-29.6685
-29.6672
-29.666
-29.6649
-29.6638
-29.6628
-29.6618
-29.6609
-29.6601
-29.6593
-29.6587
-29.658
-29.6575
-29.657
-29.6566
-29.6562
-29.6558
-29.6555
-29.6553
-29.655
-29.6549
-29.655
-29.6553
-29.6556
-29.656
-29.6565
-29.657
-29.6576
-29.6583
-29.6591
-29.6599
-29.6608
-29.6619
-29.663
-29.6642
-29.6655
-29.6669
-29.6684
-29.67
-29.6717
-29.6735
-29.6755
-29.6776
-29.6798
-29.6821
-29.6847
-29.6874
-29.6903
-29.6934
-29.6967
-29.7003
-29.704
-29.7079
-29.7117
-29.7154
-29.7189
-29.7218
-29.7241
-29.7257
-29.7264
-30.1935
-30.1929
-30.1918
-30.1903
-30.1885
-30.1864
-30.1842
-30.1819
-30.1796
-30.1774
-30.1753
-30.1732
-30.1714
-30.1696
-30.1679
-30.1663
-30.1648
-30.1634
-30.162
-30.1607
-30.1595
-30.1583
-30.1571
-30.1561
-30.1551
-30.1541
-30.1532
-30.1524
-30.1517
-30.151
-30.1503
-30.1497
-30.1492
-30.1488
-30.1483
-30.148
-30.1477
-30.1474
-30.1472
-30.147
-30.147
-30.1471
-30.1473
-30.1476
-30.1479
-30.1484
-30.1489
-30.1494
-30.1501
-30.1508
-30.1516
-30.1525
-30.1535
-30.1545
-30.1557
-30.1569
-30.1582
-30.1596
-30.1611
-30.1627
-30.1645
-30.1663
-30.1683
-30.1703
-30.1726
-30.1749
-30.1774
-30.1801
-30.1829
-30.1859
-30.1891
-30.1924
-30.1957
-30.1989
-30.202
-30.2049
-30.2073
-30.2092
-30.2105
-30.2112
-30.6805
-30.68
-30.6791
-30.6779
-30.6764
-30.6747
-30.6728
-30.6708
-30.6689
-30.6669
-30.665
-30.6632
-30.6615
-30.6598
-30.6583
-30.6568
-30.6554
-30.6541
-30.6528
-30.6516
-30.6504
-30.6493
-30.6483
-30.6473
-30.6464
-30.6455
-30.6446
-30.6439
-30.6432
-30.6425
-30.6419
-30.6414
-30.6409
-30.6405
-30.6401
-30.6398
-30.6395
-30.6393
-30.6391
-30.639
-30.639
-30.6391
-30.6392
-30.6395
-30.6398
-30.6402
-30.6407
-30.6412
-30.6418
-30.6425
-30.6433
-30.6441
-30.645
-30.646
-30.6471
-30.6482
-30.6495
-30.6508
-30.6522
-30.6538
-30.6554
-30.6571
-30.6589
-30.6609
-30.6629
-30.6651
-30.6674
-30.6699
-30.6724
-30.6751
-30.6779
-30.6808
-30.6836
-30.6864
-30.689
-30.6914
-30.6934
-30.695
-30.6961
-30.6967
-31.168
-31.1675
-31.1668
-31.1658
-31.1646
-31.1631
-31.1616
-31.1599
-31.1582
-31.1565
-31.1548
-31.1532
-31.1516
-31.1501
-31.1487
-31.1473
-31.146
-31.1448
-31.1436
-31.1425
-31.1414
-31.1404
-31.1394
-31.1385
-31.1376
-31.1368
-31.136
-31.1353
-31.1346
-31.134
-31.1335
-31.133
-31.1325
-31.1321
-31.1318
-31.1315
-31.1313
-31.1311
-31.1309
-31.1308
-31.1308
-31.1309
-31.1311
-31.1313
-31.1316
-31.132
-31.1324
-31.1329
-31.1335
-31.1341
-31.1349
-31.1356
-31.1365
-31.1374
-31.1384
-31.1395
-31.1407
-31.142
-31.1433
-31.1447
-31.1462
-31.1478
-31.1495
-31.1513
-31.1532
-31.1553
-31.1574
-31.1596
-31.1619
-31.1643
-31.1668
-31.1693
-31.1717
-31.1741
-31.1763
-31.1783
-31.18
-31.1813
-31.1822
-31.1828
-31.6559
-31.6555
-31.6549
-31.6541
-31.653
-31.6518
-31.6505
-31.6491
-31.6476
-31.6461
-31.6446
-31.6432
-31.6417
-31.6404
-31.6391
-31.6378
-31.6366
-31.6355
-31.6344
-31.6333
-31.6323
-31.6314
-31.6305
-31.6296
-31.6288
-31.6281
-31.6274
-31.6267
-31.6261
-31.6255
-31.625
-31.6245
-31.6241
-31.6238
-31.6235
-31.6232
-31.623
-31.6228
-31.6227
-31.6226
-31.6226
-31.6227
-31.6229
-31.6231
-31.6234
-31.6237
-31.6241
-31.6246
-31.6251
-31.6257
-31.6264
-31.6271
-31.6279
-31.6288
-31.6297
-31.6308
-31.6319
-31.633
-31.6343
-31.6356
-31.637
-31.6385
-31.6401
-31.6418
-31.6435
-31.6454
-31.6473
-31.6493
-31.6514
-31.6535
-31.6557
-31.6579
-31.66
-31.662
-31.6639
-31.6656
-31.667
-31.6681
-31.6689
-31.6694
-32.1441
-32.1438
-32.1433
-32.1426
-32.1417
-32.1407
-32.1396
-32.1383
-32.1371
-32.1358
-32.1344
-32.1331
-32.1319
-32.1306
-32.1294
-32.1283
-32.1272
-32.1261
-32.1251
-32.1242
-32.1232
-32.1224
-32.1215
-32.1207
-32.12
-32.1193
-32.1187
-32.1181
-32.1175
-32.117
-32.1165
-32.1161
-32.1157
-32.1154
-32.1151
-32.1148
-32.1146
-32.1145
-32.1144
-32.1144
-32.1144
-32.1144
-32.1146
-32.1148
-32.115
-32.1154
-32.1157
-32.1162
-32.1167
-32.1173
-32.1179
-32.1186
-32.1193
-32.1201
-32.121
-32.1219
-32.123
-32.1241
-32.1252
-32.1264
-32.1278
-32.1291
-32.1306
-32.1321
-32.1337
-32.1354
-32.1372
-32.139
-32.1409
-32.1428
-32.1447
-32.1466
-32.1484
-32.1502
-32.1518
-32.1532
-32.1544
-32.1554
-32.156
-32.1564
-32.6326
-32.6323
-32.6319
-32.6313
-32.6306
-32.6297
-32.6288
-32.6277
-32.6266
-32.6255
-32.6243
-32.6231
-32.622
-32.6209
-32.6198
-32.6188
-32.6178
-32.6168
-32.6159
-32.615
-32.6141
-32.6133
-32.6126
-32.6118
-32.6112
-32.6105
-32.6099
-32.6094
-32.6089
-32.6084
-32.6079
-32.6076
-32.6072
-32.6069
-32.6066
-32.6064
-32.6063
-32.6061
-32.6061
-32.606
-32.606
-32.6061
-32.6062
-32.6064
-32.6067
-32.607
-32.6073
-32.6077
-32.6082
-32.6087
-32.6093
-32.6099
-32.6106
-32.6114
-32.6122
-32.6131
-32.614
-32.615
-32.6161
-32.6172
-32.6184
-32.6197
-32.6211
-32.6225
-32.6239
-32.6255
-32.627
-32.6287
-32.6303
-32.632
-32.6337
-32.6354
-32.637
-32.6385
-32.6399
-32.6411
-32.6421
-32.6429
-32.6435
-32.6438
-33.1213
-33.1211
-33.1208
-33.1203
-33.1197
-33.1189
-33.1181
-33.1172
-33.1162
-33.1152
-33.1142
-33.1132
-33.1122
-33.1112
-33.1102
-33.1092
-33.1083
-33.1074
-33.1066
-33.1058
-33.105
-33.1043
-33.1036
-33.1029
-33.1023
-33.1017
-33.1012
-33.1007
-33.1002
-33.0998
-33.0994
-33.099
-33.0987
-33.0984
-33.0982
-33.098
-33.0978
-33.0977
-33.0977
-33.0976
-33.0977
-33.0977
-33.0979
-33.098
-33.0983
-33.0985
-33.0989
-33.0992
-33.0997
-33.1001
-33.1007
-33.1013
-33.1019
-33.1026
-33.1033
-33.1042
-33.105
-33.1059
-33.1069
-33.108
-33.1091
-33.1102
-33.1115
-33.1127
-33.1141
-33.1155
-33.1169
-33.1183
-33.1198
-33.1213
-33.1228
-33.1242
-33.1256
-33.1269
-33.1281
-33.1292
-33.13
-33.1307
-33.1312
-33.1315
-33.6103
-33.6101
-33.6098
-33.6094
-33.6089
-33.6082
-33.6075
-33.6067
-33.6059
-33.605
-33.6041
-33.6032
-33.6023
-33.6014
-33.6006
-33.5997
-33.5989
-33.5981
-33.5973
-33.5966
-33.5959
-33.5952
-33.5946
-33.594
-33.5934
-33.5929
-33.5924
-33.5919
-33.5915
-33.5911
-33.5907
-33.5904
-33.5901
-33.5899
-33.5897
-33.5895
-33.5894
-33.5893
-33.5892
-33.5892
-33.5892
-33.5893
-33.5894
-33.5896
-33.5898
-33.59
-33.5903
-33.5907
-33.5911
-33.5915
-33.592
-33.5925
-33.5931
-33.5938
-33.5945
-33.5952
-33.596
-33.5968
-33.5977
-33.5987
-33.5997
-33.6007
-33.6018
-33.603
-33.6042
-33.6054
-33.6067
-33.608
-33.6093
-33.6106
-33.6119
-33.6132
-33.6144
-33.6155
-33.6166
-33.6174
-33.6182
-33.6188
-33.6192
-33.6194
-34.0994
-34.0992
-34.099
-34.0986
-34.0982
-34.0976
-34.097
-34.0963
-34.0956
-34.0949
-34.0941
-34.0933
-34.0925
-34.0917
-34.0909
-34.0902
-34.0894
-34.0887
-34.088
-34.0874
-34.0867
-34.0861
-34.0855
-34.085
-34.0845
-34.084
-34.0836
-34.0832
-34.0828
-34.0824
-34.0821
-34.0818
-34.0816
-34.0813
-34.0811
-34.081
-34.0809
-34.0808
-34.0807
-34.0807
-34.0808
-34.0808
-34.0809
-34.0811
-34.0813
-34.0815
-34.0818
-34.0821
-34.0824
-34.0829
-34.0833
-34.0838
-34.0843
-34.0849
-34.0855
-34.0862
-34.0869
-34.0877
-34.0885
-34.0893
-34.0902
-34.0912
-34.0922
-34.0932
-34.0943
-34.0954
-34.0966
-34.0977
-34.0989
-34.1
-34.1011
-34.1022
-34.1033
-34.1042
-34.1051
-34.1059
-34.1065
-34.107
-34.1074
-34.1076
-34.5886
-34.5885
-34.5883
-34.588
-34.5876
-34.5871
-34.5866
-34.586
-34.5854
-34.5847
-34.5841
-34.5834
-34.5827
-34.582
-34.5813
-34.5806
-34.58
-34.5793
-34.5787
-34.5781
-34.5775
-34.577
-34.5765
-34.576
-34.5756
-34.5751
-34.5747
-34.5744
-34.574
-34.5737
-34.5734
-34.5732
-34.5729
-34.5727
-34.5726
-34.5724
-34.5723
-34.5723
-34.5722
-34.5722
-34.5722
-34.5723
-34.5724
-34.5725
-34.5727
-34.5729
-34.5732
-34.5735
-34.5738
-34.5741
-34.5745
-34.575
-34.5755
-34.576
-34.5765
-34.5771
-34.5778
-34.5785
-34.5792
-34.58
-34.5808
-34.5816
-34.5825
-34.5834
-34.5844
-34.5854
-34.5864
-34.5874
-34.5884
-34.5894
-34.5904
-34.5913
-34.5922
-34.5931
-34.5938
-34.5945
-34.595
-34.5954
-34.5957
-34.5959
-35.078
-35.0779
-35.0777
-35.0774
-35.0771
-35.0767
-35.0763
-35.0758
-35.0752
-35.0747
-35.0741
-35.0735
-35.0729
-35.0723
-35.0717
-35.0711
-35.0705
-35.0699
-35.0694
-35.0689
-35.0684
-35.0679
-35.0674
-35.067
-35.0666
-35.0662
-35.0659
-35.0655
-35.0652
-35.065
-35.0647
-35.0645
-35.0643
-35.0641
-35.064
-35.0639
-35.0638
-35.0637
-35.0637
-35.0637
-35.0637
-35.0637
-35.0638
-35.064
-35.0641
-35.0643
-35.0645
-35.0648
-35.0651
-35.0654
-35.0657
-35.0661
-35.0666
-35.067
-35.0675
-35.0681
-35.0686
-35.0692
-35.0699
-35.0706
-35.0713
-35.072
-35.0728
-35.0736
-35.0745
-35.0753
-35.0762
-35.0771
-35.078
-35.0788
-35.0797
-35.0805
-35.0813
-35.082
-35.0826
-35.0832
-35.0836
-35.084
-35.0842
-35.0844
-35.5674
-35.5673
-35.5672
-35.567
-35.5667
-35.5664
-35.566
-35.5656
-35.5651
-35.5646
-35.5641
-35.5636
-35.5631
-35.5626
-35.562
-35.5615
-35.561
-35.5605
-35.5601
-35.5596
-35.5592
-35.5587
-35.5584
-35.558
-35.5576
-35.5573
-35.557
-35.5567
-35.5564
-35.5562
-35.556
-35.5558
-35.5556
-35.5555
-35.5553
-35.5552
-35.5552
-35.5551
-35.5551
-35.5551
-35.5551
-35.5552
-35.5552
-35.5554
-35.5555
-35.5557
-35.5558
-35.5561
-35.5563
-35.5566
-35.5569
-35.5573
-35.5576
-35.558
-35.5585
-35.559
-35.5595
-35.56
-35.5605
-35.5611
-35.5618
-35.5624
-35.5631
-35.5638
-35.5645
-35.5653
-35.566
-35.5668
-35.5676
-35.5683
-35.569
-35.5697
-35.5704
-35.571
-35.5715
-35.572
-35.5724
-35.5727
-35.5729
-35.573
-36.0569
-36.0569
-36.0568
-36.0566
-36.0563
-36.0561
-36.0558
-36.0554
-36.055
-36.0546
-36.0542
-36.0538
-36.0533
-36.0529
-36.0524
-36.052
-36.0515
-36.0511
-36.0507
-36.0503
-36.05
-36.0496
-36.0493
-36.0489
-36.0486
-36.0484
-36.0481
-36.0479
-36.0476
-36.0474
-36.0472
-36.0471
-36.0469
-36.0468
-36.0467
-36.0466
-36.0465
-36.0465
-36.0465
-36.0465
-36.0465
-36.0466
-36.0466
-36.0467
-36.0468
-36.047
-36.0471
-36.0473
-36.0476
-36.0478
-36.0481
-36.0484
-36.0487
-36.049
-36.0494
-36.0498
-36.0502
-36.0507
-36.0512
-36.0517
-36.0522
-36.0528
-36.0534
-36.054
-36.0546
-36.0552
-36.0559
-36.0565
-36.0572
-36.0578
-36.0584
-36.059
-36.0596
-36.0601
-36.0605
-36.0609
-36.0612
-36.0615
-36.0616
-36.0617
-36.5465
-36.5465
-36.5464
-36.5462
-36.5461
-36.5458
-36.5456
-36.5453
-36.545
-36.5446
-36.5443
-36.5439
-36.5435
-36.5432
-36.5428
-36.5424
-36.5421
-36.5417
-36.5414
-36.541
-36.5407
-36.5404
-36.5402
-36.5399
-36.5396
-36.5394
-36.5392
-36.539
-36.5388
-36.5386
-36.5385
-36.5383
-36.5382
-36.5381
-36.538
-36.538
-36.5379
-36.5379
-36.5379
-36.5379
-36.5379
-36.5379
-36.538
-36.5381
-36.5382
-36.5383
-36.5384
-36.5386
-36.5388
-36.539
-36.5392
-36.5394
-36.5397
-36.54
-36.5403
-36.5407
-36.541
-36.5414
-36.5418
-36.5422
-36.5427
-36.5432
-36.5436
-36.5442
-36.5447
-36.5452
-36.5457
-36.5463
-36.5468
-36.5473
-36.5478
-36.5483
-36.5488
-36.5492
-36.5496
-36.5499
-36.5501
-36.5503
-36.5505
-36.5506
-37.0362
-37.0361
-37.0361
-37.036
-37.0358
-37.0356
-37.0354
-37.0352
-37.0349
-37.0347
-37.0344
-37.0341
-37.0338
-37.0335
-37.0332
-37.0329
-37.0326
-37.0323
-37.032
-37.0318
-37.0315
-37.0313
-37.031
-37.0308
-37.0306
-37.0304
-37.0303
-37.0301
-37.03
-37.0298
-37.0297
-37.0296
-37.0295
-37.0294
-37.0293
-37.0293
-37.0292
-37.0292
-37.0292
-37.0292
-37.0292
-37.0293
-37.0293
-37.0294
-37.0295
-37.0296
-37.0297
-37.0298
-37.0299
-37.0301
-37.0303
-37.0305
-37.0307
-37.0309
-37.0312
-37.0315
-37.0318
-37.0321
-37.0324
-37.0328
-37.0331
-37.0335
-37.0339
-37.0343
-37.0347
-37.0352
-37.0356
-37.036
-37.0365
-37.0369
-37.0373
-37.0377
-37.038
-37.0384
-37.0387
-37.0389
-37.0391
-37.0393
-37.0394
-37.0395
-37.5259
-37.5258
-37.5258
-37.5257
-37.5256
-37.5255
-37.5253
-37.5251
-37.5249
-37.5247
-37.5245
-37.5243
-37.524
-37.5238
-37.5236
-37.5233
-37.5231
-37.5229
-37.5227
-37.5225
-37.5223
-37.5221
-37.5219
-37.5218
-37.5216
-37.5215
-37.5213
-37.5212
-37.5211
-37.521
-37.5209
-37.5208
-37.5208
-37.5207
-37.5206
-37.5206
-37.5206
-37.5206
-37.5205
-37.5205
-37.5206
-37.5206
-37.5206
-37.5207
-37.5207
-37.5208
-37.5209
-37.521
-37.5211
-37.5212
-37.5214
-37.5215
-37.5217
-37.5219
-37.5221
-37.5223
-37.5225
-37.5227
-37.523
-37.5233
-37.5235
-37.5238
-37.5241
-37.5245
-37.5248
-37.5251
-37.5255
-37.5258
-37.5261
-37.5264
-37.5267
-37.527
-37.5273
-37.5276
-37.5278
-37.528
-37.5282
-37.5283
-37.5284
-37.5284
-38.0156
-38.0156
-38.0155
-38.0155
-38.0154
-38.0153
-38.0152
-38.0151
-38.0149
-38.0148
-38.0146
-38.0145
-38.0143
-38.0141
-38.014
-38.0138
-38.0137
-38.0135
-38.0133
-38.0132
-38.0131
-38.0129
-38.0128
-38.0127
-38.0126
-38.0125
-38.0124
-38.0123
-38.0122
-38.0122
-38.0121
-38.0121
-38.012
-38.012
-38.0119
-38.0119
-38.0119
-38.0119
-38.0119
-38.0119
-38.0119
-38.0119
-38.0119
-38.012
-38.012
-38.0121
-38.0121
-38.0122
-38.0123
-38.0124
-38.0125
-38.0126
-38.0127
-38.0128
-38.0129
-38.0131
-38.0132
-38.0134
-38.0136
-38.0138
-38.014
-38.0142
-38.0144
-38.0146
-38.0148
-38.0151
-38.0153
-38.0156
-38.0158
-38.016
-38.0162
-38.0164
-38.0166
-38.0168
-38.017
-38.0171
-38.0172
-38.0173
-38.0174
-38.0174
-38.5054
-38.5053
-38.5053
-38.5053
-38.5052
-38.5052
-38.5051
-38.505
-38.505
-38.5049
-38.5048
-38.5047
-38.5046
-38.5045
-38.5044
-38.5043
-38.5042
-38.5041
-38.504
-38.5039
-38.5038
-38.5038
-38.5037
-38.5036
-38.5036
-38.5035
-38.5035
-38.5034
-38.5034
-38.5033
-38.5033
-38.5033
-38.5033
-38.5032
-38.5032
-38.5032
-38.5032
-38.5032
-38.5032
-38.5032
-38.5032
-38.5032
-38.5032
-38.5032
-38.5033
-38.5033
-38.5033
-38.5034
-38.5034
-38.5035
-38.5035
-38.5036
-38.5036
-38.5037
-38.5038
-38.5039
-38.504
-38.504
-38.5041
-38.5043
-38.5044
-38.5045
-38.5046
-38.5048
-38.5049
-38.505
-38.5052
-38.5053
-38.5055
-38.5056
-38.5057
-38.5059
-38.506
-38.5061
-38.5062
-38.5063
-38.5063
-38.5064
-38.5064
-38.5064
-38.9951
-38.9951
-38.9951
-38.9951
-38.9951
-38.9951
-38.995
-38.995
-38.995
-38.995
-38.9949
-38.9949
-38.9949
-38.9948
-38.9948
-38.9948
-38.9947
-38.9947
-38.9947
-38.9946
-38.9946
-38.9946
-38.9946
-38.9946
-38.9945
-38.9945
-38.9945
-38.9945
-38.9945
-38.9945
-38.9945
-38.9945
-38.9945
-38.9945
-38.9945
-38.9945
-38.9945
-38.9945
-38.9945
-38.9945
-38.9945
-38.9945
-38.9945
-38.9945
-38.9945
-38.9945
-38.9946
-38.9946
-38.9946
-38.9946
-38.9946
-38.9946
-38.9946
-38.9946
-38.9946
-38.9947
-38.9947
-38.9947
-38.9947
-38.9948
-38.9948
-38.9948
-38.9949
-38.9949
-38.995
-38.995
-38.9951
-38.9951
-38.9952
-38.9952
-38.9952
-38.9953
-38.9953
-38.9954
-38.9954
-38.9954
-38.9954
-38.9955
-38.9955
-38.9955
)
;

boundaryField
{
    lowerWall
    {
        type            calculated;
        value           nonuniform List<scalar> 
80
(
8394
8394.2
8394.3
8394.17
8393.79
8393.15
8392.28
8391.2
8389.93
8388.5
8386.93
8385.24
8383.44
8381.54
8379.57
8377.53
8375.44
8373.32
8371.19
8369.05
8366.92
8364.82
8362.77
8360.76
8358.83
8356.97
8355.21
8353.54
8351.97
8350.53
8349.2
8347.99
8346.92
8345.98
8345.17
8344.5
8343.96
8343.56
8343.29
8343.16
8343.16
8343.3
8343.58
8343.98
8344.52
8345.2
8346
8346.94
8348
8349.19
8350.51
8351.94
8353.48
8355.12
8356.86
8358.69
8360.59
8362.56
8364.58
8366.64
8368.73
8370.82
8372.92
8375
8377.05
8379.04
8380.98
8382.84
8384.6
8386.26
8387.79
8389.18
8390.41
8391.45
8392.29
8392.9
8393.26
8393.37
8393.26
8393.06
)
;
    }
    rightWall
    {
        type            calculated;
        value           nonuniform List<scalar> 
80
(
8184.6
7767.47
7350.44
6933.62
6517.07
6100.8
5684.81
5269.09
4853.65
4438.49
4023.63
3609.07
3194.85
2780.96
2367.38
1954.04
1540.77
1127.28
712.412
302.018
43.9972
-10.1729
-10.6343
-11.1234
-11.6194
-12.1313
-12.6531
-13.1538
-13.6168
-14.0376
-14.4199
-14.8027
-15.2356
-15.7576
-16.3637
-17.011
-17.6803
-18.3892
-19.0863
-19.7175
-20.2699
-20.7466
-21.1875
-21.6244
-22.0456
-22.4696
-22.9356
-23.4513
-23.9605
-24.4727
-24.9657
-25.4416
-25.9084
-26.3754
-26.8459
-27.3203
-27.7976
-28.2785
-28.7598
-29.2426
-29.7264
-30.2112
-30.6967
-31.1828
-31.6694
-32.1564
-32.6438
-33.1315
-33.6194
-34.1076
-34.5959
-35.0844
-35.573
-36.0617
-36.5506
-37.0395
-37.5284
-38.0174
-38.5064
-38.9955
)
;
    }
    atmosphere
    {
        type            calculated;
        value           nonuniform List<scalar> 
80
(
-39.24
-39.24
-39.24
-39.24
-39.24
-39.24
-39.24
-39.24
-39.24
-39.24
-39.24
-39.24
-39.24
-39.24
-39.24
-39.24
-39.24
-39.24
-39.24
-39.24
-39.24
-39.24
-39.24
-39.24
-39.24
-39.2401
-39.2401
-39.2401
-39.2401
-39.2401
-39.2401
-39.2401
-39.2401
-39.2401
-39.2402
-39.2402
-39.2402
-39.2402
-39.2402
-39.2402
-39.2402
-39.2402
-39.2402
-39.2402
-39.2402
-39.2402
-39.2402
-39.2402
-39.2401
-39.2401
-39.2401
-39.2401
-39.2401
-39.2401
-39.2401
-39.2401
-39.24
-39.24
-39.24
-39.24
-39.24
-39.24
-39.24
-39.24
-39.24
-39.24
-39.24
-39.24
-39.24
-39.24
-39.24
-39.24
-39.24
-39.24
-39.24
-39.24
-39.24
-39.24
-39.24
-39.24
)
;
    }
    leftWall
    {
        type            calculated;
        value           nonuniform List<scalar> 
80
(
8185.54
7768.42
7351.39
6934.59
6518.06
6101.8
5685.83
5270.15
4854.75
4439.64
4024.84
3610.35
3196.2
2782.38
2368.88
1955.63
1542.47
1129.07
714.279
303.351
44.2922
-10.1954
-10.6562
-11.1453
-11.6376
-12.1479
-12.6772
-13.1904
-13.6546
-14.0635
-14.443
-14.8501
-15.3414
-15.9399
-16.6325
-17.3627
-18.0609
-18.6813
-19.2202
-19.6976
-20.1461
-20.6018
-21.056
-21.4862
-21.9107
-22.3689
-22.8764
-23.4059
-23.9303
-24.4418
-24.9289
-25.401
-25.8687
-26.3386
-26.8127
-27.2907
-27.7709
-28.2531
-28.7367
-29.2214
-29.7071
-30.1935
-30.6805
-31.168
-31.6559
-32.1441
-32.6326
-33.1213
-33.6103
-34.0994
-34.5886
-35.078
-35.5674
-36.0569
-36.5465
-37.0362
-37.5259
-38.0156
-38.5054
-38.9951
)
;
    }
    frontAndBack
    {
        type            empty;
    }
}


// ************************************************************************* //
