/*--------------------------------*- C++ -*----------------------------------*\
| =========                 |                                                 |
| \\      /  F ield         | OpenFOAM: The Open Source CFD Toolbox           |
|  \\    /   O peration     | Version:  2412                                  |
|   \\  /    A nd           | Website:  www.openfoam.com                      |
|    \\/     M anipulation  |                                                 |
\*---------------------------------------------------------------------------*/
FoamFile
{
    version     2.0;
    format      ascii;
    arch        "LSB;label=32;scalar=64";
    class       volScalarField;
    location    "1.3";
    object      p_rgh;
}
// * * * * * * * * * * * * * * * * * * * * * * * * * * * * * * * * * * * * * //

dimensions      [1 -1 -2 0 0 0 0];

internalField   nonuniform List<scalar> 
6400
(
12350.9
12350.9
12350.9
12350.9
12350.9
12350.9
12350.9
12350.9
12350.9
12350.9
12350.9
12350.9
12350.9
12350.9
12350.9
12350.9
12350.9
12350.9
12350.9
12350.9
12350.9
12350.9
12350.9
12350.9
12350.9
12350.9
12350.9
12350.9
12350.9
12350.9
12350.9
12350.9
12350.9
12350.9
12350.9
12350.9
12350.9
12350.9
12350.9
12350.9
12350.9
12350.9
12350.9
12350.9
12350.9
12350.9
12350.9
12350.9
12350.9
12350.9
12350.9
12350.9
12350.9
12350.9
12350.9
12350.9
12350.9
12350.9
12350.9
12350.9
12350.9
12350.9
12350.9
12350.9
12350.9
12350.9
12350.9
12350.9
12350.9
12350.9
12350.9
12350.9
12350.9
12350.9
12350.9
12350.9
12350.9
12350.9
12350.9
12350.9
12350.9
12350.9
12350.9
12350.9
12350.9
12350.9
12350.9
12350.9
12350.9
12350.9
12350.9
12350.9
12350.9
12350.9
12350.9
12350.9
12350.9
12350.9
12350.9
12350.9
12350.9
12350.9
12350.9
12350.9
12350.9
12350.9
12350.9
12350.9
12350.9
12350.9
12350.9
12350.9
12350.9
12350.9
12350.9
12350.9
12350.9
12350.9
12350.9
12350.9
12350.9
12350.9
12350.9
12350.9
12350.9
12350.9
12350.9
12350.9
12350.9
12350.9
12350.9
12350.9
12350.9
12350.9
12350.9
12350.9
12350.9
12350.9
12350.9
12350.9
12350.9
12350.9
12350.9
12350.9
12350.9
12350.9
12350.9
12350.9
12350.9
12350.9
12350.9
12350.9
12350.9
12350.9
12350.9
12350.9
12350.9
12350.9
12350.9
12350.9
12350.9
12350.9
12350.9
12350.9
12350.9
12350.9
12350.9
12350.9
12350.9
12350.9
12350.9
12350.9
12350.9
12350.9
12350.9
12350.9
12350.9
12350.9
12350.9
12350.9
12350.9
12350.9
12350.9
12350.9
12350.9
12350.9
12350.9
12350.9
12350.9
12350.9
12350.9
12350.9
12350.9
12350.9
12350.9
12350.9
12350.9
12350.9
12350.9
12350.9
12350.9
12350.9
12350.9
12350.9
12350.9
12350.9
12350.9
12350.9
12350.9
12350.9
12350.9
12350.9
12350.9
12350.9
12350.9
12350.9
12350.9
12350.9
12350.9
12350.9
12350.9
12350.9
12350.9
12350.9
12350.9
12350.9
12350.9
12350.9
12350.9
12350.9
12350.9
12350.9
12350.9
12350.9
12350.9
12350.9
12350.9
12350.9
12350.9
12350.9
12350.9
12350.9
12350.9
12350.9
12350.9
12350.9
12350.9
12350.9
12350.9
12350.9
12350.9
12350.9
12350.9
12350.9
12350.9
12350.9
12350.9
12350.9
12350.9
12350.9
12350.9
12350.9
12350.9
12350.9
12350.9
12350.9
12350.9
12350.9
12350.9
12350.9
12350.9
12350.9
12350.9
12350.9
12350.9
12350.9
12350.9
12350.9
12350.9
12350.9
12350.9
12350.9
12350.9
12350.9
12350.9
12350.9
12350.9
12350.9
12350.9
12350.9
12350.9
12350.9
12350.9
12350.9
12350.9
12350.9
12350.9
12350.9
12350.9
12350.9
12350.9
12350.9
12350.9
12350.9
12350.9
12350.9
12350.9
12350.9
12350.9
12350.9
12350.9
12350.9
12350.9
12350.9
12350.9
12350.9
12350.9
12350.9
12350.9
12350.9
12350.9
12350.9
12350.9
12350.9
12350.9
12350.9
12350.9
12350.9
12350.9
12350.9
12350.9
12350.9
12350.9
12350.9
12350.9
12350.9
12350.9
12350.9
12350.9
12350.9
12350.9
12350.9
12350.9
12350.9
12350.9
12350.9
12350.9
12350.9
12350.9
12350.9
12350.9
12350.9
12350.9
12350.9
12350.9
12350.9
12350.9
12350.9
12350.9
12350.9
12350.9
12350.9
12350.9
12350.9
12350.9
12350.9
12350.9
12350.9
12350.9
12350.9
12350.9
12350.9
12350.9
12350.9
12350.9
12350.9
12350.9
12350.9
12350.9
12350.9
12350.9
12350.9
12350.9
12350.9
12350.9
12350.9
12350.9
12350.9
12350.9
12350.9
12350.9
12350.9
12350.9
12350.9
12350.9
12350.9
12350.9
12350.9
12350.9
12350.9
12350.9
12350.9
12350.9
12350.9
12350.9
12350.9
12350.9
12350.9
12350.9
12350.9
12350.9
12350.9
12350.9
12350.9
12350.9
12350.9
12350.9
12350.9
12350.9
12350.9
12350.9
12350.9
12350.9
12350.9
12350.9
12350.9
12350.9
12350.9
12350.9
12350.9
12350.9
12350.9
12350.9
12350.9
12350.9
12350.9
12350.9
12350.9
12350.9
12350.9
12350.9
12350.9
12350.9
12350.9
12350.9
12350.9
12350.9
12350.9
12350.9
12350.9
12350.9
12350.9
12350.9
12350.9
12350.9
12350.9
12350.9
12350.9
12350.9
12350.9
12350.9
12350.9
12350.9
12350.9
12350.9
12350.9
12350.9
12350.9
12350.9
12350.9
12350.9
12350.9
12350.9
12350.9
12350.9
12350.9
12350.9
12350.9
12350.9
12350.9
12350.9
12350.9
12350.9
12350.9
12350.9
12350.9
12350.9
12350.9
12350.9
12350.9
12350.9
12350.9
12350.9
12350.9
12350.9
12350.9
12350.9
12350.9
12350.9
12350.9
12350.9
12350.9
12350.9
12350.9
12350.9
12350.9
12350.9
12350.9
12350.9
12350.9
12350.9
12350.9
12350.9
12350.9
12350.9
12350.9
12350.9
12350.9
12350.9
12350.9
12350.9
12350.9
12350.9
12350.9
12350.9
12350.9
12350.9
12350.9
12350.9
12350.9
12350.9
12350.9
12350.9
12350.9
12350.9
12350.9
12350.9
12350.9
12350.9
12350.9
12350.9
12350.9
12350.9
12350.9
12350.9
12350.9
12350.9
12350.9
12350.9
12350.9
12350.9
12350.9
12350.9
12350.9
12350.9
12350.9
12350.9
12350.9
12350.9
12350.9
12350.9
12350.9
12350.9
12350.9
12350.9
12350.9
12350.9
12350.9
12350.9
12350.9
12350.9
12350.9
12350.9
12350.9
12350.9
12350.9
12350.9
12350.9
12350.9
12350.9
12350.9
12350.9
12350.9
12350.9
12350.9
12350.9
12350.9
12350.9
12350.9
12350.9
12350.9
12350.9
12350.9
12350.9
12350.9
12350.9
12350.9
12350.9
12350.9
12350.9
12350.9
12350.9
12350.9
12350.9
12350.9
12350.9
12350.9
12350.9
12350.9
12350.9
12350.9
12350.9
12350.9
12350.9
12350.9
12350.9
12350.9
12350.9
12350.9
12350.9
12350.9
12350.9
12350.9
12350.9
12350.9
12350.9
12350.9
12350.9
12350.9
12350.9
12350.9
12350.9
12350.9
12350.9
12350.9
12350.9
12350.9
12350.9
12350.9
12350.9
12350.9
12350.9
12350.9
12350.9
12350.9
12350.9
12350.9
12350.9
12350.9
12350.9
12350.9
12350.9
12350.9
12350.9
12350.9
12350.9
12350.9
12350.9
12350.9
12350.9
12350.9
12350.9
12350.9
12350.9
12350.9
12350.9
12350.9
12350.9
12350.9
12350.9
12350.9
12350.9
12350.9
12350.9
12350.9
12350.9
12350.9
12350.9
12350.9
12350.9
12350.9
12350.9
12350.9
12350.9
12350.9
12350.9
12350.9
12350.9
12350.9
12350.9
12350.9
12350.9
12350.9
12350.9
12350.9
12350.9
12350.9
12350.9
12350.9
12350.9
12350.9
12350.9
12350.9
12350.9
12350.9
12350.9
12350.9
12350.9
12350.9
12350.9
12350.9
12350.9
12350.9
12350.9
12350.9
12350.9
12350.9
12350.9
12350.9
12350.9
12350.9
12350.9
12350.9
12350.9
12350.9
12350.9
12350.9
12350.9
12350.9
12350.9
12350.9
12350.9
12350.9
12350.9
12350.9
12350.9
12350.9
12350.9
12350.9
12350.9
12350.9
12350.9
12350.9
12350.9
12350.9
12350.9
12350.9
12350.9
12350.9
12350.9
12350.9
12350.9
12350.9
12350.9
12350.9
12350.9
12350.9
12350.9
12350.9
12350.9
12350.9
12350.9
12350.9
12350.9
12350.9
12350.9
12350.9
12350.9
12350.9
12350.9
12350.9
12350.9
12350.9
12350.9
12350.9
12350.9
12350.9
12350.9
12350.9
12350.9
12350.9
12350.9
12350.9
12350.9
12350.9
12350.9
12350.9
12350.9
12350.9
12350.9
12350.9
12350.9
12350.9
12350.9
12350.9
12350.9
12350.9
12350.9
12350.9
12350.9
12350.9
12350.9
12350.9
12350.9
12350.9
12350.9
12350.9
12350.9
12350.9
12350.9
12350.9
12350.9
12350.9
12350.9
12350.9
12350.9
12350.9
12350.9
12350.9
12350.9
12350.9
12350.9
12350.9
12350.9
12350.9
12350.9
12350.9
12350.9
12350.9
12350.9
12350.9
12350.9
12350.9
12350.9
12350.9
12350.9
12350.9
12350.9
12350.9
12350.9
12350.9
12350.9
12350.9
12350.9
12350.9
12350.9
12350.9
12350.9
12350.9
12350.9
12350.9
12350.9
12350.9
12350.9
12350.9
12350.9
12350.9
12350.9
12350.9
12350.9
12350.9
12350.9
12350.9
12350.9
12350.9
12350.9
12350.9
12350.9
12350.9
12350.9
12350.9
12350.9
12350.9
12350.9
12350.9
12350.9
12350.9
12350.9
12350.9
12350.9
12350.9
12350.9
12350.9
12350.9
12350.9
12350.9
12350.9
12350.9
12350.9
12350.9
12350.9
12350.9
12350.9
12350.9
12350.9
12350.9
12350.9
12350.9
12350.9
12350.9
12350.9
12350.9
12350.9
12350.9
12350.9
12350.9
12350.9
12350.9
12350.9
12350.9
12350.9
12350.9
12350.9
12350.9
12350.9
12350.9
12350.9
12350.9
12350.9
12350.9
12350.9
12350.9
12350.9
12350.9
12350.9
12350.9
12350.9
12350.9
12350.9
12350.9
12350.9
12350.9
12350.9
12350.9
12350.9
12350.9
12350.9
12350.9
12350.9
12350.9
12350.9
12350.9
12350.9
12350.9
12350.9
12350.9
12350.9
12350.9
12350.9
12350.9
12350.9
12350.9
12350.9
12350.9
12350.9
12350.9
12350.9
12350.9
12350.9
12350.9
12350.9
12350.9
12350.9
12350.9
12350.9
12350.9
12350.9
12350.9
12350.9
12350.9
12350.9
12350.9
12350.9
12350.9
12350.9
12350.9
12350.9
12350.9
12350.9
12350.9
12350.9
12350.9
12350.9
12350.9
12350.9
12350.9
12350.9
12350.9
12350.9
12350.9
12350.9
12350.9
12350.9
12350.9
12350.9
12350.9
12350.9
12350.9
12350.9
12350.9
12350.9
12350.9
12350.9
12350.9
12350.9
12350.9
12350.9
12350.9
12350.9
12350.9
12350.9
12350.9
12350.9
12350.9
12350.9
12350.9
12350.9
12350.9
12350.9
12350.9
12350.9
12350.9
12350.9
12350.9
12350.9
12350.9
12350.9
12350.9
12350.9
12350.9
12350.9
12350.9
12350.9
12350.9
12350.9
12350.9
12350.9
12350.9
12350.9
12350.9
12350.9
12350.9
12350.9
12350.9
12350.9
12350.9
12350.9
12350.9
12350.9
12350.9
12350.9
12350.9
12350.9
12350.9
12350.9
12350.9
12350.9
12350.9
12350.9
12350.9
12350.9
12350.9
12350.9
12350.9
12350.9
12350.9
12350.9
12350.9
12350.9
12350.9
12350.9
12350.9
12350.9
12350.9
12350.9
12350.9
12350.9
12350.9
12350.9
12350.9
12350.9
12350.9
12350.9
12350.9
12350.9
12350.9
12350.9
12350.9
12350.9
12350.9
12350.9
12350.9
12350.9
12350.9
12350.9
12350.9
12350.9
12350.9
12350.9
12350.9
12350.9
12350.9
12350.9
12350.9
12350.9
12350.9
12350.9
12350.9
12350.9
12350.9
12350.9
12350.9
12350.9
12350.9
12350.9
12350.9
12350.9
12350.9
12350.9
12350.9
12350.9
12350.9
12350.9
12350.9
12350.9
12350.9
12350.9
12350.9
12350.9
12350.9
12350.9
12350.9
12350.9
12350.9
12350.9
12350.9
12350.9
12350.9
12350.9
12350.9
12350.9
12350.9
12350.9
12350.9
12350.9
12350.9
12350.9
12350.9
12350.9
12350.9
12350.9
12350.9
12350.9
12350.9
12350.9
12350.9
12350.9
12350.9
12350.9
12350.9
12350.9
12350.9
12350.9
12350.9
12350.9
12350.9
12350.9
12350.9
12350.9
12350.9
12350.9
12350.9
12350.9
12350.9
12350.9
12350.9
12350.9
12350.9
12350.9
12350.9
12350.9
12350.9
12350.9
12350.9
12350.9
12350.9
12350.9
12350.9
12350.9
12350.9
12350.9
12350.9
12350.9
12350.9
12350.9
12350.9
12350.9
12350.9
12350.9
12350.9
12350.9
12350.9
12350.9
12350.9
12350.9
12350.9
12350.9
12350.9
12350.9
12350.9
12350.9
12350.9
12350.9
12350.9
12350.9
12350.9
12350.9
12350.9
12350.9
12350.9
12350.9
12350.9
12350.9
12350.9
12350.9
12350.9
12350.9
12350.9
12350.9
12350.9
12350.9
12350.9
12350.9
12350.9
12350.9
12350.9
12350.9
12350.9
12350.9
12350.9
12350.9
12350.9
12350.9
12350.9
12350.9
12350.9
12350.9
12350.9
12350.9
12350.9
12350.9
12350.9
12350.9
12350.9
12350.9
12350.9
12350.9
12350.9
12350.9
12350.9
12350.9
12350.9
12350.9
12350.9
12350.9
12350.9
12350.9
12350.9
12350.9
12350.9
12350.9
12350.9
12350.9
12350.9
12350.9
12350.9
12350.9
12350.9
12350.9
12350.9
12350.9
12350.9
12350.9
12350.9
12350.9
12350.9
12350.9
12350.9
12350.9
12350.9
12350.9
12350.9
12350.9
12350.9
12350.9
12350.9
12350.9
12350.9
12350.9
12350.9
12350.9
12350.9
12350.9
12350.9
12350.9
12350.9
12350.9
12350.9
12350.9
12350.9
12350.9
12350.9
12350.9
12350.9
12350.9
12350.9
12350.9
12350.9
12350.9
12350.9
12350.9
12350.9
12350.9
12350.9
12350.9
12350.9
12350.9
12350.9
12350.9
12350.9
12350.9
12350.9
12350.9
12350.9
12350.9
12350.9
12350.9
12350.9
12350.9
12350.9
12350.9
12350.9
12350.9
12350.9
12350.9
12350.9
12350.9
12350.9
12350.9
12350.9
12350.9
12350.9
12350.9
12350.9
12350.9
12350.9
12350.9
12350.9
12350.9
12350.9
12350.9
12350.9
12350.9
12350.9
12350.9
12350.9
12350.9
12350.9
12350.9
12350.9
12350.9
12350.9
12350.9
12350.9
12350.9
12350.9
12350.9
12350.9
12350.9
12350.9
12350.9
12350.9
12350.9
12350.9
12350.9
12350.9
12350.9
12350.9
12350.9
12350.9
12350.9
12350.9
12350.9
12350.9
12350.9
12350.9
12350.9
12350.9
12351
12351
12351
12350.9
12350.9
12350.9
12350.9
12350.9
12350.9
12350.9
12350.9
12350.9
12350.9
12350.9
12350.9
12350.9
12350.9
12350.9
12350.9
12350.9
12350.9
12350.9
12350.9
12350.9
12350.9
12350.9
12350.9
12350.9
12350.9
12350.9
12350.9
12350.9
12350.9
12350.9
12350.9
12350.9
12350.9
12350.9
12350.9
12350.9
12350.9
12350.9
12350.9
12350.9
12350.9
12350.9
12350.9
12350.9
12350.9
12350.9
12350.9
12350.9
12350.9
12350.9
12350.9
12350.9
12350.9
12350.9
12350.9
12350.9
12350.9
12350.9
12350.9
12350.9
12350.9
12350.9
12350.9
12350.9
12350.9
12350.9
12350.9
12350.9
12350.9
12350.9
12350.9
12350.9
12350.9
12350.9
12351
12351
12351
12351
12351
12351
12351
12351
12350.9
12350.9
12350.9
12350.9
12350.9
12350.9
12350.9
12350.9
12350.9
12350.9
12350.9
12350.9
12350.9
12350.9
12350.9
12350.9
12350.9
12350.9
12350.9
12350.9
12350.9
12350.9
12350.9
12350.9
12350.9
12350.9
12350.9
12350.9
12350.9
12350.9
12350.9
12350.9
12350.9
12350.9
12350.9
12350.9
12350.9
12350.9
12350.9
12350.9
12350.9
12350.9
12350.9
12350.9
12350.9
12350.9
12350.9
12350.9
12350.9
12350.9
12350.9
12350.9
12350.9
12350.9
12350.9
12350.9
12350.9
12350.9
12350.9
12350.9
12350.9
12350.9
12350.9
12350.9
12350.8
12350.8
12350.8
12350.8
12350.8
12350.8
12350.8
12350.8
12350.8
12350.8
12350.8
12350.8
12350.8
12350.8
12350.8
12350.8
12350.8
12350.8
12350.8
12350.8
12350.8
12350.8
12350.8
12350.8
12350.9
12350.9
12350.9
12350.9
12350.9
12350.9
12350.9
12350.9
12350.9
12350.9
12350.9
12350.9
12350.9
12350.9
12350.9
12350.9
12350.9
12350.9
12350.9
12350.9
12350.9
12350.9
12350.9
12350.9
12350.9
12350.9
12350.9
12350.9
0.127861
0.156128
0.17441
0.187264
0.195535
0.200302
0.202425
0.20253
0.201068
0.198354
0.194622
0.19004
0.184741
0.178829
0.17239
0.165488
0.158186
0.150543
0.14261
0.134423
0.126021
0.11724
0.116296
0.120416
0.125281
0.13038
0.135678
0.141129
0.146681
0.152267
0.157811
0.163227
0.168415
0.173272
0.177687
0.181551
0.184763
0.187231
0.188883
0.189669
0.189566
0.188578
0.186734
0.184089
0.180722
0.176727
0.172208
0.167274
0.162031
0.156581
0.151023
0.145442
0.139901
0.134456
0.129158
0.124063
0.119198
0.115244
0.115637
0.122031
0.131176
0.140225
0.149276
0.158229
0.166984
0.175421
0.183361
0.190657
0.197134
0.202671
0.207085
0.210254
0.211918
0.21181
0.209723
0.205208
0.19647
0.183011
0.165333
0.134096
0.0664809
0.0666098
0.0669114
0.0673964
0.0680679
0.0689262
0.0699726
0.0712097
0.0726424
0.0742779
0.0761282
0.0782059
0.0805226
0.0830888
0.0859138
0.0890033
0.0923576
0.0959679
0.0998127
0.10385
0.107994
0.112121
0.11631
0.120766
0.125534
0.130557
0.135783
0.141162
0.146635
0.152135
0.157586
0.162902
0.167986
0.172738
0.177051
0.180821
0.183949
0.18635
0.187955
0.188715
0.188609
0.187641
0.185839
0.183258
0.17997
0.176067
0.171649
0.166819
0.161679
0.156328
0.150862
0.145366
0.139906
0.134535
0.129311
0.12429
0.119527
0.115058
0.110837
0.106723
0.102646
0.0986867
0.0949579
0.0915165
0.0883687
0.0854931
0.0828587
0.0804378
0.0782135
0.0761799
0.0743388
0.0726926
0.0712453
0.0700006
0.0689575
0.0681111
0.0674567
0.06699
0.0667011
0.0665762
0.0664722
0.0666296
0.0669551
0.0674511
0.0681207
0.0689673
0.0699949
0.0712087
0.0726157
0.074224
0.0760408
0.0780739
0.0803323
0.0828249
0.085559
0.0885396
0.0917677
0.0952389
0.0989425
0.10286
0.106965
0.111234
0.115674
0.120326
0.125213
0.130324
0.135633
0.141097
0.146662
0.152262
0.157821
0.163251
0.168452
0.173319
0.177742
0.181611
0.184824
0.187289
0.188935
0.189711
0.189597
0.188596
0.186737
0.184077
0.180695
0.176682
0.172146
0.167196
0.161941
0.156477
0.150901
0.145302
0.139756
0.134311
0.129014
0.123909
0.119034
0.114401
0.109985
0.105749
0.101692
0.0978496
0.0942633
0.0909542
0.0879191
0.0851374
0.0825821
0.0802293
0.0780635
0.0760789
0.0742779
0.072668
0.0712543
0.0700374
0.0690145
0.0681804
0.0675277
0.0670486
0.0667354
0.066581
0.0662985
0.0664577
0.0667828
0.0672758
0.0679397
0.0687776
0.0697938
0.0709932
0.0723821
0.0739676
0.0757575
0.0777596
0.0799826
0.0824348
0.0851233
0.0880533
0.0912269
0.0946423
0.0982932
0.102168
0.106251
0.110535
0.115032
0.119764
0.124736
0.129937
0.135335
0.140924
0.146622
0.15237
0.158091
0.163695
0.169078
0.17413
0.178732
0.182767
0.186123
0.188702
0.190424
0.191233
0.191104
0.190042
0.18808
0.185281
0.181731
0.177533
0.172799
0.16765
0.1622
0.156555
0.15081
0.14506
0.139387
0.133841
0.128468
0.123299
0.118383
0.113737
0.109343
0.105162
0.101168
0.0973721
0.0938049
0.0904955
0.0874555
0.0846774
0.0821414
0.0798232
0.0777026
0.0757669
0.0740118
0.0724391
0.0710521
0.0698527
0.0688403
0.0680113
0.0673599
0.0668797
0.0665641
0.0664076
0.0659587
0.066117
0.0664384
0.0669244
0.0675777
0.0684014
0.0693994
0.0705766
0.0719387
0.0734927
0.0752459
0.0772063
0.0793823
0.0817822
0.0844134
0.0872824
0.0903934
0.0937485
0.0973471
0.101187
0.105263
0.109578
0.11414
0.118958
0.124036
0.129366
0.134929
0.140669
0.146558
0.152527
0.158496
0.164369
0.170036
0.175377
0.180263
0.184564
0.188154
0.19092
0.192769
0.193637
0.193495
0.192347
0.19023
0.187219
0.183411
0.178925
0.173888
0.168432
0.16269
0.156775
0.15078
0.144807
0.138951
0.133275
0.127791
0.122537
0.117551
0.112861
0.108454
0.104292
0.100336
0.0965757
0.0930308
0.0897304
0.0866964
0.0839331
0.0814279
0.0791574
0.0770962
0.0752238
0.0735279
0.0720047
0.070655
0.0694813
0.068485
0.067665
0.0670181
0.0665394
0.0662239
0.0660673
0.0654554
0.065611
0.0659259
0.0664014
0.0670397
0.067844
0.0688179
0.0699662
0.0712946
0.0728096
0.0745186
0.0764296
0.0785512
0.0808921
0.0834607
0.0862649
0.0893119
0.0926077
0.0961572
0.0999649
0.104035
0.108375
0.112994
0.117898
0.123092
0.128566
0.134304
0.140263
0.146408
0.152672
0.158974
0.165214
0.171276
0.177026
0.182321
0.18701
0.190946
0.193993
0.196039
0.197004
0.196853
0.195589
0.193258
0.189949
0.185781
0.180895
0.175438
0.169562
0.163422
0.15715
0.150838
0.144578
0.138477
0.132612
0.126994
0.121627
0.116537
0.111757
0.107295
0.103121
0.0991906
0.0954741
0.0919714
0.0887035
0.0856954
0.0829602
0.0804932
0.0782741
0.0762751
0.0744695
0.072838
0.0713708
0.0700656
0.0689245
0.0679503
0.0671443
0.0665056
0.0660313
0.0657182
0.0655631
0.0647913
0.0649427
0.0652487
0.0657103
0.0663296
0.0671095
0.0680538
0.069167
0.0704547
0.0719234
0.0735805
0.0754343
0.0774937
0.0797681
0.0822672
0.0850009
0.0879793
0.0912123
0.0947102
0.0984832
0.102543
0.1069
0.111569
0.116557
0.121871
0.127506
0.133446
0.139662
0.146117
0.152748
0.159474
0.166192
0.172776
0.179078
0.184932
0.190159
0.194578
0.198022
0.200348
0.201455
0.201296
0.199875
0.19725
0.193532
0.188872
0.183447
0.177433
0.171006
0.164345
0.157613
0.150908
0.1443
0.137894
0.131788
0.125997
0.120503
0.115301
0.110416
0.105872
0.101657
0.0977327
0.0940595
0.0906168
0.0874088
0.0844535
0.0817663
0.0793488
0.0771857
0.0752501
0.0735123
0.0719475
0.0705407
0.0692859
0.0681838
0.0672379
0.0664512
0.0658251
0.0653587
0.0650502
0.0648978
0.0639697
0.064116
0.0644109
0.0648555
0.0654518
0.0662028
0.0671118
0.0681837
0.0694237
0.0708386
0.0724358
0.0742239
0.0762123
0.0784114
0.0808323
0.0834871
0.0863888
0.0895514
0.0929899
0.0967201
0.100759
0.105124
0.109832
0.114897
0.12033
0.126132
0.132295
0.138796
0.145613
0.152684
0.159932
0.167251
0.174505
0.181528
0.188121
0.194066
0.199136
0.203115
0.205817
0.207109
0.20693
0.205288
0.202259
0.197986
0.192664
0.186524
0.179787
0.172656
0.165331
0.158014
0.150826
0.143812
0.137049
0.13066
0.124664
0.119035
0.113741
0.108781
0.104172
0.0999155
0.095989
0.0923538
0.0889778
0.0858478
0.082968
0.0803493
0.0779954
0.0758957
0.0740264
0.0723576
0.0708615
0.0695186
0.0683193
0.0672624
0.066351
0.0655892
0.0649803
0.0645252
0.0642239
0.0640753
0.0629955
0.0631357
0.0634174
0.0638422
0.0644119
0.0651292
0.0659977
0.0670219
0.0682073
0.0695606
0.0710894
0.0728026
0.0747103
0.0768238
0.079156
0.0817211
0.0845352
0.0876158
0.0909824
0.094656
0.0986589
0.103014
0.107745
0.112871
0.118412
0.124378
0.130772
0.137581
0.14481
0.152394
0.160267
0.168324
0.17642
0.184359
0.191906
0.198785
0.204704
0.209381
0.212569
0.214093
0.213871
0.211919
0.208342
0.203331
0.197139
0.190066
0.182406
0.174399
0.166259
0.15822
0.150444
0.142964
0.135798
0.129112
0.122881
0.117104
0.111737
0.106748
0.102129
0.0978738
0.0939668
0.0903774
0.0870727
0.0840297
0.0812403
0.0787067
0.0764307
0.0744042
0.072607
0.0710105
0.0695858
0.0683103
0.0671713
0.0661652
0.0652942
0.064563
0.0639759
0.0635358
0.0632439
0.0631004
0.0618744
0.0620074
0.0622743
0.0626765
0.0632158
0.0638951
0.0647176
0.065688
0.0668116
0.0680952
0.0695466
0.071175
0.0729913
0.0750078
0.077239
0.0797013
0.0824134
0.0853964
0.0886737
0.0922709
0.0962153
0.100536
0.105262
0.110424
0.11605
0.122167
0.128795
0.13595
0.143604
0.151767
0.160373
0.169318
0.178444
0.187527
0.196278
0.20435
0.211364
0.216944
0.220761
0.222579
0.22229
0.21992
0.215617
0.209642
0.202329
0.194064
0.185239
0.176161
0.167054
0.15816
0.149689
0.141693
0.134182
0.127112
0.12062
0.114681
0.109238
0.104244
0.0996639
0.0954693
0.0916318
0.0881205
0.0849051
0.0819608
0.0792732
0.0768379
0.074653
0.072711
0.0709939
0.0694754
0.0681263
0.0669225
0.0658486
0.0648986
0.0640735
0.0633782
0.0628176
0.0623961
0.062116
0.0619786
0.0606128
0.0607378
0.060988
0.0613651
0.0618708
0.0625076
0.0632789
0.0641891
0.0652437
0.0664492
0.0678138
0.0693469
0.0710601
0.0729669
0.0750831
0.077427
0.0800198
0.0828855
0.0860506
0.0895447
0.0933999
0.097651
0.102336
0.107494
0.113169
0.119404
0.126243
0.133721
0.14185
0.15066
0.160104
0.17009
0.180451
0.190935
0.20119
0.21078
0.219209
0.225971
0.230622
0.232836
0.232469
0.229552
0.224292
0.21706
0.208307
0.198529
0.188242
0.177854
0.167613
0.157747
0.148481
0.139887
0.131929
0.124574
0.117868
0.111788
0.106277
0.101282
0.0967589
0.0926618
0.0889413
0.0855528
0.08246
0.0796368
0.0770672
0.0747439
0.0726631
0.0708173
0.0691903
0.0677572
0.0664898
0.0653628
0.064359
0.0634702
0.0626964
0.0620418
0.0615122
0.0611125
0.0608466
0.0607162
0.0592183
0.0593345
0.0595664
0.0599159
0.0603845
0.0609747
0.0616896
0.0625335
0.0635117
0.0646307
0.0658986
0.0673255
0.0689233
0.0707064
0.0726919
0.0748997
0.0773526
0.0800767
0.0831011
0.0864583
0.0901847
0.0943211
0.0989137
0.104015
0.109686
0.115992
0.123004
0.130787
0.139388
0.148887
0.159254
0.170423
0.182236
0.194414
0.206544
0.218076
0.228359
0.236706
0.242494
0.245266
0.244817
0.241182
0.234643
0.225732
0.215093
0.203382
0.191263
0.17927
0.167699
0.156752
0.146635
0.137416
0.129023
0.121397
0.114531
0.108378
0.102856
0.0978938
0.0934456
0.0894626
0.0858857
0.0826545
0.0797197
0.0770475
0.074619
0.0724258
0.0704642
0.0687276
0.0672015
0.0658628
0.0646841
0.0636398
0.0627113
0.0618889
0.0611713
0.060562
0.0600672
0.0596926
0.0594428
0.0593205
0.0576994
0.0578059
0.058018
0.0583376
0.058766
0.0593055
0.059959
0.0607305
0.0616249
0.0626489
0.0638104
0.0651197
0.0665892
0.0682339
0.0700717
0.0721233
0.0744127
0.0769668
0.0798161
0.0829954
0.0865444
0.0905098
0.0949474
0.0999239
0.105519
0.111825
0.118946
0.12699
0.136067
0.146208
0.157536
0.170006
0.183485
0.197695
0.212163
0.226209
0.238966
0.249477
0.256846
0.260405
0.259857
0.255242
0.246946
0.235737
0.222572
0.208358
0.193951
0.180031
0.166924
0.154807
0.143831
0.134024
0.125242
0.117404
0.110448
0.104304
0.0988643
0.0940244
0.0897148
0.0858844
0.082477
0.0794287
0.0766801
0.0741875
0.0719258
0.0698844
0.06806
0.0664477
0.0650349
0.0638006
0.0627187
0.0617635
0.0609158
0.0601647
0.0595076
0.0589478
0.0584913
0.0581446
0.0579129
0.0577994
0.0560652
0.0561613
0.0563523
0.0566398
0.0570251
0.0575101
0.0580974
0.0587905
0.0595942
0.0605148
0.0615601
0.0627405
0.0640686
0.0655595
0.0672314
0.0691052
0.0712045
0.0735563
0.0761911
0.0791444
0.082459
0.0861868
0.090393
0.095159
0.100585
0.106791
0.113916
0.122111
0.131527
0.142282
0.154562
0.168398
0.183742
0.20036
0.217752
0.235081
0.251183
0.264686
0.274263
0.278916
0.278215
0.272214
0.261456
0.24707
0.230498
0.213043
0.195803
0.179631
0.164841
0.151525
0.139753
0.129437
0.12039
0.112463
0.105527
0.0994765
0.094202
0.0895782
0.0855008
0.0818981
0.0787122
0.0758827
0.0733493
0.0710626
0.0689923
0.067125
0.0654572
0.0639855
0.0626997
0.0615809
0.0606044
0.0597452
0.0589838
0.0583085
0.057716
0.0572092
0.0567941
0.0564776
0.0562657
0.0561618
0.0543261
0.0544111
0.0545796
0.054833
0.0551725
0.0555995
0.0561161
0.0567255
0.0574318
0.058241
0.0591608
0.0602013
0.0613749
0.0626966
0.0641838
0.0658566
0.0677373
0.0698513
0.0722277
0.0749018
0.0779176
0.0813317
0.0852179
0.0896709
0.0948101
0.100782
0.107758
0.115938
0.125539
0.136792
0.149845
0.165001
0.182346
0.201766
0.222792
0.244429
0.26509
0.282765
0.295441
0.301609
0.300666
0.2927
0.278481
0.259677
0.238511
0.216908
0.196229
0.177481
0.160935
0.146495
0.134092
0.123445
0.114309
0.106468
0.0997197
0.0938961
0.0888764
0.0845414
0.0807722
0.0774739
0.0745756
0.0720156
0.069735
0.0676843
0.0658307
0.0641595
0.0626674
0.0613528
0.0602078
0.0592158
0.0583536
0.0575974
0.0569276
0.0563324
0.055808
0.0553572
0.0549861
0.0547019
0.0545111
0.0544175
0.0524928
0.0525662
0.0527111
0.0529288
0.0532201
0.0535859
0.0540279
0.0545484
0.0551513
0.0558419
0.0566276
0.0575178
0.0585245
0.0596617
0.0609455
0.0623937
0.0640261
0.0658649
0.0679364
0.0702741
0.0729219
0.0759392
0.0794058
0.0834264
0.0881353
0.0936988
0.100319
0.108237
0.117735
0.129135
0.142774
0.159017
0.178355
0.200901
0.226364
0.253646
0.280581
0.304136
0.321187
0.329461
0.328195
0.317509
0.298426
0.273398
0.245947
0.219059
0.194362
0.172816
0.154563
0.139239
0.126388
0.115713
0.106771
0.0992496
0.0929
0.0874974
0.0828838
0.0789399
0.075553
0.0726232
0.0700716
0.0678324
0.0658467
0.0640654
0.0624557
0.0610033
0.0597063
0.058565
0.0575744
0.05672
0.0559807
0.0553339
0.0547606
0.0542492
0.053796
0.0534037
0.0530786
0.0528284
0.0526599
0.0525773
0.0505773
0.0506384
0.0507588
0.0509395
0.0511806
0.0514825
0.0518464
0.0522738
0.052768
0.0533337
0.0539775
0.0547082
0.0555365
0.056475
0.0575373
0.0587379
0.0600923
0.0616184
0.0633382
0.0652813
0.0674898
0.0700229
0.0729622
0.0764166
0.0805267
0.0854694
0.0914653
0.098789
0.107783
0.118875
0.132572
0.149402
0.17044
0.196175
0.226842
0.261462
0.297076
0.32902
0.352431
0.363695
0.362034
0.347559
0.321488
0.287566
0.251414
0.217754
0.188598
0.164391
0.144873
0.129086
0.11625
0.10592
0.0975404
0.0906527
0.0849494
0.0801813
0.0761621
0.0727582
0.0698602
0.0673754
0.065229
0.0633582
0.0617063
0.0602263
0.058887
0.0576757
0.0565924
0.0556402
0.0548167
0.0541101
0.0535015
0.0529698
0.0524972
0.0520729
0.0516933
0.0513614
0.0510839
0.050869
0.0507237
0.0506527
0.0485917
0.0486404
0.0487355
0.0488779
0.0490673
0.0493033
0.0495863
0.0499173
0.0502986
0.0507341
0.0512297
0.051793
0.0524332
0.0531603
0.0539845
0.0549159
0.0559646
0.0571425
0.0584657
0.0599584
0.0616579
0.0636195
0.0659205
0.068665
0.0719883
0.0760632
0.0811109
0.0874203
0.0953765
0.105504
0.11852
0.135381
0.15682
0.185113
0.221366
0.265285
0.313144
0.357967
0.391252
0.40666
0.404491
0.384728
0.347783
0.300115
0.25201
0.210108
0.176482
0.15028
0.130782
0.115404
0.103374
0.0939596
0.0865651
0.0806677
0.0758901
0.0719685
0.0687168
0.0659989
0.063707
0.0617561
0.0600813
0.0586282
0.0573476
0.0561979
0.0551523
0.0542014
0.0533484
0.0525992
0.0519542
0.0514043
0.0509331
0.0505215
0.0501531
0.0498181
0.0495138
0.0492438
0.0490151
0.0488364
0.048715
0.048656
0.046549
0.0465849
0.0466544
0.0467579
0.0468944
0.0470631
0.0472634
0.0474955
0.0477609
0.0480625
0.0484053
0.0487952
0.0492393
0.0497446
0.0503168
0.0509604
0.0516792
0.0524776
0.0533644
0.0543565
0.0554836
0.0567915
0.0583462
0.0602359
0.0625755
0.0655143
0.06925
0.074054
0.0803113
0.0885836
0.0996947
0.114794
0.13546
0.163943
0.204856
0.2604
0.327388
0.392551
0.441105
0.461447
0.458697
0.432148
0.37809
0.307201
0.241847
0.191369
0.155087
0.130029
0.11111
0.0973914
0.0872918
0.0796706
0.0738536
0.0693562
0.065808
0.0629573
0.0606388
0.0587337
0.0571482
0.0558111
0.0546703
0.0536828
0.0528093
0.0520166
0.0512849
0.0506105
0.050001
0.049466
0.0490087
0.0486228
0.0482942
0.0480063
0.0477445
0.0475004
0.0472725
0.0470651
0.0468859
0.0467438
0.0466469
0.0466001
0.0444624
0.0444855
0.0445292
0.0445934
0.0446767
0.0447774
0.044894
0.045026
0.0451739
0.0453396
0.0455266
0.0457394
0.0459822
0.0462581
0.0465678
0.0469095
0.0472792
0.0476734
0.0480923
0.0485433
0.0490451
0.0496289
0.0503406
0.0512407
0.0524076
0.0539449
0.0559961
0.05877
0.0625831
0.0679319
0.0755941
0.0866844
0.102773
0.127321
0.168095
0.236922
0.330313
0.422876
0.51467
0.547387
0.543643
0.500072
0.400107
0.29704
0.209323
0.153148
0.120356
0.0990896
0.0846717
0.0746614
0.0677613
0.0628915
0.0593684
0.0567656
0.0547871
0.0532477
0.0520347
0.0510656
0.0502752
0.049617
0.0490594
0.0485752
0.0481374
0.0477232
0.0473216
0.0469362
0.0465802
0.0462673
0.046004
0.0457869
0.0456046
0.0454425
0.0452885
0.045136
0.0449847
0.04484
0.0447103
0.0446052
0.0445328
0.0444984
0.0423453
0.0423556
0.0423736
0.0423988
0.042429
0.0424619
0.042495
0.042527
0.0425572
0.0425867
0.0426175
0.0426518
0.042691
0.0427336
0.0427748
0.0428057
0.0428143
0.0427885
0.0427186
0.0426013
0.0424405
0.0422478
0.0420408
0.0418412
0.0416758
0.0415806
0.0416125
0.0418653
0.0424952
0.0437793
0.0462316
0.0505087
0.0568052
0.0669088
0.0950248
0.167182
0.31126
0.576011
0.81094
0.868295
0.862402
0.777616
0.523435
0.23754
0.133678
0.085209
0.0660806
0.0570357
0.051249
0.047447
0.0452335
0.0440236
0.0434062
0.0431285
0.0430191
0.0429978
0.0430354
0.0431073
0.0431881
0.043263
0.0433264
0.0433716
0.0433878
0.0433651
0.0433032
0.0432142
0.0431176
0.0430314
0.0429657
0.0429197
0.0428848
0.0428491
0.0428028
0.0427413
0.0426661
0.0425836
0.042503
0.0424345
0.0423865
0.0423645
0.0402112
0.0402089
0.0402017
0.0401885
0.0401665
0.0401326
0.0400835
0.0400168
0.0399311
0.0398262
0.0397024
0.0395597
0.0393962
0.0392058
0.0389776
0.0386954
0.0383393
0.0378879
0.0373218
0.0366249
0.0357842
0.0347869
0.0336163
0.032247
0.0306425
0.0287551
0.0265269
0.0238887
0.0207443
0.0169743
0.0125778
0.00738048
-0.00198451
-0.0224012
-0.0331954
0.0438124
0.572207
1.40545
2.3874
2.41873
2.406
2.30651
1.27126
0.176973
0.0132269
-0.0233437
-0.009902
0.00463839
0.0119394
0.0165807
0.0204715
0.0237608
0.026529
0.0288744
0.0308382
0.0324724
0.0338478
0.0350171
0.0360099
0.0368487
0.037555
0.0381436
0.0386216
0.0389945
0.0392745
0.0394832
0.0396468
0.039788
0.0399199
0.0400446
0.0401561
0.0402454
0.0403053
0.0403332
0.0403325
0.0403109
0.0402785
0.0402459
0.0402218
0.040212
0.0380732
0.0380588
0.0380271
0.0379768
0.0379042
0.0378055
0.0376766
0.0375141
0.0373158
0.0370801
0.0368059
0.0364907
0.036129
0.0357102
0.0352173
0.0346271
0.0339116
0.0330411
0.0319859
0.0307166
0.0292016
0.0274013
0.0252612
0.0227049
0.0196286
0.0158932
0.011313
0.0056303
-0.00155392
-0.0108719
-0.0229817
-0.038914
-0.0663562
-0.123745
-0.180642
-0.0982988
1.48736
5.57994
8.78915
9.12287
9.15493
9.0667
8.18946
0.597003
-0.117414
-0.156447
-0.0998718
-0.0531128
-0.0301651
-0.0160214
-0.0052738
0.00298542
0.00939401
0.0144948
0.0186138
0.021962
0.0247091
0.0269879
0.0288929
0.0304927
0.0318386
0.0329669
0.033902
0.034665
0.0352815
0.0357831
0.0362028
0.0365675
0.0368935
0.0371855
0.0374401
0.037651
0.0378138
0.0379283
0.0379997
0.0380369
0.0380511
0.0380532
0.0380524
0.0380545
0.0359442
0.0359182
0.0358633
0.0357774
0.0356566
0.035496
0.0352909
0.035037
0.034731
0.0343704
0.0339523
0.0334719
0.0329204
0.0322824
0.0315354
0.0306495
0.0295897
0.0283185
0.0267965
0.0249813
0.0228223
0.0202527
0.017181
0.0134818
0.00898722
0.00347242
-0.00336951
-0.0119727
-0.0230153
-0.0376108
-0.0570261
-0.082831
-0.124898
-0.205697
-0.292961
-0.251207
2.33409
35.8934
26.8608
35.2479
35.606
24.683
39.9694
1.28155
-0.248075
-0.262658
-0.176729
-0.106188
-0.0702289
-0.0474053
-0.0301653
-0.0171369
-0.00720436
0.000560909
0.00675485
0.01176
0.0158424
0.0192011
0.0219882
0.024319
0.0262773
0.0279217
0.0292943
0.0304311
0.0313706
0.0321538
0.0328201
0.0334003
0.0339133
0.034366
0.0347578
0.0350851
0.035346
0.035543
0.0356829
0.0357762
0.0358348
0.0358701
0.0358915
0.035905
0.0338364
0.0337995
0.0337228
0.0336037
0.0334376
0.033219
0.0329424
0.0326028
0.0321959
0.031718
0.031165
0.0305297
0.0298001
0.0289567
0.0279718
0.0268099
0.0254303
0.0237885
0.0218368
0.0195206
0.0167716
0.0134984
0.00957681
0.00484006
-0.000932221
-0.00803402
-0.0168675
-0.0279978
-0.0422882
-0.0611622
-0.0863436
-0.119754
-0.171164
-0.260683
-0.362987
-0.390386
1.75932
103.285
66.3562
129.376
130.197
50.3799
63.4577
0.883217
-0.357169
-0.32507
-0.227218
-0.148638
-0.104392
-0.0748421
-0.0523862
-0.0354107
-0.0224462
-0.0123262
-0.00428742
0.00219498
0.00748208
0.01183
0.0154328
0.0184403
0.0209642
0.023085
0.024862
0.0263459
0.0275867
0.028634
0.0295324
0.0303159
0.0310051
0.0316091
0.0321296
0.0325659
0.0329187
0.0331927
0.0333969
0.0335427
0.0336429
0.0337094
0.0337517
0.0337759
0.0317614
0.0317145
0.0316177
0.0314681
0.0312604
0.0309886
0.0306463
0.0302278
0.0297282
0.0291428
0.0284659
0.0276886
0.026796
0.025765
0.0245638
0.0231524
0.0214855
0.0195137
0.0171827
0.0144269
0.0111632
0.00728032
0.00262903
-0.00298692
-0.00982328
-0.0182182
-0.0286313
-0.0416962
-0.0583292
-0.0800109
-0.10874
-0.146492
-0.20125
-0.288776
-0.382741
-0.43756
-0.0863978
120.98
2042.99
1356.75
1364.58
1955.18
55.4987
-0.148811
-0.394192
-0.342784
-0.254626
-0.17778
-0.13015
-0.0965272
-0.070641
-0.0509083
-0.0356703
-0.0236799
-0.0141288
-0.00642352
-0.000131471
0.00505486
0.00936181
0.0129614
0.0159835
0.0185261
0.0206633
0.0224586
0.0239721
0.0252603
0.0263716
0.0273419
0.0281931
0.0289361
0.0295747
0.0301107
0.0305475
0.0308922
0.0311552
0.0313493
0.0314879
0.0315832
0.0316448
0.031679
0.0297298
0.0296738
0.0295591
0.029382
0.0291371
0.0288174
0.0284162
0.0279271
0.0273444
0.0266626
0.0258749
0.0249708
0.0239332
0.0227361
0.0213446
0.0197156
0.0178007
0.0155479
0.0128989
0.00977826
0.00609209
0.00171557
-0.00351585
-0.0098144
-0.0174519
-0.0267836
-0.038286
-0.0526053
-0.0705871
-0.0934467
-0.123429
-0.162286
-0.214507
-0.293315
-0.367853
-0.416562
-0.37744
112.481
10712.1
9873.45
9896.12
10574.4
33.2548
-0.344219
-0.383481
-0.335859
-0.264241
-0.193329
-0.146859
-0.111858
-0.0843178
-0.0630835
-0.046442
-0.0331831
-0.0225323
-0.0138977
-0.00682573
-0.00097828
0.00389351
0.00797574
0.0114081
0.0143048
0.0167487
0.0188127
0.0205646
0.0220657
0.0233664
0.0245035
0.0254996
0.0263665
0.0271104
0.0277352
0.028247
0.0286547
0.0289704
0.0292079
0.0293812
0.0295025
0.0295817
0.0296249
0.027751
0.0276871
0.0275566
0.0273558
0.0270783
0.0267169
0.0262643
0.0257136
0.0250587
0.0242931
0.0234093
0.0223955
0.0212332
0.0198945
0.0183423
0.0165318
0.014413
0.011933
0.00903737
0.005635
0.00162927
-0.00311047
-0.00875447
-0.0155171
-0.0236693
-0.0335607
-0.0456516
-0.0605767
-0.0791009
-0.101481
-0.130711
-0.16819
-0.216815
-0.285138
-0.341496
-0.374209
-0.332424
106.936
12581.8
12579.2
12575.6
12577.1
30.3865
-0.315612
-0.353013
-0.318924
-0.262101
-0.197481
-0.155455
-0.121272
-0.0933478
-0.0717182
-0.0544963
-0.0406032
-0.0293265
-0.0201008
-0.012495
-0.00617524
-0.000888635
0.00355552
0.00729306
0.0104689
0.0131602
0.0154449
0.0173963
0.0190782
0.0205416
0.0218226
0.0229436
0.0239172
0.0247516
0.0254531
0.0260296
0.026492
0.0268537
0.0271293
0.027333
0.0274775
0.0275723
0.0276234
0.0258337
0.0257629
0.0256192
0.0253982
0.0250934
0.024697
0.0242011
0.0235986
0.0228835
0.0220478
0.0210835
0.0199786
0.0187136
0.0172597
0.015579
0.013626
0.0113497
0.00869421
0.00563798
0.00203779
-0.00218088
-0.00714833
-0.0130329
-0.020034
-0.0284071
-0.0384779
-0.0506559
-0.0654374
-0.0834501
-0.105405
-0.132724
-0.166863
-0.209096
-0.264576
-0.307924
-0.335143
-0.298054
104.59
12820.8
12828.3
12820
12803.5
38.8862
-0.284742
-0.32153
-0.293066
-0.248508
-0.195379
-0.155973
-0.123876
-0.0978595
-0.0768622
-0.0597869
-0.0458552
-0.0344173
-0.0249522
-0.0170704
-0.010479
-0.00493358
-0.000244441
0.00366429
0.00705292
0.00992973
0.012384
0.0144929
0.0163208
0.0179174
0.0193171
0.0205414
0.0216019
0.0225111
0.0232761
0.0239063
0.0244144
0.0248147
0.0251226
0.0253525
0.0255168
0.0256251
0.0256832
0.0239852
0.0239082
0.023754
0.023517
0.0231904
0.0227659
0.0222352
0.0215904
0.020829
0.0199374
0.018909
0.0177323
0.0163875
0.0148464
0.0130713
0.0110179
0.00863865
0.0058824
0.00269566
-0.00101036
-0.00533164
-0.0103949
-0.0163524
-0.0233877
-0.0317303
-0.0416703
-0.0535494
-0.0677744
-0.0848686
-0.105447
-0.130302
-0.16046
-0.195891
-0.240196
-0.273454
-0.297405
-0.266785
104.051
12934.5
12970.3
12961
12904.9
50.5081
-0.265625
-0.291048
-0.265728
-0.230235
-0.186563
-0.152017
-0.122895
-0.0989453
-0.0791208
-0.0627017
-0.0491343
-0.0378749
-0.0284651
-0.0205593
-0.0138924
-0.00824997
-0.0034581
0.000610252
0.00409687
0.00708306
0.00965099
0.0118729
0.01381
0.0155088
0.0170006
0.0183063
0.0194301
0.0203984
0.0212133
0.0218859
0.0224302
0.0228616
0.0231958
0.0234472
0.023628
0.0237475
0.0238119
0.0222114
0.0221294
0.0219674
0.0217185
0.0213757
0.0209307
0.0203748
0.0197001
0.0189004
0.0179672
0.0168923
0.0156638
0.0142631
0.0126626
0.010826
0.00871212
0.00627586
0.0034685
0.000235292
-0.00349809
-0.00782585
-0.0128639
-0.0187481
-0.0256416
-0.0337436
-0.043294
-0.0545708
-0.0679104
-0.0837326
-0.102494
-0.124701
-0.151215
-0.181568
-0.218933
-0.248598
-0.269072
-0.230064
84.9123
8092.36
9644.96
9612.09
7977.24
56.9798
-0.228301
-0.267805
-0.244574
-0.213223
-0.175492
-0.145066
-0.11892
-0.0971478
-0.0788524
-0.0634969
-0.050631
-0.0398281
-0.0307158
-0.0229937
-0.0164247
-0.0108231
-0.00603606
-0.00193727
0.00158588
0.00462276
0.00725338
0.00954597
0.0115554
0.0133236
0.0148789
0.0162391
0.0174159
0.0184238
0.0192728
0.0199753
0.0205461
0.021001
0.0213554
0.0216236
0.0218174
0.0219458
0.0220158
0.0205167
0.0204313
0.020264
0.0200073
0.0196539
0.0191955
0.018623
0.0179284
0.0171045
0.0161441
0.0150391
0.0137782
0.0123442
0.010711
0.00884508
0.00670826
0.00425875
0.00145262
-0.00176047
-0.00544705
-0.00969129
-0.0145954
-0.0202791
-0.0268811
-0.0345652
-0.0435234
-0.0539798
-0.0662013
-0.0805125
-0.0972761
-0.116889
-0.140265
-0.167391
-0.201999
-0.235686
-0.263678
-0.299025
44.5311
24.1471
186.624
179.05
15.9311
45.5454
-0.273903
-0.265584
-0.235408
-0.199694
-0.16403
-0.136263
-0.112679
-0.0930504
-0.0764612
-0.0624324
-0.0505387
-0.0404308
-0.0318156
-0.0244476
-0.0181262
-0.0126917
-0.00801296
-0.00397747
-0.000485828
0.00254616
0.0051922
0.00751428
0.00956052
0.0113669
0.0129583
0.0143509
0.0155568
0.0165884
0.0174579
0.018179
0.0187668
0.0192374
0.0196061
0.0198865
0.0200901
0.0202253
0.0202993
0.0189047
0.0188175
0.0186474
0.0183867
0.0180281
0.0175631
0.0169828
0.0162786
0.0154432
0.0144696
0.0133507
0.0120762
0.0106303
0.00898962
0.00712421
0.00499905
0.00257704
-0.000180325
-0.00331776
-0.00689264
-0.0109768
-0.0156575
-0.0210348
-0.0272201
-0.0343429
-0.0425516
-0.0520198
-0.0629478
-0.0755859
-0.0902583
-0.107328
-0.127737
-0.152074
-0.184716
-0.224777
-0.264463
-0.339287
4.1417
-0.268742
-0.191854
-0.190008
-0.235803
5.62777
-0.35102
-0.276358
-0.2295
-0.185452
-0.150919
-0.125496
-0.104465
-0.0870779
-0.0723473
-0.0598163
-0.0490837
-0.0398547
-0.0318993
-0.0250253
-0.0190735
-0.0139121
-0.00943117
-0.00553411
-0.00213461
0.000841887
0.00346013
0.00577342
0.0078226
0.00963736
0.0112384
0.0126403
0.0138549
0.014894
0.0157707
0.0164993
0.0170952
0.0175743
0.0179514
0.0182397
0.0184499
0.0185897
0.0186664
0.017378
0.0172903
0.0171198
0.0168587
0.0164999
0.016035
0.015455
0.0147513
0.0139161
0.0129431
0.0118256
0.0105548
0.00911683
0.00749188
0.00565355
0.00357112
0.00121258
-0.00145508
-0.00446993
-0.00787949
-0.0117434
-0.0161328
-0.0211257
-0.0268075
-0.0332741
-0.0406302
-0.0489912
-0.0584979
-0.0693451
-0.0818156
-0.0962133
-0.113368
-0.134089
-0.162365
-0.202502
-0.24863
-0.29103
-0.2444
-0.220691
-0.194169
-0.191444
-0.208187
-0.241709
-0.315523
-0.26319
-0.209591
-0.16489
-0.134339
-0.112313
-0.0943599
-0.0795123
-0.0668455
-0.0559595
-0.0465188
-0.0382967
-0.0311216
-0.0248498
-0.0193615
-0.0145555
-0.010343
-0.00664427
-0.00338737
-0.000509768
0.00204239
0.00431241
0.00633316
0.00812818
0.00971413
0.0111038
0.0123084
0.0133397
0.014211
0.0149368
0.0155325
0.0160134
0.0163936
0.0166856
0.0168992
0.0170417
0.0171198
0.0159381
0.015851
0.0156822
0.015424
0.0150697
0.014611
0.014039
0.013345
0.0125211
0.0115612
0.0104593
0.00920791
0.00779605
0.00620709
0.00441886
0.00240558
0.000140485
-0.00240363
-0.00525747
-0.00845916
-0.0120559
-0.0161021
-0.0206553
-0.0257774
-0.0315352
-0.037993
-0.0452045
-0.0532373
-0.0622142
-0.0723469
-0.0838391
-0.0972213
-0.112981
-0.133326
-0.162048
-0.194716
-0.218516
-0.209092
-0.181304
-0.162699
-0.161993
-0.179339
-0.217214
-0.231985
-0.205411
-0.168264
-0.136309
-0.113952
-0.0968948
-0.0827053
-0.0707223
-0.0602996
-0.0511689
-0.043107
-0.0359712
-0.029652
-0.0240543
-0.0190952
-0.0147025
-0.0108093
-0.00735329
-0.00427852
-0.00153535
0.000917977
0.00311439
0.00507862
0.0068284
0.00837681
0.00973474
0.0109127
0.0119225
0.012777
0.0134907
0.0140786
0.014555
0.0149334
0.0152252
0.0154395
0.0155828
0.0156613
0.0145856
0.0145
0.0143347
0.0140824
0.0137366
0.0132895
0.0127324
0.0120564
0.0112539
0.0103185
0.00924487
0.00802719
0.00665704
0.00512142
0.00340257
0.00147967
-0.000668697
-0.00306358
-0.00572827
-0.00869167
-0.0119887
-0.0156576
-0.0197355
-0.0242602
-0.0292726
-0.0348073
-0.0408766
-0.0474793
-0.054636
-0.0624381
-0.0709727
-0.0804358
-0.0907474
-0.102377
-0.117429
-0.134097
-0.14877
-0.148972
-0.123472
-0.103199
-0.103488
-0.124632
-0.15462
-0.156364
-0.140335
-0.121595
-0.104827
-0.0917186
-0.080345
-0.0702359
-0.0612476
-0.0531212
-0.0457727
-0.039116
-0.0330965
-0.027666
-0.0227775
-0.0183834
-0.0144379
-0.0108955
-0.00771222
-0.00484796
-0.00226683
6.07799e-05
0.00215773
0.00404114
0.00572352
0.00721477
0.008524
0.00966103
0.0106371
0.011465
0.0121586
0.0127319
0.0131984
0.0135706
0.0138587
0.0140711
0.0142135
0.0142915
0.0133201
0.0132369
0.0130766
0.0128324
0.0124985
0.0120676
0.0115313
0.0108809
0.0101085
0.00920769
0.00817357
0.00700179
0.00568654
0.00421857
0.0025845
0.000768276
-0.00124629
-0.00347426
-0.00593156
-0.0086383
-0.0116192
-0.014899
-0.018497
-0.0224263
-0.0266977
-0.0313142
-0.0362573
-0.0414864
-0.0469449
-0.0525757
-0.058315
-0.0641889
-0.0697791
-0.0742429
-0.0783682
-0.0812728
-0.0828227
-0.0769861
-0.0533417
-0.030009
-0.0302915
-0.0548043
-0.0804463
-0.0869078
-0.0846999
-0.0810715
-0.0759502
-0.0704291
-0.0642082
-0.0578858
-0.0517119
-0.0457578
-0.0401126
-0.0348132
-0.0298847
-0.0253338
-0.0211552
-0.0173332
-0.013846
-0.0106685
-0.00777461
-0.00513921
-0.00274013
-0.000559276
0.00141725
0.00319975
0.00479628
0.00621398
0.00746038
0.00854452
0.00947705
0.0102701
0.0109366
0.0114897
0.0119417
0.0123038
0.0125852
0.0127934
0.0129335
0.0130102
0.0121405
0.0120603
0.0119062
0.0116719
0.0113526
0.0109415
0.0104309
0.0098122
0.00907739
0.00821982
0.00723483
0.00611921
0.00486962
0.00348044
0.00194264
0.000244692
-0.00162479
-0.0036752
-0.00591509
-0.00835586
-0.0110132
-0.0139024
-0.0170305
-0.0203938
-0.02398
-0.0277616
-0.0316818
-0.0356648
-0.0396273
-0.0434278
-0.0468161
-0.0496798
-0.0518215
-0.0513128
-0.049244
-0.0441661
-0.0346523
-0.0198991
0.00287483
0.0235703
0.0233797
0.00196657
-0.0216734
-0.0366752
-0.0460607
-0.0508174
-0.0523634
-0.0520734
-0.0497485
-0.046477
-0.0426795
-0.038621
-0.034502
-0.0304443
-0.0265308
-0.0228111
-0.0193122
-0.0160444
-0.0130072
-0.0101938
-0.00759425
-0.00519745
-0.00299359
-0.000974703
0.000865389
0.00253138
0.00402755
0.00535881
0.00653135
0.00755328
0.00843447
0.00918613
0.00982017
0.0103484
0.010782
0.0111308
0.0114031
0.0116051
0.0117415
0.0118162
0.011045
0.0109683
0.0108212
0.0105981
0.0102952
0.0099066
0.00942532
0.00884317
0.00815196
0.00734476
0.00641682
0.00536571
0.00419018
0.00288799
0.00145425
-0.000118316
-0.00183696
-0.00370612
-0.0057276
-0.00790418
-0.0102424
-0.0127486
-0.0154197
-0.0182394
-0.0211839
-0.0242166
-0.0272586
-0.0301857
-0.0328784
-0.0352094
-0.0368711
-0.0374564
-0.0366478
-0.0343182
-0.0293574
-0.0214218
-0.00858173
0.00845147
0.0273934
0.0416764
0.0415048
0.0268248
0.00748617
-0.00980676
-0.022644
-0.0303605
-0.0350425
-0.0372757
-0.0376209
-0.0365216
-0.0345492
-0.0320258
-0.0291923
-0.0262116
-0.0231991
-0.0202312
-0.0173569
-0.014606
-0.0119953
-0.00953319
-0.00722366
-0.00506788
-0.00306623
-0.00121906
0.000473531
0.00201186
0.00339729
0.00463284
0.00572358
0.00667659
0.00750078
0.00820626
0.00880371
0.00930363
0.00971578
0.0100487
0.0103096
0.0105039
0.0106355
0.0107076
0.0100312
0.00995844
0.00981866
0.00960758
0.00932208
0.00895766
0.00850814
0.00796589
0.00732277
0.00657142
0.00570676
0.00472666
0.00363146
0.00242189
0.00109691
-0.000346858
-0.00191311
-0.00360244
-0.00541127
-0.00733509
-0.00937293
-0.0115248
-0.0137791
-0.016104
-0.0184582
-0.0208049
-0.0230859
-0.0251719
-0.0268864
-0.0280938
-0.0286087
-0.0279677
-0.0260397
-0.0224972
-0.0168262
-0.00901059
0.0023782
0.0163324
0.0294514
0.0378116
0.0376309
0.0290013
0.015673
0.00157607
-0.0097485
-0.017406
-0.0229181
-0.0262903
-0.0278242
-0.0281991
-0.0275262
-0.0261658
-0.024354
-0.0222618
-0.0200141
-0.017699
-0.0153779
-0.0130935
-0.0108751
-0.00874323
-0.00671265
-0.00479424
-0.00299638
-0.00132564
0.000213153
0.00161709
0.00288536
0.00401952
0.00502351
0.00590339
0.00666697
0.00732312
0.00788117
0.00835023
0.00873868
0.00905383
0.00930171
0.00948695
0.00961277
0.00968179
0.0090961
0.00902748
0.00889528
0.00869636
0.00842871
0.00808908
0.00767246
0.00717204
0.00657986
0.00588818
0.0050913
0.00418692
0.00317634
0.00206271
0.000848453
-0.000466195
-0.00188183
-0.00339608
-0.00500101
-0.00668574
-0.00844314
-0.0102715
-0.0121613
-0.0140757
-0.0159502
-0.0177235
-0.0193506
-0.02075
-0.0217521
-0.0221759
-0.0218852
-0.0206988
-0.0182865
-0.0144881
-0.0092147
-0.00264989
0.0059423
0.0157915
0.024248
0.0290394
0.0289006
0.0239304
0.0153582
0.00546193
-0.00306449
-0.00956055
-0.0147131
-0.0182975
-0.0204519
-0.0215051
-0.0216626
-0.0211216
-0.0200774
-0.0186841
-0.0170588
-0.0152898
-0.0134431
-0.011568
-0.0097022
-0.00787433
-0.00610688
-0.00441757
-0.00282039
-0.00132622
5.69269e-05
0.00132391
0.00247239
0.00350272
0.00441781
0.00522267
0.0059239
0.00652908
0.00704611
0.00748273
0.00784597
0.00814192
0.00837559
0.0085508
0.00867017
0.00873572
0.00823627
0.00817189
0.00804721
0.00786028
0.00761021
0.00729509
0.00691131
0.00645315
0.00591313
0.00528327
0.00455704
0.00373146
0.00280802
0.0017916
0.000687656
-0.0005003
-0.00177029
-0.00311806
-0.00453264
-0.00599684
-0.00749471
-0.00901927
-0.0105673
-0.0121167
-0.0136068
-0.0149532
-0.0160857
-0.0169453
-0.0174213
-0.0173412
-0.0166341
-0.0151794
-0.0127611
-0.00923586
-0.00466069
0.000698368
0.00705355
0.0138574
0.0194833
0.0226003
0.0225309
0.0193214
0.0136233
0.00679724
0.000482785
-0.00481122
-0.00924757
-0.0125891
-0.0148753
-0.0162662
-0.0168853
-0.0168818
-0.0163848
-0.0155168
-0.0143788
-0.013052
-0.011601
-0.0100774
-0.00852266
-0.00697016
-0.005447
-0.00397499
-0.0025715
-0.00124998
-2.03366e-05
0.0011109
0.00214029
0.00306728
0.00389379
0.00462376
0.00526255
0.00581641
0.0062919
0.00669534
0.00703252
0.00730841
0.00752705
0.00769152
0.00780393
0.0078657
0.00744771
0.00738761
0.00727025
0.00709485
0.0068616
0.00656996
0.00621783
0.00580093
0.00531265
0.00474505
0.00409077
0.00334564
0.00251053
0.00159113
0.000595315
-0.000470212
-0.00160117
-0.00279273
-0.00403398
-0.00530516
-0.00658208
-0.0078455
-0.0090855
-0.0102909
-0.0114283
-0.0124318
-0.0132188
-0.0137115
-0.0138299
-0.0134688
-0.0125428
-0.0110063
-0.0087638
-0.00571424
-0.00189623
0.00247025
0.00729261
0.0121183
0.0160073
0.0181805
0.018162
0.0159583
0.0120294
0.0072038
0.00243563
-0.00184945
-0.00556393
-0.00851755
-0.0107084
-0.0121979
-0.0130579
-0.0133782
-0.0132498
-0.0127598
-0.0119904
-0.011012
-0.00988434
-0.0086575
-0.00737352
-0.00606739
-0.00476799
-0.00349888
-0.0022789
-0.00112267
-4.09762e-05
0.000958887
0.00187278
0.00269937
0.00343967
0.00409655
0.00467418
0.00517754
0.00561182
0.00598209
0.00629296
0.00654838
0.00675153
0.00690483
0.00700991
0.00706768
0.00672601
0.00667017
0.00655983
0.00639536
0.00617787
0.0059081
0.00558555
0.00520762
0.00476903
0.00426234
0.00367963
0.0030153
0.00226871
0.00144516
0.000554022
-0.000394918
-0.00139432
-0.00243829
-0.00351769
-0.00461578
-0.0057086
-0.00676987
-0.00777508
-0.0087013
-0.00952449
-0.0102142
-0.0107212
-0.0109684
-0.0108726
-0.0103652
-0.00938362
-0.00789411
-0.00586846
-0.0032822
-0.000192803
0.00325696
0.00689522
0.010386
0.0131417
0.0146592
0.0146614
0.0131424
0.0103802
0.00692296
0.00335207
-3.50171e-05
-0.00307506
-0.00561435
-0.00760846
-0.00906482
-0.0100166
-0.0105149
-0.0106184
-0.0103889
-0.00988987
-0.00918034
-0.00831298
-0.00733407
-0.00628361
-0.00519566
-0.00409874
-0.00301628
-0.00196716
-0.000966084
-2.40311e-05
0.00085141
0.00165565
0.00238671
0.00304478
0.00363172
0.00415057
0.00460508
0.00499925
0.00533696
0.00562176
0.0058567
0.0060442
0.00618611
0.00628365
0.00633729
0.0060663
0.00601466
0.00591109
0.00575694
0.00555404
0.00530423
0.00500859
0.00466632
0.00427391
0.003825
0.00331164
0.00272696
0.00206826
0.00133908
0.000548645
-0.000291268
-0.00116983
-0.00207801
-0.0030059
-0.00393955
-0.00486122
-0.00575119
-0.00658445
-0.00732433
-0.00792882
-0.00837183
-0.00864223
-0.00870008
-0.00846886
-0.00789112
-0.00693517
-0.00557872
-0.00380316
-0.00162559
0.000860268
0.00354883
0.00629945
0.00884668
0.0108097
0.0118851
0.0118916
0.0108281
0.00888541
0.00638764
0.00368996
0.00103259
-0.0014257
-0.00356211
-0.00531502
-0.00666358
-0.00761297
-0.00818781
-0.0084241
-0.00836717
-0.00806212
-0.00755724
-0.00689777
-0.00612469
-0.00527423
-0.00437776
-0.00346186
-0.0025486
-0.00165587
-0.000797797
1.49591e-05
0.000774804
0.00147688
0.0021187
0.00269968
0.00322079
0.00368403
0.00409204
0.00444773
0.00475395
0.00501332
0.00522809
0.00540005
0.00553056
0.00562049
0.00566992
0.00546338
0.00541585
0.00531884
0.00517449
0.00498509
0.00475335
0.0044817
0.00417121
0.00382036
0.00342444
0.00297622
0.00246816
0.00189558
0.00125946
0.000567014
-0.000170272
-0.000939891
-0.00172972
-0.00252626
-0.00331283
-0.00407259
-0.00479418
-0.00546739
-0.00606444
-0.00653208
-0.00682295
-0.00692992
-0.00685294
-0.00653961
-0.00593697
-0.00503362
-0.00383556
-0.00232603
-0.000515619
0.00149485
0.00359566
0.00567719
0.00755683
0.00898042
0.00975005
0.00975843
0.00901001
0.00761875
0.00578184
0.00372898
0.00164304
-0.000340071
-0.00211676
-0.00362328
-0.0048267
-0.00571716
-0.00630323
-0.00660625
-0.00665621
-0.00648712
-0.00613695
-0.00564298
-0.00504013
-0.00435988
-0.00362987
-0.00287383
-0.00211167
-0.00135976
-0.000631201
6.39157e-05
0.000718197
0.00132666
0.00188638
0.00239618
0.0028562
0.00326752
0.00363182
0.00395105
0.00422719
0.00446207
0.00465725
0.00481399
0.00493323
0.00501558
0.00506078
0.00491174
0.00486823
0.00477768
0.00464278
0.00446602
0.00425066
0.00400024
0.00371752
0.00340306
0.00305418
0.00266503
0.00222822
0.0017378
0.00119233
0.000596326
-4.09041e-05
-0.000708054
-0.00139318
-0.00208143
-0.00275188
-0.00338103
-0.00395437
-0.00447148
-0.00492692
-0.00528275
-0.00548115
-0.00549667
-0.0053405
-0.00499343
-0.00440939
-0.0035777
-0.00252805
-0.00126446
0.000214516
0.00183212
0.00348061
0.00506306
0.00645947
0.00750731
0.00806893
0.00807984
0.00754366
0.00652704
0.00515938
0.00359101
0.00195511
0.000362262
-0.001101
-0.00237382
-0.00341957
-0.00422171
-0.00477987
-0.00510517
-0.00521747
-0.00514338
-0.00491028
-0.00454797
-0.00408536
-0.00354889
-0.00296204
-0.00234528
-0.00171604
-0.00108892
-0.000475787
0.000113981
0.000673311
0.00119719
0.00168242
0.00212728
0.00253124
0.00289461
0.00321825
0.00350332
0.00375102
0.00396254
0.00413889
0.00428087
0.00438912
0.00446401
0.00450503
0.00440567
0.0043661
0.00428203
0.00415644
0.00399178
0.00379155
0.00356004
0.00330143
0.00301825
0.00271001
0.00237269
0.00199973
0.00158465
0.00112433
0.000621021
8.18254e-05
-0.000484184
-0.00106803
-0.00165847
-0.00223605
-0.00277225
-0.00324145
-0.00363668
-0.00396426
-0.00421251
-0.00433737
-0.00430238
-0.00410871
-0.00375898
-0.00322312
-0.00248287
-0.00157004
-0.000512881
0.000685074
0.00197698
0.00327446
0.0044911
0.00553961
0.00631664
0.00673365
0.00674474
0.00635157
0.00559881
0.00456852
0.00336211
0.0020786
0.000804578
-0.000389057
-0.00144893
-0.0023396
-0.00304225
-0.00355176
-0.00387333
-0.00402018
-0.00401078
-0.0038662
-0.00360823
-0.00326035
-0.0028441
-0.00237881
-0.00188167
-0.00136761
-0.000849382
-0.000337608
0.00015913
0.000634158
0.00108254
0.0015009
0.00188711
0.00224011
0.00255957
0.0028457
0.00309896
0.00332
0.00350942
0.00366781
0.00379563
0.00389324
0.00396086
0.00399778
0.00393947
0.00390374
0.00382626
0.00371006
0.00355734
0.0033715
0.00315723
0.00291972
0.00266323
0.0023895
0.00209658
0.00177922
0.00143093
0.0010473
0.000628841
0.000181272
-0.000287346
-0.000770225
-0.00126141
-0.00174907
-0.00220886
-0.00260916
-0.00292901
-0.00316805
-0.00332908
-0.0033922
-0.0033252
-0.00311815
-0.00278065
-0.0023015
-0.00166093
-0.000878702
6.89025e-06
0.000978612
0.00200657
0.00302741
0.00396943
0.00476589
0.0053483
0.00565854
0.00566688
0.00537368
0.00480718
0.00402306
0.0030918
0.00208594
0.00107235
0.000107673
-0.000763758
-0.00151062
-0.00211415
-0.00256701
-0.00287101
-0.0030343
-0.00306958
-0.00299218
-0.00281576
-0.00256063
-0.00224358
-0.00188003
-0.00148408
-0.00106834
-0.000643806
-0.000219873
0.000195691
0.000596674
0.000978312
0.00133714
0.00167078
0.00197775
0.00225726
0.00250896
0.00273281
0.00292895
0.00309759
0.00323896
0.00335327
0.00344068
0.00350128
0.00353421
0.00350752
0.00347555
0.00340481
0.00329825
0.00315764
0.00298603
0.00278808
0.00256954
0.00233601
0.00209126
0.00183566
0.00156572
0.0012754
0.000959211
0.000615683
0.000249102
-0.000132429
-0.00052161
-0.000914652
-0.00130727
-0.00168581
-0.00202412
-0.00229436
-0.00248257
-0.00258847
-0.00260867
-0.00252387
-0.00232036
-0.00200513
-0.0015809
-0.00103567
-0.000377764
0.000359195
0.00114883
0.00196619
0.0027674
0.00349796
0.00410633
0.00454516
0.00477651
0.00478077
0.00455814
0.00412802
0.00352863
0.00280961
0.0020241
0.00122274
0.000449758
-0.000259232
-0.000878064
-0.00138981
-0.0017862
-0.00206633
-0.0022347
-0.00229995
-0.00227552
-0.00215926
-0.00197792
-0.00174152
-0.0014618
-0.00115016
-0.000817165
-0.000472231
-0.000123577
0.000221842
0.000558326
0.000881361
0.00118751
0.00147426
0.00173985
0.00198312
0.00220332
0.00240004
0.00257303
0.0027222
0.00284751
0.00294899
0.00302665
0.00308052
0.00310962
0.00310451
0.0030762
0.00301237
0.00291579
0.00278771
0.00263067
0.00244892
0.00224824
0.00203501
0.00181466
0.00158987
0.00135939
0.00111839
0.000860746
0.000582795
0.000286337
-2.13705e-05
-0.000331515
-0.00063855
-0.00094052
-0.00123277
-0.00150084
-0.00172184
-0.00187513
-0.00195083
-0.00194759
-0.00185756
-0.00166967
-0.00138663
-0.00101671
-0.000558008
-1.43585e-05
0.000590281
0.00122871
0.00187698
0.00250333
0.00306831
0.00353341
0.00386502
0.00403778
0.00403909
0.00386945
0.00354242
0.00308471
0.0025315
0.00192132
0.00129186
0.000676903
0.000104405
-0.000404371
-0.000834843
-0.0011786
-0.00143266
-0.00159827
-0.00167938
-0.00167981
-0.00162211
-0.00150104
-0.0013294
-0.00111759
-0.000875147
-0.000610891
-0.000332848
-4.81371e-05
0.000237102
0.000517722
0.000789533
0.00104922
0.00129424
0.00152267
0.0017331
0.00192453
0.00209623
0.00224772
0.00237866
0.00248885
0.00257818
0.00264659
0.00269402
0.00271946
0.00272555
0.00270078
0.00264401
0.00255773
0.00244274
0.00230094
0.00213592
0.00195301
0.00175872
0.00155953
0.00136011
0.00116166
0.000961339
0.000753458
0.000532651
0.00029758
5.27931e-05
-0.000193123
-0.000432119
-0.000659987
-0.000874707
-0.00107093
-0.00123624
-0.00135378
-0.00140729
-0.001393
-0.00130665
-0.00114125
-0.000896972
-0.000582223
-0.00020174
0.000240314
0.000727869
0.00123799
0.00174871
0.00223573
0.00267077
0.00302592
0.00327727
0.00340752
0.00340841
0.0032806
0.00303365
0.00268621
0.00226304
0.0017918
0.00130014
0.000813454
0.000353384
-6.2947e-05
-0.000423108
-0.000719038
-0.000946579
-0.00110492
-0.00119598
-0.00122396
-0.00119735
-0.00111931
-0.000997391
-0.000839348
-0.000652798
-0.000445001
-0.000222693
8.04753e-06
0.000241888
0.000474266
0.000701378
0.000920113
0.00112798
0.001323
0.00150364
0.00166871
0.00181732
0.00194879
0.00206267
0.00215863
0.00223648
0.0022961
0.00233743
0.00235939
0.00236628
0.00234491
0.00229527
0.00221957
0.00211821
0.00199247
0.00184512
0.00168065
0.00150513
0.00132537
0.00114742
0.000974773
0.000807039
0.000640056
0.000468039
0.000287066
9.79994e-05
-9.32619e-05
-0.000278522
-0.000450885
-0.000606345
-0.000742291
-0.00085397
-0.000931403
-0.000965038
-0.000944067
-0.000865232
-0.000724279
-0.000520442
-0.000260083
4.96887e-05
0.000403353
0.000789638
0.00119111
0.00158939
0.00196548
0.00229895
0.00256987
0.00276125
0.00286107
0.00286365
0.00276946
0.00258513
0.00232349
0.00200182
0.00163979
0.00125747
0.000873821
0.000505503
0.000166279
-0.00013328
-0.000385701
-0.000586357
-0.000733273
-0.000826873
-0.000869644
-0.000866019
-0.000818866
-0.000734347
-0.000618118
-0.000476153
-0.000314329
-0.000138202
4.71362e-05
0.000237145
0.000427867
0.000615925
0.000798476
0.00097316
0.00113804
0.00129153
0.00143238
0.00155958
0.00167238
0.00177025
0.0018528
0.00191979
0.0019711
0.00200664
0.00202531
0.00202291
0.0020048
0.00196229
0.00189733
0.00181004
0.00170115
0.00157255
0.00142768
0.00127163
0.00111087
0.000952099
0.000800598
0.000658487
0.000523906
0.000392013
0.000257717
0.000118757
-2.27894e-05
-0.000161318
-0.000289861
-0.000402272
-0.00049466
-0.000564926
-0.000609495
-0.000622211
-0.000595349
-0.000524727
-0.000407339
-0.000242157
-3.31585e-05
0.000213112
0.000490628
0.0007909
0.00110128
0.00140751
0.00169495
0.00194871
0.00215458
0.00230048
0.00237786
0.00238254
0.00231467
0.00217865
0.00198318
0.00174021
0.00146358
0.00116785
0.000867083
0.000574122
0.000299974
5.35388e-05
-0.000158491
-0.000331553
-0.000463129
-0.000552639
-0.000601142
-0.000610807
-0.00058596
-0.000529078
-0.000444902
-0.000338181
-0.000213605
-7.56615e-05
7.1482e-05
0.000224051
0.000378698
0.000532495
0.000682916
0.000827799
0.000965311
0.00109392
0.00121235
0.00131961
0.00141492
0.00149771
0.00156759
0.00162431
0.00166774
0.0016978
0.00171337
0.00169223
0.00167724
0.00164176
0.00158755
0.00151458
0.00142317
0.00131438
0.00119046
0.00105524
0.000914146
0.000773757
0.000640426
0.000518473
0.000408674
0.000308167
0.000212205
0.000116851
2.09001e-05
-7.37667e-05
-0.000162792
-0.000240405
-0.000301422
-0.000343175
-0.00036374
-0.000361252
-0.000331117
-0.000269828
-0.000175018
-4.564e-05
0.00011619
0.000305607
0.00051723
0.000744517
0.000978474
0.00120861
0.00142401
0.00161386
0.00176799
0.00187781
0.0019371
0.00194269
0.00189439
0.00179499
0.00165032
0.00146851
0.0012593
0.00103312
0.000800395
0.000570917
0.000353366
0.000155031
-1.83628e-05
-0.000162701
-0.000275432
-0.000355509
-0.000403261
-0.000420185
-0.000408732
-0.000371316
-0.000311305
-0.00023228
-0.000137852
-3.15341e-05
8.33654e-05
0.0002038
0.000327015
0.000450549
0.000572222
0.000690123
0.000802587
0.000908195
0.00100576
0.00109432
0.00117313
0.00124165
0.00129952
0.00134649
0.00138245
0.00140732
0.00141998
0.00137157
0.00135956
0.00133093
0.00128733
0.00122868
0.00115505
0.00106683
0.000965182
0.000852472
0.000732701
0.000611504
0.000495405
0.000390237
0.000299265
0.000222148
0.000155628
9.55727e-05
3.88763e-05
-1.57503e-05
-6.75152e-05
-0.000113318
-0.000148783
-0.00017117
-0.000175906
-0.000165267
-0.000136257
-8.64583e-05
-1.41027e-05
8.18128e-05
0.000200418
0.000338631
0.000492372
0.000656795
0.000825646
0.000991555
0.00114673
0.00128347
0.00139461
0.00147407
0.00151739
0.00152213
0.0014879
0.00141641
0.00131145
0.00117848
0.00102419
0.000855957
0.000681324
0.000507546
0.000341225
0.000188047
5.26065e-05
-6.16862e-05
-0.000152604
-0.000219058
-0.000261038
-0.000279409
-0.000275707
-0.000251685
-0.000209763
-0.000152513
-8.25932e-05
-2.63353e-06
8.48403e-05
0.00017746
0.000273039
0.00036958
0.000465275
0.0005585
0.000647819
0.000731984
0.000809941
0.000880834
0.000944002
0.000998962
0.00104539
0.00108308
0.00111193
0.00113188
0.00114181
0.00105874
0.00104957
0.00102758
0.000994297
0.000949702
0.0008937
0.000826265
0.000747707
0.000659124
0.000562938
0.000463298
0.000365946
0.000277168
0.000201968
0.000142398
9.72267e-05
6.31813e-05
3.66094e-05
1.43969e-05
-5.51683e-06
-2.32002e-05
-3.62993e-05
-4.12297e-05
-4.00344e-05
-2.8116e-05
-4.90514e-06
3.08192e-05
8.02799e-05
0.000144414
0.000223151
0.000314874
0.000416947
0.000526098
0.000638229
0.000748497
0.000851704
0.000942685
0.00101665
0.0010695
0.00109819
0.00110096
0.00107738
0.00102839
0.000956322
0.000864664
0.000757776
0.00064057
0.000518178
0.000395628
0.000277583
0.000168124
7.06039e-05
-1.24378e-05
-7.9294e-05
-0.000129064
-0.000161603
-0.000177345
-0.000177195
-0.000162118
-0.000133744
-9.37577e-05
-4.39684e-05
1.3773e-05
7.76434e-05
0.000145894
0.000216874
0.000289045
0.000360983
0.000431388
0.000499092
0.000563072
0.000622457
0.00067654
0.000724775
0.000766765
0.000802247
0.000831058
0.000853113
0.000868388
0.000875749
0.000751852
0.00074545
0.000729881
0.000706588
0.00067554
0.000636581
0.000589468
0.000534053
0.000470596
0.000400225
0.00032547
0.00025056
0.000181009
0.000122246
7.78029e-05
4.82479e-05
3.15958e-05
2.45939e-05
2.3656e-05
2.53455e-05
2.73194e-05
2.93561e-05
3.27871e-05
3.81046e-05
4.71419e-05
6.09674e-05
8.0565e-05
0.000106886
0.000140799
0.000182694
0.000232021
0.000287445
0.000347148
0.000408843
0.000469811
0.000527084
0.000577684
0.000618834
0.000648149
0.000663804
0.000664694
0.000650458
0.000621511
0.000579064
0.000525009
0.000461783
0.000392188
0.000319205
0.000245804
0.00017478
0.000108611
4.93559e-05
-1.4003e-06
-4.25718e-05
-7.35497e-05
-9.41527e-05
-0.000104527
-0.000105168
-9.5855e-05
-7.77693e-05
-5.17172e-05
-1.87564e-05
1.9938e-05
6.31601e-05
0.00010972
0.00015847
0.000208319
0.000258239
0.00030728
0.000354579
0.000399376
0.000441024
0.000478995
0.000512884
0.0005424
0.000567351
0.000587621
0.000603153
0.000613957
0.000618898
0.000449271
0.000445593
0.000436297
0.000422637
0.000404509
0.000381732
0.000354043
0.000321209
0.00028318
0.00024032
0.000193783
0.000145951
0.000100527
6.18466e-05
3.34453e-05
1.67439e-05
1.08157e-05
1.32455e-05
2.10529e-05
3.11113e-05
4.06831e-05
4.83172e-05
5.37623e-05
5.72674e-05
5.96756e-05
6.18314e-05
6.44789e-05
6.82871e-05
7.39512e-05
8.20484e-05
9.27576e-05
0.000105847
0.000120837
0.000137063
0.000153684
0.000169742
0.000184241
0.000196231
0.000204867
0.000209465
0.000209552
0.000204887
0.000195476
0.000181587
0.000163728
0.000142624
0.000119158
9.4315e-05
6.91126e-05
4.45402e-05
2.1499e-05
7.55557e-07
-1.70843e-05
-3.1586e-05
-4.24742e-05
-4.95884e-05
-5.28378e-05
-5.22011e-05
-4.70955e-05
-3.72355e-05
-2.27892e-05
-4.25472e-06
1.77397e-05
4.25179e-05
6.93942e-05
9.76938e-05
0.000126764
0.000155983
0.000184771
0.000212598
0.000238995
0.000263564
0.000285982
0.000306
0.000323444
0.000338198
0.000350194
0.000359406
0.0003659
0.000368579
0.000149102
0.000147942
0.000144866
0.000140457
0.00013461
0.000127206
0.000118106
0.000107225
9.45612e-05
8.02065e-05
6.44172e-05
4.78093e-05
3.15864e-05
1.75044e-05
7.35461e-06
2.17471e-06
1.7887e-06
5.05382e-06
1.04768e-05
1.6609e-05
2.22038e-05
2.64909e-05
2.85874e-05
2.68953e-05
2.0956e-05
1.08926e-05
-3.14037e-06
-2.08855e-05
-4.18901e-05
-6.55616e-05
-9.12421e-05
-0.000118204
-0.000145622
-0.000172575
-0.000198079
-0.000221141
-0.000240803
-0.000256208
-0.000266663
-0.000271705
-0.000271132
-0.000265058
-0.000253909
-0.000238347
-0.000219225
-0.000197514
-0.000174229
-0.000150365
-0.000126842
-0.000104463
-8.38829e-05
-6.56057e-05
-4.99758e-05
-3.71867e-05
-2.72845e-05
-2.016e-05
-1.55241e-05
-1.30715e-05
-1.17667e-05
-8.83425e-06
-4.40872e-06
1.35963e-06
8.28256e-06
1.61498e-05
2.47417e-05
3.38374e-05
4.322e-05
5.26811e-05
6.20244e-05
7.10708e-05
7.96622e-05
8.76646e-05
9.49699e-05
0.000101496
0.000107186
0.000112004
0.000115928
0.000118953
0.00012114
0.000121936
)
;

boundaryField
{
    lowerWall
    {
        type            fixedFluxPressure;
        gradient        uniform 0;
        value           nonuniform List<scalar> 
80
(
12350.9
12350.9
12350.9
12350.9
12350.9
12350.9
12350.9
12350.9
12350.9
12350.9
12350.9
12350.9
12350.9
12350.9
12350.9
12350.9
12350.9
12350.9
12350.9
12350.9
12350.9
12350.9
12350.9
12350.9
12350.9
12350.9
12350.9
12350.9
12350.9
12350.9
12350.9
12350.9
12350.9
12350.9
12350.9
12350.9
12350.9
12350.9
12350.9
12350.9
12350.9
12350.9
12350.9
12350.9
12350.9
12350.9
12350.9
12350.9
12350.9
12350.9
12350.9
12350.9
12350.9
12350.9
12350.9
12350.9
12350.9
12350.9
12350.9
12350.9
12350.9
12350.9
12350.9
12350.9
12350.9
12350.9
12350.9
12350.9
12350.9
12350.9
12350.9
12350.9
12350.9
12350.9
12350.9
12350.9
12350.9
12350.9
12350.9
12350.9
)
;
    }
    rightWall
    {
        type            zeroGradient;
    }
    atmosphere
    {
        type            totalPressure;
        rho             rho;
        psi             none;
        gamma           1;
        p0              uniform 0;
        value           nonuniform List<scalar> 
80
(
0
0
0
0
0
0
0
0
0
0
0
0
0
0
0
0
0
0
0
0
0
0
-3.53497e-07
-4.8334e-06
-1.4844e-05
-3.07367e-05
-5.26888e-05
-8.06723e-05
-0.000114422
-0.000153397
-0.000196742
-0.000243277
-0.000291541
-0.000339817
-0.000386188
-0.00042866
-0.000465271
-0.000494225
-0.000514028
-0.000523614
-0.000522409
-0.000510469
-0.000488468
-0.000457564
-0.000419325
-0.000375603
-0.000328396
-0.000279712
-0.000231451
-0.000185309
-0.000142711
-0.000104775
-7.22986e-05
-4.57714e-05
-2.54007e-05
-1.11585e-05
-2.82414e-06
-5.77497e-09
0
0
0
0
0
0
0
0
0
0
0
0
0
0
0
0
0
0
0
0
0
0
)
;
    }
    leftWall
    {
        type            zeroGradient;
    }
    frontAndBack
    {
        type            empty;
    }
}


// ************************************************************************* //
