/*--------------------------------*- C++ -*----------------------------------*\
| =========                 |                                                 |
| \\      /  F ield         | OpenFOAM: The Open Source CFD Toolbox           |
|  \\    /   O peration     | Version:  2412                                  |
|   \\  /    A nd           | Website:  www.openfoam.com                      |
|    \\/     M anipulation  |                                                 |
\*---------------------------------------------------------------------------*/
FoamFile
{
    version     2.0;
    format      ascii;
    arch        "LSB;label=32;scalar=64";
    class       volScalarField;
    location    "7.35";
    object      p;
}
// * * * * * * * * * * * * * * * * * * * * * * * * * * * * * * * * * * * * * //

dimensions      [1 -1 -2 0 0 0 0];

internalField   nonuniform List<scalar> 
6400
(
9577.65
9577.75
9577.94
9578.27
9578.74
9579.4
9580.28
9581.42
9582.84
9584.58
9586.64
9589.04
9591.76
9594.81
9598.15
9601.74
9605.51
9609.42
9613.4
9617.4
9621.33
9625.16
9628.83
9632.3
9635.53
9638.5
9641.21
9643.63
9645.79
9647.69
9649.36
9650.81
9652.06
9653.15
9654.08
9654.87
9655.54
9656.09
9656.51
9656.81
9656.95
9656.94
9656.73
9656.3
9655.63
9654.67
9653.4
9651.79
9649.81
9647.43
9644.65
9641.45
9637.84
9633.85
9629.51
9624.86
9619.96
9614.89
9609.72
9604.56
9599.47
9594.57
9589.93
9585.63
9581.74
9578.31
9575.38
9572.96
9571.04
9569.61
9568.63
9568.05
9567.79
9567.78
9567.96
9568.24
9568.55
9568.85
9569.07
9569.19
9087.06
9087.14
9087.32
9087.61
9088.05
9088.68
9089.52
9090.63
9092.03
9093.75
9095.81
9098.2
9100.94
9104.02
9107.4
9111.04
9114.87
9118.84
9122.89
9126.94
9130.93
9134.81
9138.52
9142.02
9145.28
9148.27
9150.97
9153.39
9155.54
9157.43
9159.07
9160.5
9161.73
9162.78
9163.69
9164.47
9165.12
9165.66
9166.09
9166.39
9166.56
9166.57
9166.4
9166.01
9165.38
9164.47
9163.24
9161.66
9159.7
9157.34
9154.54
9151.34
9147.72
9143.69
9139.3
9134.59
9129.62
9124.46
9119.21
9113.95
9108.78
9103.79
9099.07
9094.71
9090.77
9087.31
9084.36
9081.94
9080.05
9078.67
9077.74
9077.22
9077.03
9077.1
9077.35
9077.7
9078.07
9078.41
9078.67
9078.81
8596.37
8596.44
8596.57
8596.81
8597.18
8597.73
8598.5
8599.55
8600.89
8602.57
8604.62
8607.03
8609.81
8612.92
8616.39
8620.12
8624.07
8628.17
8632.34
8636.52
8640.63
8644.62
8648.42
8651.99
8655.3
8658.31
8661.03
8663.45
8665.57
8667.41
8669
8670.37
8671.54
8672.54
8673.4
8674.14
8674.78
8675.31
8675.74
8676.07
8676.28
8676.35
8676.24
8675.93
8675.38
8674.55
8673.41
8671.9
8670
8667.67
8664.91
8661.68
8658.01
8653.9
8649.41
8644.56
8639.44
8634.11
8628.68
8623.23
8617.87
8612.7
8607.83
8603.33
8599.3
8595.77
8592.8
8590.4
8588.56
8587.26
8586.44
8586.06
8586.02
8586.24
8586.64
8587.12
8587.62
8588.06
8588.38
8588.55
8105.63
8105.66
8105.72
8105.87
8106.13
8106.56
8107.22
8108.15
8109.41
8111.03
8113.05
8115.49
8118.35
8121.47
8125.08
8128.98
8133.11
8137.4
8141.77
8146.15
8150.44
8154.59
8158.54
8162.22
8165.6
8168.66
8171.38
8173.78
8175.85
8177.63
8179.14
8180.42
8181.5
8182.42
8183.21
8183.89
8184.49
8185.01
8185.45
8185.83
8186.1
8186.25
8186.24
8186.05
8185.63
8184.93
8183.91
8182.51
8180.7
8178.43
8175.68
8172.44
8168.71
8164.5
8159.85
8154.8
8149.44
8143.85
8138.13
8132.39
8126.74
8121.3
8116.18
8111.48
8107.3
8103.67
8100.66
8098.28
8096.52
8095.35
8094.72
8094.54
8094.74
8095.2
8095.83
8096.54
8097.23
8097.81
8098.24
8098.46
7614.85
7614.83
7614.8
7614.81
7614.91
7615.16
7615.65
7616.42
7617.55
7619.09
7621.07
7623.51
7626.41
7629.74
7633.49
7637.6
7641.97
7646.53
7651.18
7655.83
7660.39
7664.76
7668.9
7672.73
7676.21
7679.33
7682.06
7684.43
7686.43
7688.11
7689.5
7690.65
7691.6
7692.4
7693.08
7693.68
7694.22
7694.72
7695.18
7695.63
7695.98
7696.24
7696.38
7696.35
7696.11
7695.6
7694.75
7693.51
7691.83
7689.66
7686.95
7683.69
7679.88
7675.52
7670.66
7665.34
7659.65
7653.69
7647.57
7641.42
7635.37
7629.55
7624.09
7619.11
7614.7
7610.94
7607.88
7605.53
7603.89
7602.91
7602.53
7602.66
7603.18
7603.98
7604.95
7605.96
7606.92
7607.72
7608.3
7608.59
7124.1
7124
7123.84
7123.66
7123.53
7123.54
7123.78
7124.34
7125.29
7126.7
7128.61
7131.06
7134.05
7137.55
7141.53
7145.93
7150.63
7155.55
7160.58
7165.59
7170.48
7175.16
7179.55
7183.57
7187.18
7190.37
7193.11
7195.41
7197.32
7198.86
7200.09
7201.06
7201.82
7202.45
7202.99
7203.47
7203.94
7204.42
7204.9
7205.4
7205.87
7206.29
7206.62
7206.82
7206.82
7206.55
7205.95
7204.93
7203.43
7201.39
7198.75
7195.48
7191.57
7187.03
7181.89
7176.22
7170.1
7163.66
7157.01
7150.31
7143.72
7137.39
7131.48
7126.13
7121.43
7117.49
7114.36
7112.06
7110.58
7109.86
7109.83
7110.36
7111.33
7112.6
7114.01
7115.44
7116.75
7117.84
7118.62
7119.02
6633.43
6633.24
6632.89
6632.44
6632.01
6631.68
6631.6
6631.86
6632.56
6633.79
6635.61
6638.06
6641.16
6644.87
6649.16
6653.91
6659.06
6664.45
6669.95
6675.43
6680.76
6685.82
6690.53
6694.79
6698.57
6701.83
6704.56
6706.79
6708.55
6709.9
6710.9
6711.63
6712.16
6712.55
6712.89
6713.22
6713.6
6714.03
6714.54
6715.12
6715.73
6716.35
6716.93
6717.42
6717.73
6717.79
6717.51
6716.8
6715.55
6713.69
6711.15
6707.88
6703.86
6699.1
6693.62
6687.5
6680.84
6673.77
6666.45
6659.05
6651.76
6644.78
6638.29
6632.44
6627.37
6623.2
6619.99
6617.75
6616.49
6616.11
6616.54
6617.61
6619.18
6621.05
6623.05
6625.02
6626.8
6628.27
6629.31
6629.84
6142.96
6142.63
6142.03
6141.22
6140.36
6139.59
6139.07
6138.93
6139.29
6140.27
6141.96
6144.41
6147.63
6151.6
6156.26
6161.5
6167.19
6173.18
6179.3
6185.38
6191.26
6196.81
6201.91
6206.47
6210.44
6213.78
6216.49
6218.6
6220.17
6221.26
6221.96
6222.36
6222.57
6222.66
6222.74
6222.87
6223.11
6223.49
6224.02
6224.7
6225.49
6226.36
6227.26
6228.11
6228.83
6229.32
6229.46
6229.13
6228.23
6226.62
6224.23
6220.99
6216.85
6211.83
6205.94
6199.27
6191.94
6184.08
6175.91
6167.61
6159.44
6151.61
6144.39
6137.91
6132.37
6127.91
6124.59
6122.45
6121.46
6121.55
6122.57
6124.35
6126.69
6129.35
6132.11
6134.78
6137.16
6139.11
6140.48
6141.2
5652.82
5652.29
5651.36
5650.06
5648.63
5647.25
5646.14
5645.48
5645.39
5646.04
5647.52
5649.94
5653.31
5657.61
5662.74
5668.6
5674.99
5681.74
5688.63
5695.46
5702.03
5708.18
5713.77
5718.69
5722.88
5726.3
5728.97
5730.91
5732.21
5732.96
5733.26
5733.24
5733.02
5732.73
5732.47
5732.33
5732.39
5732.69
5733.24
5734.05
5735.06
5736.24
5737.52
5738.83
5740.07
5741.11
5741.8
5741.99
5741.53
5740.28
5738.1
5734.92
5730.68
5725.35
5718.98
5711.64
5703.47
5694.64
5685.39
5675.98
5666.68
5657.77
5649.66
5642.37
5636.23
5631.4
5627.96
5625.94
5625.32
5625.99
5627.79
5630.5
5633.85
5637.52
5641.25
5644.79
5647.95
5650.52
5652.32
5653.26
5163.18
5162.38
5161.04
5159.02
5156.86
5154.63
5152.77
5151.43
5150.74
5150.92
5152.11
5154.48
5158.02
5162.71
5168.45
5175.08
5182.37
5190.08
5197.95
5205.72
5213.15
5220.04
5226.22
5231.57
5236.01
5239.52
5242.1
5243.81
5244.75
5245.04
5244.82
5244.25
5243.48
5242.68
5241.97
5241.49
5241.31
5241.5
5242.07
5243.03
5244.31
5245.86
5247.62
5249.51
5251.41
5253.15
5254.55
5255.42
5255.55
5254.76
5252.9
5249.83
5245.49
5239.83
5232.89
5224.74
5215.54
5205.51
5194.93
5184.11
5173.41
5163.2
5153.83
5145.58
5138.7
5133.41
5129.81
5127.97
5127.82
5129.25
5132.04
5135.94
5140.59
5145.59
5150.53
5155.19
5159.31
5162.69
5165
5166.25
4674.29
4673.03
4671.34
4668.18
4665.13
4661.64
4658.87
4656.65
4655.18
4654.71
4655.47
4657.76
4661.51
4666.69
4673.19
4680.8
4689.24
4698.17
4707.27
4716.21
4724.7
4732.49
4739.39
4745.25
4749.97
4753.55
4755.99
4757.38
4757.84
4757.53
4756.63
4755.35
4753.88
4752.43
4751.15
4750.2
4749.71
4749.75
4750.34
4751.46
4753.06
4755.07
4757.42
4760.03
4762.75
4765.39
4767.71
4769.45
4770.36
4770.2
4768.77
4765.91
4761.49
4755.47
4747.86
4738.75
4728.31
4716.8
4704.55
4691.98
4679.52
4667.63
4656.76
4647.26
4639.46
4633.59
4629.81
4628.18
4628.63
4631.01
4635.08
4640.52
4646.89
4653.61
4660.05
4666.1
4671.44
4675.9
4678.78
4680.46
4186.59
4185.23
4181.96
4177.77
4173.18
4168.48
4164.35
4160.99
4158.5
4157.15
4157.17
4159.46
4163.45
4169.24
4176.71
4185.59
4195.47
4205.95
4216.59
4227
4236.8
4245.7
4253.46
4259.91
4264.95
4268.57
4270.81
4271.76
4271.58
4270.49
4268.72
4266.52
4264.16
4261.86
4259.85
4258.31
4257.39
4257.19
4257.74
4259.04
4261.02
4263.6
4266.7
4270.22
4273.98
4277.76
4281.25
4284.13
4286.06
4286.74
4285.91
4283.36
4278.92
4272.53
4264.16
4253.91
4241.97
4228.63
4214.31
4199.53
4184.85
4170.88
4158.12
4147.07
4138.12
4131.54
4127.53
4126.15
4127.35
4130.93
4136.58
4143.97
4152.52
4161.43
4169.81
4177.6
4184.57
4190.31
4194.08
4196.29
3700.38
3698.12
3693.59
3687.62
3681.26
3674.64
3668.81
3664.03
3660.34
3657.98
3657.4
3659.27
3663.41
3669.94
3678.67
3689.18
3700.94
3713.38
3725.97
3738.19
3749.61
3759.85
3768.64
3775.78
3781.17
3784.8
3786.73
3787.08
3786.07
3783.96
3781.07
3777.71
3774.2
3770.84
3767.88
3765.55
3764.05
3763.49
3763.94
3765.4
3767.81
3771.09
3775.14
3779.83
3784.93
3790.17
3795.16
3799.49
3802.75
3804.53
3804.51
3802.41
3798.05
3791.29
3782.09
3770.52
3756.76
3741.18
3724.28
3706.73
3689.25
3672.67
3657.57
3644.6
3634.2
3626.71
3622.38
3621.32
3623.46
3628.45
3635.85
3645.3
3656.59
3668.66
3679.66
3689.71
3698.92
3706.28
3711.6
3714.4
3216.08
3213.64
3206.85
3198.24
3189.4
3179.9
3171.64
3165.01
3159.93
3156.34
3155.37
3156.44
3160.66
3168.09
3178.46
3191.15
3205.39
3220.39
3235.44
3249.94
3263.34
3275.21
3285.21
3293.15
3298.9
3302.47
3303.94
3303.49
3301.39
3297.98
3293.65
3288.82
3283.89
3279.19
3275.03
3271.69
3269.4
3268.35
3268.61
3270.21
3273.12
3277.26
3282.48
3288.62
3295.4
3302.48
3309.38
3315.57
3320.52
3323.72
3324.76
3323.32
3319.15
3312.09
3302.02
3288.96
3273.06
3254.72
3234.6
3213.55
3192.55
3172.63
3154.58
3139.18
3126.93
3118.26
3113.51
3112.91
3116.3
3123.05
3132.36
3144.4
3159.22
3175.73
3189.84
3202.83
3214.97
3224.66
3232.03
3235.41
2731.41
2726.46
2717.91
2708.48
2697.38
2684.54
2672.22
2662.95
2656.62
2651.52
2648.89
2649.65
2654.01
2662.58
2675.05
2690.67
2708.28
2726.71
2745
2762.4
2778.27
2792.1
2803.54
2812.37
2818.49
2821.9
2822.75
2821.27
2817.77
2812.71
2806.58
2799.92
2793.21
2786.83
2781.14
2776.49
2773.17
2771.42
2771.38
2773.15
2776.69
2781.92
2788.6
2796.49
2805.31
2814.65
2823.92
2832.44
2839.51
2844.5
2846.94
2846.42
2842.66
2835.45
2824.56
2809.86
2791.42
2769.67
2745.44
2719.9
2694.38
2670.15
2648.34
2629.79
2615.11
2604.86
2599.64
2599.9
2605.23
2614.52
2627.3
2643.13
2661.95
2682.66
2701.42
2718.09
2732.85
2744.25
2753.33
2758.29
2245.96
2235.03
2225.68
2218.77
2206.16
2188.72
2170.61
2157.52
2150.61
2143.97
2139.24
2138.32
2142.68
2152.52
2167.41
2186.73
2208.9
2232.03
2254.68
2275.86
2294.81
2311.02
2324.16
2334
2340.47
2343.64
2343.71
2340.93
2335.72
2328.57
2320.17
2311.21
2302.25
2293.73
2286.09
2279.69
2274.93
2272.18
2271.78
2273.79
2278.19
2284.82
2293.34
2303.36
2314.62
2326.74
2339
2350.44
2360.15
2367.43
2371.64
2372.34
2369.24
2362.13
2350.57
2334.15
2312.7
2286.62
2257.06
2225.6
2194.16
2164.39
2137.8
2115.44
2097.97
2086.15
2080.75
2082.68
2091.14
2104.36
2121.56
2142.11
2165.2
2189.57
2212.92
2234.74
2252.12
2262.48
2272.35
2281.34
1766.77
1750.87
1740.61
1733.81
1717.89
1694.46
1669.88
1651.38
1641.25
1633.57
1626.62
1623.85
1627.37
1638.92
1656.63
1680.1
1707.61
1736.57
1764.76
1790.66
1813.3
1832.25
1847.32
1858.4
1865.36
1868.24
1867.26
1862.75
1855.23
1845.55
1834.28
1822.4
1810.71
1799.63
1789.53
1780.82
1774.03
1769.87
1768.96
1771.37
1777.04
1785.68
1796.55
1809.06
1823.09
1838.46
1854.45
1869.73
1883
1893.2
1899.62
1901.7
1899.52
1892.84
1880.91
1862.73
1837.64
1805.98
1769.4
1730.3
1691.26
1654.7
1622.58
1596.29
1576.49
1563.86
1558.53
1564.27
1575.58
1592.28
1614.01
1639.39
1666.86
1695.57
1724.24
1752.14
1774.33
1784.89
1795.02
1808.85
1298.49
1281.44
1270.23
1258.61
1236.44
1205.76
1173.06
1146.36
1129.58
1118.23
1108.25
1103.52
1108.7
1122.1
1143.96
1172.56
1206.11
1241.66
1276.33
1307.72
1334.45
1356.19
1373.08
1385.26
1392.63
1395.1
1392.87
1386.29
1376.08
1362.77
1347.77
1332.58
1317.81
1303.72
1290.54
1278.71
1268.94
1262.45
1260.36
1263.15
1270.77
1282.34
1296.36
1311.89
1329.02
1348.02
1368.32
1388.39
1406.56
1421.14
1430.98
1434.05
1432.97
1427.29
1415.63
1395.97
1366.73
1328.12
1282.69
1234.06
1185.9
1141.42
1103.16
1072.95
1050.94
1038.05
1036.42
1041.2
1054.95
1074.65
1101.36
1132.99
1166.87
1202.61
1239.68
1274.19
1304.67
1320.9
1331.72
1348.07
839.864
823.354
808.905
791.768
761.564
723.571
680.79
640.7
610.201
593.241
579.349
570.649
576.758
596.391
626.153
663.162
704.945
748.885
791.389
829.139
860.082
884.245
902.584
915.771
923.612
925.39
920.665
909.805
894.865
878.661
860.832
842.093
823.712
806.06
789.256
773.575
759.567
749.167
744.582
747.427
757.545
772.911
790.775
809.864
830.557
853.658
878.943
904.72
928.64
947.248
958.374
963.543
965.549
963.564
954.441
934.436
901.303
855.022
799.371
739.171
679.459
624.725
578.285
543.329
517.101
502.174
499.685
507.583
524.839
545.65
579.589
623.244
670.291
716.749
762.381
806.023
847.591
867.961
884.642
897.772
392.842
380.42
363.621
341.493
309.313
269.913
230.177
193.192
161.083
141.743
131.752
130.201
137.503
152.746
177.121
209.365
247.174
288.503
330.111
367.515
397.695
420.76
438.557
452.295
460.807
462.164
455.181
441.105
423.971
406.033
384.646
364.122
344.957
326.895
310.223
294.841
280.599
269.871
264.937
268.046
278.402
293.449
309.899
327.13
346.75
370.483
398.782
429.993
461.437
485.074
497.732
498.237
502.623
505.782
501.571
482.393
445.263
394.442
335.629
275.579
220.699
175.981
143.452
121.449
106.878
99.5805
96.0937
96.8184
104.938
121.285
145.533
177.535
220.067
263.961
312.071
364.003
405.884
436.186
449.076
456.409
88.9137
83.7686
72.7611
57.2712
38.0672
20.0142
7.28287
-0.844481
-7.3028
-8.79993
-8.74816
-8.24902
-7.16239
-4.69727
-0.146871
7.58601
18.7603
33.2848
50.3636
67.3843
81.5927
92.4947
101.546
109.562
114.854
115.574
111.146
101.85
91.293
80.1151
68.8004
59.0676
49.9049
41.5288
34.7913
29.3276
24.4734
21.0799
19.7875
22.0254
27.2775
34.0016
40.1149
46.0195
53.8645
65.2189
79.7078
96.0632
115.158
132.247
144.026
147.878
147.283
149.347
148.743
136.911
110.828
79.8454
50.1625
26.2713
9.68897
-0.0702946
-4.92333
-6.98251
-7.7667
-8.09171
-8.21972
-8.32694
-8.43726
-8.51598
-8.4857
-6.90668
2.79202
16.97
38.005
64.9386
91.7559
112.586
124.059
126.394
-9.89357
-9.88013
-9.85578
-9.8164
-9.77477
-9.74292
-9.68208
-9.66752
-9.684
-9.60661
-9.56264
-9.6107
-9.64267
-9.73633
-10.0769
-10.5366
-10.6716
-10.2858
-9.8499
-9.73021
-9.77895
-9.77302
-9.50523
-9.07999
-8.82894
-8.94194
-9.25283
-9.47499
-9.44508
-9.33684
-9.36267
-9.40921
-9.39792
-9.381
-9.39322
-9.46322
-9.55828
-9.65177
-9.74831
-9.86529
-10.0013
-10.1551
-10.3008
-10.4053
-10.4569
-10.4765
-10.5177
-10.7526
-11.1314
-9.58369
-6.42233
-5.57169
-5.46951
-5.14529
-5.59774
-7.342
-8.61947
-9.1113
-9.19842
-9.16587
-9.09442
-9.01717
-8.96625
-8.91628
-8.89541
-8.92131
-8.95713
-9.01505
-9.1085
-9.18787
-9.2268
-9.22203
-9.37725
-9.37127
-9.32541
-9.27195
-9.28147
-8.86684
-6.96527
-6.44093
-10.3647
-10.3519
-10.3321
-10.3115
-10.2868
-10.2455
-10.2019
-10.187
-10.1527
-10.1331
-10.1691
-10.2277
-10.3232
-10.4639
-10.6389
-10.7792
-10.7476
-10.6045
-10.5042
-10.4698
-10.4725
-10.4638
-10.4441
-10.4163
-10.3977
-10.4027
-10.3656
-10.287
-10.1761
-10.0791
-10.0148
-9.9638
-9.92989
-9.91405
-9.94425
-10.0403
-10.151
-10.2445
-10.345
-10.4651
-10.5866
-10.7095
-10.8298
-10.9402
-11.0349
-11.1188
-11.2531
-11.4545
-11.8209
-12.4652
-12.5346
-11.9646
-11.4473
-11.387
-11.589
-11.5485
-10.9483
-10.3328
-10.0546
-9.886
-9.76369
-9.66897
-9.60543
-9.56472
-9.54966
-9.56088
-9.58287
-9.62806
-9.70036
-9.7818
-9.84642
-9.89407
-9.948
-9.94012
-9.90196
-9.84673
-9.82328
-9.69992
-9.51082
-9.30119
-10.89
-10.8766
-10.8348
-10.7923
-10.7678
-10.7344
-10.6916
-10.6677
-10.6693
-10.6868
-10.7419
-10.8157
-10.9109
-11.0224
-11.1294
-11.1993
-11.1915
-11.1261
-11.0421
-10.9728
-10.9443
-10.9452
-10.9544
-10.9355
-10.8908
-10.8631
-10.8368
-10.7803
-10.7028
-10.6299
-10.5738
-10.5237
-10.4935
-10.4855
-10.517
-10.6137
-10.7355
-10.8384
-10.9351
-11.0389
-11.156
-11.2889
-11.4222
-11.56
-11.6809
-11.7936
-11.9501
-12.16
-12.4309
-12.5767
-12.4384
-12.1564
-11.9149
-11.8006
-11.7129
-11.5152
-11.1813
-10.8174
-10.5665
-10.4049
-10.3011
-10.2294
-10.1841
-10.162
-10.154
-10.1613
-10.1798
-10.2147
-10.2666
-10.3277
-10.3962
-10.4447
-10.4869
-10.5092
-10.4934
-10.4451
-10.3495
-10.2833
-10.1869
-9.97896
-11.4405
-11.4516
-11.3747
-11.3084
-11.2769
-11.247
-11.197
-11.1606
-11.1867
-11.2315
-11.2963
-11.382
-11.4804
-11.5685
-11.6262
-11.6482
-11.6287
-11.5796
-11.5229
-11.4705
-11.4374
-11.4277
-11.4303
-11.4253
-11.3996
-11.378
-11.37
-11.3307
-11.2397
-11.1382
-11.0771
-11.0447
-11.0262
-11.034
-11.0722
-11.156
-11.275
-11.3896
-11.5237
-11.6699
-11.8421
-12.0274
-12.1999
-12.3425
-12.449
-12.5437
-12.6372
-12.7517
-12.838
-12.8046
-12.6377
-12.4296
-12.2481
-12.0949
-11.9233
-11.7034
-11.4503
-11.2213
-11.0448
-10.9221
-10.8428
-10.7907
-10.7545
-10.7359
-10.7275
-10.7309
-10.7511
-10.7831
-10.8219
-10.8659
-10.9109
-10.9561
-10.9983
-11.0278
-11.0323
-11.025
-10.9891
-10.9396
-10.8376
-10.6557
-11.9595
-11.9978
-11.945
-11.883
-11.8372
-11.8054
-11.7521
-11.7051
-11.7162
-11.7717
-11.8498
-11.9483
-12.0527
-12.1399
-12.1865
-12.1747
-12.1112
-12.0463
-11.9981
-11.9699
-11.938
-11.9188
-11.9061
-11.9011
-11.8923
-11.8816
-11.8807
-11.86
-11.783
-11.6526
-11.5678
-11.533
-11.5194
-11.5286
-11.566
-11.6399
-11.7568
-11.905
-12.0921
-12.3195
-12.5742
-12.8254
-13.0362
-13.1997
-13.3142
-13.3887
-13.4185
-13.414
-13.3485
-13.2012
-12.997
-12.7951
-12.6235
-12.4587
-12.2729
-12.0661
-11.8617
-11.6856
-11.5496
-11.4549
-11.394
-11.353
-11.3238
-11.3062
-11.2974
-11.2981
-11.3101
-11.3317
-11.3588
-11.3898
-11.4273
-11.4735
-11.5202
-11.5518
-11.5645
-11.578
-11.6004
-11.5975
-11.5335
-11.3862
-12.4599
-12.4957
-12.4973
-12.4722
-12.437
-12.3927
-12.3452
-12.2995
-12.2855
-12.3257
-12.4008
-12.5056
-12.6141
-12.704
-12.7559
-12.7381
-12.6544
-12.5555
-12.4918
-12.4709
-12.4548
-12.4348
-12.412
-12.3965
-12.3905
-12.3875
-12.3838
-12.3768
-12.3314
-12.1859
-12.0796
-12.0312
-12.0143
-12.0207
-12.0525
-12.1152
-12.2394
-12.4351
-12.6913
-13.0012
-13.3378
-13.6564
-13.9339
-14.1456
-14.2778
-14.3258
-14.2894
-14.1824
-13.9993
-13.7477
-13.4699
-13.2373
-13.0603
-12.8891
-12.7044
-12.5158
-12.343
-12.1981
-12.0845
-12.0038
-11.951
-11.9157
-11.8907
-11.875
-11.8669
-11.8667
-11.8742
-11.887
-11.9025
-11.9218
-11.9531
-12.002
-12.0574
-12.0932
-12.1081
-12.1463
-12.2108
-12.2592
-12.2363
-12.1198
-12.9867
-13.0049
-13.0185
-13.0089
-12.9774
-12.9378
-12.9011
-12.8654
-12.8485
-12.8784
-12.9446
-13.0381
-13.1353
-13.2122
-13.2616
-13.2614
-13.1962
-13.092
-13.0062
-12.9738
-12.974
-12.9697
-12.9475
-12.9267
-12.9154
-12.9063
-12.8924
-12.8807
-12.8406
-12.7371
-12.6231
-12.5643
-12.5518
-12.5581
-12.59
-12.6534
-12.7808
-13.0115
-13.3255
-13.7128
-14.1332
-14.5399
-14.8892
-15.1183
-15.2341
-15.2569
-15.1843
-15.0111
-14.7528
-14.4222
-14.0588
-13.755
-13.5497
-13.3664
-13.1827
-13.0075
-12.8552
-12.7311
-12.6337
-12.5624
-12.5135
-12.4795
-12.4563
-12.4425
-12.4352
-12.435
-12.44
-12.4474
-12.4535
-12.4613
-12.4843
-12.5334
-12.5975
-12.6384
-12.6583
-12.7218
-12.83
-12.9081
-12.9105
-12.7885
-13.5104
-13.5199
-13.5238
-13.5121
-13.4842
-13.4501
-13.4201
-13.3979
-13.3887
-13.4129
-13.4754
-13.5583
-13.638
-13.6924
-13.7189
-13.716
-13.6714
-13.6022
-13.5403
-13.5051
-13.4997
-13.5018
-13.4882
-13.4716
-13.4616
-13.4466
-13.4218
-13.4032
-13.363
-13.287
-13.1951
-13.1475
-13.1356
-13.142
-13.1769
-13.2463
-13.3831
-13.6344
-13.9933
-14.4407
-14.9341
-15.4129
-15.7814
-15.9974
-16.093
-16.0847
-15.9743
-15.7676
-15.4761
-15.1154
-14.7125
-14.3392
-14.0813
-13.8783
-13.6913
-13.5238
-13.3856
-13.275
-13.1882
-13.1236
-13.0772
-13.0438
-13.0217
-13.0085
-13.0024
-13.0026
-13.0077
-13.0145
-13.0144
-13.0145
-13.0396
-13.0862
-13.146
-13.1852
-13.2094
-13.2864
-13.4189
-13.5049
-13.5046
-13.3681
-14.0218
-14.0285
-14.0261
-14.0173
-14.0046
-13.9819
-13.9663
-13.9586
-13.9539
-13.97
-14.0258
-14.1037
-14.1682
-14.2
-14.1971
-14.1724
-14.1359
-14.0951
-14.0648
-14.0493
-14.0412
-14.0327
-14.0238
-14.015
-14.0051
-13.9877
-13.9633
-13.9514
-13.9216
-13.8486
-13.7788
-13.7483
-13.7401
-13.7527
-13.7941
-13.8764
-14.0204
-14.2766
-14.6597
-15.1436
-15.6862
-16.1931
-16.5634
-16.7642
-16.8313
-16.7822
-16.6377
-16.4066
-16.1052
-15.7586
-15.3518
-14.9475
-14.646
-14.4207
-14.2239
-14.0584
-13.9294
-13.8274
-13.7472
-13.6868
-13.6405
-13.6079
-13.5859
-13.5733
-13.5677
-13.5687
-13.5763
-13.5872
-13.5866
-13.5947
-13.6245
-13.6644
-13.7053
-13.733
-13.7517
-13.8195
-13.9438
-14.0146
-13.9936
-13.8913
-14.5334
-14.5359
-14.5348
-14.5314
-14.5286
-14.5253
-14.5278
-14.5311
-14.5331
-14.553
-14.6066
-14.6762
-14.7298
-14.7429
-14.7141
-14.6664
-14.62
-14.597
-14.5948
-14.596
-14.5878
-14.5677
-14.5568
-14.5482
-14.5305
-14.5082
-14.4967
-14.5043
-14.4907
-14.405
-14.3401
-14.3261
-14.334
-14.3603
-14.4112
-14.5074
-14.6577
-14.9066
-15.285
-15.7747
-16.3232
-16.8356
-17.2093
-17.3986
-17.4437
-17.3835
-17.2225
-16.9645
-16.6498
-16.323
-15.9436
-15.5346
-15.2212
-14.9812
-14.7727
-14.6067
-14.4822
-14.3859
-14.3096
-14.2509
-14.2048
-14.1721
-14.1496
-14.1365
-14.131
-14.1327
-14.1435
-14.1614
-14.1748
-14.189
-14.2097
-14.239
-14.2636
-14.2748
-14.2805
-14.3351
-14.4447
-14.4673
-14.4446
-14.3962
-15.0438
-15.046
-15.0468
-15.0469
-15.0478
-15.0534
-15.068
-15.0791
-15.0983
-15.1381
-15.1987
-15.2632
-15.3011
-15.2908
-15.2425
-15.1841
-15.1411
-15.1297
-15.1368
-15.1391
-15.126
-15.1068
-15.0936
-15.0792
-15.0502
-15.0262
-15.0302
-15.0488
-15.0294
-14.9417
-14.8792
-14.8856
-14.9061
-14.9454
-15.0066
-15.1086
-15.2589
-15.4925
-15.8448
-16.3089
-16.8339
-17.3415
-17.7145
-17.9032
-17.9501
-17.9046
-17.7441
-17.4792
-17.1509
-16.8264
-16.481
-16.0955
-15.7861
-15.5429
-15.3268
-15.1613
-15.0389
-14.9463
-14.8732
-14.8146
-14.7693
-14.7359
-14.7128
-14.699
-14.6932
-14.6951
-14.7073
-14.7309
-14.7628
-14.7763
-14.7852
-14.799
-14.8105
-14.8063
-14.7983
-14.8441
-14.919
-14.9196
-14.9175
-14.9086
-15.5535
-15.5556
-15.5578
-15.5605
-15.5653
-15.5759
-15.5926
-15.6108
-15.6448
-15.7001
-15.7636
-15.8306
-15.854
-15.8305
-15.7783
-15.7222
-15.6849
-15.6708
-15.6699
-15.6658
-15.6574
-15.651
-15.6375
-15.6319
-15.6345
-15.6246
-15.6156
-15.6115
-15.557
-15.4768
-15.4297
-15.4406
-15.4577
-15.5021
-15.5668
-15.6651
-15.7995
-16.015
-16.3317
-16.7527
-17.2417
-17.7256
-18.095
-18.2919
-18.3591
-18.3247
-18.1775
-17.9279
-17.606
-17.2934
-16.9791
-16.642
-16.3378
-16.0922
-15.8753
-15.7133
-15.5945
-15.505
-15.4349
-15.3769
-15.3326
-15.2991
-15.2756
-15.2613
-15.2551
-15.2565
-15.2681
-15.2921
-15.3263
-15.3519
-15.3587
-15.3553
-15.3511
-15.3357
-15.3303
-15.3474
-15.3839
-15.3889
-15.4203
-15.4299
-16.0625
-16.0645
-16.0677
-16.072
-16.0792
-16.0913
-16.1082
-16.1302
-16.1653
-16.2188
-16.2827
-16.3388
-16.3615
-16.3437
-16.2988
-16.248
-16.2093
-16.1852
-16.179
-16.1803
-16.1919
-16.2081
-16.2237
-16.2766
-16.3538
-16.3858
-16.3478
-16.254
-16.1442
-16.0558
-16.0183
-15.9915
-15.9966
-16.0322
-16.0916
-16.1707
-16.2926
-16.4811
-16.7555
-17.1201
-17.5493
-17.9845
-18.342
-18.5574
-18.647
-18.6327
-18.5086
-18.2885
-18.0066
-17.7192
-17.4493
-17.1527
-16.8636
-16.6173
-16.408
-16.2542
-16.1434
-16.059
-15.9914
-15.9362
-15.8934
-15.8608
-15.8376
-15.8233
-15.817
-15.818
-15.8279
-15.8485
-15.8761
-15.9076
-15.9274
-15.9127
-15.8942
-15.8752
-15.8643
-15.8645
-15.861
-15.8866
-15.9416
-15.9568
-16.5711
-16.5731
-16.5767
-16.5818
-16.5897
-16.6014
-16.6174
-16.6386
-16.6681
-16.7085
-16.7576
-16.7991
-16.8153
-16.8055
-16.7749
-16.7355
-16.7005
-16.6799
-16.681
-16.6985
-16.7337
-16.7784
-16.8694
-17.042
-17.1992
-17.2528
-17.1795
-16.9923
-16.8225
-16.7037
-16.6317
-16.5438
-16.526
-16.5389
-16.5884
-16.6691
-16.7952
-16.9517
-17.1626
-17.4447
-17.7877
-18.1493
-18.4752
-18.7019
-18.8158
-18.8275
-18.7323
-18.559
-18.3484
-18.1154
-17.8841
-17.6162
-17.352
-17.115
-16.9214
-16.7815
-16.6819
-16.6054
-16.5417
-16.4908
-16.4508
-16.4202
-16.3983
-16.3846
-16.3786
-16.3797
-16.3885
-16.4057
-16.4281
-16.4537
-16.4793
-16.4671
-16.4409
-16.4258
-16.4038
-16.398
-16.3656
-16.4166
-16.4648
-16.4838
-17.0791
-17.0811
-17.0849
-17.0904
-17.0983
-17.1092
-17.1236
-17.1422
-17.1658
-17.1949
-17.2258
-17.2497
-17.2606
-17.2567
-17.2392
-17.2128
-17.1879
-17.1804
-17.196
-17.2299
-17.2781
-17.3497
-17.5255
-17.7851
-17.9609
-18.0108
-17.9198
-17.7233
-17.5303
-17.3793
-17.2304
-17.1045
-17.0536
-17.0302
-17.0665
-17.1773
-17.3234
-17.4595
-17.6068
-17.7948
-18.026
-18.2901
-18.5623
-18.7798
-18.9058
-18.9356
-18.8866
-18.7706
-18.6315
-18.4721
-18.2847
-18.0471
-17.8038
-17.5876
-17.418
-17.2977
-17.211
-17.1423
-17.0853
-17.0399
-17.0039
-16.9764
-16.9566
-16.9445
-16.9397
-16.9418
-16.9511
-16.9674
-16.9875
-17.0079
-17.0252
-17.0208
-16.9884
-16.9691
-16.9489
-16.9475
-16.911
-16.9649
-16.9819
-17.0044
-17.5865
-17.5885
-17.5922
-17.5976
-17.6051
-17.6151
-17.6279
-17.6438
-17.6628
-17.6842
-17.7052
-17.7214
-17.7301
-17.7294
-17.7198
-17.7029
-17.6899
-17.7013
-17.7328
-17.7736
-17.8168
-17.9138
-18.136
-18.3895
-18.552
-18.6026
-18.5243
-18.3747
-18.1979
-18.0153
-17.8201
-17.6977
-17.6129
-17.5648
-17.5678
-17.6815
-17.8351
-17.9697
-18.0929
-18.2169
-18.3445
-18.5125
-18.715
-18.9008
-19.0264
-19.0771
-19.0539
-18.9799
-18.889
-18.7919
-18.6488
-18.4401
-18.2229
-18.0384
-17.9006
-17.8028
-17.7303
-17.6708
-17.6221
-17.5828
-17.5518
-17.5282
-17.5117
-17.5023
-17.4999
-17.5047
-17.5176
-17.5376
-17.5605
-17.5799
-17.5908
-17.5866
-17.5506
-17.5226
-17.5055
-17.5064
-17.4913
-17.5165
-17.5135
-17.5294
-18.0932
-18.0951
-18.0986
-18.1036
-18.1105
-18.1193
-18.1305
-18.1438
-18.1592
-18.1756
-18.1913
-18.2042
-18.2119
-18.2138
-18.2093
-18.2005
-18.2023
-18.2316
-18.2709
-18.3036
-18.3384
-18.4472
-18.6593
-18.877
-19.0308
-19.0913
-19.049
-18.9427
-18.7787
-18.5846
-18.4267
-18.3387
-18.2535
-18.1823
-18.1527
-18.2183
-18.3475
-18.4732
-18.5843
-18.6836
-18.7746
-18.8785
-19.0125
-19.1521
-19.2593
-19.3036
-19.2898
-19.2303
-19.1586
-19.0887
-18.9729
-18.7958
-18.6201
-18.4774
-18.3745
-18.3001
-18.241
-18.1921
-18.1518
-18.1192
-18.0937
-18.0747
-18.0624
-18.0569
-18.0585
-18.0684
-18.0884
-18.117
-18.1482
-18.1721
-18.1808
-18.1744
-18.1412
-18.1136
-18.0934
-18.0818
-18.073
-18.0629
-18.0658
-18.0663
-18.5991
-18.601
-18.6043
-18.6089
-18.615
-18.6227
-18.6322
-18.6433
-18.6557
-18.6685
-18.681
-18.6912
-18.6984
-18.7018
-18.7001
-18.6986
-18.7148
-18.7508
-18.7848
-18.8094
-18.8479
-18.9455
-19.1114
-19.2918
-19.4291
-19.4996
-19.4844
-19.3918
-19.2337
-19.0891
-19.0223
-18.9916
-18.9335
-18.833
-18.7861
-18.812
-18.8931
-18.9793
-19.0643
-19.1461
-19.2363
-19.3288
-19.426
-19.5215
-19.5945
-19.618
-19.5912
-19.5299
-19.4621
-19.3871
-19.2788
-19.1419
-19.0156
-18.9179
-18.8472
-18.7931
-18.7464
-18.7073
-18.6751
-18.6491
-18.6291
-18.6152
-18.6077
-18.6071
-18.614
-18.6309
-18.6604
-18.7
-18.7418
-18.7739
-18.7851
-18.7783
-18.7528
-18.7317
-18.7093
-18.6735
-18.6478
-18.6138
-18.6289
-18.6096
-19.1045
-19.1064
-19.1093
-19.1133
-19.1187
-19.1254
-19.1335
-19.1427
-19.1529
-19.1635
-19.1732
-19.1815
-19.188
-19.1919
-19.1916
-19.1936
-19.2162
-19.2528
-19.2807
-19.304
-19.3396
-19.4129
-19.5276
-19.6511
-19.7501
-19.8039
-19.7871
-19.6959
-19.5822
-19.5305
-19.5443
-19.5604
-19.5265
-19.4514
-19.3991
-19.4142
-19.4575
-19.4983
-19.5319
-19.584
-19.6764
-19.782
-19.8717
-19.9407
-19.9909
-19.9993
-19.953
-19.877
-19.798
-19.7152
-19.6121
-19.513
-19.4316
-19.3707
-19.3244
-19.2843
-19.2483
-19.2177
-19.1925
-19.1726
-19.1581
-19.1493
-19.1469
-19.1515
-19.1643
-19.1888
-19.2275
-19.2765
-19.3269
-19.3674
-19.3863
-19.3842
-19.37
-19.3537
-19.3296
-19.2702
-19.2175
-19.1835
-19.1877
-19.155
-19.6094
-19.6111
-19.6136
-19.6172
-19.6219
-19.6277
-19.6345
-19.6422
-19.6506
-19.6591
-19.6671
-19.6741
-19.68
-19.684
-19.6848
-19.6885
-19.7104
-19.7415
-19.768
-19.7918
-19.8224
-19.8724
-19.9375
-20.0035
-20.0503
-20.0599
-20.0175
-19.9422
-19.899
-19.9228
-19.9777
-20.0105
-19.998
-19.9643
-19.9503
-19.978
-20.0085
-20.0122
-20.0054
-20.0445
-20.1339
-20.2345
-20.3195
-20.3824
-20.4217
-20.4182
-20.3652
-20.2746
-20.1815
-20.0911
-19.9989
-19.9296
-19.879
-19.8403
-19.8076
-19.7761
-19.748
-19.7242
-19.7048
-19.6902
-19.6807
-19.6768
-19.6793
-19.6891
-19.7078
-19.7392
-19.7848
-19.8395
-19.8947
-19.9417
-19.9713
-19.9803
-19.9779
-19.9593
-19.9291
-19.8567
-19.7823
-19.746
-19.7275
-19.6957
-20.1139
-20.1153
-20.1176
-20.1207
-20.1247
-20.1297
-20.1356
-20.1421
-20.149
-20.1561
-20.1629
-20.169
-20.1743
-20.1784
-20.181
-20.1864
-20.2032
-20.2245
-20.2517
-20.278
-20.3059
-20.3388
-20.3767
-20.4027
-20.4079
-20.3759
-20.3079
-20.2547
-20.2532
-20.304
-20.3627
-20.4016
-20.4107
-20.41
-20.4342
-20.4758
-20.5045
-20.4875
-20.4808
-20.5292
-20.614
-20.7014
-20.7751
-20.8269
-20.8551
-20.8522
-20.8011
-20.7101
-20.6105
-20.5189
-20.4426
-20.3891
-20.352
-20.3227
-20.295
-20.269
-20.2464
-20.2276
-20.2129
-20.2026
-20.1974
-20.1979
-20.205
-20.2196
-20.2437
-20.281
-20.3316
-20.3897
-20.448
-20.4998
-20.5377
-20.5562
-20.5563
-20.5336
-20.4885
-20.4142
-20.327
-20.2788
-20.2454
-20.2231
-20.618
-20.6191
-20.6211
-20.6238
-20.6274
-20.6317
-20.6368
-20.6424
-20.6484
-20.6545
-20.6604
-20.666
-20.6712
-20.6755
-20.6799
-20.6871
-20.6947
-20.7115
-20.7375
-20.7703
-20.7995
-20.8299
-20.8561
-20.8622
-20.8462
-20.8049
-20.739
-20.6869
-20.68
-20.7174
-20.767
-20.8123
-20.8353
-20.8516
-20.8888
-20.9422
-20.9562
-20.9355
-20.9404
-20.994
-21.0816
-21.1639
-21.2236
-21.2689
-21.2898
-21.2772
-21.2329
-21.1556
-21.0634
-20.9793
-20.9157
-20.8712
-20.8387
-20.8108
-20.7851
-20.7626
-20.7437
-20.7285
-20.7172
-20.7104
-20.7087
-20.7129
-20.7239
-20.7429
-20.7718
-20.8142
-20.8692
-20.9314
-20.9942
-21.0504
-21.0921
-21.1123
-21.1041
-21.0712
-21.0154
-20.9375
-20.8461
-20.787
-20.7485
-20.733
-21.1216
-21.1226
-21.1244
-21.1267
-21.1299
-21.1337
-21.1382
-21.1431
-21.1484
-21.1539
-21.1595
-21.165
-21.1704
-21.1755
-21.1816
-21.1919
-21.1999
-21.211
-21.2342
-21.2765
-21.3193
-21.351
-21.3622
-21.3551
-21.3373
-21.3122
-21.2696
-21.2188
-21.1962
-21.2103
-21.2456
-21.2817
-21.2984
-21.3229
-21.3606
-21.394
-21.4005
-21.3905
-21.4082
-21.4712
-21.5555
-21.6231
-21.6683
-21.6954
-21.7067
-21.6979
-21.6556
-21.591
-21.518
-21.4525
-21.4008
-21.3609
-21.3285
-21.3003
-21.2763
-21.2562
-21.2399
-21.2272
-21.2184
-21.2142
-21.2152
-21.2222
-21.2364
-21.2589
-21.292
-21.3389
-21.3987
-21.4666
-21.536
-21.5969
-21.6421
-21.6612
-21.6431
-21.5918
-21.5278
-21.4321
-21.3455
-21.2778
-21.2361
-21.2213
-21.6248
-21.6257
-21.6273
-21.6294
-21.6323
-21.6357
-21.6398
-21.6443
-21.6492
-21.6543
-21.6598
-21.6654
-21.6714
-21.6777
-21.6853
-21.6979
-21.7127
-21.7231
-21.7453
-21.7923
-21.8507
-21.8841
-21.8848
-21.8667
-21.8464
-21.8368
-21.8161
-21.7872
-21.7661
-21.7603
-21.7684
-21.7796
-21.7924
-21.8177
-21.8464
-21.8674
-21.8759
-21.883
-21.9198
-21.9921
-22.0674
-22.1121
-22.1325
-22.1378
-22.1338
-22.1173
-22.0828
-22.0349
-21.9816
-21.9308
-21.8862
-21.848
-21.8162
-21.7898
-21.7678
-21.7496
-21.735
-21.724
-21.7169
-21.7144
-21.7171
-21.7261
-21.7425
-21.7677
-21.8041
-21.8552
-21.9206
-21.9965
-22.0737
-22.1406
-22.1937
-22.2205
-22.1972
-22.1219
-22.0439
-21.9117
-21.8246
-21.7481
-21.704
-21.69
-22.1275
-22.1284
-22.1299
-22.1319
-22.1345
-22.1377
-22.1415
-22.1457
-22.1504
-22.1554
-22.1609
-22.1669
-22.1735
-22.1811
-22.1905
-22.205
-22.2262
-22.2429
-22.2629
-22.3047
-22.367
-22.4091
-22.4086
-22.3822
-22.351
-22.3358
-22.3315
-22.3254
-22.3108
-22.2925
-22.2837
-22.2855
-22.2983
-22.3209
-22.3485
-22.3791
-22.4091
-22.4391
-22.4828
-22.5455
-22.5881
-22.6046
-22.6016
-22.5898
-22.573
-22.5508
-22.5218
-22.4854
-22.4442
-22.4023
-22.3643
-22.3314
-22.3033
-22.2795
-22.2594
-22.2427
-22.2293
-22.2192
-22.2131
-22.2114
-22.215
-22.2249
-22.2425
-22.2694
-22.3077
-22.363
-22.4357
-22.523
-22.6131
-22.697
-22.789
-22.8171
-22.7871
-22.6815
-22.5891
-22.4305
-22.3204
-22.2411
-22.1776
-22.1407
-22.6299
-22.6307
-22.6322
-22.6341
-22.6365
-22.6396
-22.6431
-22.6472
-22.6518
-22.6569
-22.6626
-22.669
-22.6764
-22.6851
-22.6962
-22.7122
-22.7368
-22.7632
-22.7824
-22.816
-22.8705
-22.9168
-22.9269
-22.8985
-22.8532
-22.8205
-22.8277
-22.8372
-22.8308
-22.8083
-22.7891
-22.7851
-22.7939
-22.8141
-22.8587
-22.9226
-22.9855
-23.0273
-23.0611
-23.0911
-23.103
-23.0932
-23.0693
-23.0425
-23.0164
-22.9929
-22.9683
-22.9397
-22.9076
-22.8748
-22.844
-22.8161
-22.7914
-22.7698
-22.7512
-22.7355
-22.7227
-22.7132
-22.7073
-22.7057
-22.7092
-22.7189
-22.7362
-22.7629
-22.8027
-22.8609
-22.9418
-23.0446
-23.1589
-23.3052
-23.4951
-23.5257
-23.4176
-23.2778
-23.1444
-23.0049
-22.8697
-22.7761
-22.6849
-22.5647
-23.132
-23.1327
-23.1341
-23.1359
-23.1383
-23.1412
-23.1447
-23.1487
-23.1533
-23.1585
-23.1644
-23.1713
-23.1793
-23.1891
-23.2014
-23.2184
-23.2437
-23.2765
-23.3031
-23.3326
-23.3757
-23.422
-23.4419
-23.4173
-23.3664
-23.3222
-23.3308
-23.3577
-23.3636
-23.3314
-23.2919
-23.2744
-23.2761
-23.2921
-23.3461
-23.4434
-23.5415
-23.6098
-23.6402
-23.6471
-23.6418
-23.6102
-23.558
-23.5103
-23.4761
-23.4498
-23.4278
-23.4045
-23.3793
-23.3528
-23.3268
-23.3025
-23.2803
-23.2604
-23.2429
-23.2279
-23.2155
-23.206
-23.1999
-23.1977
-23.2002
-23.2085
-23.224
-23.2488
-23.2871
-23.3453
-23.4315
-23.5477
-23.7037
-23.9632
-24.2328
-24.2895
-24.1209
-23.8924
-23.7111
-23.5869
-23.4341
-23.2942
-23.1405
-22.9776
-23.6337
-23.6344
-23.6357
-23.6374
-23.6397
-23.6426
-23.646
-23.65
-23.6547
-23.66
-23.6662
-23.6734
-23.6819
-23.6923
-23.7055
-23.7228
-23.747
-23.7799
-23.8149
-23.8462
-23.8809
-23.9207
-23.9458
-23.9309
-23.8877
-23.8395
-23.844
-23.8925
-23.9193
-23.8883
-23.8386
-23.7975
-23.7716
-23.7669
-23.8058
-23.9037
-24.0225
-24.1227
-24.1729
-24.1827
-24.1785
-24.1446
-24.0768
-24.0032
-23.9539
-23.9224
-23.8992
-23.8783
-23.8567
-23.834
-23.8113
-23.7896
-23.7695
-23.751
-23.7344
-23.7199
-23.7077
-23.698
-23.6912
-23.6879
-23.6887
-23.6946
-23.7068
-23.7275
-23.7605
-23.8133
-23.8952
-24.0131
-24.2054
-24.5387
-24.8739
-24.9703
-24.8206
-24.5394
-24.3199
-24.1582
-23.9595
-23.7549
-23.541
-23.4246
-24.1349
-24.1356
-24.1368
-24.1385
-24.1408
-24.1436
-24.147
-24.151
-24.1557
-24.1612
-24.1675
-24.1749
-24.1838
-24.1945
-24.2078
-24.2247
-24.2469
-24.2759
-24.3101
-24.3435
-24.3753
-24.404
-24.4229
-24.4223
-24.4025
-24.3598
-24.3643
-24.4344
-24.4844
-24.4749
-24.4318
-24.3831
-24.3242
-24.2932
-24.2934
-24.3449
-24.4473
-24.5603
-24.6311
-24.6579
-24.6597
-24.6354
-24.5818
-24.5017
-24.4381
-24.402
-24.3764
-24.3561
-24.3367
-24.3167
-24.2966
-24.2771
-24.2586
-24.2413
-24.2256
-24.2115
-24.1993
-24.1892
-24.1817
-24.1769
-24.1756
-24.1784
-24.1862
-24.2008
-24.2252
-24.2659
-24.331
-24.431
-24.6182
-24.9511
-25.3207
-25.4788
-25.3932
-25.1443
-24.8984
-24.6785
-24.4199
-24.1589
-23.9788
-23.9363
-24.6358
-24.6364
-24.6376
-24.6392
-24.6414
-24.6442
-24.6476
-24.6517
-24.6564
-24.6618
-24.6683
-24.6758
-24.6847
-24.6953
-24.7082
-24.7241
-24.7438
-24.7682
-24.7967
-24.8261
-24.8544
-24.8776
-24.894
-24.8996
-24.8938
-24.8792
-24.8894
-24.9679
-25.0484
-25.0596
-25.0186
-24.9638
-24.9099
-24.8709
-24.8418
-24.8459
-24.9149
-25.0026
-25.0652
-25.0901
-25.0904
-25.0784
-25.0464
-24.9864
-24.9219
-24.8812
-24.8553
-24.8356
-24.8179
-24.8001
-24.7821
-24.7645
-24.7475
-24.7314
-24.7164
-24.7028
-24.6906
-24.6802
-24.6717
-24.6656
-24.662
-24.6614
-24.6644
-24.672
-24.6862
-24.711
-24.7511
-24.8154
-24.9471
-25.1953
-25.5046
-25.7036
-25.7051
-25.5606
-25.3557
-25.116
-24.8478
-24.6076
-24.4833
-24.4797
-25.1361
-25.1367
-25.1378
-25.1394
-25.1416
-25.1444
-25.1478
-25.1518
-25.1564
-25.1619
-25.1683
-25.1758
-25.1845
-25.1948
-25.207
-25.2216
-25.2389
-25.2593
-25.2825
-25.3069
-25.3307
-25.3519
-25.3697
-25.3824
-25.3844
-25.3873
-25.4107
-25.4887
-25.5876
-25.6144
-25.5667
-25.504
-25.4563
-25.4298
-25.4092
-25.4032
-25.451
-25.5127
-25.5445
-25.5435
-25.5292
-25.5091
-25.4846
-25.4481
-25.3979
-25.3568
-25.3324
-25.3149
-25.2992
-25.2836
-25.2676
-25.2517
-25.2362
-25.2212
-25.207
-25.1938
-25.1818
-25.1711
-25.1619
-25.1544
-25.1487
-25.1451
-25.1438
-25.145
-25.1498
-25.1596
-25.1755
-25.2029
-25.2646
-25.389
-25.5569
-25.7192
-25.8057
-25.7977
-25.7205
-25.5687
-25.3643
-25.1801
-25.0808
-25.0686
-25.6359
-25.6365
-25.6376
-25.6392
-25.6413
-25.6441
-25.6474
-25.6513
-25.6559
-25.6613
-25.6676
-25.6749
-25.6833
-25.6931
-25.7045
-25.7177
-25.733
-25.7502
-25.7693
-25.7895
-25.8098
-25.8291
-25.8469
-25.8635
-25.8748
-25.8862
-25.9108
-25.9772
-26.0755
-26.1048
-26.0589
-26.0032
-25.9659
-25.9497
-25.9494
-25.9805
-26.0381
-26.0831
-26.0817
-26.0385
-25.9923
-25.9539
-25.9218
-25.8948
-25.8619
-25.8291
-25.808
-25.7938
-25.7807
-25.7672
-25.7532
-25.739
-25.7248
-25.7109
-25.6975
-25.6848
-25.673
-25.6622
-25.6525
-25.6439
-25.6367
-25.6307
-25.6259
-25.6224
-25.6202
-25.6197
-25.6202
-25.6244
-25.6407
-25.6801
-25.7524
-25.8569
-25.9865
-26.0922
-26.1426
-26.0878
-25.9471
-25.8027
-25.7057
-25.6586
-26.1353
-26.1358
-26.1369
-26.1384
-26.1405
-26.1432
-26.1464
-26.1503
-26.1548
-26.1601
-26.1662
-26.1732
-26.1812
-26.1904
-26.2009
-26.2129
-26.2263
-26.2412
-26.2573
-26.274
-26.2911
-26.3079
-26.3242
-26.3403
-26.3563
-26.3703
-26.3885
-26.4311
-26.5009
-26.5288
-26.5056
-26.4721
-26.4544
-26.4523
-26.4748
-26.5568
-26.6384
-26.6714
-26.6475
-26.5727
-26.4858
-26.4199
-26.3723
-26.3437
-26.3232
-26.3011
-26.2845
-26.2735
-26.263
-26.2515
-26.2392
-26.2265
-26.2135
-26.2007
-26.1881
-26.176
-26.1645
-26.1537
-26.1438
-26.1346
-26.1263
-26.1187
-26.1117
-26.1051
-26.0988
-26.0927
-26.0863
-26.0804
-26.0784
-26.0879
-26.1174
-26.1915
-26.3265
-26.492
-26.6035
-26.594
-26.489
-26.3676
-26.2826
-26.2299
-26.6341
-26.6346
-26.6356
-26.6372
-26.6392
-26.6418
-26.645
-26.6487
-26.6531
-26.6582
-26.664
-26.6707
-26.6783
-26.6869
-26.6965
-26.7073
-26.7192
-26.7322
-26.746
-26.7603
-26.7747
-26.7891
-26.8033
-26.8172
-26.8314
-26.8448
-26.8567
-26.8764
-26.9104
-26.932
-26.9325
-26.9268
-26.9285
-26.9381
-26.9896
-27.1169
-27.2136
-27.24
-27.2028
-27.1153
-27.0041
-26.9041
-26.8391
-26.8099
-26.7943
-26.7775
-26.7646
-26.7558
-26.747
-26.7371
-26.7261
-26.7146
-26.7027
-26.6908
-26.679
-26.6675
-26.6565
-26.6459
-26.6359
-26.6265
-26.6176
-26.6092
-26.601
-26.593
-26.5849
-26.5765
-26.5681
-26.5599
-26.5534
-26.554
-26.5742
-26.6357
-26.7546
-26.9071
-27.0179
-27.0306
-26.9539
-26.8635
-26.8007
-26.7615
-27.1324
-27.1329
-27.1339
-27.1354
-27.1373
-27.1399
-27.1429
-27.1465
-27.1508
-27.1556
-27.1612
-27.1675
-27.1746
-27.1826
-27.1914
-27.2012
-27.2118
-27.2232
-27.2352
-27.2477
-27.2602
-27.2727
-27.2849
-27.2967
-27.3085
-27.3197
-27.3278
-27.335
-27.3484
-27.3622
-27.3758
-27.3884
-27.4006
-27.4151
-27.4777
-27.6078
-27.7037
-27.7374
-27.7105
-27.6253
-27.5063
-27.3919
-27.3217
-27.2935
-27.2765
-27.2603
-27.2493
-27.2415
-27.2335
-27.2243
-27.2142
-27.2034
-27.1924
-27.1813
-27.1703
-27.1595
-27.1489
-27.1388
-27.129
-27.1196
-27.1106
-27.102
-27.0935
-27.0852
-27.0769
-27.0685
-27.0605
-27.0536
-27.0492
-27.0511
-27.0687
-27.1159
-27.1994
-27.3106
-27.3913
-27.4083
-27.375
-27.325
-27.2854
-27.2621
-27.6302
-27.6307
-27.6316
-27.6331
-27.635
-27.6374
-27.6403
-27.6438
-27.6478
-27.6525
-27.6577
-27.6637
-27.6703
-27.6777
-27.6858
-27.6946
-27.7041
-27.7142
-27.7249
-27.7358
-27.7469
-27.758
-27.7688
-27.7791
-27.7891
-27.7984
-27.8049
-27.8091
-27.8167
-27.8299
-27.8434
-27.8619
-27.8789
-27.8963
-27.9503
-28.0433
-28.1191
-28.1586
-28.1465
-28.0733
-27.9669
-27.8705
-27.8155
-27.7878
-27.7654
-27.7488
-27.7384
-27.7303
-27.7221
-27.7131
-27.7034
-27.6932
-27.6829
-27.6725
-27.6621
-27.652
-27.642
-27.6323
-27.6229
-27.6139
-27.6051
-27.5967
-27.5885
-27.5806
-27.5729
-27.5657
-27.5593
-27.5546
-27.5531
-27.5575
-27.5731
-27.6069
-27.6612
-27.7281
-27.7822
-27.8048
-27.7976
-27.7789
-27.7585
-27.7456
-28.1275
-28.128
-28.1289
-28.1303
-28.1321
-28.1344
-28.1372
-28.1406
-28.1444
-28.1488
-28.1537
-28.1593
-28.1655
-28.1722
-28.1797
-28.1877
-28.1963
-28.2053
-28.2148
-28.2245
-28.2344
-28.2443
-28.2541
-28.2634
-28.2723
-28.2805
-28.2868
-28.2919
-28.299
-28.3101
-28.3237
-28.3429
-28.3628
-28.3832
-28.4291
-28.4866
-28.5373
-28.5614
-28.5465
-28.485
-28.4112
-28.3487
-28.3127
-28.2835
-28.2582
-28.2416
-28.2306
-28.2215
-28.2126
-28.2032
-28.1936
-28.1838
-28.174
-28.1642
-28.1545
-28.145
-28.1356
-28.1264
-28.1176
-28.109
-28.1008
-28.0929
-28.0853
-28.0782
-28.0715
-28.0657
-28.0611
-28.0585
-28.0592
-28.0652
-28.079
-28.1037
-28.1395
-28.1816
-28.2187
-28.2413
-28.2479
-28.2405
-28.2308
-28.224
-28.6244
-28.6249
-28.6257
-28.627
-28.6288
-28.631
-28.6337
-28.6368
-28.6404
-28.6446
-28.6492
-28.6544
-28.6601
-28.6664
-28.6732
-28.6805
-28.6882
-28.6964
-28.7049
-28.7137
-28.7226
-28.7315
-28.7403
-28.7489
-28.7571
-28.7648
-28.7715
-28.7778
-28.7854
-28.7959
-28.8093
-28.8274
-28.8482
-28.8708
-28.9114
-28.9512
-28.9862
-28.9981
-28.978
-28.9343
-28.8837
-28.8428
-28.809
-28.7775
-28.7533
-28.7367
-28.7244
-28.7139
-28.7041
-28.6944
-28.6847
-28.6752
-28.6658
-28.6565
-28.6474
-28.6384
-28.6296
-28.6211
-28.6128
-28.6048
-28.5972
-28.59
-28.5832
-28.577
-28.5715
-28.567
-28.5639
-28.563
-28.5652
-28.5716
-28.5838
-28.6027
-28.6279
-28.6567
-28.6829
-28.7011
-28.7094
-28.7092
-28.7056
-28.7025
-29.1208
-29.1213
-29.1221
-29.1233
-29.125
-29.1271
-29.1296
-29.1326
-29.136
-29.1399
-29.1443
-29.1491
-29.1544
-29.1602
-29.1664
-29.173
-29.1801
-29.1875
-29.1952
-29.2031
-29.2111
-29.2192
-29.2273
-29.2352
-29.2429
-29.2503
-29.2573
-29.2644
-29.2727
-29.2832
-29.2963
-29.3128
-29.3324
-29.3548
-29.3865
-29.4252
-29.452
-29.4612
-29.448
-29.4168
-29.3786
-29.3393
-29.3016
-29.2712
-29.2485
-29.2315
-29.2182
-29.2067
-29.1961
-29.186
-29.1764
-29.1671
-29.1581
-29.1493
-29.1407
-29.1323
-29.1241
-29.1161
-29.1085
-29.1012
-29.0942
-29.0877
-29.0818
-29.0764
-29.072
-29.0686
-29.0667
-29.0669
-29.0698
-29.0762
-29.0866
-29.1014
-29.1199
-29.1401
-29.1593
-29.1735
-29.1817
-29.1844
-29.184
-29.183
-29.6169
-29.6173
-29.6181
-29.6192
-29.6208
-29.6228
-29.6252
-29.628
-29.6312
-29.6348
-29.6389
-29.6434
-29.6483
-29.6536
-29.6593
-29.6653
-29.6718
-29.6785
-29.6855
-29.6927
-29.7
-29.7074
-29.7148
-29.7222
-29.7295
-29.7366
-29.7438
-29.7514
-29.76
-29.7703
-29.7829
-29.7979
-29.8152
-29.8351
-29.8598
-29.8921
-29.9143
-29.9206
-29.91
-29.8862
-29.8567
-29.8193
-29.7881
-29.7622
-29.7414
-29.7249
-29.7111
-29.699
-29.688
-29.6779
-29.6684
-29.6594
-29.6508
-29.6424
-29.6343
-29.6264
-29.6188
-29.6114
-29.6044
-29.5977
-29.5914
-29.5857
-29.5805
-29.576
-29.5724
-29.5699
-29.5689
-29.5697
-29.5728
-29.5786
-29.5874
-29.5992
-29.613
-29.6278
-29.6419
-29.6532
-29.6607
-29.6644
-29.6655
-29.6656
-30.1125
-30.1129
-30.1137
-30.1148
-30.1162
-30.1181
-30.1203
-30.123
-30.126
-30.1294
-30.1331
-30.1373
-30.1418
-30.1467
-30.1519
-30.1575
-30.1633
-30.1695
-30.1758
-30.1824
-30.1891
-30.1959
-30.2027
-30.2096
-30.2165
-30.2235
-30.2306
-30.2383
-30.2468
-30.2568
-30.2685
-30.2819
-30.2969
-30.3134
-30.3316
-30.3518
-30.3673
-30.3713
-30.3626
-30.345
-30.3212
-30.2957
-30.2716
-30.2502
-30.2319
-30.2163
-30.2027
-30.1906
-30.1797
-30.1698
-30.1606
-30.1519
-30.1436
-30.1357
-30.128
-30.1207
-30.1136
-30.1068
-30.1004
-30.0943
-30.0887
-30.0836
-30.0791
-30.0753
-30.0724
-30.0706
-30.0702
-30.0713
-30.0743
-30.0794
-30.0866
-30.0958
-30.1065
-30.1177
-30.1283
-30.1375
-30.144
-30.1477
-30.1494
-30.15
-30.6078
-30.6082
-30.6089
-30.6099
-30.6113
-30.613
-30.6151
-30.6176
-30.6204
-30.6235
-30.627
-30.6308
-30.635
-30.6395
-30.6443
-30.6494
-30.6548
-30.6604
-30.6662
-30.6722
-30.6783
-30.6846
-30.691
-30.6974
-30.7039
-30.7106
-30.7176
-30.725
-30.7332
-30.7426
-30.7532
-30.765
-30.7777
-30.791
-30.8043
-30.8165
-30.8259
-30.8279
-30.8214
-30.8087
-30.7917
-30.7729
-30.7541
-30.7364
-30.7203
-30.7059
-30.693
-30.6815
-30.6711
-30.6616
-30.6527
-30.6444
-30.6366
-30.6291
-30.6219
-30.615
-30.6085
-30.6022
-30.5964
-30.5909
-30.5859
-30.5814
-30.5775
-30.5743
-30.572
-30.5706
-30.5705
-30.5717
-30.5744
-30.5788
-30.5847
-30.592
-30.6003
-30.6089
-30.617
-30.624
-30.63
-30.6333
-30.6353
-30.6361
-31.1028
-31.1031
-31.1038
-31.1048
-31.106
-31.1077
-31.1096
-31.1119
-31.1145
-31.1174
-31.1206
-31.1241
-31.128
-31.1321
-31.1365
-31.1412
-31.1461
-31.1512
-31.1565
-31.162
-31.1677
-31.1734
-31.1793
-31.1853
-31.1915
-31.1978
-31.2045
-31.2115
-31.2192
-31.2277
-31.2372
-31.2474
-31.2581
-31.2687
-31.2788
-31.2876
-31.2926
-31.2927
-31.2879
-31.2783
-31.2656
-31.2512
-31.2363
-31.2213
-31.2073
-31.1943
-31.1826
-31.1719
-31.1621
-31.1531
-31.1447
-31.1369
-31.1295
-31.1224
-31.1157
-31.1093
-31.1033
-31.0976
-31.0922
-31.0873
-31.0828
-31.0788
-31.0754
-31.0728
-31.0708
-31.0698
-31.0699
-31.071
-31.0734
-31.0771
-31.0819
-31.0877
-31.0942
-31.1009
-31.1072
-31.1128
-31.1175
-31.1206
-31.1226
-31.1234
-31.5975
-31.5978
-31.5984
-31.5993
-31.6005
-31.602
-31.6038
-31.6059
-31.6083
-31.611
-31.6139
-31.6172
-31.6207
-31.6245
-31.6285
-31.6328
-31.6373
-31.642
-31.6468
-31.6519
-31.657
-31.6624
-31.6678
-31.6734
-31.6792
-31.6851
-31.6913
-31.6979
-31.705
-31.7126
-31.7208
-31.7295
-31.7383
-31.7468
-31.7544
-31.7603
-31.7636
-31.7632
-31.7591
-31.7516
-31.7417
-31.7301
-31.7175
-31.7054
-31.6934
-31.6821
-31.6716
-31.6618
-31.6528
-31.6444
-31.6366
-31.6292
-31.6222
-31.6157
-31.6094
-31.6035
-31.598
-31.5927
-31.5879
-31.5834
-31.5794
-31.5759
-31.573
-31.5707
-31.5691
-31.5683
-31.5684
-31.5694
-31.5715
-31.5745
-31.5784
-31.583
-31.5881
-31.5933
-31.5983
-31.6028
-31.6065
-31.6093
-31.6111
-31.6119
-32.0918
-32.0921
-32.0927
-32.0935
-32.0946
-32.096
-32.0977
-32.0996
-32.1018
-32.1043
-32.107
-32.11
-32.1132
-32.1166
-32.1203
-32.1242
-32.1283
-32.1326
-32.1371
-32.1417
-32.1464
-32.1513
-32.1563
-32.1615
-32.1668
-32.1724
-32.1781
-32.1842
-32.1906
-32.1973
-32.2044
-32.2116
-32.2188
-32.2256
-32.2314
-32.2356
-32.2375
-32.2368
-32.2333
-32.2274
-32.2195
-32.2101
-32.1999
-32.1896
-32.1794
-32.1696
-32.1602
-32.1514
-32.1432
-32.1354
-32.1282
-32.1213
-32.1149
-32.1088
-32.103
-32.0976
-32.0925
-32.0877
-32.0833
-32.0793
-32.0757
-32.0726
-32.0701
-32.0681
-32.0667
-32.066
-32.0661
-32.067
-32.0687
-32.0712
-32.0743
-32.078
-32.082
-32.0861
-32.0901
-32.0937
-32.0967
-32.099
-32.1006
-32.1013
-32.5859
-32.5862
-32.5867
-32.5875
-32.5885
-32.5898
-32.5913
-32.5931
-32.5951
-32.5973
-32.5998
-32.6025
-32.6055
-32.6086
-32.612
-32.6156
-32.6193
-32.6232
-32.6272
-32.6314
-32.6358
-32.6403
-32.6449
-32.6496
-32.6545
-32.6596
-32.6649
-32.6704
-32.6761
-32.682
-32.688
-32.694
-32.6999
-32.7053
-32.7097
-32.7128
-32.7138
-32.713
-32.71
-32.7052
-32.6988
-32.6912
-32.6828
-32.6741
-32.6654
-32.6568
-32.6486
-32.6407
-32.6333
-32.6262
-32.6196
-32.6133
-32.6073
-32.6017
-32.5964
-32.5915
-32.5868
-32.5825
-32.5785
-32.5749
-32.5717
-32.5689
-32.5667
-32.5649
-32.5637
-32.5632
-32.5632
-32.5639
-32.5653
-32.5673
-32.5698
-32.5727
-32.5759
-32.5792
-32.5823
-32.5852
-32.5876
-32.5895
-32.5908
-32.5915
-33.0798
-33.08
-33.0805
-33.0812
-33.0822
-33.0833
-33.0847
-33.0863
-33.0881
-33.0902
-33.0925
-33.0949
-33.0976
-33.1005
-33.1035
-33.1067
-33.1101
-33.1137
-33.1173
-33.1212
-33.1251
-33.1292
-33.1334
-33.1377
-33.1422
-33.1468
-33.1516
-33.1565
-33.1616
-33.1667
-33.1719
-33.177
-33.1817
-33.1858
-33.1892
-33.1914
-33.192
-33.1912
-33.1887
-33.1848
-33.1796
-33.1733
-33.1663
-33.159
-33.1515
-33.1441
-33.1368
-33.1298
-33.1231
-33.1168
-33.1107
-33.105
-33.0996
-33.0945
-33.0897
-33.0851
-33.0809
-33.077
-33.0734
-33.0702
-33.0673
-33.0649
-33.0628
-33.0613
-33.0602
-33.0597
-33.0597
-33.0603
-33.0614
-33.063
-33.065
-33.0673
-33.0698
-33.0724
-33.0749
-33.0772
-33.0792
-33.0807
-33.0818
-33.0824
-33.5734
-33.5737
-33.5741
-33.5747
-33.5756
-33.5766
-33.5779
-33.5793
-33.581
-33.5829
-33.5849
-33.5871
-33.5896
-33.5921
-33.5949
-33.5978
-33.6009
-33.604
-33.6074
-33.6108
-33.6144
-33.6181
-33.6219
-33.6258
-33.6299
-33.634
-33.6383
-33.6427
-33.6471
-33.6516
-33.656
-33.6602
-33.6641
-33.6675
-33.6701
-33.6717
-33.6721
-33.6713
-33.6693
-33.6659
-33.6614
-33.6561
-33.6503
-33.6441
-33.6377
-33.6313
-33.625
-33.6188
-33.6129
-33.6072
-33.6017
-33.5966
-33.5917
-33.587
-33.5827
-33.5786
-33.5748
-33.5713
-33.568
-33.5651
-33.5626
-33.5604
-33.5586
-33.5572
-33.5563
-33.5558
-33.5557
-33.5562
-33.557
-33.5583
-33.5599
-33.5617
-33.5637
-33.5658
-33.5677
-33.5696
-33.5711
-33.5724
-33.5732
-33.5738
-34.0669
-34.0671
-34.0674
-34.068
-34.0688
-34.0697
-34.0709
-34.0722
-34.0737
-34.0753
-34.0772
-34.0792
-34.0814
-34.0837
-34.0862
-34.0888
-34.0915
-34.0944
-34.0973
-34.1004
-34.1037
-34.107
-34.1104
-34.1139
-34.1176
-34.1213
-34.1251
-34.1289
-34.1328
-34.1366
-34.1404
-34.1439
-34.1471
-34.1498
-34.1519
-34.1532
-34.1534
-34.1526
-34.1507
-34.1478
-34.1441
-34.1397
-34.1348
-34.1296
-34.1241
-34.1186
-34.1131
-34.1077
-34.1025
-34.0974
-34.0926
-34.0879
-34.0836
-34.0794
-34.0755
-34.0718
-34.0684
-34.0653
-34.0624
-34.0598
-34.0575
-34.0556
-34.054
-34.0528
-34.0519
-34.0514
-34.0513
-34.0516
-34.0523
-34.0533
-34.0545
-34.056
-34.0576
-34.0592
-34.0608
-34.0622
-34.0635
-34.0645
-34.0652
-34.0656
-34.5601
-34.5602
-34.5606
-34.5611
-34.5618
-34.5626
-34.5637
-34.5648
-34.5662
-34.5677
-34.5693
-34.5711
-34.573
-34.5751
-34.5773
-34.5796
-34.5821
-34.5846
-34.5873
-34.59
-34.5929
-34.5958
-34.5989
-34.602
-34.6052
-34.6085
-34.6119
-34.6152
-34.6186
-34.6219
-34.625
-34.6279
-34.6306
-34.6328
-34.6344
-34.6354
-34.6356
-34.6347
-34.6331
-34.6307
-34.6276
-34.6239
-34.6198
-34.6154
-34.6107
-34.606
-34.6013
-34.5966
-34.592
-34.5875
-34.5833
-34.5792
-34.5753
-34.5716
-34.5681
-34.5649
-34.5618
-34.559
-34.5565
-34.5542
-34.5522
-34.5505
-34.5491
-34.548
-34.5472
-34.5467
-34.5466
-34.5468
-34.5473
-34.548
-34.549
-34.5501
-34.5514
-34.5527
-34.5539
-34.5551
-34.5561
-34.5569
-34.5574
-34.5577
-35.0531
-35.0533
-35.0536
-35.054
-35.0546
-35.0554
-35.0563
-35.0574
-35.0585
-35.0599
-35.0613
-35.0629
-35.0646
-35.0664
-35.0683
-35.0704
-35.0725
-35.0748
-35.0771
-35.0796
-35.0821
-35.0847
-35.0874
-35.0901
-35.093
-35.0958
-35.0987
-35.1016
-35.1045
-35.1073
-35.1099
-35.1124
-35.1145
-35.1163
-35.1175
-35.1182
-35.1183
-35.1176
-35.1162
-35.1142
-35.1116
-35.1086
-35.1051
-35.1014
-35.0975
-35.0935
-35.0894
-35.0854
-35.0814
-35.0776
-35.0739
-35.0703
-35.0669
-35.0636
-35.0606
-35.0577
-35.0551
-35.0526
-35.0504
-35.0484
-35.0466
-35.0451
-35.0438
-35.0428
-35.0421
-35.0417
-35.0416
-35.0417
-35.042
-35.0426
-35.0433
-35.0442
-35.0452
-35.0462
-35.0472
-35.0481
-35.0489
-35.0495
-35.05
-35.0502
-35.546
-35.5461
-35.5464
-35.5468
-35.5474
-35.548
-35.5488
-35.5497
-35.5508
-35.5519
-35.5532
-35.5546
-35.5561
-35.5576
-35.5593
-35.5611
-35.563
-35.5649
-35.567
-35.5691
-35.5713
-35.5735
-35.5759
-35.5783
-35.5807
-35.5832
-35.5856
-35.5881
-35.5906
-35.5929
-35.5951
-35.5971
-35.5988
-35.6002
-35.6012
-35.6018
-35.6018
-35.6011
-35.6
-35.5983
-35.5962
-35.5937
-35.5908
-35.5877
-35.5845
-35.5811
-35.5776
-35.5742
-35.5708
-35.5675
-35.5644
-35.5613
-35.5583
-35.5555
-35.5529
-35.5504
-35.5481
-35.546
-35.5441
-35.5423
-35.5408
-35.5395
-35.5384
-35.5375
-35.5369
-35.5365
-35.5363
-35.5363
-35.5366
-35.537
-35.5376
-35.5382
-35.539
-35.5398
-35.5405
-35.5412
-35.5419
-35.5424
-35.5427
-35.5429
-36.0388
-36.0389
-36.0391
-36.0395
-36.04
-36.0405
-36.0412
-36.042
-36.0429
-36.0439
-36.045
-36.0461
-36.0474
-36.0488
-36.0502
-36.0517
-36.0533
-36.055
-36.0567
-36.0585
-36.0604
-36.0624
-36.0643
-36.0664
-36.0685
-36.0706
-36.0727
-36.0747
-36.0768
-36.0787
-36.0805
-36.0822
-36.0836
-36.0847
-36.0854
-36.0858
-36.0858
-36.0853
-36.0843
-36.083
-36.0812
-36.0792
-36.0768
-36.0743
-36.0716
-36.0688
-36.0659
-36.0631
-36.0602
-36.0575
-36.0548
-36.0522
-36.0497
-36.0473
-36.0451
-36.043
-36.041
-36.0392
-36.0376
-36.0361
-36.0347
-36.0336
-36.0327
-36.0319
-36.0313
-36.031
-36.0308
-36.0308
-36.0309
-36.0312
-36.0317
-36.0322
-36.0328
-36.0334
-36.0339
-36.0345
-36.035
-36.0353
-36.0356
-36.0358
-36.5315
-36.5316
-36.5318
-36.5321
-36.5324
-36.5329
-36.5335
-36.5342
-36.5349
-36.5357
-36.5367
-36.5376
-36.5387
-36.5398
-36.541
-36.5423
-36.5436
-36.545
-36.5465
-36.548
-36.5496
-36.5512
-36.5528
-36.5545
-36.5563
-36.558
-36.5597
-36.5614
-36.5631
-36.5647
-36.5662
-36.5675
-36.5686
-36.5695
-36.5701
-36.5703
-36.5703
-36.5699
-36.5691
-36.568
-36.5666
-36.565
-36.5631
-36.561
-36.5589
-36.5566
-36.5543
-36.552
-36.5496
-36.5474
-36.5452
-36.543
-36.541
-36.539
-36.5372
-36.5354
-36.5338
-36.5323
-36.5309
-36.5296
-36.5285
-36.5276
-36.5268
-36.5261
-36.5256
-36.5253
-36.5251
-36.5251
-36.5252
-36.5254
-36.5257
-36.5261
-36.5265
-36.5269
-36.5274
-36.5278
-36.5282
-36.5285
-36.5287
-36.5288
-37.0241
-37.0241
-37.0243
-37.0245
-37.0249
-37.0252
-37.0257
-37.0262
-37.0269
-37.0275
-37.0283
-37.0291
-37.0299
-37.0308
-37.0318
-37.0328
-37.0339
-37.035
-37.0362
-37.0374
-37.0387
-37.04
-37.0414
-37.0427
-37.0441
-37.0455
-37.0469
-37.0483
-37.0496
-37.0508
-37.052
-37.053
-37.0539
-37.0546
-37.055
-37.0552
-37.0551
-37.0549
-37.0543
-37.0534
-37.0523
-37.051
-37.0496
-37.048
-37.0463
-37.0445
-37.0427
-37.0409
-37.039
-37.0373
-37.0355
-37.0338
-37.0322
-37.0306
-37.0291
-37.0277
-37.0264
-37.0252
-37.0241
-37.0231
-37.0222
-37.0214
-37.0208
-37.0202
-37.0198
-37.0195
-37.0193
-37.0193
-37.0193
-37.0194
-37.0197
-37.0199
-37.0202
-37.0206
-37.0209
-37.0212
-37.0215
-37.0217
-37.0218
-37.0219
-37.5166
-37.5167
-37.5168
-37.517
-37.5172
-37.5175
-37.5178
-37.5183
-37.5187
-37.5192
-37.5198
-37.5204
-37.5211
-37.5218
-37.5225
-37.5233
-37.5242
-37.525
-37.5259
-37.5269
-37.5278
-37.5289
-37.5299
-37.5309
-37.532
-37.5331
-37.5341
-37.5352
-37.5362
-37.5371
-37.538
-37.5388
-37.5394
-37.5399
-37.5403
-37.5405
-37.5404
-37.5402
-37.5397
-37.5391
-37.5383
-37.5373
-37.5363
-37.5351
-37.5338
-37.5325
-37.5312
-37.5298
-37.5285
-37.5271
-37.5258
-37.5245
-37.5233
-37.5222
-37.521
-37.52
-37.519
-37.5181
-37.5172
-37.5164
-37.5157
-37.5151
-37.5146
-37.5142
-37.5138
-37.5136
-37.5134
-37.5133
-37.5134
-37.5134
-37.5136
-37.5137
-37.5139
-37.5142
-37.5144
-37.5146
-37.5148
-37.515
-37.5151
-37.5151
-38.0091
-38.0091
-38.0092
-38.0093
-38.0095
-38.0097
-38.0099
-38.0102
-38.0106
-38.0109
-38.0113
-38.0118
-38.0122
-38.0127
-38.0133
-38.0138
-38.0144
-38.015
-38.0156
-38.0163
-38.017
-38.0177
-38.0184
-38.0192
-38.0199
-38.0207
-38.0215
-38.0222
-38.0229
-38.0236
-38.0242
-38.0247
-38.0252
-38.0255
-38.0258
-38.0259
-38.0259
-38.0257
-38.0254
-38.0249
-38.0244
-38.0238
-38.0231
-38.0223
-38.0214
-38.0206
-38.0197
-38.0188
-38.0179
-38.017
-38.0161
-38.0153
-38.0144
-38.0136
-38.0129
-38.0122
-38.0115
-38.0108
-38.0102
-38.0097
-38.0092
-38.0087
-38.0084
-38.008
-38.0078
-38.0076
-38.0074
-38.0074
-38.0073
-38.0074
-38.0074
-38.0075
-38.0076
-38.0078
-38.0079
-38.0081
-38.0082
-38.0083
-38.0084
-38.0084
-38.5015
-38.5015
-38.5015
-38.5016
-38.5017
-38.5018
-38.502
-38.5021
-38.5023
-38.5026
-38.5028
-38.5031
-38.5033
-38.5036
-38.5039
-38.5043
-38.5046
-38.505
-38.5054
-38.5058
-38.5062
-38.5066
-38.507
-38.5075
-38.5079
-38.5084
-38.5088
-38.5093
-38.5097
-38.5101
-38.5104
-38.5107
-38.511
-38.5112
-38.5114
-38.5115
-38.5115
-38.5114
-38.5112
-38.511
-38.5107
-38.5103
-38.51
-38.5096
-38.5091
-38.5087
-38.5082
-38.5078
-38.5073
-38.5069
-38.5064
-38.506
-38.5055
-38.5051
-38.5047
-38.5043
-38.5039
-38.5036
-38.5032
-38.5029
-38.5026
-38.5023
-38.502
-38.5018
-38.5016
-38.5015
-38.5014
-38.5013
-38.5013
-38.5012
-38.5013
-38.5013
-38.5013
-38.5014
-38.5015
-38.5015
-38.5016
-38.5017
-38.5017
-38.5017
-38.9938
-38.9938
-38.9938
-38.9939
-38.9939
-38.9939
-38.994
-38.9941
-38.9941
-38.9942
-38.9943
-38.9944
-38.9945
-38.9945
-38.9946
-38.9948
-38.9949
-38.995
-38.9951
-38.9952
-38.9954
-38.9955
-38.9957
-38.9958
-38.996
-38.9961
-38.9963
-38.9964
-38.9965
-38.9967
-38.9968
-38.9969
-38.997
-38.997
-38.9971
-38.9971
-38.9971
-38.9971
-38.9971
-38.997
-38.997
-38.997
-38.9969
-38.9969
-38.9969
-38.9968
-38.9968
-38.9968
-38.9968
-38.9968
-38.9967
-38.9967
-38.9967
-38.9966
-38.9966
-38.9965
-38.9964
-38.9963
-38.9962
-38.9961
-38.996
-38.9959
-38.9958
-38.9957
-38.9956
-38.9955
-38.9954
-38.9953
-38.9952
-38.9952
-38.9952
-38.9951
-38.9951
-38.9951
-38.9951
-38.9951
-38.9951
-38.9951
-38.9951
-38.9951
)
;

boundaryField
{
    lowerWall
    {
        type            calculated;
        value           nonuniform List<scalar> 
80
(
9822.9
9823
9823.19
9823.52
9823.99
9824.65
9825.53
9826.67
9828.09
9829.83
9831.89
9834.29
9837.01
9840.06
9843.4
9846.99
9850.76
9854.67
9858.65
9862.65
9866.58
9870.41
9874.08
9877.55
9880.78
9883.75
9886.46
9888.88
9891.04
9892.95
9894.61
9896.06
9897.31
9898.4
9899.33
9900.12
9900.79
9901.34
9901.76
9902.06
9902.2
9902.19
9901.98
9901.55
9900.88
9899.92
9898.65
9897.04
9895.06
9892.68
9889.9
9886.7
9883.09
9879.1
9874.76
9870.11
9865.21
9860.14
9854.97
9849.81
9844.72
9839.82
9835.18
9830.88
9826.99
9823.56
9820.63
9818.21
9816.29
9814.86
9813.88
9813.3
9813.04
9813.03
9813.21
9813.49
9813.8
9814.1
9814.32
9814.44
)
;
    }
    rightWall
    {
        type            calculated;
        value           nonuniform List<scalar> 
80
(
9569.19
9078.81
8588.55
8098.46
7608.59
7119.02
6629.84
6141.2
5653.26
5166.25
4680.46
4196.29
3714.4
3235.41
2758.29
2281.34
1808.85
1348.07
897.772
456.409
126.394
-6.44093
-9.30119
-9.97896
-10.6557
-11.3862
-12.1198
-12.7885
-13.3681
-13.8913
-14.3962
-14.9086
-15.4299
-15.9568
-16.4838
-17.0044
-17.5294
-18.0663
-18.6096
-19.155
-19.6957
-20.2231
-20.733
-21.2213
-21.69
-22.1407
-22.5647
-22.9776
-23.4246
-23.9363
-24.4797
-25.0686
-25.6586
-26.2299
-26.7615
-27.2621
-27.7456
-28.224
-28.7025
-29.183
-29.6656
-30.15
-30.6361
-31.1234
-31.6119
-32.1013
-32.5915
-33.0824
-33.5738
-34.0656
-34.5577
-35.0502
-35.5429
-36.0358
-36.5288
-37.0219
-37.5151
-38.0084
-38.5017
-38.9951
)
;
    }
    atmosphere
    {
        type            calculated;
        value           nonuniform List<scalar> 
80
(
-39.24
-39.24
-39.24
-39.24
-39.24
-39.24
-39.24
-39.24
-39.24
-39.24
-39.24
-39.24
-39.24
-39.24
-39.24
-39.24
-39.24
-39.24
-39.24
-39.24
-39.24
-39.24
-39.24
-39.24
-39.24
-39.24
-39.24
-39.24
-39.24
-39.24
-39.24
-39.24
-39.24
-39.24
-39.24
-39.24
-39.24
-39.24
-39.24
-39.2401
-39.2402
-39.2403
-39.2404
-39.2405
-39.2407
-39.2409
-39.2411
-39.2413
-39.2415
-39.2417
-39.2419
-39.2421
-39.2423
-39.2424
-39.2426
-39.2427
-39.2427
-39.2428
-39.2428
-39.2428
-39.2428
-39.2428
-39.2427
-39.2427
-39.2426
-39.2425
-39.2425
-39.2424
-39.2423
-39.2423
-39.2422
-39.2421
-39.2421
-39.242
-39.242
-39.2419
-39.2419
-39.2419
-39.2419
-39.2418
)
;
    }
    leftWall
    {
        type            calculated;
        value           nonuniform List<scalar> 
80
(
9577.65
9087.06
8596.37
8105.63
7614.85
7124.1
6633.43
6142.96
5652.82
5163.18
4674.29
4186.59
3700.38
3216.08
2731.41
2245.96
1766.77
1298.49
839.864
392.842
88.9137
-9.89357
-10.3647
-10.89
-11.4405
-11.9595
-12.4599
-12.9867
-13.5104
-14.0218
-14.5334
-15.0438
-15.5535
-16.0625
-16.5711
-17.0791
-17.5865
-18.0932
-18.5991
-19.1045
-19.6094
-20.1139
-20.618
-21.1216
-21.6248
-22.1275
-22.6299
-23.132
-23.6337
-24.1349
-24.6358
-25.1361
-25.6359
-26.1353
-26.6341
-27.1324
-27.6302
-28.1275
-28.6244
-29.1208
-29.6169
-30.1125
-30.6078
-31.1028
-31.5975
-32.0918
-32.5859
-33.0798
-33.5734
-34.0669
-34.5601
-35.0531
-35.546
-36.0388
-36.5315
-37.0241
-37.5166
-38.0091
-38.5015
-38.9938
)
;
    }
    frontAndBack
    {
        type            empty;
    }
}


// ************************************************************************* //
