/*--------------------------------*- C++ -*----------------------------------*\
| =========                 |                                                 |
| \\      /  F ield         | OpenFOAM: The Open Source CFD Toolbox           |
|  \\    /   O peration     | Version:  2412                                  |
|   \\  /    A nd           | Website:  www.openfoam.com                      |
|    \\/     M anipulation  |                                                 |
\*---------------------------------------------------------------------------*/
FoamFile
{
    version     2.0;
    format      ascii;
    arch        "LSB;label=32;scalar=64";
    class       volScalarField;
    location    "10";
    object      p;
}
// * * * * * * * * * * * * * * * * * * * * * * * * * * * * * * * * * * * * * //

dimensions      [1 -1 -2 0 0 0 0];

internalField   nonuniform List<scalar> 
6400
(
7560.4
7560.75
7561.38
7562.27
7563.41
7564.76
7566.31
7568.03
7569.89
7571.88
7573.95
7576.05
7578.15
7580.2
7582.14
7583.92
7585.49
7586.81
7587.83
7588.54
7588.89
7588.89
7588.53
7587.81
7586.76
7585.39
7583.74
7581.86
7579.79
7577.61
7575.35
7573.09
7570.9
7568.82
7566.93
7565.26
7563.88
7562.81
7562.09
7561.74
7561.76
7562.15
7562.91
7564.01
7565.42
7567.1
7569
7571.07
7573.24
7575.47
7577.67
7579.8
7581.79
7583.59
7585.14
7586.4
7587.35
7587.94
7588.18
7588.06
7587.57
7586.74
7585.59
7584.14
7582.45
7580.56
7578.52
7576.38
7574.2
7572.01
7569.88
7567.84
7565.92
7564.16
7562.58
7561.2
7560.05
7559.14
7558.51
7558.15
7173.05
7173.41
7174.05
7174.95
7176.1
7177.48
7179.05
7180.81
7182.71
7184.74
7186.86
7189.01
7191.17
7193.27
7195.26
7197.09
7198.71
7200.07
7201.13
7201.86
7202.24
7202.26
7201.89
7201.17
7200.09
7198.69
7197
7195.07
7192.96
7190.71
7188.4
7186.08
7183.82
7181.69
7179.74
7178.03
7176.61
7175.51
7174.77
7174.41
7174.43
7174.84
7175.62
7176.75
7178.2
7179.93
7181.88
7184.01
7186.25
7188.53
7190.8
7192.98
7195.02
7196.86
7198.45
7199.74
7200.71
7201.31
7201.55
7201.41
7200.9
7200.04
7198.84
7197.36
7195.62
7193.68
7191.58
7189.39
7187.15
7184.91
7182.73
7180.65
7178.69
7176.9
7175.29
7173.89
7172.72
7171.81
7171.16
7170.79
6785.41
6785.78
6786.43
6787.36
6788.55
6789.96
6791.59
6793.41
6795.38
6797.5
6799.7
6801.96
6804.22
6806.43
6808.53
6810.46
6812.17
6813.62
6814.75
6815.54
6815.95
6815.98
6815.61
6814.86
6813.74
6812.27
6810.51
6808.48
6806.26
6803.89
6801.45
6799.01
6796.63
6794.39
6792.33
6790.53
6789.03
6787.87
6787.09
6786.71
6786.74
6787.17
6787.99
6789.19
6790.72
6792.54
6794.61
6796.85
6799.21
6801.62
6804.01
6806.31
6808.46
6810.39
6812.06
6813.41
6814.42
6815.04
6815.28
6815.12
6814.57
6813.65
6812.39
6810.81
6808.98
6806.93
6804.73
6802.43
6800.08
6797.75
6795.47
6793.3
6791.28
6789.43
6787.77
6786.33
6785.13
6784.18
6783.52
6783.14
6397.45
6397.84
6398.53
6399.5
6400.74
6402.21
6403.91
6405.82
6407.91
6410.15
6412.5
6414.91
6417.33
6419.7
6421.96
6424.04
6425.9
6427.47
6428.71
6429.57
6430.04
6430.09
6429.71
6428.92
6427.72
6426.16
6424.26
6422.08
6419.69
6417.14
6414.51
6411.88
6409.31
6406.88
6404.67
6402.72
6401.1
6399.85
6399.01
6398.6
6398.63
6399.1
6399.99
6401.28
6402.94
6404.91
6407.14
6409.57
6412.12
6414.72
6417.3
6419.78
6422.1
6424.18
6425.97
6427.42
6428.49
6429.16
6429.4
6429.21
6428.6
6427.59
6426.23
6424.53
6422.54
6420.34
6417.97
6415.51
6413
6410.51
6408.09
6405.8
6403.67
6401.73
6400
6398.5
6397.25
6396.26
6395.57
6395.18
6009.17
6009.59
6010.32
6011.34
6012.64
6014.2
6016
6018.02
6020.26
6022.67
6025.21
6027.84
6030.48
6033.07
6035.55
6037.85
6039.91
6041.66
6043.03
6044
6044.54
6044.62
6044.22
6043.37
6042.07
6040.36
6038.28
6035.9
6033.26
6030.46
6027.57
6024.67
6021.84
6019.16
6016.72
6014.58
6012.79
6011.42
6010.5
6010.04
6010.08
6010.59
6011.58
6013.01
6014.84
6017.01
6019.47
6022.15
6024.96
6027.83
6030.68
6033.41
6035.96
6038.25
6040.22
6041.81
6042.97
6043.69
6043.93
6043.71
6043.03
6041.91
6040.4
6038.51
6036.32
6033.9
6031.31
6028.62
6025.89
6023.19
6020.58
6018.12
6015.84
6013.78
6011.95
6010.38
6009.06
6008.03
6007.3
6006.88
5620.54
5621
5621.77
5622.86
5624.24
5625.88
5627.8
5629.98
5632.41
5635.05
5637.84
5640.74
5643.67
5646.56
5649.32
5651.9
5654.2
5656.17
5657.74
5658.86
5659.49
5659.6
5659.19
5658.26
5656.82
5654.92
5652.61
5649.94
5647
5643.86
5640.62
5637.37
5634.2
5631.21
5628.47
5626.07
5624.07
5622.53
5621.5
5621
5621.04
5621.62
5622.73
5624.33
5626.38
5628.82
5631.58
5634.58
5637.74
5640.96
5644.15
5647.22
5650.08
5652.64
5654.83
5656.6
5657.89
5658.68
5658.94
5658.67
5657.88
5656.61
5654.9
5652.78
5650.33
5647.63
5644.75
5641.76
5638.74
5635.77
5632.9
5630.22
5627.75
5625.54
5623.6
5621.94
5620.55
5619.46
5618.68
5618.22
5231.53
5232.04
5232.88
5234.02
5235.47
5237.22
5239.27
5241.64
5244.32
5247.24
5250.36
5253.61
5256.9
5260.16
5263.29
5266.21
5268.84
5271.1
5272.9
5274.2
5274.94
5275.1
5274.67
5273.63
5272.03
5269.89
5267.28
5264.26
5260.92
5257.36
5253.68
5249.99
5246.39
5242.98
5239.88
5237.15
5234.88
5233.14
5231.97
5231.4
5231.45
5232.11
5233.37
5235.19
5237.52
5240.3
5243.44
5246.86
5250.45
5254.11
5257.74
5261.23
5264.47
5267.38
5269.87
5271.86
5273.32
5274.19
5274.46
5274.13
5273.21
5271.74
5269.78
5267.37
5264.6
5261.54
5258.29
5254.93
5251.55
5248.22
5245.03
5242.06
5239.35
5236.96
5234.89
5233.13
5231.68
5230.53
5229.7
5229.18
4842.11
4842.69
4843.58
4844.77
4846.26
4848.1
4850.31
4852.93
4855.92
4859.22
4862.74
4866.42
4870.16
4873.88
4877.46
4880.81
4883.84
4886.47
4888.56
4890.08
4890.97
4891.19
4890.73
4889.57
4887.75
4885.32
4882.33
4878.87
4875.05
4870.96
4866.74
4862.5
4858.36
4854.46
4850.89
4847.76
4845.17
4843.17
4841.83
4841.18
4841.24
4842
4843.45
4845.54
4848.21
4851.4
4855.01
4858.94
4863.07
4867.28
4871.45
4875.46
4879.19
4882.53
4885.38
4887.66
4889.31
4890.29
4890.57
4890.16
4889.08
4887.37
4885.06
4882.31
4879.14
4875.65
4871.94
4868.12
4864.28
4860.52
4856.93
4853.58
4850.56
4847.93
4845.7
4843.87
4842.39
4841.2
4840.32
4839.74
4452.27
4452.91
4453.82
4455
4456.49
4458.4
4460.81
4463.75
4467.16
4470.93
4474.96
4479.17
4483.46
4487.72
4491.85
4495.73
4499.24
4502.26
4504.77
4506.58
4507.66
4507.96
4507.46
4506.15
4504.08
4501.28
4497.84
4493.84
4489.42
4484.69
4479.79
4474.88
4470.1
4465.58
4461.45
4457.84
4454.85
4452.54
4451
4450.25
4450.32
4451.2
4452.87
4455.29
4458.38
4462.07
4466.25
4470.8
4475.59
4480.47
4485.31
4489.96
4494.28
4498.14
4501.43
4504.07
4505.96
4507.07
4507.37
4506.86
4505.58
4503.57
4500.89
4497.68
4494
4489.97
4485.71
4481.33
4476.94
4472.64
4468.54
4464.71
4461.28
4458.33
4455.93
4454.04
4452.57
4451.41
4450.51
4449.87
4061.98
4062.66
4063.53
4064.63
4066.08
4068.06
4070.72
4074.06
4077.99
4082.34
4087
4091.84
4096.78
4101.71
4106.5
4111.02
4115.13
4118.71
4121.66
4123.81
4125.11
4125.51
4124.97
4123.49
4121.1
4117.87
4113.87
4109.22
4104.06
4098.55
4092.85
4087.12
4081.55
4076.29
4071.49
4067.3
4063.82
4061.15
4059.36
4058.5
4058.58
4059.6
4061.55
4064.35
4067.95
4072.24
4077.11
4082.41
4087.99
4093.68
4099.33
4104.75
4109.79
4114.3
4118.13
4121.18
4123.37
4124.64
4124.95
4124.33
4122.8
4120.43
4117.28
4113.5
4109.21
4104.53
4099.59
4094.55
4089.5
4084.56
4079.84
4075.43
4071.48
4068.14
4065.5
4063.56
4062.15
4061.08
4060.23
4059.57
3671.27
3671.91
3672.69
3673.66
3675.07
3677.17
3680.12
3683.92
3688.43
3693.45
3698.82
3704.41
3710.13
3715.84
3721.43
3726.72
3731.56
3735.8
3739.32
3741.88
3743.46
3743.98
3743.4
3741.72
3738.95
3735.18
3730.51
3725.07
3719.03
3712.57
3705.89
3699.19
3692.66
3686.51
3680.91
3676.02
3671.97
3668.87
3666.8
3665.8
3665.9
3667.09
3669.35
3672.62
3676.81
3681.82
3687.51
3693.71
3700.24
3706.92
3713.54
3719.9
3725.8
3731.08
3735.57
3739.13
3741.67
3743.12
3743.46
3742.68
3740.84
3737.99
3734.29
3729.84
3724.8
3719.34
3713.61
3707.77
3701.95
3696.26
3690.82
3685.75
3681.23
3677.44
3674.53
3672.49
3671.14
3670.22
3669.48
3668.85
3280.15
3280.7
3281.35
3282.24
3283.66
3285.91
3289.17
3293.43
3298.54
3304.27
3310.42
3316.85
3323.46
3330.11
3336.64
3342.87
3348.6
3353.63
3357.75
3360.91
3362.86
3363.54
3362.92
3360.99
3357.78
3353.37
3347.88
3341.49
3334.38
3326.78
3318.92
3311.03
3303.37
3296.16
3289.6
3283.89
3279.17
3275.56
3273.15
3271.99
3272.11
3273.5
3276.13
3279.94
3284.85
3290.71
3297.37
3304.65
3312.32
3320.17
3327.96
3335.44
3342.4
3348.61
3353.88
3358.05
3361.01
3362.68
3363.03
3362.07
3359.86
3356.44
3352.03
3346.76
3340.82
3334.42
3327.73
3320.96
3314.24
3307.71
3301.48
3295.74
3290.64
3286.41
3283.21
3281.03
3279.69
3278.87
3278.28
3277.74
2888.63
2889.08
2889.63
2890.47
2891.95
2894.37
2897.92
2902.6
2908.27
2914.7
2921.68
2929.07
2936.71
2944.47
2952.15
2959.51
2966.32
2972.33
2977.32
2981.12
2983.5
2984.39
2983.73
2981.5
2977.75
2972.57
2966.11
2958.57
2950.18
2941.2
2931.92
2922.63
2913.6
2905.12
2897.42
2890.74
2885.23
2881.04
2878.25
2876.91
2877.04
2878.66
2881.73
2886.17
2891.9
2898.77
2906.6
2915.15
2924.19
2933.45
2942.63
2951.47
2959.68
2967.01
2973.22
2978.12
2981.58
2983.5
2983.85
2982.65
2980.02
2975.88
2970.6
2964.33
2957.3
2949.75
2941.92
2934.05
2926.3
2918.84
2911.82
2905.36
2899.72
2895.08
2891.62
2889.3
2887.91
2887.16
2886.69
2886.27
2496.68
2497.08
2497.54
2498.39
2499.92
2502.47
2506.24
2511.26
2517.42
2524.58
2532.45
2540.9
2549.77
2558.85
2567.91
2576.66
2584.8
2592.02
2598.06
2602.71
2605.58
2606.73
2606.05
2603.5
2599.11
2593.02
2585.38
2576.45
2566.51
2555.88
2544.9
2533.91
2523.26
2513.26
2504.22
2496.39
2489.97
2485.12
2481.88
2480.33
2480.49
2482.36
2485.92
2491.11
2497.78
2505.85
2515.05
2525.13
2535.8
2546.73
2557.6
2568.06
2577.78
2586.46
2593.8
2599.58
2603.62
2605.83
2606.16
2604.62
2601.26
2596.41
2590.1
2582.6
2574.23
2565.29
2556.09
2546.9
2537.97
2529.39
2521.49
2514.38
2508.26
2503.32
2499.66
2497.23
2495.82
2495.1
2494.74
2494.42
2104.34
2104.58
2105.04
2105.88
2107.4
2109.98
2113.85
2119.13
2125.76
2133.6
2142.44
2152.13
2162.45
2173.13
2183.87
2194.33
2204.11
2212.82
2220.11
2225.62
2229.32
2230.86
2230.18
2227.26
2222.14
2214.94
2205.89
2195.28
2183.48
2170.86
2157.84
2144.82
2132.22
2120.43
2109.8
2100.61
2093.12
2087.57
2083.83
2082.04
2082.21
2084.35
2088.46
2094.48
2102.3
2111.76
2122.59
2134.47
2147.09
2160.03
2172.91
2185.33
2196.87
2207.18
2215.89
2222.71
2227.45
2229.98
2230.27
2228.36
2224.3
2218.35
2210.7
2201.67
2191.63
2180.97
2170.08
2159.33
2149.06
2139.03
2130.3
2122.54
2116
2110.84
2107.1
2104.68
2103.31
2102.65
2102.34
2102.21
1711.4
1711.58
1712.02
1712.79
1714.2
1716.65
1720.47
1725.88
1732.9
1741.45
1751.36
1762.43
1774.54
1787.15
1799.97
1812.55
1824.38
1834.96
1843.84
1850.64
1855.14
1857.11
1856.48
1853.16
1847.17
1838.65
1827.9
1815.27
1801.21
1786.2
1770.72
1755.28
1740.35
1726.4
1713.9
1703.15
1694.46
1688.02
1683.79
1681.77
1681.96
1684.37
1689.05
1696.01
1705.14
1716.25
1729.03
1743.02
1757.97
1773.32
1788.62
1803.39
1817.15
1829.43
1839.8
1847.89
1853.45
1856.34
1856.56
1854.18
1849.2
1841.91
1832.59
1821.64
1809.52
1796.7
1783.71
1771.01
1758.94
1747.8
1737.95
1729.5
1722.6
1717.35
1713.69
1711.44
1710.24
1709.7
1709.49
1709.5
1317.77
1317.92
1318.38
1319.04
1320.18
1322.29
1325.83
1331.15
1338.43
1347.67
1358.75
1371.48
1385.58
1400.65
1416.09
1431.35
1445.77
1458.72
1469.6
1477.95
1483.44
1485.94
1485.42
1481.68
1474.67
1464.56
1451.72
1436.62
1419.84
1401.94
1383.51
1365.15
1347.45
1330.94
1316.17
1303.57
1293.53
1286.23
1281.53
1279.3
1279.47
1282.1
1287.35
1295.3
1305.94
1318.98
1334.05
1350.66
1368.35
1386.57
1404.76
1422.37
1438.83
1453.54
1465.94
1475.57
1482.08
1485.33
1485.41
1482.61
1476.37
1467.42
1456.01
1442.64
1427.88
1412.36
1396.73
1381.63
1367.56
1354.91
1343.95
1334.85
1327.73
1322.59
1319.25
1317.38
1316.49
1316.11
1316
1316.24
923.279
923.644
924.306
924.737
925.337
926.773
929.607
934.445
941.728
951.576
963.905
978.521
995.109
1013.14
1031.91
1050.6
1068.34
1084.33
1097.78
1108
1114.57
1117.73
1117.52
1113.4
1105.16
1093.09
1077.67
1059.52
1039.41
1018.04
996.088
974.248
953.205
933.624
916.153
901.369
889.802
881.821
876.782
874.428
874.518
877.203
882.898
891.836
904.209
919.57
937.38
957.065
978.035
999.658
1021.3
1042.33
1062.09
1079.81
1094.73
1106.25
1113.88
1117.4
1117.06
1113.3
1106.15
1095.21
1081.15
1064.68
1046.55
1027.56
1008.61
990.576
974.143
959.752
947.655
938.008
930.898
926.229
923.62
922.479
922.18
921.989
921.774
922.44
531.37
530.581
530.78
530.131
529.334
529.394
530.78
534.564
541.566
552.022
565.809
582.741
602.489
624.379
647.422
670.533
692.461
712.292
729.026
741.617
749.185
752.9
753.574
749.288
739.627
725.111
706.514
684.553
660.387
634.828
608.619
582.545
557.418
534.042
513.255
495.763
482.332
474.321
469.157
466.615
466.674
469.133
475.067
484.742
499.265
517.486
538.674
562.116
587.088
612.809
638.545
663.712
687.547
709.027
727.039
740.908
749.835
753.357
752.116
748.413
739.579
725.961
708.498
688.105
665.68
642.176
618.83
596.952
577.584
561.208
547.921
537.776
530.925
527.259
526.073
526.377
527.631
528.332
528.28
529.318
175.943
174.945
173.847
172.618
171.383
170.251
169.847
171.983
177.169
185.378
196.586
211.003
228.798
249.785
273.205
297.961
322.487
345.614
365.933
381.195
388.921
392.45
395.453
390.984
379.014
361.021
338.747
314.555
289.032
263.08
237.375
212.809
190.209
170.228
153.553
140.23
129.813
121.996
117.329
115.381
115.652
118.143
123.202
131.146
141.962
156.02
173.452
193.888
216.778
241.315
266.696
292.472
317.821
341.594
363.317
380.622
391.719
395.094
391.248
389.236
378.897
362.246
341.396
317.917
293.005
267.895
244.172
223.293
205.971
192.21
181.696
174.112
169.603
168.244
169.173
170.389
171.991
173.608
175.11
176.208
6.59257
7.99438
7.53997
6.72111
5.54653
4.40666
3.74743
3.96104
5.16449
7.38217
10.7253
15.46
22.003
30.664
41.5143
54.1716
67.7193
81.0875
93.3448
103.738
111.358
115.079
114.462
109.669
100.451
87.8415
73.5473
60.5068
47.7689
35.8713
25.046
15.7271
8.13754
2.25698
-1.95833
-4.98164
-7.12271
-8.55449
-9.12502
-9.18799
-9.15338
-8.9853
-8.44776
-7.17598
-5.07331
-1.83724
2.84205
9.14383
17.1194
26.6385
37.4117
49.3764
62.1771
75.138
89.2874
101.578
110.361
114.712
114.989
110.259
101.859
91.1674
78.7819
65.4448
51.9542
39.3194
28.5859
20.2508
14.0706
9.6544
6.66465
4.87197
4.24458
4.58266
5.51217
6.6252
7.68283
8.41607
8.79906
7.69381
-9.53972
-9.58368
-9.60142
-9.60382
-9.61802
-9.64093
-9.6692
-9.68957
-9.70968
-9.72663
-9.7379
-9.76954
-9.83804
-9.95645
-10.0859
-10.1819
-10.2418
-10.2517
-10.05
-8.92148
-7.34392
-6.49696
-6.34706
-6.91907
-8.04646
-9.17205
-9.76162
-9.91348
-9.94058
-9.93698
-9.92656
-9.92562
-9.9215
-9.91152
-9.89026
-9.86164
-9.81957
-9.76333
-9.7113
-9.68529
-9.67098
-9.62746
-9.59132
-9.61292
-9.63327
-9.64218
-9.65114
-9.68009
-9.74606
-9.82304
-9.87486
-9.89616
-9.87563
-9.68337
-9.02954
-7.89333
-6.79561
-6.28945
-6.51394
-7.58575
-9.38616
-10.1135
-10.227
-10.2246
-10.138
-9.94506
-9.6938
-9.43865
-9.21148
-9.01408
-8.84428
-8.69603
-8.5677
-8.52283
-8.58884
-8.6807
-8.71652
-8.71671
-8.71166
-8.65978
-10.1139
-10.116
-10.1242
-10.1368
-10.1592
-10.1883
-10.2085
-10.2245
-10.2385
-10.2542
-10.2736
-10.3168
-10.3942
-10.4845
-10.5529
-10.5932
-10.6339
-10.6696
-10.6713
-10.7475
-10.8078
-10.8418
-10.8561
-10.8381
-10.7891
-10.7291
-10.6407
-10.5784
-10.541
-10.5016
-10.4552
-10.4147
-10.4047
-10.4268
-10.4454
-10.4355
-10.4027
-10.3544
-10.3076
-10.28
-10.245
-10.211
-10.1862
-10.1821
-10.1849
-10.1863
-10.1996
-10.2394
-10.3113
-10.3932
-10.4587
-10.5087
-10.5512
-10.6133
-10.6971
-10.7693
-10.8024
-10.7985
-10.7623
-10.6951
-10.6066
-10.5497
-10.559
-10.5794
-10.5873
-10.5017
-10.3273
-10.1088
-9.89111
-9.68789
-9.51404
-9.38549
-9.30006
-9.26026
-9.25514
-9.24308
-9.21038
-9.21363
-9.24313
-9.24802
-10.6637
-10.656
-10.6513
-10.6562
-10.6811
-10.7142
-10.7379
-10.7501
-10.7592
-10.7688
-10.7932
-10.8585
-10.9581
-11.055
-11.1311
-11.1817
-11.206
-11.2194
-11.2199
-11.2495
-11.28
-11.2933
-11.2986
-11.2757
-11.2116
-11.1592
-11.111
-11.0646
-11.0285
-11.0005
-10.9797
-10.9791
-11.0171
-11.058
-11.0595
-11.0311
-10.991
-10.9449
-10.9009
-10.8634
-10.8295
-10.8044
-10.7914
-10.7853
-10.7796
-10.7688
-10.7613
-10.7843
-10.8384
-10.9056
-10.9537
-10.9969
-11.0379
-11.0842
-11.142
-11.2102
-11.2403
-11.2408
-11.2223
-11.1901
-11.1463
-11.1349
-11.1857
-11.2233
-11.1707
-11.0717
-10.9279
-10.7552
-10.5783
-10.4088
-10.2719
-10.1995
-10.1866
-10.1423
-10.0619
-9.97545
-9.85959
-9.8121
-9.82007
-9.83419
-11.2447
-11.2537
-11.2381
-11.2329
-11.251
-11.2739
-11.2845
-11.2837
-11.2824
-11.2754
-11.2998
-11.3876
-11.5071
-11.6081
-11.6781
-11.7164
-11.734
-11.7483
-11.7563
-11.7595
-11.7613
-11.7721
-11.7717
-11.7418
-11.6803
-11.6166
-11.5755
-11.5407
-11.5124
-11.506
-11.5272
-11.5841
-11.6606
-11.6871
-11.649
-11.5974
-11.5477
-11.4973
-11.4529
-11.417
-11.3851
-11.3641
-11.358
-11.358
-11.3598
-11.3586
-11.3479
-11.3492
-11.384
-11.4316
-11.4569
-11.4863
-11.5179
-11.555
-11.6098
-11.6691
-11.6968
-11.7028
-11.6934
-11.6726
-11.6531
-11.6702
-11.7246
-11.7467
-11.706
-11.6201
-11.5048
-11.3703
-11.2312
-11.1057
-11.0284
-11.023
-11.0602
-11.0629
-11.0021
-10.8856
-10.6793
-10.5117
-10.4657
-10.4637
-11.8401
-11.8765
-11.8594
-11.8567
-11.8732
-11.8821
-11.8777
-11.8659
-11.8452
-11.8113
-11.8424
-11.9552
-12.0927
-12.1878
-12.2484
-12.2931
-12.3183
-12.3274
-12.325
-12.3142
-12.3094
-12.3087
-12.2911
-12.2558
-12.2054
-12.1363
-12.0742
-12.0307
-12.0122
-12.0239
-12.0793
-12.1702
-12.2527
-12.2654
-12.2268
-12.1695
-12.1111
-12.0498
-11.9921
-11.9529
-11.924
-11.9035
-11.8927
-11.8895
-11.8947
-11.9064
-11.9118
-11.9066
-11.9253
-11.951
-11.9648
-11.9826
-12.0093
-12.0443
-12.0976
-12.1435
-12.1684
-12.1806
-12.1816
-12.1732
-12.1658
-12.1847
-12.2249
-12.2368
-12.2021
-12.1372
-12.0538
-11.9624
-11.8735
-11.8022
-11.7939
-11.8457
-11.9014
-11.9352
-11.9141
-11.8237
-11.5854
-11.2699
-11.1305
-11.0971
-12.4149
-12.4587
-12.4658
-12.4709
-12.4754
-12.477
-12.4709
-12.4553
-12.4292
-12.3849
-12.4462
-12.6167
-12.7808
-12.8529
-12.9038
-12.9609
-12.9631
-12.9251
-12.8896
-12.8698
-12.8662
-12.8514
-12.8242
-12.7955
-12.7606
-12.7044
-12.6282
-12.557
-12.5496
-12.5747
-12.6334
-12.733
-12.8171
-12.8405
-12.8291
-12.7918
-12.7209
-12.6298
-12.5453
-12.4886
-12.4579
-12.4342
-12.4181
-12.4099
-12.4106
-12.4194
-12.431
-12.4363
-12.4372
-12.4492
-12.4608
-12.4754
-12.5003
-12.5346
-12.5805
-12.6164
-12.6438
-12.662
-12.6694
-12.6664
-12.6609
-12.6692
-12.6887
-12.6966
-12.6801
-12.6411
-12.5906
-12.5444
-12.5061
-12.494
-12.5713
-12.6898
-12.7652
-12.7974
-12.8276
-12.7539
-12.487
-12.0526
-11.7834
-11.7142
-12.9646
-13.0042
-13.0354
-13.0364
-13.0269
-13.0215
-13.0157
-13.0051
-12.9953
-12.9857
-13.069
-13.308
-13.4607
-13.5134
-13.569
-13.5938
-13.5438
-13.4665
-13.4161
-13.3912
-13.3792
-13.3601
-13.3385
-13.3239
-13.3134
-13.2742
-13.212
-13.1335
-13.1263
-13.1589
-13.2001
-13.2813
-13.3647
-13.406
-13.3997
-13.3632
-13.2985
-13.1985
-13.1019
-13.0291
-12.9895
-12.9616
-12.9396
-12.9243
-12.917
-12.9176
-12.9214
-12.9357
-12.9267
-12.9231
-12.9445
-12.9642
-12.9917
-13.023
-13.0598
-13.0944
-13.126
-13.1489
-13.1598
-13.1583
-13.1501
-13.1462
-13.1494
-13.1519
-13.1445
-13.1245
-13.1049
-13.1054
-13.1176
-13.1777
-13.3399
-13.5177
-13.6469
-13.7354
-13.7679
-13.659
-13.3446
-12.8253
-12.4421
-12.324
-13.5089
-13.5458
-13.5726
-13.5679
-13.5637
-13.5595
-13.5515
-13.5448
-13.5447
-13.5467
-13.6404
-13.8841
-13.9943
-14.0525
-14.1161
-14.0945
-14.0135
-13.943
-13.8989
-13.875
-13.8644
-13.8519
-13.8421
-13.839
-13.8438
-13.8333
-13.7899
-13.7285
-13.7155
-13.7513
-13.7812
-13.8357
-13.9161
-13.9577
-13.9438
-13.8923
-13.8245
-13.7411
-13.6494
-13.5717
-13.5213
-13.4877
-13.4605
-13.4386
-13.4232
-13.4145
-13.4107
-13.4133
-13.4111
-13.3959
-13.4246
-13.4521
-13.4875
-13.5155
-13.5478
-13.5859
-13.6232
-13.6509
-13.6648
-13.6636
-13.6495
-13.6309
-13.6167
-13.6114
-13.6055
-13.5934
-13.6039
-13.6491
-13.7127
-13.8687
-14.1236
-14.3674
-14.5859
-14.7067
-14.6801
-14.495
-14.114
-13.5204
-13.0827
-12.9094
-14.0731
-14.0849
-14.0907
-14.0908
-14.0906
-14.0906
-14.0894
-14.0844
-14.0873
-14.0905
-14.1734
-14.3345
-14.436
-14.4976
-14.5337
-14.4943
-14.4332
-14.3873
-14.3652
-14.3543
-14.3487
-14.3449
-14.345
-14.3499
-14.3578
-14.3668
-14.345
-14.298
-14.2762
-14.3154
-14.3497
-14.3936
-14.4576
-14.489
-14.469
-14.4063
-14.3337
-14.2582
-14.1823
-14.1092
-14.0536
-14.0147
-13.9831
-13.9561
-13.9341
-13.9172
-13.9056
-13.8985
-13.9006
-13.8857
-13.9007
-13.9404
-13.988
-14.0158
-14.048
-14.0921
-14.135
-14.1655
-14.1791
-14.1733
-14.149
-14.117
-14.0986
-14.0893
-14.074
-14.0619
-14.1022
-14.1799
-14.2853
-14.5194
-14.8559
-15.1815
-15.4634
-15.549
-15.4636
-15.2097
-14.7508
-14.1241
-13.6386
-13.4478
-14.6084
-14.6011
-14.6034
-14.6045
-14.6065
-14.6096
-14.6126
-14.6185
-14.6413
-14.6897
-14.7335
-14.8004
-14.8753
-14.925
-14.9203
-14.8679
-14.8212
-14.8168
-14.8259
-14.8306
-14.8335
-14.8366
-14.8446
-14.855
-14.8635
-14.87
-14.8576
-14.815
-14.779
-14.8108
-14.8601
-14.8999
-14.9465
-14.9692
-14.9449
-14.8863
-14.8242
-14.7644
-14.7057
-14.6422
-14.5859
-14.544
-14.5099
-14.4795
-14.4529
-14.4306
-14.4135
-14.4009
-14.3969
-14.3964
-14.3794
-14.4336
-14.4925
-14.5244
-14.5568
-14.6058
-14.6508
-14.679
-14.6871
-14.6741
-14.6443
-14.6151
-14.5987
-14.5824
-14.5505
-14.5437
-14.6054
-14.6975
-14.8207
-15.0783
-15.4401
-15.8389
-16.1384
-16.206
-16.0841
-15.7824
-15.2714
-14.6366
-14.166
-14.0129
-15.111
-15.1096
-15.1115
-15.114
-15.1173
-15.1217
-15.1294
-15.1459
-15.1958
-15.3004
-15.3636
-15.3842
-15.4105
-15.4223
-15.3847
-15.3141
-15.2761
-15.2817
-15.3052
-15.3126
-15.316
-15.3228
-15.3347
-15.3497
-15.3555
-15.3538
-15.329
-15.2805
-15.2368
-15.2481
-15.2956
-15.3366
-15.3682
-15.3803
-15.3642
-15.3388
-15.3039
-15.2648
-15.219
-15.1676
-15.1181
-15.0773
-15.0425
-15.0105
-14.9812
-14.9559
-14.9357
-14.9212
-14.914
-14.9203
-14.8952
-14.9418
-14.9962
-15.0397
-15.0721
-15.1213
-15.1648
-15.1887
-15.1925
-15.1777
-15.1501
-15.1298
-15.1117
-15.085
-15.0453
-15.0519
-15.1209
-15.2016
-15.3192
-15.5466
-15.882
-16.2866
-16.5885
-16.6518
-16.5186
-16.2109
-15.7269
-15.1664
-14.7839
-14.6931
-15.6148
-15.6168
-15.6188
-15.623
-15.6275
-15.6336
-15.6447
-15.6672
-15.7232
-15.8491
-15.9724
-16.0331
-16.0469
-16.0309
-15.9783
-15.8746
-15.784
-15.7561
-15.7851
-15.7893
-15.7936
-15.8028
-15.8161
-15.8284
-15.832
-15.822
-15.7852
-15.7303
-15.6876
-15.6815
-15.709
-15.7405
-15.7613
-15.7752
-15.786
-15.7916
-15.7813
-15.7575
-15.7251
-15.6884
-15.6512
-15.6163
-15.5836
-15.5519
-15.5216
-15.4951
-15.474
-15.4595
-15.4513
-15.4558
-15.4522
-15.4662
-15.5095
-15.5611
-15.5944
-15.6385
-15.6819
-15.7056
-15.7087
-15.6988
-15.6731
-15.6543
-15.6381
-15.6052
-15.5707
-15.5896
-15.6476
-15.7002
-15.7854
-15.9469
-16.2035
-16.5284
-16.789
-16.8629
-16.7555
-16.5364
-16.2238
-15.8444
-15.5426
-15.477
-16.12
-16.1226
-16.1257
-16.1314
-16.138
-16.1471
-16.1614
-16.1869
-16.2348
-16.3344
-16.4729
-16.589
-16.628
-16.6264
-16.5786
-16.4637
-16.3339
-16.2465
-16.2554
-16.262
-16.2673
-16.2753
-16.2868
-16.2957
-16.2956
-16.2792
-16.2384
-16.1869
-16.1501
-16.1364
-16.1437
-16.1563
-16.1737
-16.2009
-16.2294
-16.2487
-16.2538
-16.2465
-16.2324
-16.2134
-16.1905
-16.1653
-16.1382
-16.1091
-16.0796
-16.0531
-16.0318
-16.0175
-16.0096
-16.0126
-16.0196
-16.0123
-16.0358
-16.084
-16.123
-16.1603
-16.2047
-16.2334
-16.229
-16.2229
-16.2036
-16.1892
-16.1808
-16.1545
-16.1329
-16.145
-16.1772
-16.1996
-16.2345
-16.3102
-16.4473
-16.6323
-16.7882
-16.8582
-16.8421
-16.8058
-16.7459
-16.5856
-16.3649
-16.2318
-16.6241
-16.6267
-16.6312
-16.6383
-16.6475
-16.6604
-16.6791
-16.7074
-16.7499
-16.8167
-16.9097
-17.0053
-17.0787
-17.0923
-17.0423
-16.9546
-16.8572
-16.7498
-16.7228
-16.7381
-16.7419
-16.7473
-16.7543
-16.758
-16.7529
-16.733
-16.6951
-16.6512
-16.6198
-16.6033
-16.5976
-16.6012
-16.619
-16.6498
-16.6822
-16.7089
-16.728
-16.7403
-16.7464
-16.7478
-16.7442
-16.7343
-16.7167
-16.692
-16.6649
-16.6396
-16.6178
-16.6006
-16.5893
-16.5856
-16.5897
-16.5792
-16.5789
-16.6117
-16.6523
-16.6903
-16.731
-16.767
-16.7542
-16.7501
-16.7406
-16.7371
-16.7448
-16.7398
-16.7288
-16.7188
-16.7162
-16.7009
-16.6793
-16.6794
-16.7007
-16.7465
-16.8076
-16.8638
-16.9496
-17.0838
-17.2119
-17.1813
-17.015
-16.8582
-17.126
-17.129
-17.1344
-17.1425
-17.1546
-17.1718
-17.1958
-17.2282
-17.2699
-17.3208
-17.3786
-17.4353
-17.4785
-17.4878
-17.4615
-17.4055
-17.3267
-17.2461
-17.2026
-17.2222
-17.223
-17.2254
-17.2274
-17.2255
-17.2152
-17.1935
-17.1602
-17.1237
-17.095
-17.0759
-17.0649
-17.0659
-17.0817
-17.1094
-17.1441
-17.18
-17.2131
-17.2435
-17.2724
-17.3013
-17.3257
-17.3385
-17.3344
-17.3145
-17.2918
-17.2693
-17.2452
-17.2179
-17.1942
-17.1766
-17.1678
-17.1574
-17.1397
-17.1474
-17.183
-17.2252
-17.2624
-17.3002
-17.2913
-17.281
-17.2826
-17.2929
-17.3258
-17.3539
-17.3487
-17.3171
-17.2735
-17.2072
-17.1299
-17.0805
-17.0339
-16.99
-16.9794
-17.0301
-17.1749
-17.4033
-17.5978
-17.6222
-17.4991
-17.3712
-17.6254
-17.6287
-17.6344
-17.6435
-17.658
-17.6795
-17.7094
-17.7473
-17.7903
-17.833
-17.8713
-17.9091
-17.9407
-17.9463
-17.9219
-17.8719
-17.8024
-17.7421
-17.7118
-17.7191
-17.716
-17.7132
-17.71
-17.7031
-17.6892
-17.6671
-17.6376
-17.6063
-17.5792
-17.5588
-17.5467
-17.5458
-17.5598
-17.5871
-17.6232
-17.6644
-17.7094
-17.7584
-17.8141
-17.8786
-17.9409
-17.9835
-17.9988
-17.9989
-17.9911
-17.974
-17.9361
-17.8829
-17.8327
-17.7913
-17.7604
-17.7389
-17.7096
-17.6947
-17.7167
-17.7573
-17.7974
-17.8283
-17.8285
-17.805
-17.8238
-17.8435
-17.9001
-17.9665
-17.974
-17.9292
-17.8485
-17.7299
-17.5991
-17.5127
-17.447
-17.3764
-17.3349
-17.3786
-17.5321
-17.7544
-17.9357
-17.9759
-17.9047
-17.8264
-18.122
-18.1254
-18.1312
-18.1408
-18.1568
-18.1816
-18.2171
-18.2612
-18.3072
-18.3436
-18.3729
-18.4122
-18.4465
-18.4573
-18.4405
-18.3959
-18.3236
-18.257
-18.2422
-18.237
-18.2217
-18.2091
-18.1997
-18.1888
-18.173
-18.1518
-18.1259
-18.0983
-18.073
-18.0529
-18.0425
-18.0432
-18.0552
-18.0791
-18.1155
-18.1626
-18.2183
-18.2837
-18.3663
-18.4658
-18.5663
-18.6421
-18.6851
-18.7119
-18.7287
-18.7265
-18.6761
-18.5906
-18.503
-18.4281
-18.3658
-18.3188
-18.278
-18.2517
-18.2537
-18.2811
-18.3189
-18.3491
-18.3462
-18.3215
-18.3501
-18.3763
-18.4322
-18.5348
-18.5614
-18.5164
-18.4158
-18.2662
-18.0946
-17.973
-17.8981
-17.8456
-17.8204
-17.848
-17.9624
-18.1287
-18.2668
-18.3179
-18.2945
-18.2579
-18.616
-18.6192
-18.6249
-18.6342
-18.6503
-18.6769
-18.7163
-18.7657
-18.8144
-18.85
-18.8927
-18.9541
-19.0001
-19.0165
-19.0027
-18.9559
-18.8625
-18.795
-18.783
-18.7651
-18.7312
-18.7074
-18.6921
-18.6779
-18.6615
-18.642
-18.6197
-18.5964
-18.5759
-18.5585
-18.5507
-18.5511
-18.5605
-18.5824
-18.6218
-18.674
-18.7356
-18.8156
-18.9266
-19.0543
-19.1799
-19.2763
-19.3344
-19.3792
-19.4333
-19.4555
-19.4107
-19.3066
-19.1872
-19.0761
-18.9781
-18.8965
-18.8397
-18.8073
-18.7933
-18.7947
-18.8129
-18.8401
-18.8393
-18.8235
-18.854
-18.8881
-18.9336
-19.0122
-19.0559
-19.029
-18.9356
-18.7916
-18.6032
-18.4563
-18.3748
-18.3419
-18.3394
-18.3793
-18.4632
-18.5703
-18.6631
-18.7182
-18.7221
-18.6997
-19.1082
-19.111
-19.1161
-19.1242
-19.139
-19.1651
-19.2056
-19.2574
-19.3074
-19.3521
-19.4197
-19.4957
-19.544
-19.5614
-19.5488
-19.4987
-19.4018
-19.3403
-19.3144
-19.2774
-19.2325
-19.2035
-19.1846
-19.1688
-19.1529
-19.1358
-19.118
-19.1005
-19.0849
-19.0726
-19.0663
-19.0662
-19.073
-19.0959
-19.1398
-19.1935
-19.2573
-19.3583
-19.4959
-19.6479
-19.7901
-19.8935
-19.9553
-20.034
-20.1276
-20.1675
-20.12
-20.0026
-19.8643
-19.7236
-19.5895
-19.473
-19.3949
-19.3544
-19.3273
-19.2933
-19.2785
-19.2905
-19.302
-19.3055
-19.3356
-19.3686
-19.3971
-19.4374
-19.4731
-19.4604
-19.3904
-19.2774
-19.1074
-18.9577
-18.8716
-18.8431
-18.8651
-18.9223
-18.9923
-19.0721
-19.1411
-19.1775
-19.1775
-19.1625
-19.5998
-19.602
-19.6061
-19.6125
-19.6248
-19.6478
-19.6857
-19.7351
-19.7861
-19.845
-19.9241
-19.9987
-20.0441
-20.0606
-20.048
-19.9953
-19.9148
-19.8578
-19.8164
-19.768
-19.7248
-19.6969
-19.6773
-19.6614
-19.6472
-19.6336
-19.6205
-19.6082
-19.5976
-19.5897
-19.585
-19.585
-19.5914
-19.6209
-19.6689
-19.7175
-19.7882
-19.9118
-20.0707
-20.2423
-20.3969
-20.5025
-20.5772
-20.6918
-20.8117
-20.8566
-20.7901
-20.6636
-20.5142
-20.3521
-20.1887
-20.0432
-19.9416
-19.8883
-19.8442
-19.7741
-19.7279
-19.7258
-19.7487
-19.7685
-19.7931
-19.8203
-19.8364
-19.8588
-19.8714
-19.8571
-19.8075
-19.7241
-19.6057
-19.4747
-19.3892
-19.3573
-19.3835
-19.4404
-19.5071
-19.5756
-19.6283
-19.6523
-19.6494
-19.6405
-20.0927
-20.0942
-20.0969
-20.1014
-20.1104
-20.1286
-20.1602
-20.2034
-20.2533
-20.316
-20.389
-20.4502
-20.4885
-20.5056
-20.4955
-20.4504
-20.3896
-20.3398
-20.2944
-20.2498
-20.2138
-20.1886
-20.1698
-20.1554
-20.1437
-20.1337
-20.125
-20.1177
-20.1119
-20.1074
-20.1051
-20.1064
-20.1163
-20.1576
-20.2047
-20.2426
-20.3289
-20.4709
-20.6467
-20.8267
-20.9817
-21.0851
-21.1766
-21.3158
-21.4456
-21.4754
-21.3986
-21.2751
-21.1162
-20.945
-20.7657
-20.5953
-20.4744
-20.4079
-20.3396
-20.2435
-20.1776
-20.1763
-20.2074
-20.2316
-20.2532
-20.276
-20.2975
-20.309
-20.3063
-20.2819
-20.2388
-20.1758
-20.0925
-19.9961
-19.919
-19.8859
-19.9066
-19.9613
-20.0178
-20.0659
-20.106
-20.1272
-20.1311
-20.1281
-20.5886
-20.5893
-20.5908
-20.5935
-20.5994
-20.6124
-20.6365
-20.6727
-20.72
-20.7782
-20.8361
-20.8787
-20.9073
-20.9233
-20.9185
-20.8923
-20.8512
-20.8098
-20.7694
-20.7322
-20.7024
-20.6799
-20.6631
-20.6507
-20.6414
-20.6353
-20.6315
-20.6289
-20.6268
-20.6257
-20.6267
-20.6305
-20.648
-20.6953
-20.7316
-20.7707
-20.8713
-21.0272
-21.2143
-21.3919
-21.5332
-21.6291
-21.7368
-21.8974
-22.0082
-22.0101
-21.94
-21.8233
-21.662
-21.4979
-21.3127
-21.124
-20.9921
-20.9137
-20.8247
-20.7188
-20.6505
-20.658
-20.6946
-20.724
-20.7559
-20.7839
-20.8002
-20.8033
-20.7913
-20.7582
-20.7103
-20.6531
-20.5876
-20.5176
-20.4553
-20.4259
-20.4457
-20.4936
-20.5416
-20.5773
-20.604
-20.6211
-20.6269
-20.6262
-21.0886
-21.0887
-21.0894
-21.091
-21.0949
-21.1043
-21.123
-21.1546
-21.2007
-21.254
-21.2991
-21.3365
-21.3727
-21.3934
-21.3905
-21.36
-21.3203
-21.2821
-21.2474
-21.2168
-21.1914
-21.1713
-21.1563
-21.1462
-21.1413
-21.1399
-21.1402
-21.141
-21.1421
-21.1443
-21.1486
-21.1577
-21.1847
-21.2218
-21.2521
-21.3016
-21.4064
-21.5671
-21.7599
-21.9251
-22.0507
-22.1393
-22.2579
-22.4166
-22.4859
-22.4761
-22.4167
-22.3085
-22.1745
-22.0187
-21.8253
-21.6326
-21.5036
-21.411
-21.3074
-21.2078
-21.1533
-21.1724
-21.206
-21.2415
-21.2801
-21.3099
-21.3243
-21.3293
-21.3175
-21.2857
-21.2452
-21.193
-21.132
-21.0798
-21.0372
-21.0078
-21.0169
-21.0543
-21.0873
-21.1086
-21.1225
-21.1335
-21.1367
-21.1354
-21.5931
-21.5929
-21.5934
-21.5948
-21.5983
-21.6063
-21.6223
-21.6518
-21.6978
-21.7482
-21.7897
-21.8351
-21.883
-21.9069
-21.8923
-21.8509
-21.8004
-21.7579
-21.7253
-21.6994
-21.6783
-21.6623
-21.6519
-21.6468
-21.6459
-21.6477
-21.6506
-21.6535
-21.6571
-21.662
-21.6693
-21.684
-21.7129
-21.7442
-21.7748
-21.8314
-21.9326
-22.0913
-22.2683
-22.4236
-22.5395
-22.6283
-22.7458
-22.8523
-22.8927
-22.8838
-22.8367
-22.7537
-22.6599
-22.5076
-22.3083
-22.1259
-22.006
-21.9019
-21.7895
-21.7034
-21.6753
-21.6884
-21.7155
-21.7515
-21.7874
-21.8181
-21.8417
-21.8607
-21.8649
-21.8604
-21.8354
-21.7877
-21.7365
-21.702
-21.6773
-21.6519
-21.6405
-21.6527
-21.6572
-21.6584
-21.6601
-21.6618
-21.6588
-21.6551
-22.1018
-22.1017
-22.1025
-22.1047
-22.1093
-22.1179
-22.1336
-22.1631
-22.2113
-22.2655
-22.3098
-22.3501
-22.384
-22.397
-22.3728
-22.3213
-22.2684
-22.2298
-22.2064
-22.1898
-22.1756
-22.1641
-22.157
-22.1544
-22.1551
-22.1577
-22.1613
-22.1655
-22.1709
-22.1779
-22.1876
-22.2052
-22.233
-22.2639
-22.2994
-22.3572
-22.4481
-22.5913
-22.7509
-22.8981
-23.0084
-23.0979
-23.1912
-23.2508
-23.2716
-23.2651
-23.2334
-23.1859
-23.1092
-22.9616
-22.7685
-22.6105
-22.4955
-22.3847
-22.2733
-22.2038
-22.1864
-22.1949
-22.2189
-22.2503
-22.2832
-22.3166
-22.3505
-22.3848
-22.4228
-22.448
-22.4359
-22.3938
-22.3576
-22.3464
-22.341
-22.33
-22.3085
-22.2785
-22.2442
-22.2205
-22.2094
-22.2016
-22.1909
-22.1844
-22.614
-22.6143
-22.6159
-22.6196
-22.6262
-22.6373
-22.6554
-22.6871
-22.7397
-22.8041
-22.8553
-22.8872
-22.896
-22.8914
-22.8631
-22.8036
-22.7416
-22.7078
-22.6989
-22.6941
-22.6862
-22.6768
-22.67
-22.6669
-22.6665
-22.6681
-22.6716
-22.6764
-22.683
-22.6914
-22.7028
-22.7211
-22.7481
-22.7793
-22.8188
-22.8706
-22.9481
-23.0672
-23.2117
-23.3539
-23.4649
-23.5547
-23.627
-23.66
-23.6636
-23.6582
-23.6426
-23.6103
-23.5283
-23.3855
-23.2183
-23.0879
-22.9769
-22.8638
-22.7632
-22.7069
-22.6904
-22.6966
-22.7182
-22.7466
-22.7783
-22.813
-22.8521
-22.9041
-22.963
-22.9945
-22.995
-22.9858
-22.9767
-22.9932
-23.0117
-23.0104
-22.9738
-22.8982
-22.8295
-22.7837
-22.7599
-22.7453
-22.7286
-22.7196
-23.1285
-23.1294
-23.1321
-23.1377
-23.147
-23.1617
-23.184
-23.2198
-23.2779
-23.3562
-23.4255
-23.4604
-23.4583
-23.4381
-23.3985
-23.3317
-23.255
-23.2111
-23.2074
-23.2056
-23.2
-23.1914
-23.1839
-23.1796
-23.1777
-23.178
-23.1808
-23.1858
-23.1927
-23.2019
-23.2141
-23.2327
-23.2597
-23.2877
-23.3233
-23.3668
-23.4298
-23.5251
-23.6547
-23.7939
-23.912
-24.0099
-24.0743
-24.0948
-24.0878
-24.0775
-24.0621
-24.0171
-23.9245
-23.7962
-23.6661
-23.5571
-23.4526
-23.3474
-23.2615
-23.2095
-23.1906
-23.1944
-23.2118
-23.2371
-23.2677
-23.3032
-23.3472
-23.4099
-23.4639
-23.4869
-23.4995
-23.5295
-23.5714
-23.6209
-23.6567
-23.6457
-23.5764
-23.4754
-23.3923
-23.3372
-23.3077
-23.2868
-23.266
-23.255
-23.6437
-23.6454
-23.6493
-23.6568
-23.6689
-23.6872
-23.7142
-23.7553
-23.8197
-23.9114
-24.0103
-24.0706
-24.079
-24.0548
-24.0013
-23.9231
-23.8248
-23.7523
-23.7305
-23.7211
-23.7129
-23.7038
-23.6957
-23.6906
-23.6875
-23.6867
-23.6887
-23.6932
-23.6999
-23.7091
-23.7212
-23.7388
-23.7641
-23.789
-23.8164
-23.8534
-23.9014
-23.9754
-24.0857
-24.2159
-24.3452
-24.4608
-24.5281
-24.5445
-24.5299
-24.5065
-24.4745
-24.4082
-24.3173
-24.2119
-24.1097
-24.0183
-23.928
-23.8403
-23.7648
-23.7129
-23.6888
-23.6847
-23.6959
-23.719
-23.7472
-23.7804
-23.8318
-23.8852
-23.9276
-23.9497
-23.9807
-24.0317
-24.1156
-24.187
-24.2071
-24.1755
-24.0927
-23.9984
-23.9234
-23.8782
-23.8508
-23.8247
-23.7988
-23.7851
-24.1583
-24.1607
-24.1657
-24.1748
-24.1889
-24.21
-24.2405
-24.2852
-24.3524
-24.4478
-24.5587
-24.6475
-24.697
-24.6821
-24.6213
-24.5297
-24.4167
-24.3249
-24.2673
-24.243
-24.2277
-24.2154
-24.2059
-24.1995
-24.1955
-24.1937
-24.1948
-24.1986
-24.2046
-24.2131
-24.2244
-24.2398
-24.2619
-24.2846
-24.3061
-24.3327
-24.368
-24.4207
-24.506
-24.6194
-24.7518
-24.8818
-24.9566
-24.9771
-24.9573
-24.919
-24.8697
-24.7982
-24.7194
-24.6324
-24.5503
-24.4767
-24.4074
-24.338
-24.2728
-24.221
-24.1877
-24.1749
-24.1816
-24.2001
-24.221
-24.2539
-24.3025
-24.3467
-24.3761
-24.4062
-24.4499
-24.5089
-24.5895
-24.6491
-24.6546
-24.6196
-24.557
-24.4898
-24.4394
-24.4121
-24.388
-24.3563
-24.3239
-24.3054
-24.6713
-24.6741
-24.68
-24.69
-24.7051
-24.7272
-24.7586
-24.8034
-24.8672
-24.9525
-25.046
-25.1292
-25.1972
-25.2131
-25.1684
-25.0821
-24.9738
-24.8759
-24.8033
-24.7661
-24.7427
-24.7261
-24.7144
-24.7066
-24.7015
-24.6989
-24.6991
-24.7019
-24.707
-24.7144
-24.7242
-24.7373
-24.7556
-24.7773
-24.794
-24.8079
-24.8313
-24.8618
-24.9161
-25.0048
-25.1232
-25.2463
-25.3284
-25.3534
-25.3377
-25.2984
-25.2427
-25.1908
-25.1337
-25.0683
-25.0016
-24.9422
-24.8914
-24.8406
-24.785
-24.7303
-24.6955
-24.682
-24.6853
-24.6956
-24.7127
-24.7429
-24.7791
-24.8114
-24.8294
-24.8595
-24.9062
-24.961
-25.0232
-25.062
-25.0694
-25.0503
-25.0174
-24.9816
-24.9584
-24.9408
-24.916
-24.8728
-24.8369
-24.8145
-25.1819
-25.1849
-25.1912
-25.2014
-25.2165
-25.2378
-25.2677
-25.309
-25.3664
-25.4406
-25.5109
-25.5771
-25.6346
-25.6674
-25.6554
-25.5914
-25.4994
-25.3943
-25.3243
-25.2812
-25.2529
-25.2336
-25.2204
-25.2114
-25.2054
-25.2021
-25.2014
-25.2032
-25.2071
-25.2131
-25.2213
-25.2319
-25.2462
-25.2647
-25.278
-25.2861
-25.2939
-25.3059
-25.3282
-25.38
-25.4643
-25.5579
-25.6285
-25.6563
-25.6509
-25.6269
-25.6008
-25.5896
-25.5693
-25.5311
-25.4823
-25.4368
-25.3975
-25.3508
-25.2965
-25.2467
-25.2171
-25.2102
-25.2134
-25.2151
-25.2276
-25.2486
-25.2707
-25.2805
-25.2911
-25.3197
-25.3634
-25.411
-25.4549
-25.4855
-25.5004
-25.4988
-25.4873
-25.4755
-25.4659
-25.4474
-25.4131
-25.3656
-25.3329
-25.3137
-25.6897
-25.6928
-25.699
-25.7089
-25.723
-25.7427
-25.7695
-25.8067
-25.8585
-25.9303
-26.006
-26.067
-26.1074
-26.1326
-26.1345
-26.0841
-25.9929
-25.895
-25.829
-25.7852
-25.7563
-25.7366
-25.7232
-25.7136
-25.707
-25.7031
-25.7017
-25.7025
-25.7053
-25.7099
-25.7163
-25.7245
-25.7349
-25.7482
-25.7609
-25.7656
-25.7624
-25.7596
-25.7588
-25.7714
-25.8087
-25.8583
-25.8973
-25.9172
-25.9187
-25.9248
-25.9561
-26.0002
-26.0242
-26.0149
-25.9888
-25.9614
-25.9255
-25.8733
-25.8179
-25.7756
-25.7548
-25.7458
-25.7402
-25.7411
-25.7533
-25.7642
-25.7663
-25.7623
-25.7706
-25.7961
-25.8318
-25.8682
-25.901
-25.9255
-25.9397
-25.9446
-25.9437
-25.9408
-25.9319
-25.9094
-25.8742
-25.8382
-25.8162
-25.8054
-26.1946
-26.1977
-26.2034
-26.2125
-26.2253
-26.2428
-26.2666
-26.2996
-26.3464
-26.4154
-26.5043
-26.5705
-26.6038
-26.6148
-26.5967
-26.5392
-26.4533
-26.3756
-26.319
-26.2803
-26.254
-26.2357
-26.2227
-26.2132
-26.2064
-26.2022
-26.2002
-26.2001
-26.2018
-26.2051
-26.2098
-26.2158
-26.2229
-26.2317
-26.2417
-26.2444
-26.2386
-26.2257
-26.2107
-26.1978
-26.1945
-26.2008
-26.2052
-26.2017
-26.2053
-26.2432
-26.3268
-26.4192
-26.4819
-26.5031
-26.4988
-26.4814
-26.4521
-26.3998
-26.3578
-26.3241
-26.2991
-26.2755
-26.2602
-26.2642
-26.2761
-26.2751
-26.2627
-26.2577
-26.2647
-26.2844
-26.31
-26.3364
-26.3593
-26.3761
-26.3863
-26.3902
-26.3891
-26.3847
-26.3735
-26.3535
-26.3293
-26.3082
-26.2964
-26.293
-26.6967
-26.6997
-26.7049
-26.7129
-26.7242
-26.7393
-26.7595
-26.7867
-26.8244
-26.8774
-26.9486
-27.0089
-27.0382
-27.039
-27.0112
-26.9587
-26.8984
-26.8434
-26.801
-26.7704
-26.7481
-26.7318
-26.7196
-26.7106
-26.7039
-26.6995
-26.6971
-26.6963
-26.697
-26.699
-26.7021
-26.7062
-26.7107
-26.7155
-26.7203
-26.7234
-26.7179
-26.7027
-26.6806
-26.6547
-26.6296
-26.6087
-26.5875
-26.5656
-26.5639
-26.6107
-26.7144
-26.8351
-26.9267
-26.973
-26.9852
-26.9755
-26.9571
-26.932
-26.9013
-26.8697
-26.8307
-26.7957
-26.7816
-26.7854
-26.7845
-26.7747
-26.7633
-26.7584
-26.763
-26.7759
-26.7933
-26.811
-26.8262
-26.8375
-26.8442
-26.8462
-26.844
-26.838
-26.8272
-26.8125
-26.7972
-26.7851
-26.779
-26.7793
-27.1964
-27.1991
-27.2036
-27.2105
-27.2202
-27.2329
-27.2492
-27.27
-27.2965
-27.3301
-27.3724
-27.4103
-27.4305
-27.4327
-27.4166
-27.3854
-27.3477
-27.3118
-27.2819
-27.2583
-27.2399
-27.2256
-27.2145
-27.2061
-27.1998
-27.1954
-27.1926
-27.1913
-27.1911
-27.1921
-27.1938
-27.1961
-27.1987
-27.2009
-27.2022
-27.2023
-27.1985
-27.1858
-27.1639
-27.1362
-27.1023
-27.066
-27.032
-27.0048
-26.9983
-27.035
-27.1241
-27.2432
-27.3473
-27.4101
-27.437
-27.4481
-27.4535
-27.4506
-27.4278
-27.3911
-27.3404
-27.3027
-27.2893
-27.2863
-27.2778
-27.2678
-27.259
-27.2552
-27.2582
-27.2666
-27.2778
-27.2895
-27.2996
-27.3072
-27.3115
-27.3125
-27.3102
-27.3048
-27.2964
-27.286
-27.2758
-27.268
-27.2643
-27.2655
-27.694
-27.6962
-27.7001
-27.706
-27.714
-27.7244
-27.7373
-27.7529
-27.7715
-27.7929
-27.8174
-27.84
-27.8541
-27.8576
-27.8495
-27.8318
-27.8087
-27.7849
-27.7633
-27.745
-27.7299
-27.7177
-27.7079
-27.7002
-27.6944
-27.69
-27.687
-27.6853
-27.6845
-27.6845
-27.6851
-27.6861
-27.687
-27.6875
-27.687
-27.6846
-27.6794
-27.6707
-27.6549
-27.6294
-27.5968
-27.5637
-27.5255
-27.4907
-27.4792
-27.504
-27.5676
-27.6683
-27.7625
-27.8369
-27.8863
-27.9211
-27.9495
-27.9547
-27.9336
-27.8819
-27.8261
-27.7867
-27.7716
-27.7648
-27.7587
-27.7529
-27.748
-27.7469
-27.7496
-27.7554
-27.7629
-27.7706
-27.7774
-27.7825
-27.7853
-27.7858
-27.7838
-27.7796
-27.7733
-27.766
-27.7588
-27.7532
-27.7507
-27.752
-28.1899
-28.1917
-28.1949
-28.1999
-28.2065
-28.2149
-28.2251
-28.2371
-28.2508
-28.2658
-28.2817
-28.2961
-28.3057
-28.308
-28.3032
-28.2923
-28.2774
-28.2611
-28.2454
-28.2312
-28.219
-28.2087
-28.2002
-28.1933
-28.1879
-28.1837
-28.1806
-28.1785
-28.1772
-28.1766
-28.1763
-28.1762
-28.1759
-28.1752
-28.1735
-28.1704
-28.1654
-28.1567
-28.1446
-28.1292
-28.1092
-28.0838
-28.0507
-28.0177
-28.0003
-28.0062
-28.045
-28.1154
-28.2004
-28.2819
-28.3516
-28.407
-28.4421
-28.4437
-28.4054
-28.3408
-28.2818
-28.2493
-28.2398
-28.2372
-28.2363
-28.2355
-28.2349
-28.2359
-28.2387
-28.243
-28.2482
-28.2535
-28.2582
-28.2617
-28.2636
-28.2637
-28.2621
-28.2588
-28.2541
-28.2488
-28.2436
-28.2396
-28.2379
-28.239
-28.6845
-28.6859
-28.6886
-28.6927
-28.6981
-28.7049
-28.713
-28.7222
-28.7325
-28.7434
-28.7542
-28.7636
-28.7697
-28.7714
-28.7684
-28.7614
-28.7515
-28.74
-28.7284
-28.7174
-28.7076
-28.699
-28.6917
-28.6856
-28.6806
-28.6766
-28.6735
-28.6712
-28.6696
-28.6684
-28.6675
-28.6666
-28.6655
-28.664
-28.6616
-28.6581
-28.6529
-28.6462
-28.6384
-28.6277
-28.6116
-28.5937
-28.5767
-28.5594
-28.5464
-28.5408
-28.5531
-28.5937
-28.6569
-28.7297
-28.8039
-28.8651
-28.8941
-28.8811
-28.8295
-28.7687
-28.7247
-28.7095
-28.7102
-28.7138
-28.7167
-28.7191
-28.7212
-28.7236
-28.7265
-28.7301
-28.734
-28.7378
-28.7411
-28.7434
-28.7447
-28.7447
-28.7434
-28.7409
-28.7375
-28.7335
-28.7297
-28.7269
-28.7257
-28.7265
-29.1781
-29.1791
-29.1814
-29.1847
-29.1892
-29.1946
-29.2009
-29.2081
-29.2158
-29.2237
-29.2313
-29.2376
-29.2418
-29.2429
-29.2411
-29.2363
-29.2294
-29.2212
-29.2124
-29.2039
-29.196
-29.1888
-29.1826
-29.1772
-29.1727
-29.169
-29.166
-29.1635
-29.1616
-29.1601
-29.1587
-29.1573
-29.1558
-29.1538
-29.1511
-29.1476
-29.1429
-29.1368
-29.1293
-29.1203
-29.1108
-29.0998
-29.0907
-29.0822
-29.0765
-29.0779
-29.0875
-29.1094
-29.1449
-29.1962
-29.2499
-29.2888
-29.2991
-29.2801
-29.2417
-29.2046
-29.1853
-29.1845
-29.1908
-29.1965
-29.2009
-29.2048
-29.2082
-29.2112
-29.2141
-29.2172
-29.2202
-29.223
-29.2254
-29.2271
-29.228
-29.2279
-29.2269
-29.225
-29.2225
-29.2197
-29.2169
-29.2149
-29.214
-29.2146
-29.6709
-29.6717
-29.6735
-29.6763
-29.6798
-29.6841
-29.6891
-29.6947
-29.7005
-29.7063
-29.7117
-29.7162
-29.719
-29.7198
-29.7185
-29.7151
-29.7102
-29.7041
-29.6975
-29.6908
-29.6844
-29.6785
-29.6731
-29.6684
-29.6644
-29.6609
-29.658
-29.6556
-29.6535
-29.6517
-29.6501
-29.6484
-29.6466
-29.6444
-29.6417
-29.6384
-29.6342
-29.6291
-29.6233
-29.6167
-29.6094
-29.6022
-29.5968
-29.5932
-29.5929
-29.5994
-29.6135
-29.6365
-29.6684
-29.7062
-29.7403
-29.7552
-29.7495
-29.7305
-29.7029
-29.6783
-29.6715
-29.6748
-29.6797
-29.6843
-29.6888
-29.6928
-29.6962
-29.6992
-29.7019
-29.7045
-29.707
-29.7091
-29.711
-29.7122
-29.7128
-29.7127
-29.712
-29.7106
-29.7087
-29.7067
-29.7047
-29.7032
-29.7026
-29.703
-30.1631
-30.1637
-30.1652
-30.1674
-30.1703
-30.1737
-30.1776
-30.1819
-30.1863
-30.1907
-30.1946
-30.1978
-30.1997
-30.2003
-30.1992
-30.1968
-30.1931
-30.1885
-30.1834
-30.1782
-30.173
-30.168
-30.1635
-30.1594
-30.1557
-30.1525
-30.1498
-30.1474
-30.1453
-30.1434
-30.1417
-30.1399
-30.1379
-30.1357
-30.1332
-30.1301
-30.1265
-30.1224
-30.1178
-30.1129
-30.1081
-30.1039
-30.101
-30.1005
-30.1027
-30.1101
-30.1259
-30.1515
-30.1883
-30.229
-30.2609
-30.2696
-30.2575
-30.2323
-30.2027
-30.1804
-30.1713
-30.17
-30.1721
-30.1754
-30.1789
-30.1822
-30.1851
-30.1877
-30.1901
-30.1922
-30.1942
-30.1959
-30.1974
-30.1983
-30.1988
-30.1987
-30.1981
-30.1971
-30.1958
-30.1943
-30.1929
-30.1918
-30.1913
-30.1916
-30.6549
-30.6554
-30.6565
-30.6583
-30.6605
-30.6633
-30.6664
-30.6697
-30.6731
-30.6764
-30.6793
-30.6815
-30.6829
-30.6832
-30.6824
-30.6805
-30.6777
-30.6742
-30.6702
-30.6659
-30.6617
-30.6576
-30.6537
-30.6501
-30.6469
-30.644
-30.6414
-30.6391
-30.6371
-30.6352
-30.6334
-30.6315
-30.6296
-30.6275
-30.6251
-30.6225
-30.6195
-30.6162
-30.6128
-30.6093
-30.6062
-30.6038
-30.6031
-30.6046
-30.6085
-30.6167
-30.6305
-30.6516
-30.6829
-30.7208
-30.7477
-30.758
-30.7475
-30.7212
-30.6954
-30.6775
-30.6688
-30.666
-30.6662
-30.6678
-30.67
-30.6723
-30.6745
-30.6766
-30.6786
-30.6804
-30.682
-30.6833
-30.6844
-30.6852
-30.6856
-30.6855
-30.6851
-30.6844
-30.6835
-30.6824
-30.6814
-30.6806
-30.6802
-30.6804
-31.1464
-31.1467
-31.1475
-31.1489
-31.1507
-31.1529
-31.1554
-31.158
-31.1606
-31.1631
-31.1652
-31.1668
-31.1678
-31.1679
-31.1672
-31.1658
-31.1636
-31.1608
-31.1576
-31.1542
-31.1507
-31.1473
-31.144
-31.1408
-31.138
-31.1354
-31.133
-31.1308
-31.1288
-31.127
-31.1252
-31.1234
-31.1216
-31.1196
-31.1175
-31.1153
-31.1128
-31.1103
-31.1078
-31.1055
-31.1038
-31.1028
-31.1033
-31.1058
-31.1106
-31.1186
-31.1305
-31.147
-31.1688
-31.1924
-31.2106
-31.2174
-31.2121
-31.1975
-31.1819
-31.1703
-31.1636
-31.1605
-31.1596
-31.16
-31.1612
-31.1626
-31.1643
-31.1659
-31.1674
-31.1689
-31.1702
-31.1713
-31.1721
-31.1727
-31.173
-31.173
-31.1727
-31.1722
-31.1715
-31.1708
-31.17
-31.1695
-31.1692
-31.1694
-31.6375
-31.6376
-31.6383
-31.6394
-31.6409
-31.6427
-31.6446
-31.6467
-31.6487
-31.6505
-31.6521
-31.6533
-31.6539
-31.6539
-31.6534
-31.6522
-31.6504
-31.6482
-31.6456
-31.6428
-31.6399
-31.637
-31.6342
-31.6315
-31.629
-31.6266
-31.6245
-31.6225
-31.6206
-31.6188
-31.6171
-31.6154
-31.6137
-31.612
-31.6102
-31.6083
-31.6063
-31.6045
-31.6027
-31.6014
-31.6005
-31.6006
-31.6018
-31.6047
-31.6096
-31.6169
-31.627
-31.6398
-31.6548
-31.6694
-31.6802
-31.6844
-31.6825
-31.6757
-31.6676
-31.6608
-31.6559
-31.6531
-31.6518
-31.6516
-31.6521
-31.653
-31.6541
-31.6553
-31.6565
-31.6576
-31.6586
-31.6595
-31.6602
-31.6606
-31.6609
-31.6609
-31.6607
-31.6604
-31.6599
-31.6594
-31.6589
-31.6585
-31.6583
-31.6584
-32.1283
-32.1284
-32.129
-32.1299
-32.1311
-32.1325
-32.1341
-32.1356
-32.1372
-32.1386
-32.1398
-32.1406
-32.1411
-32.1411
-32.1405
-32.1395
-32.1381
-32.1362
-32.1341
-32.1318
-32.1294
-32.1269
-32.1245
-32.1222
-32.12
-32.1179
-32.1159
-32.1141
-32.1124
-32.1107
-32.1091
-32.1076
-32.106
-32.1045
-32.1029
-32.1014
-32.0999
-32.0985
-32.0974
-32.0967
-32.0965
-32.0971
-32.0988
-32.1018
-32.1064
-32.1128
-32.121
-32.1309
-32.1415
-32.1515
-32.1589
-32.1628
-32.1622
-32.1587
-32.1543
-32.15
-32.1466
-32.1443
-32.1431
-32.1426
-32.1427
-32.1432
-32.144
-32.1448
-32.1456
-32.1465
-32.1473
-32.148
-32.1485
-32.1489
-32.1491
-32.1492
-32.149
-32.1488
-32.1485
-32.1481
-32.1478
-32.1475
-32.1474
-32.1474
-32.619
-32.6191
-32.6196
-32.6203
-32.6213
-32.6224
-32.6236
-32.6249
-32.6261
-32.6271
-32.628
-32.6286
-32.6289
-32.6288
-32.6283
-32.6275
-32.6263
-32.6248
-32.623
-32.6211
-32.619
-32.617
-32.6149
-32.6129
-32.6109
-32.6091
-32.6073
-32.6057
-32.6041
-32.6026
-32.6011
-32.5997
-32.5984
-32.597
-32.5957
-32.5945
-32.5934
-32.5924
-32.5917
-32.5915
-32.5917
-32.5927
-32.5946
-32.5975
-32.6016
-32.607
-32.6136
-32.6211
-32.6289
-32.636
-32.6413
-32.6445
-32.6451
-32.6436
-32.6412
-32.6386
-32.6363
-32.6346
-32.6336
-32.6331
-32.633
-32.6333
-32.6337
-32.6343
-32.635
-32.6356
-32.6362
-32.6367
-32.6371
-32.6374
-32.6376
-32.6377
-32.6376
-32.6375
-32.6373
-32.637
-32.6368
-32.6366
-32.6365
-32.6365
-33.1097
-33.1097
-33.1101
-33.1108
-33.1115
-33.1124
-33.1134
-33.1143
-33.1152
-33.116
-33.1167
-33.1171
-33.1173
-33.1172
-33.1167
-33.116
-33.115
-33.1137
-33.1122
-33.1106
-33.1089
-33.1071
-33.1053
-33.1036
-33.1019
-33.1003
-33.0987
-33.0972
-33.0958
-33.0944
-33.0932
-33.0919
-33.0907
-33.0896
-33.0885
-33.0875
-33.0867
-33.086
-33.0857
-33.0857
-33.0863
-33.0874
-33.0893
-33.092
-33.0956
-33.1001
-33.1054
-33.1112
-33.1171
-33.1223
-33.1264
-33.129
-33.13
-33.1296
-33.1284
-33.127
-33.1255
-33.1244
-33.1236
-33.1231
-33.123
-33.1231
-33.1234
-33.1238
-33.1243
-33.1247
-33.1252
-33.1256
-33.1259
-33.1261
-33.1263
-33.1264
-33.1263
-33.1262
-33.1261
-33.1259
-33.1258
-33.1256
-33.1256
-33.1256
-33.6003
-33.6003
-33.6007
-33.6012
-33.6018
-33.6024
-33.6032
-33.6039
-33.6046
-33.6052
-33.6056
-33.6059
-33.606
-33.6059
-33.6055
-33.6049
-33.604
-33.6029
-33.6017
-33.6004
-33.5989
-33.5974
-33.5959
-33.5944
-33.5929
-33.5915
-33.5901
-33.5888
-33.5875
-33.5863
-33.5851
-33.584
-33.583
-33.582
-33.5812
-33.5804
-33.5798
-33.5794
-33.5793
-33.5796
-33.5802
-33.5814
-33.5832
-33.5857
-33.5888
-33.5925
-33.5968
-33.6013
-33.6058
-33.6099
-33.6133
-33.6153
-33.6164
-33.6165
-33.6161
-33.6153
-33.6145
-33.6138
-33.6132
-33.6129
-33.6128
-33.6128
-33.613
-33.6132
-33.6136
-33.6139
-33.6142
-33.6145
-33.6148
-33.615
-33.6151
-33.6152
-33.6152
-33.6151
-33.615
-33.6149
-33.6148
-33.6147
-33.6146
-33.6147
-34.0908
-34.0909
-34.0912
-34.0915
-34.092
-34.0925
-34.093
-34.0936
-34.0941
-34.0945
-34.0949
-34.0951
-34.0951
-34.0949
-34.0946
-34.0941
-34.0933
-34.0925
-34.0914
-34.0903
-34.0891
-34.0878
-34.0865
-34.0852
-34.0839
-34.0827
-34.0815
-34.0803
-34.0792
-34.0781
-34.0771
-34.0761
-34.0752
-34.0744
-34.0737
-34.0732
-34.0727
-34.0725
-34.0726
-34.073
-34.0737
-34.0749
-34.0765
-34.0787
-34.0813
-34.0844
-34.0878
-34.0914
-34.0949
-34.0981
-34.1007
-34.1026
-34.1037
-34.1042
-34.1042
-34.1039
-34.1034
-34.103
-34.1026
-34.1024
-34.1023
-34.1023
-34.1024
-34.1026
-34.1028
-34.1031
-34.1033
-34.1036
-34.1037
-34.1039
-34.104
-34.1041
-34.1041
-34.104
-34.104
-34.1039
-34.1038
-34.1038
-34.1037
-34.1037
-34.5814
-34.5814
-34.5816
-34.5819
-34.5822
-34.5826
-34.583
-34.5834
-34.5837
-34.5841
-34.5843
-34.5844
-34.5844
-34.5843
-34.5839
-34.5835
-34.5829
-34.5822
-34.5813
-34.5804
-34.5794
-34.5783
-34.5772
-34.5761
-34.575
-34.5739
-34.5729
-34.5718
-34.5708
-34.5699
-34.569
-34.5682
-34.5674
-34.5667
-34.5662
-34.5657
-34.5655
-34.5654
-34.5655
-34.566
-34.5667
-34.5678
-34.5693
-34.5712
-34.5734
-34.576
-34.5787
-34.5816
-34.5843
-34.5869
-34.589
-34.5906
-34.5917
-34.5923
-34.5925
-34.5925
-34.5923
-34.5921
-34.5919
-34.5918
-34.5917
-34.5917
-34.5918
-34.5919
-34.5921
-34.5923
-34.5925
-34.5926
-34.5928
-34.5929
-34.593
-34.593
-34.593
-34.593
-34.593
-34.5929
-34.5929
-34.5928
-34.5928
-34.5928
-35.0719
-35.0719
-35.072
-35.0722
-35.0725
-35.0727
-35.073
-35.0733
-35.0735
-35.0737
-35.0739
-35.0739
-35.0739
-35.0738
-35.0735
-35.0731
-35.0727
-35.0721
-35.0714
-35.0706
-35.0698
-35.0689
-35.068
-35.0671
-35.0661
-35.0652
-35.0643
-35.0634
-35.0625
-35.0617
-35.0609
-35.0602
-35.0595
-35.059
-35.0585
-35.0582
-35.058
-35.058
-35.0582
-35.0587
-35.0594
-35.0604
-35.0617
-35.0633
-35.0652
-35.0673
-35.0695
-35.0718
-35.074
-35.076
-35.0778
-35.0792
-35.0802
-35.0808
-35.0812
-35.0813
-35.0813
-35.0812
-35.0812
-35.0811
-35.0811
-35.0811
-35.0811
-35.0812
-35.0813
-35.0815
-35.0816
-35.0817
-35.0818
-35.0819
-35.082
-35.082
-35.082
-35.082
-35.082
-35.082
-35.0819
-35.0819
-35.0819
-35.0819
-35.5623
-35.5624
-35.5624
-35.5626
-35.5627
-35.5629
-35.5631
-35.5633
-35.5634
-35.5635
-35.5636
-35.5636
-35.5636
-35.5635
-35.5632
-35.5629
-35.5626
-35.5621
-35.5616
-35.561
-35.5603
-35.5596
-35.5588
-35.5581
-35.5573
-35.5565
-35.5557
-35.5549
-35.5542
-35.5534
-35.5528
-35.5521
-35.5516
-35.5511
-35.5508
-35.5505
-35.5504
-35.5504
-35.5507
-35.5511
-35.5518
-35.5526
-35.5538
-35.5551
-35.5567
-35.5584
-35.5602
-35.562
-35.5638
-35.5655
-35.5669
-35.5681
-35.569
-35.5696
-35.57
-35.5702
-35.5703
-35.5704
-35.5704
-35.5703
-35.5703
-35.5704
-35.5704
-35.5705
-35.5706
-35.5707
-35.5708
-35.5709
-35.571
-35.571
-35.5711
-35.5711
-35.5711
-35.5711
-35.5711
-35.571
-35.571
-35.571
-35.571
-35.571
-36.0528
-36.0528
-36.0528
-36.0529
-36.053
-36.0531
-36.0532
-36.0533
-36.0534
-36.0535
-36.0535
-36.0535
-36.0534
-36.0533
-36.0531
-36.0529
-36.0526
-36.0523
-36.0519
-36.0514
-36.0509
-36.0503
-36.0497
-36.0491
-36.0484
-36.0477
-36.0471
-36.0464
-36.0458
-36.0451
-36.0446
-36.044
-36.0436
-36.0432
-36.0429
-36.0427
-36.0426
-36.0427
-36.0429
-36.0433
-36.0439
-36.0447
-36.0456
-36.0467
-36.048
-36.0494
-36.0509
-36.0523
-36.0538
-36.0551
-36.0563
-36.0573
-36.0581
-36.0586
-36.059
-36.0593
-36.0595
-36.0595
-36.0596
-36.0596
-36.0596
-36.0597
-36.0597
-36.0598
-36.0598
-36.0599
-36.06
-36.06
-36.0601
-36.0601
-36.0602
-36.0602
-36.0602
-36.0602
-36.0601
-36.0601
-36.0601
-36.0601
-36.0601
-36.0601
-36.5432
-36.5431
-36.5432
-36.5432
-36.5433
-36.5433
-36.5434
-36.5434
-36.5435
-36.5435
-36.5435
-36.5434
-36.5434
-36.5433
-36.5432
-36.543
-36.5428
-36.5425
-36.5422
-36.5419
-36.5415
-36.541
-36.5405
-36.54
-36.5395
-36.5389
-36.5384
-36.5378
-36.5373
-36.5368
-36.5363
-36.5359
-36.5355
-36.5352
-36.535
-36.5348
-36.5348
-36.5349
-36.5351
-36.5354
-36.5359
-36.5365
-36.5373
-36.5382
-36.5393
-36.5404
-36.5415
-36.5427
-36.5438
-36.5449
-36.5458
-36.5467
-36.5473
-36.5478
-36.5482
-36.5485
-36.5486
-36.5487
-36.5488
-36.5489
-36.5489
-36.5489
-36.549
-36.549
-36.5491
-36.5491
-36.5492
-36.5492
-36.5493
-36.5493
-36.5493
-36.5493
-36.5493
-36.5493
-36.5493
-36.5492
-36.5492
-36.5492
-36.5492
-36.5492
-37.0335
-37.0335
-37.0335
-37.0335
-37.0336
-37.0336
-37.0336
-37.0336
-37.0336
-37.0336
-37.0336
-37.0335
-37.0335
-37.0334
-37.0333
-37.0332
-37.033
-37.0329
-37.0326
-37.0324
-37.0321
-37.0318
-37.0314
-37.031
-37.0306
-37.0301
-37.0297
-37.0292
-37.0288
-37.0284
-37.028
-37.0277
-37.0274
-37.0271
-37.0269
-37.0268
-37.0268
-37.0269
-37.0271
-37.0274
-37.0278
-37.0283
-37.0289
-37.0296
-37.0304
-37.0313
-37.0322
-37.0331
-37.034
-37.0348
-37.0356
-37.0362
-37.0367
-37.0372
-37.0375
-37.0377
-37.0379
-37.038
-37.0381
-37.0381
-37.0382
-37.0382
-37.0383
-37.0383
-37.0383
-37.0384
-37.0384
-37.0384
-37.0385
-37.0385
-37.0385
-37.0385
-37.0385
-37.0384
-37.0384
-37.0384
-37.0384
-37.0384
-37.0384
-37.0384
-37.5239
-37.5239
-37.5239
-37.5239
-37.5239
-37.5239
-37.5239
-37.5239
-37.5238
-37.5238
-37.5238
-37.5238
-37.5237
-37.5237
-37.5236
-37.5235
-37.5234
-37.5233
-37.5231
-37.523
-37.5228
-37.5225
-37.5222
-37.5219
-37.5216
-37.5213
-37.5209
-37.5206
-37.5203
-37.52
-37.5197
-37.5194
-37.5192
-37.519
-37.5189
-37.5188
-37.5188
-37.5189
-37.519
-37.5192
-37.5195
-37.5199
-37.5204
-37.521
-37.5216
-37.5222
-37.5229
-37.5235
-37.5242
-37.5248
-37.5254
-37.5258
-37.5262
-37.5266
-37.5268
-37.527
-37.5272
-37.5273
-37.5274
-37.5274
-37.5275
-37.5275
-37.5275
-37.5276
-37.5276
-37.5276
-37.5276
-37.5277
-37.5277
-37.5277
-37.5277
-37.5277
-37.5276
-37.5276
-37.5276
-37.5276
-37.5276
-37.5276
-37.5276
-37.5276
-38.0142
-38.0142
-38.0142
-38.0142
-38.0142
-38.0142
-38.0142
-38.0141
-38.0141
-38.0141
-38.0141
-38.014
-38.014
-38.014
-38.0139
-38.0139
-38.0138
-38.0138
-38.0137
-38.0136
-38.0134
-38.0133
-38.0131
-38.0129
-38.0127
-38.0124
-38.0122
-38.012
-38.0117
-38.0115
-38.0113
-38.0111
-38.011
-38.0108
-38.0107
-38.0107
-38.0107
-38.0108
-38.0109
-38.011
-38.0112
-38.0115
-38.0119
-38.0122
-38.0126
-38.0131
-38.0135
-38.014
-38.0144
-38.0148
-38.0152
-38.0156
-38.0158
-38.0161
-38.0163
-38.0164
-38.0165
-38.0166
-38.0167
-38.0167
-38.0168
-38.0168
-38.0168
-38.0168
-38.0169
-38.0169
-38.0169
-38.0169
-38.0169
-38.0169
-38.0169
-38.0169
-38.0169
-38.0168
-38.0168
-38.0168
-38.0168
-38.0168
-38.0168
-38.0168
-38.5045
-38.5045
-38.5045
-38.5045
-38.5045
-38.5045
-38.5045
-38.5045
-38.5045
-38.5044
-38.5044
-38.5044
-38.5044
-38.5044
-38.5043
-38.5043
-38.5043
-38.5043
-38.5042
-38.5042
-38.5041
-38.504
-38.5039
-38.5038
-38.5037
-38.5036
-38.5035
-38.5033
-38.5032
-38.5031
-38.503
-38.5028
-38.5027
-38.5027
-38.5026
-38.5026
-38.5026
-38.5026
-38.5027
-38.5028
-38.5029
-38.503
-38.5032
-38.5034
-38.5037
-38.5039
-38.5042
-38.5044
-38.5047
-38.5049
-38.5051
-38.5053
-38.5055
-38.5056
-38.5057
-38.5058
-38.5059
-38.506
-38.506
-38.506
-38.5061
-38.5061
-38.5061
-38.5061
-38.5061
-38.5061
-38.5061
-38.5061
-38.5061
-38.5061
-38.5061
-38.5061
-38.5061
-38.5061
-38.5061
-38.5061
-38.5061
-38.5061
-38.5061
-38.5061
-38.9948
-38.9948
-38.9948
-38.9948
-38.9948
-38.9948
-38.9948
-38.9948
-38.9948
-38.9948
-38.9948
-38.9948
-38.9948
-38.9948
-38.9948
-38.9948
-38.9948
-38.9948
-38.9948
-38.9948
-38.9948
-38.9948
-38.9948
-38.9948
-38.9948
-38.9948
-38.9948
-38.9947
-38.9947
-38.9947
-38.9946
-38.9946
-38.9945
-38.9945
-38.9945
-38.9945
-38.9944
-38.9944
-38.9944
-38.9945
-38.9945
-38.9945
-38.9946
-38.9946
-38.9947
-38.9947
-38.9948
-38.9949
-38.9949
-38.995
-38.995
-38.9951
-38.9952
-38.9952
-38.9952
-38.9953
-38.9953
-38.9953
-38.9953
-38.9953
-38.9954
-38.9954
-38.9954
-38.9954
-38.9954
-38.9954
-38.9954
-38.9954
-38.9954
-38.9954
-38.9954
-38.9954
-38.9954
-38.9954
-38.9954
-38.9954
-38.9953
-38.9953
-38.9954
-38.9954
)
;

boundaryField
{
    lowerWall
    {
        type            calculated;
        value           nonuniform List<scalar> 
80
(
7753.9
7754.26
7754.88
7755.77
7756.91
7758.26
7759.81
7761.53
7763.4
7765.38
7767.45
7769.56
7771.66
7773.7
7775.64
7777.42
7778.99
7780.31
7781.34
7782.04
7782.4
7782.39
7782.03
7781.32
7780.26
7778.89
7777.24
7775.36
7773.3
7771.11
7768.85
7766.6
7764.4
7762.32
7760.43
7758.77
7757.38
7756.31
7755.59
7755.24
7755.26
7755.65
7756.41
7757.51
7758.92
7760.6
7762.5
7764.57
7766.75
7768.97
7771.18
7773.3
7775.29
7777.09
7778.64
7779.91
7780.85
7781.45
7781.68
7781.56
7781.07
7780.24
7779.09
7777.65
7775.96
7774.07
7772.03
7769.89
7767.7
7765.52
7763.38
7761.34
7759.43
7757.67
7756.08
7754.7
7753.55
7752.64
7752.01
7751.65
)
;
    }
    rightWall
    {
        type            calculated;
        value           nonuniform List<scalar> 
80
(
7558.15
7170.79
6783.14
6395.18
6006.88
5618.22
5229.18
4839.74
4449.87
4059.57
3668.85
3277.74
2886.27
2494.42
2102.21
1709.5
1316.24
922.44
529.318
176.208
7.69381
-8.65978
-9.24802
-9.83419
-10.4637
-11.0971
-11.7142
-12.324
-12.9094
-13.4478
-14.0129
-14.6931
-15.477
-16.2318
-16.8582
-17.3712
-17.8264
-18.2579
-18.6997
-19.1625
-19.6405
-20.1281
-20.6262
-21.1354
-21.6551
-22.1844
-22.7196
-23.255
-23.7851
-24.3054
-24.8145
-25.3137
-25.8054
-26.293
-26.7793
-27.2655
-27.752
-28.239
-28.7265
-29.2146
-29.703
-30.1916
-30.6804
-31.1694
-31.6584
-32.1474
-32.6365
-33.1256
-33.6147
-34.1037
-34.5928
-35.0819
-35.571
-36.0601
-36.5492
-37.0384
-37.5276
-38.0168
-38.5061
-38.9954
)
;
    }
    atmosphere
    {
        type            calculated;
        value           nonuniform List<scalar> 
80
(
-39.24
-39.24
-39.24
-39.24
-39.24
-39.24
-39.24
-39.24
-39.24
-39.24
-39.24
-39.24
-39.24
-39.24
-39.24
-39.24
-39.24
-39.2401
-39.2401
-39.2401
-39.2402
-39.2402
-39.2403
-39.2403
-39.2404
-39.2404
-39.2404
-39.2405
-39.2405
-39.2405
-39.2405
-39.2405
-39.2405
-39.2405
-39.2404
-39.2404
-39.2404
-39.2404
-39.2403
-39.2403
-39.2403
-39.2402
-39.2402
-39.2402
-39.2401
-39.2401
-39.2401
-39.2401
-39.24
-39.24
-39.24
-39.24
-39.24
-39.24
-39.24
-39.24
-39.24
-39.24
-39.24
-39.24
-39.24
-39.24
-39.24
-39.24
-39.24
-39.24
-39.24
-39.24
-39.24
-39.24
-39.24
-39.24
-39.24
-39.24
-39.24
-39.24
-39.24
-39.24
-39.24
-39.24
)
;
    }
    leftWall
    {
        type            calculated;
        value           nonuniform List<scalar> 
80
(
7560.4
7173.05
6785.41
6397.45
6009.17
5620.54
5231.53
4842.11
4452.27
4061.98
3671.27
3280.15
2888.63
2496.68
2104.34
1711.4
1317.77
923.279
531.37
175.943
6.59257
-9.53972
-10.1139
-10.6637
-11.2447
-11.8401
-12.4149
-12.9646
-13.5089
-14.0731
-14.6084
-15.111
-15.6148
-16.12
-16.6241
-17.126
-17.6254
-18.122
-18.616
-19.1082
-19.5998
-20.0927
-20.5886
-21.0886
-21.5931
-22.1018
-22.614
-23.1285
-23.6437
-24.1583
-24.6713
-25.1819
-25.6897
-26.1946
-26.6967
-27.1964
-27.694
-28.1899
-28.6845
-29.1781
-29.6709
-30.1631
-30.6549
-31.1464
-31.6375
-32.1283
-32.619
-33.1097
-33.6003
-34.0908
-34.5814
-35.0719
-35.5623
-36.0528
-36.5432
-37.0335
-37.5239
-38.0142
-38.5045
-38.9948
)
;
    }
    frontAndBack
    {
        type            empty;
    }
}


// ************************************************************************* //
