/*--------------------------------*- C++ -*----------------------------------*\
| =========                 |                                                 |
| \\      /  F ield         | OpenFOAM: The Open Source CFD Toolbox           |
|  \\    /   O peration     | Version:  2412                                  |
|   \\  /    A nd           | Website:  www.openfoam.com                      |
|    \\/     M anipulation  |                                                 |
\*---------------------------------------------------------------------------*/
FoamFile
{
    version     2.0;
    format      ascii;
    arch        "LSB;label=32;scalar=64";
    class       volScalarField;
    location    "2.7";
    object      p;
}
// * * * * * * * * * * * * * * * * * * * * * * * * * * * * * * * * * * * * * //

dimensions      [1 -1 -2 0 0 0 0];

internalField   nonuniform List<scalar> 
6400
(
13572.1
13572.1
13572.1
13572.1
13572.1
13572.1
13572.1
13572.1
13572.1
13572.1
13572.1
13572.1
13572.1
13572.1
13572.1
13572.1
13572.1
13572.1
13572.1
13572.2
13572.2
13572.2
13572.2
13572.2
13572.2
13572.2
13572.2
13572.2
13572.2
13572.2
13572.2
13572.2
13572.2
13572.2
13572.2
13572.2
13572.2
13572.2
13572.2
13572.2
13572.2
13572.2
13572.2
13572.2
13572.2
13572.2
13572.2
13572.2
13572.2
13572.2
13572.2
13572.2
13572.2
13572.2
13572.2
13572.2
13572.2
13572.2
13572.2
13572.2
13572.2
13572.2
13572.2
13572.2
13572.2
13572.2
13572.2
13572.2
13572.2
13572.2
13572.2
13572.1
13572.1
13572.1
13572.1
13572.1
13572.1
13572.1
13572.1
13572.1
12875.6
12875.6
12875.6
12875.6
12875.6
12875.6
12875.6
12875.6
12875.6
12875.6
12875.6
12875.6
12875.6
12875.6
12875.6
12875.6
12875.6
12875.6
12875.6
12875.6
12875.6
12875.6
12875.6
12875.6
12875.6
12875.6
12875.6
12875.6
12875.6
12875.6
12875.6
12875.6
12875.6
12875.6
12875.6
12875.6
12875.6
12875.6
12875.6
12875.6
12875.6
12875.6
12875.6
12875.6
12875.6
12875.6
12875.6
12875.6
12875.6
12875.6
12875.6
12875.6
12875.6
12875.6
12875.6
12875.6
12875.6
12875.6
12875.6
12875.6
12875.6
12875.6
12875.6
12875.6
12875.6
12875.6
12875.6
12875.6
12875.6
12875.6
12875.6
12875.6
12875.6
12875.6
12875.6
12875.6
12875.6
12875.6
12875.6
12875.6
12179.1
12179.1
12179.1
12179.1
12179.1
12179.1
12179.1
12179.1
12179.1
12179.1
12179.1
12179.1
12179.1
12179.1
12179.1
12179.1
12179.1
12179.1
12179.1
12179.1
12179.1
12179.1
12179.1
12179.1
12179.1
12179.1
12179.1
12179.1
12179.1
12179.1
12179.1
12179.1
12179.1
12179.1
12179.1
12179.1
12179.1
12179.1
12179.1
12179.1
12179.1
12179.1
12179.1
12179.1
12179.1
12179.1
12179.1
12179.1
12179.1
12179.1
12179.1
12179.1
12179.1
12179.1
12179.1
12179.1
12179.1
12179.1
12179.1
12179.1
12179.1
12179.1
12179.1
12179.1
12179.1
12179.1
12179.1
12179.1
12179.1
12179.1
12179.1
12179.1
12179.1
12179.1
12179.1
12179.1
12179.1
12179.1
12179.1
12179.1
11482.6
11482.6
11482.6
11482.6
11482.6
11482.6
11482.6
11482.6
11482.6
11482.6
11482.6
11482.6
11482.6
11482.6
11482.6
11482.6
11482.6
11482.6
11482.6
11482.6
11482.6
11482.6
11482.6
11482.6
11482.6
11482.6
11482.6
11482.6
11482.6
11482.6
11482.6
11482.6
11482.6
11482.6
11482.6
11482.6
11482.6
11482.6
11482.6
11482.6
11482.6
11482.6
11482.6
11482.6
11482.6
11482.6
11482.6
11482.6
11482.6
11482.6
11482.6
11482.6
11482.6
11482.6
11482.6
11482.6
11482.6
11482.6
11482.6
11482.6
11482.6
11482.6
11482.6
11482.6
11482.6
11482.6
11482.6
11482.6
11482.6
11482.6
11482.6
11482.6
11482.6
11482.6
11482.6
11482.6
11482.6
11482.6
11482.6
11482.6
10786.1
10786.1
10786.1
10786.1
10786.1
10786.1
10786.1
10786.1
10786.1
10786.1
10786.1
10786.1
10786.1
10786.1
10786.1
10786.1
10786.1
10786.1
10786.1
10786.1
10786.1
10786.1
10786.1
10786.1
10786.1
10786.1
10786.1
10786.1
10786.1
10786.1
10786.1
10786.1
10786.1
10786.1
10786.1
10786.1
10786.1
10786.1
10786.1
10786.1
10786.1
10786.1
10786.1
10786.1
10786.1
10786.1
10786.1
10786.1
10786.1
10786.1
10786.1
10786.1
10786.1
10786.1
10786.1
10786.1
10786.1
10786.1
10786.1
10786.1
10786.1
10786.1
10786.1
10786.1
10786.1
10786.1
10786.1
10786.1
10786.1
10786.1
10786.1
10786.1
10786.1
10786.1
10786.1
10786.1
10786.1
10786.1
10786.1
10786.1
10089.6
10089.6
10089.6
10089.6
10089.6
10089.6
10089.6
10089.6
10089.6
10089.6
10089.6
10089.6
10089.6
10089.6
10089.6
10089.6
10089.6
10089.6
10089.6
10089.6
10089.6
10089.6
10089.6
10089.6
10089.6
10089.6
10089.6
10089.6
10089.6
10089.6
10089.6
10089.6
10089.6
10089.6
10089.6
10089.6
10089.6
10089.6
10089.6
10089.6
10089.6
10089.6
10089.6
10089.6
10089.6
10089.6
10089.6
10089.6
10089.6
10089.6
10089.6
10089.6
10089.6
10089.6
10089.6
10089.6
10089.6
10089.6
10089.6
10089.6
10089.6
10089.6
10089.6
10089.6
10089.6
10089.6
10089.6
10089.6
10089.6
10089.6
10089.6
10089.6
10089.6
10089.6
10089.6
10089.6
10089.6
10089.6
10089.6
10089.6
9393.09
9393.09
9393.09
9393.09
9393.09
9393.09
9393.09
9393.09
9393.09
9393.09
9393.09
9393.09
9393.09
9393.09
9393.09
9393.09
9393.09
9393.09
9393.09
9393.09
9393.09
9393.09
9393.09
9393.09
9393.09
9393.09
9393.09
9393.09
9393.09
9393.09
9393.09
9393.09
9393.09
9393.09
9393.09
9393.09
9393.09
9393.09
9393.09
9393.09
9393.09
9393.09
9393.09
9393.09
9393.09
9393.09
9393.09
9393.09
9393.09
9393.09
9393.09
9393.09
9393.09
9393.09
9393.09
9393.09
9393.09
9393.09
9393.09
9393.09
9393.09
9393.09
9393.09
9393.09
9393.09
9393.09
9393.09
9393.09
9393.09
9393.09
9393.09
9393.09
9393.09
9393.09
9393.09
9393.09
9393.09
9393.09
9393.09
9393.09
8696.58
8696.58
8696.58
8696.58
8696.58
8696.58
8696.58
8696.58
8696.58
8696.58
8696.58
8696.58
8696.58
8696.58
8696.58
8696.58
8696.58
8696.58
8696.58
8696.58
8696.58
8696.58
8696.58
8696.58
8696.58
8696.58
8696.58
8696.58
8696.58
8696.58
8696.58
8696.58
8696.58
8696.58
8696.58
8696.58
8696.58
8696.58
8696.58
8696.58
8696.58
8696.58
8696.58
8696.58
8696.58
8696.58
8696.58
8696.58
8696.58
8696.58
8696.58
8696.58
8696.58
8696.58
8696.58
8696.58
8696.58
8696.58
8696.58
8696.58
8696.58
8696.58
8696.58
8696.58
8696.58
8696.58
8696.58
8696.58
8696.58
8696.58
8696.58
8696.58
8696.58
8696.58
8696.58
8696.58
8696.58
8696.58
8696.58
8696.58
8000.07
8000.07
8000.07
8000.07
8000.07
8000.07
8000.07
8000.07
8000.07
8000.07
8000.07
8000.07
8000.07
8000.07
8000.07
8000.07
8000.07
8000.07
8000.07
8000.07
8000.07
8000.07
8000.07
8000.07
8000.07
8000.07
8000.07
8000.07
8000.07
8000.07
8000.07
8000.07
8000.07
8000.07
8000.07
8000.07
8000.07
8000.07
8000.07
8000.07
8000.07
8000.07
8000.07
8000.07
8000.07
8000.07
8000.07
8000.07
8000.07
8000.07
8000.07
8000.07
8000.07
8000.07
8000.07
8000.07
8000.07
8000.07
8000.07
8000.07
8000.07
8000.07
8000.07
8000.07
8000.07
8000.07
8000.07
8000.07
8000.07
8000.07
8000.07
8000.07
8000.07
8000.07
8000.07
8000.07
8000.07
8000.07
8000.07
8000.07
7303.56
7303.56
7303.56
7303.56
7303.56
7303.56
7303.56
7303.56
7303.56
7303.56
7303.56
7303.56
7303.56
7303.56
7303.56
7303.56
7303.56
7303.56
7303.56
7303.56
7303.56
7303.56
7303.56
7303.56
7303.56
7303.56
7303.56
7303.56
7303.56
7303.56
7303.56
7303.56
7303.56
7303.56
7303.56
7303.56
7303.56
7303.56
7303.56
7303.56
7303.56
7303.56
7303.56
7303.56
7303.56
7303.56
7303.56
7303.56
7303.56
7303.56
7303.56
7303.56
7303.56
7303.56
7303.56
7303.56
7303.56
7303.56
7303.56
7303.56
7303.56
7303.56
7303.56
7303.56
7303.56
7303.56
7303.56
7303.56
7303.56
7303.56
7303.56
7303.56
7303.56
7303.56
7303.56
7303.56
7303.56
7303.56
7303.56
7303.56
6607.05
6607.05
6607.05
6607.05
6607.05
6607.05
6607.05
6607.05
6607.05
6607.05
6607.05
6607.05
6607.05
6607.05
6607.05
6607.05
6607.05
6607.05
6607.05
6607.05
6607.05
6607.05
6607.05
6607.05
6607.05
6607.05
6607.05
6607.05
6607.05
6607.05
6607.05
6607.05
6607.05
6607.05
6607.05
6607.05
6607.05
6607.05
6607.05
6607.05
6607.05
6607.05
6607.05
6607.05
6607.05
6607.05
6607.05
6607.05
6607.05
6607.05
6607.05
6607.05
6607.05
6607.05
6607.05
6607.05
6607.05
6607.05
6607.05
6607.05
6607.05
6607.05
6607.05
6607.05
6607.05
6607.05
6607.05
6607.05
6607.05
6607.05
6607.05
6607.05
6607.05
6607.05
6607.05
6607.05
6607.05
6607.05
6607.05
6607.05
5910.54
5910.54
5910.54
5910.54
5910.54
5910.54
5910.54
5910.54
5910.54
5910.54
5910.54
5910.54
5910.54
5910.54
5910.54
5910.54
5910.54
5910.54
5910.54
5910.54
5910.54
5910.54
5910.54
5910.54
5910.54
5910.54
5910.54
5910.54
5910.54
5910.54
5910.54
5910.54
5910.54
5910.54
5910.54
5910.54
5910.54
5910.54
5910.54
5910.54
5910.54
5910.54
5910.54
5910.54
5910.54
5910.54
5910.54
5910.54
5910.54
5910.54
5910.54
5910.54
5910.54
5910.54
5910.54
5910.54
5910.54
5910.54
5910.54
5910.54
5910.54
5910.54
5910.54
5910.54
5910.54
5910.54
5910.54
5910.54
5910.54
5910.54
5910.54
5910.54
5910.54
5910.54
5910.54
5910.54
5910.54
5910.54
5910.54
5910.54
5214.03
5214.03
5214.03
5214.03
5214.03
5214.03
5214.03
5214.03
5214.03
5214.03
5214.03
5214.03
5214.03
5214.03
5214.03
5214.03
5214.03
5214.03
5214.03
5214.03
5214.03
5214.03
5214.03
5214.03
5214.03
5214.03
5214.03
5214.03
5214.03
5214.03
5214.03
5214.03
5214.03
5214.03
5214.03
5214.03
5214.03
5214.03
5214.03
5214.03
5214.03
5214.03
5214.03
5214.03
5214.03
5214.03
5214.03
5214.03
5214.03
5214.03
5214.03
5214.03
5214.03
5214.03
5214.03
5214.03
5214.03
5214.03
5214.03
5214.03
5214.03
5214.03
5214.03
5214.03
5214.03
5214.03
5214.03
5214.03
5214.03
5214.03
5214.03
5214.03
5214.03
5214.03
5214.03
5214.03
5214.03
5214.03
5214.03
5214.03
4517.52
4517.52
4517.52
4517.52
4517.52
4517.52
4517.52
4517.52
4517.52
4517.52
4517.52
4517.52
4517.52
4517.52
4517.52
4517.52
4517.52
4517.52
4517.52
4517.52
4517.52
4517.52
4517.52
4517.52
4517.52
4517.52
4517.52
4517.52
4517.52
4517.52
4517.52
4517.52
4517.52
4517.52
4517.52
4517.52
4517.52
4517.52
4517.52
4517.52
4517.52
4517.52
4517.52
4517.52
4517.52
4517.52
4517.52
4517.52
4517.52
4517.52
4517.52
4517.52
4517.52
4517.52
4517.52
4517.52
4517.52
4517.52
4517.52
4517.52
4517.52
4517.52
4517.52
4517.52
4517.52
4517.52
4517.52
4517.52
4517.52
4517.52
4517.52
4517.52
4517.52
4517.52
4517.52
4517.52
4517.52
4517.52
4517.52
4517.52
3821.01
3821.01
3821.01
3821.01
3821.01
3821.01
3821.01
3821.01
3821.01
3821.01
3821.01
3821.01
3821.01
3821.01
3821.01
3821.01
3821.01
3821.01
3821.01
3821.01
3821.01
3821.01
3821.01
3821.01
3821.01
3821.01
3821.01
3821.01
3821.01
3821.01
3821.01
3821.01
3821.01
3821.01
3821.01
3821.01
3821.01
3821.01
3821.01
3821.01
3821.01
3821.01
3821.01
3821.01
3821.01
3821.01
3821.01
3821.01
3821.01
3821.01
3821.01
3821.01
3821.01
3821.01
3821.01
3821.01
3821.01
3821.01
3821.01
3821.01
3821.01
3821.01
3821.01
3821.01
3821.01
3821.01
3821.01
3821.01
3821.01
3821.01
3821.01
3821.01
3821.01
3821.01
3821.01
3821.01
3821.01
3821.01
3821.01
3821.01
3124.5
3124.5
3124.5
3124.5
3124.5
3124.5
3124.5
3124.5
3124.5
3124.5
3124.5
3124.5
3124.5
3124.5
3124.5
3124.5
3124.5
3124.5
3124.5
3124.5
3124.5
3124.5
3124.5
3124.5
3124.5
3124.5
3124.5
3124.5
3124.5
3124.5
3124.5
3124.5
3124.5
3124.5
3124.5
3124.5
3124.5
3124.5
3124.5
3124.5
3124.5
3124.5
3124.5
3124.5
3124.5
3124.5
3124.5
3124.5
3124.5
3124.5
3124.5
3124.5
3124.5
3124.5
3124.5
3124.5
3124.5
3124.5
3124.5
3124.5
3124.5
3124.5
3124.5
3124.5
3124.5
3124.5
3124.5
3124.5
3124.5
3124.5
3124.5
3124.5
3124.5
3124.5
3124.5
3124.5
3124.5
3124.5
3124.5
3124.5
2427.99
2427.99
2427.99
2427.99
2427.99
2427.99
2427.99
2427.99
2427.99
2427.99
2427.99
2427.99
2427.99
2427.99
2427.99
2427.99
2427.99
2427.99
2427.99
2427.99
2427.99
2427.99
2427.99
2427.99
2427.99
2427.99
2427.99
2427.99
2427.99
2427.99
2427.99
2427.99
2427.99
2427.99
2427.99
2427.99
2427.99
2427.99
2427.99
2427.99
2427.99
2427.99
2427.99
2427.99
2427.99
2427.99
2427.99
2427.99
2427.99
2427.99
2427.99
2427.99
2427.99
2427.99
2427.99
2427.99
2427.99
2427.99
2427.99
2427.99
2427.99
2427.99
2427.99
2427.99
2427.99
2427.99
2427.99
2427.99
2427.99
2427.99
2427.99
2427.99
2427.99
2427.99
2427.99
2427.99
2427.99
2427.99
2427.99
2427.99
1731.48
1731.48
1731.48
1731.48
1731.48
1731.48
1731.48
1731.48
1731.48
1731.48
1731.48
1731.48
1731.48
1731.48
1731.48
1731.48
1731.48
1731.48
1731.48
1731.48
1731.48
1731.48
1731.48
1731.48
1731.48
1731.48
1731.48
1731.48
1731.48
1731.48
1731.48
1731.48
1731.48
1731.48
1731.48
1731.48
1731.48
1731.48
1731.48
1731.48
1731.48
1731.48
1731.48
1731.48
1731.48
1731.48
1731.48
1731.48
1731.48
1731.48
1731.48
1731.48
1731.48
1731.48
1731.48
1731.48
1731.48
1731.48
1731.48
1731.48
1731.48
1731.48
1731.48
1731.48
1731.48
1731.48
1731.48
1731.48
1731.48
1731.48
1731.48
1731.48
1731.48
1731.48
1731.48
1731.48
1731.48
1731.48
1731.48
1731.48
1034.97
1034.97
1034.97
1034.97
1034.97
1034.97
1034.97
1034.97
1034.97
1034.97
1034.97
1034.97
1034.97
1034.97
1034.97
1034.97
1034.97
1034.97
1034.97
1034.97
1034.97
1034.97
1034.97
1034.97
1034.97
1034.97
1034.97
1034.97
1034.97
1034.97
1034.97
1034.97
1034.97
1034.97
1034.97
1034.97
1034.97
1034.97
1034.97
1034.97
1034.97
1034.97
1034.97
1034.97
1034.97
1034.97
1034.97
1034.97
1034.97
1034.97
1034.97
1034.97
1034.97
1034.97
1034.97
1034.97
1034.97
1034.97
1034.97
1034.97
1034.97
1034.97
1034.97
1034.97
1034.97
1034.97
1034.97
1034.97
1034.97
1034.97
1034.97
1034.97
1034.97
1034.97
1034.97
1034.97
1034.97
1034.97
1034.97
1034.97
338.455
338.455
338.454
338.454
338.454
338.455
338.455
338.455
338.455
338.455
338.455
338.455
338.456
338.456
338.456
338.456
338.456
338.457
338.457
338.457
338.457
338.458
338.458
338.458
338.459
338.459
338.459
338.459
338.46
338.46
338.46
338.46
338.461
338.461
338.461
338.461
338.461
338.461
338.462
338.462
338.462
338.462
338.462
338.462
338.462
338.461
338.461
338.461
338.461
338.461
338.461
338.46
338.46
338.46
338.46
338.46
338.459
338.459
338.459
338.459
338.458
338.458
338.458
338.458
338.458
338.457
338.457
338.457
338.457
338.457
338.457
338.457
338.456
338.456
338.456
338.456
338.456
338.456
338.456
338.456
-10.0466
-10.0465
-10.0465
-10.0464
-10.0463
-10.0462
-10.0461
-10.046
-10.0458
-10.0457
-10.0455
-10.0453
-10.0451
-10.0448
-10.0446
-10.0443
-10.0441
-10.0438
-10.0435
-10.0432
-10.0429
-10.0426
-10.0422
-10.0419
-10.0416
-10.0412
-10.0409
-10.0406
-10.0403
-10.0399
-10.0396
-10.0393
-10.0391
-10.0388
-10.0386
-10.0384
-10.0382
-10.0381
-10.038
-10.0379
-10.0379
-10.0379
-10.0379
-10.038
-10.0381
-10.0382
-10.0384
-10.0385
-10.0387
-10.039
-10.0392
-10.0394
-10.0397
-10.04
-10.0402
-10.0405
-10.0408
-10.0411
-10.0414
-10.0416
-10.0419
-10.0422
-10.0424
-10.0427
-10.0429
-10.0431
-10.0433
-10.0435
-10.0437
-10.0439
-10.0441
-10.0442
-10.0444
-10.0445
-10.0446
-10.0447
-10.0448
-10.0449
-10.045
-10.045
-10.5372
-10.5372
-10.5371
-10.5371
-10.537
-10.5369
-10.5368
-10.5367
-10.5365
-10.5363
-10.5362
-10.5359
-10.5357
-10.5355
-10.5352
-10.5349
-10.5346
-10.5343
-10.534
-10.5337
-10.5334
-10.533
-10.5327
-10.5324
-10.5321
-10.5317
-10.5314
-10.5311
-10.5308
-10.5305
-10.5302
-10.5299
-10.5296
-10.5294
-10.5291
-10.5289
-10.5288
-10.5286
-10.5285
-10.5285
-10.5284
-10.5284
-10.5285
-10.5285
-10.5286
-10.5288
-10.5289
-10.5291
-10.5293
-10.5295
-10.5297
-10.53
-10.5302
-10.5305
-10.5307
-10.531
-10.5313
-10.5316
-10.5318
-10.5321
-10.5324
-10.5327
-10.5329
-10.5332
-10.5335
-10.5338
-10.534
-10.5342
-10.5345
-10.5347
-10.5348
-10.535
-10.5351
-10.5353
-10.5354
-10.5355
-10.5355
-10.5356
-10.5356
-10.5356
-11.0277
-11.0277
-11.0276
-11.0276
-11.0275
-11.0274
-11.0273
-11.0272
-11.027
-11.0268
-11.0267
-11.0265
-11.0262
-11.026
-11.0257
-11.0255
-11.0252
-11.0249
-11.0246
-11.0242
-11.0239
-11.0236
-11.0233
-11.0229
-11.0226
-11.0223
-11.0219
-11.0216
-11.0213
-11.0209
-11.0206
-11.0204
-11.0201
-11.0198
-11.0196
-11.0194
-11.0192
-11.0191
-11.019
-11.0189
-11.0189
-11.0189
-11.0189
-11.019
-11.0191
-11.0192
-11.0194
-11.0196
-11.0198
-11.02
-11.0202
-11.0205
-11.0207
-11.021
-11.0213
-11.0215
-11.0218
-11.0221
-11.0224
-11.0227
-11.0229
-11.0232
-11.0235
-11.0238
-11.024
-11.0243
-11.0245
-11.0248
-11.025
-11.0252
-11.0253
-11.0255
-11.0256
-11.0258
-11.0259
-11.026
-11.026
-11.0261
-11.0261
-11.0261
-11.5182
-11.5182
-11.5182
-11.5181
-11.518
-11.5179
-11.5178
-11.5177
-11.5175
-11.5174
-11.5172
-11.517
-11.5167
-11.5165
-11.5163
-11.516
-11.5157
-11.5154
-11.5151
-11.5148
-11.5145
-11.5141
-11.5138
-11.5135
-11.5131
-11.5128
-11.5124
-11.5121
-11.5118
-11.5115
-11.5111
-11.5109
-11.5106
-11.5103
-11.5101
-11.5099
-11.5097
-11.5096
-11.5095
-11.5094
-11.5094
-11.5094
-11.5094
-11.5095
-11.5096
-11.5097
-11.5099
-11.5101
-11.5103
-11.5105
-11.5107
-11.511
-11.5112
-11.5115
-11.5118
-11.5121
-11.5123
-11.5126
-11.5129
-11.5132
-11.5135
-11.5138
-11.514
-11.5143
-11.5146
-11.5148
-11.515
-11.5153
-11.5155
-11.5157
-11.5159
-11.516
-11.5162
-11.5163
-11.5164
-11.5165
-11.5165
-11.5166
-11.5166
-11.5166
-12.0087
-12.0087
-12.0087
-12.0086
-12.0085
-12.0085
-12.0083
-12.0082
-12.0081
-12.0079
-12.0077
-12.0075
-12.0073
-12.007
-12.0068
-12.0065
-12.0062
-12.0059
-12.0056
-12.0053
-12.005
-12.0047
-12.0043
-12.004
-12.0037
-12.0033
-12.003
-12.0026
-12.0023
-12.002
-12.0016
-12.0013
-12.0011
-12.0008
-12.0006
-12.0004
-12.0002
-12
-11.9999
-11.9999
-11.9998
-11.9998
-11.9999
-12
-12.0001
-12.0002
-12.0004
-12.0006
-12.0008
-12.001
-12.0012
-12.0015
-12.0018
-12.002
-12.0023
-12.0026
-12.0029
-12.0032
-12.0035
-12.0037
-12.004
-12.0043
-12.0046
-12.0048
-12.0051
-12.0053
-12.0056
-12.0058
-12.006
-12.0062
-12.0064
-12.0065
-12.0067
-12.0068
-12.0069
-12.007
-12.0071
-12.0071
-12.0072
-12.0072
-12.4993
-12.4993
-12.4992
-12.4992
-12.4991
-12.499
-12.4989
-12.4988
-12.4986
-12.4984
-12.4983
-12.4981
-12.4978
-12.4976
-12.4973
-12.4971
-12.4968
-12.4965
-12.4962
-12.4959
-12.4956
-12.4952
-12.4949
-12.4946
-12.4942
-12.4939
-12.4935
-12.4932
-12.4928
-12.4925
-12.4922
-12.4918
-12.4915
-12.4913
-12.491
-12.4908
-12.4906
-12.4905
-12.4904
-12.4903
-12.4903
-12.4903
-12.4903
-12.4904
-12.4905
-12.4907
-12.4908
-12.491
-12.4913
-12.4915
-12.4918
-12.492
-12.4923
-12.4926
-12.4929
-12.4932
-12.4935
-12.4937
-12.494
-12.4943
-12.4946
-12.4949
-12.4951
-12.4954
-12.4957
-12.4959
-12.4961
-12.4963
-12.4966
-12.4967
-12.4969
-12.4971
-12.4972
-12.4973
-12.4975
-12.4975
-12.4976
-12.4977
-12.4977
-12.4977
-12.9898
-12.9898
-12.9898
-12.9897
-12.9896
-12.9896
-12.9894
-12.9893
-12.9892
-12.989
-12.9888
-12.9886
-12.9884
-12.9882
-12.9879
-12.9877
-12.9874
-12.9871
-12.9868
-12.9865
-12.9861
-12.9858
-12.9855
-12.9851
-12.9848
-12.9844
-12.9841
-12.9837
-12.9833
-12.983
-12.9827
-12.9823
-12.982
-12.9817
-12.9815
-12.9812
-12.9811
-12.9809
-12.9808
-12.9807
-12.9807
-12.9807
-12.9807
-12.9808
-12.981
-12.9811
-12.9813
-12.9815
-12.9818
-12.982
-12.9823
-12.9826
-12.9829
-12.9831
-12.9834
-12.9837
-12.984
-12.9843
-12.9846
-12.9849
-12.9852
-12.9854
-12.9857
-12.986
-12.9862
-12.9865
-12.9867
-12.9869
-12.9871
-12.9873
-12.9875
-12.9876
-12.9878
-12.9879
-12.988
-12.9881
-12.9882
-12.9882
-12.9882
-12.9883
-13.4804
-13.4804
-13.4803
-13.4803
-13.4802
-13.4801
-13.48
-13.4799
-13.4797
-13.4796
-13.4794
-13.4792
-13.479
-13.4788
-13.4785
-13.4782
-13.478
-13.4777
-13.4774
-13.4771
-13.4767
-13.4764
-13.4761
-13.4757
-13.4753
-13.475
-13.4746
-13.4742
-13.4739
-13.4735
-13.4732
-13.4728
-13.4725
-13.4722
-13.4719
-13.4717
-13.4714
-13.4713
-13.4712
-13.4711
-13.4711
-13.4711
-13.4711
-13.4712
-13.4714
-13.4716
-13.4718
-13.472
-13.4723
-13.4725
-13.4728
-13.4731
-13.4734
-13.4737
-13.474
-13.4743
-13.4746
-13.4749
-13.4752
-13.4755
-13.4758
-13.476
-13.4763
-13.4765
-13.4768
-13.477
-13.4773
-13.4775
-13.4777
-13.4779
-13.478
-13.4782
-13.4783
-13.4785
-13.4786
-13.4787
-13.4787
-13.4788
-13.4788
-13.4788
-13.971
-13.9709
-13.9709
-13.9709
-13.9708
-13.9707
-13.9706
-13.9705
-13.9703
-13.9702
-13.97
-13.9698
-13.9696
-13.9693
-13.9691
-13.9688
-13.9686
-13.9683
-13.968
-13.9677
-13.9673
-13.967
-13.9667
-13.9663
-13.9659
-13.9656
-13.9652
-13.9648
-13.9644
-13.964
-13.9637
-13.9633
-13.9629
-13.9626
-13.9623
-13.962
-13.9618
-13.9616
-13.9615
-13.9614
-13.9614
-13.9614
-13.9615
-13.9616
-13.9618
-13.962
-13.9622
-13.9625
-13.9627
-13.963
-13.9633
-13.9637
-13.964
-13.9643
-13.9646
-13.9649
-13.9652
-13.9655
-13.9658
-13.9661
-13.9664
-13.9666
-13.9669
-13.9671
-13.9674
-13.9676
-13.9678
-13.9681
-13.9683
-13.9684
-13.9686
-13.9688
-13.9689
-13.969
-13.9691
-13.9692
-13.9693
-13.9694
-13.9694
-13.9694
-14.4616
-14.4615
-14.4615
-14.4615
-14.4614
-14.4613
-14.4612
-14.4611
-14.4609
-14.4608
-14.4606
-14.4604
-14.4602
-14.46
-14.4597
-14.4595
-14.4592
-14.4589
-14.4586
-14.4583
-14.458
-14.4576
-14.4573
-14.4569
-14.4565
-14.4562
-14.4558
-14.4554
-14.455
-14.4546
-14.4541
-14.4537
-14.4534
-14.453
-14.4527
-14.4524
-14.4521
-14.4519
-14.4518
-14.4517
-14.4517
-14.4517
-14.4518
-14.4519
-14.4521
-14.4524
-14.4526
-14.4529
-14.4532
-14.4535
-14.4539
-14.4542
-14.4545
-14.4549
-14.4552
-14.4555
-14.4558
-14.4561
-14.4564
-14.4567
-14.457
-14.4572
-14.4575
-14.4578
-14.458
-14.4582
-14.4585
-14.4587
-14.4589
-14.459
-14.4592
-14.4594
-14.4595
-14.4596
-14.4597
-14.4598
-14.4599
-14.4599
-14.46
-14.46
-14.9522
-14.9521
-14.9521
-14.9521
-14.952
-14.9519
-14.9518
-14.9517
-14.9515
-14.9514
-14.9512
-14.951
-14.9508
-14.9506
-14.9504
-14.9501
-14.9498
-14.9496
-14.9493
-14.9489
-14.9486
-14.9483
-14.9479
-14.9476
-14.9472
-14.9468
-14.9464
-14.9459
-14.9455
-14.9451
-14.9446
-14.9442
-14.9438
-14.9434
-14.943
-14.9427
-14.9424
-14.9422
-14.942
-14.9419
-14.9419
-14.9419
-14.9421
-14.9422
-14.9425
-14.9427
-14.943
-14.9433
-14.9437
-14.944
-14.9444
-14.9448
-14.9451
-14.9455
-14.9458
-14.9461
-14.9465
-14.9468
-14.9471
-14.9473
-14.9476
-14.9479
-14.9481
-14.9484
-14.9486
-14.9489
-14.9491
-14.9493
-14.9495
-14.9497
-14.9498
-14.95
-14.9501
-14.9502
-14.9503
-14.9504
-14.9505
-14.9506
-14.9506
-14.9506
-15.4428
-15.4428
-15.4427
-15.4427
-15.4426
-15.4425
-15.4424
-15.4423
-15.4422
-15.442
-15.4418
-15.4417
-15.4415
-15.4412
-15.441
-15.4408
-15.4405
-15.4402
-15.4399
-15.4396
-15.4393
-15.4389
-15.4386
-15.4382
-15.4378
-15.4374
-15.437
-15.4365
-15.4361
-15.4356
-15.4351
-15.4346
-15.4342
-15.4337
-15.4333
-15.4329
-15.4326
-15.4324
-15.4322
-15.4321
-15.432
-15.4321
-15.4322
-15.4325
-15.4327
-15.433
-15.4334
-15.4338
-15.4341
-15.4345
-15.4349
-15.4353
-15.4357
-15.4361
-15.4364
-15.4368
-15.4371
-15.4374
-15.4377
-15.438
-15.4383
-15.4385
-15.4388
-15.439
-15.4393
-15.4395
-15.4397
-15.4399
-15.4401
-15.4403
-15.4404
-15.4406
-15.4407
-15.4409
-15.441
-15.441
-15.4411
-15.4412
-15.4412
-15.4412
-15.9334
-15.9334
-15.9334
-15.9333
-15.9332
-15.9332
-15.9331
-15.9329
-15.9328
-15.9327
-15.9325
-15.9323
-15.9321
-15.9319
-15.9317
-15.9314
-15.9312
-15.9309
-15.9306
-15.9303
-15.93
-15.9296
-15.9293
-15.9289
-15.9285
-15.9281
-15.9276
-15.9271
-15.9267
-15.9261
-15.9256
-15.9251
-15.9246
-15.924
-15.9236
-15.9231
-15.9227
-15.9224
-15.9222
-15.9221
-15.9221
-15.9222
-15.9224
-15.9226
-15.9229
-15.9233
-15.9237
-15.9241
-15.9246
-15.925
-15.9255
-15.9259
-15.9263
-15.9267
-15.9271
-15.9274
-15.9278
-15.9281
-15.9284
-15.9287
-15.929
-15.9292
-15.9295
-15.9297
-15.9299
-15.9302
-15.9304
-15.9306
-15.9307
-15.9309
-15.9311
-15.9312
-15.9314
-15.9315
-15.9316
-15.9317
-15.9317
-15.9318
-15.9318
-15.9318
-16.424
-16.424
-16.424
-16.4239
-16.4239
-16.4238
-16.4237
-16.4236
-16.4235
-16.4233
-16.4232
-16.423
-16.4228
-16.4226
-16.4224
-16.4221
-16.4219
-16.4216
-16.4213
-16.421
-16.4207
-16.4204
-16.42
-16.4196
-16.4192
-16.4188
-16.4183
-16.4178
-16.4172
-16.4167
-16.4161
-16.4155
-16.4149
-16.4143
-16.4138
-16.4132
-16.4128
-16.4124
-16.4122
-16.412
-16.412
-16.4121
-16.4124
-16.4127
-16.4131
-16.4135
-16.414
-16.4145
-16.415
-16.4155
-16.416
-16.4165
-16.4169
-16.4173
-16.4177
-16.4181
-16.4185
-16.4188
-16.4191
-16.4194
-16.4197
-16.4199
-16.4202
-16.4204
-16.4206
-16.4208
-16.421
-16.4212
-16.4214
-16.4216
-16.4217
-16.4219
-16.422
-16.4221
-16.4222
-16.4223
-16.4224
-16.4224
-16.4225
-16.4225
-16.9147
-16.9147
-16.9146
-16.9146
-16.9145
-16.9145
-16.9144
-16.9143
-16.9141
-16.914
-16.9138
-16.9137
-16.9135
-16.9133
-16.9131
-16.9128
-16.9126
-16.9123
-16.9121
-16.9118
-16.9114
-16.9111
-16.9107
-16.9104
-16.9099
-16.9095
-16.909
-16.9084
-16.9079
-16.9073
-16.9066
-16.9059
-16.9052
-16.9046
-16.9039
-16.9033
-16.9027
-16.9023
-16.902
-16.9018
-16.9018
-16.902
-16.9022
-16.9026
-16.9031
-16.9037
-16.9043
-16.9049
-16.9054
-16.906
-16.9066
-16.9071
-16.9076
-16.908
-16.9084
-16.9088
-16.9092
-16.9095
-16.9098
-16.9101
-16.9104
-16.9106
-16.9109
-16.9111
-16.9113
-16.9115
-16.9117
-16.9119
-16.9121
-16.9122
-16.9124
-16.9125
-16.9127
-16.9128
-16.9129
-16.913
-16.913
-16.9131
-16.9131
-16.9131
-17.4054
-17.4053
-17.4053
-17.4053
-17.4052
-17.4051
-17.405
-17.4049
-17.4048
-17.4047
-17.4045
-17.4044
-17.4042
-17.404
-17.4038
-17.4036
-17.4033
-17.4031
-17.4028
-17.4025
-17.4022
-17.4019
-17.4015
-17.4011
-17.4007
-17.4002
-17.3997
-17.3992
-17.3985
-17.3979
-17.3971
-17.3964
-17.3956
-17.3948
-17.394
-17.3932
-17.3925
-17.392
-17.3916
-17.3914
-17.3914
-17.3916
-17.392
-17.3925
-17.3931
-17.3937
-17.3944
-17.3952
-17.3959
-17.3965
-17.3971
-17.3977
-17.3982
-17.3987
-17.3991
-17.3995
-17.3999
-17.4002
-17.4006
-17.4009
-17.4011
-17.4014
-17.4016
-17.4018
-17.402
-17.4022
-17.4024
-17.4026
-17.4028
-17.4029
-17.4031
-17.4032
-17.4033
-17.4035
-17.4036
-17.4036
-17.4037
-17.4038
-17.4038
-17.4038
-17.896
-17.896
-17.896
-17.8959
-17.8959
-17.8958
-17.8957
-17.8956
-17.8955
-17.8954
-17.8952
-17.8951
-17.8949
-17.8947
-17.8945
-17.8943
-17.8941
-17.8939
-17.8936
-17.8933
-17.893
-17.8927
-17.8924
-17.892
-17.8915
-17.891
-17.8905
-17.8899
-17.8892
-17.8885
-17.8877
-17.8868
-17.8859
-17.8849
-17.8839
-17.883
-17.8822
-17.8815
-17.881
-17.8808
-17.8808
-17.881
-17.8815
-17.8821
-17.8829
-17.8837
-17.8846
-17.8854
-17.8863
-17.887
-17.8877
-17.8884
-17.8889
-17.8894
-17.8899
-17.8903
-17.8907
-17.891
-17.8913
-17.8916
-17.8919
-17.8921
-17.8924
-17.8926
-17.8928
-17.893
-17.8931
-17.8933
-17.8935
-17.8936
-17.8938
-17.8939
-17.894
-17.8941
-17.8942
-17.8943
-17.8944
-17.8944
-17.8945
-17.8945
-18.3867
-18.3867
-18.3867
-18.3866
-18.3866
-18.3865
-18.3864
-18.3863
-18.3862
-18.3861
-18.386
-18.3858
-18.3857
-18.3855
-18.3853
-18.3851
-18.3849
-18.3847
-18.3844
-18.3842
-18.3839
-18.3836
-18.3832
-18.3828
-18.3824
-18.3819
-18.3814
-18.3807
-18.38
-18.3792
-18.3783
-18.3773
-18.3762
-18.3751
-18.3739
-18.3727
-18.3717
-18.3708
-18.3702
-18.3699
-18.3699
-18.3702
-18.3708
-18.3716
-18.3726
-18.3736
-18.3746
-18.3757
-18.3766
-18.3775
-18.3783
-18.3791
-18.3797
-18.3802
-18.3807
-18.3811
-18.3815
-18.3818
-18.3821
-18.3824
-18.3827
-18.3829
-18.3831
-18.3833
-18.3835
-18.3837
-18.3839
-18.3841
-18.3842
-18.3844
-18.3845
-18.3846
-18.3847
-18.3848
-18.3849
-18.385
-18.3851
-18.3851
-18.3852
-18.3852
-18.8774
-18.8774
-18.8774
-18.8773
-18.8773
-18.8772
-18.8771
-18.877
-18.8769
-18.8768
-18.8767
-18.8766
-18.8764
-18.8763
-18.8761
-18.8759
-18.8757
-18.8755
-18.8753
-18.875
-18.8748
-18.8745
-18.8741
-18.8738
-18.8733
-18.8729
-18.8723
-18.8716
-18.8709
-18.87
-18.869
-18.8679
-18.8666
-18.8652
-18.8638
-18.8623
-18.861
-18.8598
-18.859
-18.8586
-18.8587
-18.8591
-18.8599
-18.8609
-18.8621
-18.8634
-18.8647
-18.8659
-18.867
-18.8681
-18.869
-18.8698
-18.8705
-18.8711
-18.8715
-18.872
-18.8724
-18.8727
-18.873
-18.8733
-18.8735
-18.8737
-18.8739
-18.8741
-18.8743
-18.8745
-18.8747
-18.8748
-18.875
-18.8751
-18.8752
-18.8753
-18.8755
-18.8756
-18.8756
-18.8757
-18.8758
-18.8758
-18.8759
-18.8759
-19.3681
-19.3681
-19.3681
-19.368
-19.368
-19.3679
-19.3679
-19.3678
-19.3677
-19.3676
-19.3675
-19.3673
-19.3672
-19.367
-19.3669
-19.3667
-19.3665
-19.3664
-19.3661
-19.3659
-19.3657
-19.3654
-19.3651
-19.3647
-19.3643
-19.3639
-19.3633
-19.3626
-19.3619
-19.3609
-19.3598
-19.3585
-19.3571
-19.3554
-19.3536
-19.3518
-19.35
-19.3486
-19.3475
-19.347
-19.3471
-19.3477
-19.3487
-19.3501
-19.3516
-19.3532
-19.3547
-19.3562
-19.3575
-19.3587
-19.3597
-19.3606
-19.3613
-19.3619
-19.3624
-19.3629
-19.3633
-19.3636
-19.3639
-19.3641
-19.3644
-19.3646
-19.3648
-19.3649
-19.3651
-19.3653
-19.3654
-19.3656
-19.3657
-19.3658
-19.366
-19.3661
-19.3662
-19.3663
-19.3664
-19.3664
-19.3665
-19.3665
-19.3666
-19.3666
-19.8588
-19.8588
-19.8588
-19.8588
-19.8587
-19.8587
-19.8586
-19.8585
-19.8584
-19.8583
-19.8582
-19.8581
-19.858
-19.8578
-19.8577
-19.8576
-19.8574
-19.8572
-19.857
-19.8568
-19.8566
-19.8564
-19.8561
-19.8558
-19.8554
-19.855
-19.8544
-19.8538
-19.853
-19.852
-19.8508
-19.8494
-19.8477
-19.8457
-19.8435
-19.8412
-19.8389
-19.8369
-19.8355
-19.8349
-19.8351
-19.8359
-19.8374
-19.8391
-19.841
-19.843
-19.8448
-19.8465
-19.848
-19.8493
-19.8505
-19.8514
-19.8522
-19.8529
-19.8534
-19.8538
-19.8542
-19.8545
-19.8548
-19.855
-19.8552
-19.8554
-19.8556
-19.8558
-19.8559
-19.8561
-19.8562
-19.8564
-19.8565
-19.8566
-19.8567
-19.8568
-19.8569
-19.857
-19.8571
-19.8572
-19.8572
-19.8573
-19.8573
-19.8573
-20.3495
-20.3495
-20.3495
-20.3495
-20.3494
-20.3494
-20.3493
-20.3493
-20.3492
-20.3491
-20.349
-20.3489
-20.3488
-20.3487
-20.3485
-20.3484
-20.3483
-20.3481
-20.348
-20.3478
-20.3476
-20.3474
-20.3472
-20.3469
-20.3466
-20.3462
-20.3457
-20.345
-20.3443
-20.3433
-20.342
-20.3405
-20.3386
-20.3363
-20.3336
-20.3306
-20.3276
-20.3249
-20.323
-20.3222
-20.3225
-20.3238
-20.3258
-20.3281
-20.3305
-20.3329
-20.3351
-20.337
-20.3387
-20.3402
-20.3414
-20.3424
-20.3432
-20.3439
-20.3444
-20.3449
-20.3452
-20.3455
-20.3457
-20.346
-20.3461
-20.3463
-20.3465
-20.3466
-20.3468
-20.3469
-20.347
-20.3471
-20.3473
-20.3474
-20.3475
-20.3476
-20.3477
-20.3478
-20.3478
-20.3479
-20.348
-20.348
-20.348
-20.348
-20.8403
-20.8403
-20.8402
-20.8402
-20.8402
-20.8401
-20.8401
-20.84
-20.8399
-20.8399
-20.8398
-20.8397
-20.8396
-20.8395
-20.8394
-20.8393
-20.8392
-20.839
-20.8389
-20.8388
-20.8386
-20.8385
-20.8383
-20.8381
-20.8378
-20.8375
-20.837
-20.8365
-20.8357
-20.8348
-20.8335
-20.8319
-20.8299
-20.8273
-20.8241
-20.8203
-20.8162
-20.8125
-20.8099
-20.8088
-20.8094
-20.8114
-20.8141
-20.8172
-20.8202
-20.8231
-20.8256
-20.8278
-20.8297
-20.8312
-20.8325
-20.8335
-20.8344
-20.835
-20.8355
-20.8359
-20.8362
-20.8365
-20.8367
-20.8369
-20.8371
-20.8372
-20.8374
-20.8375
-20.8376
-20.8377
-20.8378
-20.838
-20.8381
-20.8382
-20.8383
-20.8384
-20.8384
-20.8385
-20.8386
-20.8387
-20.8387
-20.8387
-20.8388
-20.8388
-21.331
-21.331
-21.331
-21.3309
-21.3309
-21.3309
-21.3308
-21.3308
-21.3307
-21.3306
-21.3306
-21.3305
-21.3304
-21.3303
-21.3302
-21.3301
-21.3301
-21.33
-21.3299
-21.3298
-21.3297
-21.3296
-21.3295
-21.3293
-21.3291
-21.3288
-21.3285
-21.3281
-21.3274
-21.3266
-21.3254
-21.3239
-21.3217
-21.319
-21.3153
-21.3105
-21.3049
-21.2996
-21.2958
-21.2945
-21.2955
-21.2987
-21.3026
-21.3066
-21.3104
-21.3137
-21.3166
-21.3189
-21.3209
-21.3225
-21.3238
-21.3248
-21.3256
-21.3262
-21.3267
-21.3271
-21.3273
-21.3276
-21.3277
-21.3279
-21.328
-21.3282
-21.3283
-21.3284
-21.3285
-21.3286
-21.3287
-21.3288
-21.3289
-21.329
-21.329
-21.3291
-21.3292
-21.3293
-21.3294
-21.3294
-21.3295
-21.3295
-21.3295
-21.3295
-21.8217
-21.8217
-21.8217
-21.8217
-21.8217
-21.8216
-21.8216
-21.8215
-21.8215
-21.8214
-21.8214
-21.8213
-21.8212
-21.8212
-21.8211
-21.821
-21.821
-21.8209
-21.8209
-21.8208
-21.8208
-21.8207
-21.8207
-21.8206
-21.8205
-21.8203
-21.8201
-21.8198
-21.8193
-21.8187
-21.8178
-21.8164
-21.8145
-21.8118
-21.8078
-21.802
-21.7942
-21.7858
-21.7805
-21.7792
-21.7807
-21.786
-21.7917
-21.7968
-21.8013
-21.8051
-21.8082
-21.8106
-21.8126
-21.8141
-21.8153
-21.8163
-21.817
-21.8175
-21.8179
-21.8182
-21.8185
-21.8187
-21.8188
-21.8189
-21.819
-21.8191
-21.8192
-21.8193
-21.8194
-21.8194
-21.8195
-21.8196
-21.8197
-21.8198
-21.8198
-21.8199
-21.82
-21.8201
-21.8201
-21.8202
-21.8202
-21.8202
-21.8203
-21.8203
-22.3125
-22.3125
-22.3125
-22.3124
-22.3124
-22.3124
-22.3123
-22.3123
-22.3123
-22.3122
-22.3122
-22.3121
-22.3121
-22.312
-22.312
-22.3119
-22.3119
-22.3119
-22.3119
-22.3119
-22.3119
-22.3119
-22.3119
-22.3119
-22.3119
-22.3119
-22.3118
-22.3117
-22.3115
-22.3111
-22.3105
-22.3097
-22.3083
-22.3062
-22.3028
-22.2964
-22.2855
-22.2741
-22.2675
-22.2653
-22.2683
-22.275
-22.2825
-22.2886
-22.2937
-22.2977
-22.3007
-22.303
-22.3047
-22.3061
-22.3071
-22.3079
-22.3085
-22.309
-22.3093
-22.3095
-22.3097
-22.3098
-22.3099
-22.3099
-22.31
-22.3101
-22.3101
-22.3102
-22.3102
-22.3103
-22.3104
-22.3104
-22.3105
-22.3106
-22.3106
-22.3107
-22.3108
-22.3108
-22.3109
-22.3109
-22.311
-22.311
-22.311
-22.311
-22.8032
-22.8032
-22.8032
-22.8032
-22.8032
-22.8031
-22.8031
-22.8031
-22.803
-22.803
-22.803
-22.8029
-22.8029
-22.8029
-22.8028
-22.8028
-22.8028
-22.8028
-22.8029
-22.8029
-22.803
-22.803
-22.8031
-22.8032
-22.8033
-22.8035
-22.8036
-22.8037
-22.8038
-22.8038
-22.8038
-22.8036
-22.8032
-22.803
-22.8023
-22.7973
-22.788
-22.7781
-22.7631
-22.7561
-22.7611
-22.7685
-22.7758
-22.7828
-22.7884
-22.7921
-22.7945
-22.7962
-22.7975
-22.7985
-22.7992
-22.7998
-22.8002
-22.8005
-22.8007
-22.8008
-22.8009
-22.8009
-22.801
-22.801
-22.801
-22.801
-22.8011
-22.8011
-22.8011
-22.8012
-22.8012
-22.8013
-22.8013
-22.8014
-22.8014
-22.8015
-22.8016
-22.8016
-22.8017
-22.8017
-22.8017
-22.8018
-22.8018
-22.8018
-23.294
-23.294
-23.2939
-23.2939
-23.2939
-23.2939
-23.2939
-23.2938
-23.2938
-23.2938
-23.2938
-23.2937
-23.2937
-23.2937
-23.2937
-23.2937
-23.2937
-23.2938
-23.2938
-23.2939
-23.294
-23.2942
-23.2944
-23.2946
-23.2948
-23.2951
-23.2954
-23.2958
-23.2962
-23.2967
-23.2973
-23.298
-23.299
-23.3018
-23.3079
-23.3076
-23.2961
-23.2906
-23.2803
-23.2628
-23.2566
-23.2668
-23.2749
-23.2799
-23.2869
-23.289
-23.2895
-23.2901
-23.2908
-23.2913
-23.2916
-23.2918
-23.292
-23.2921
-23.2921
-23.2921
-23.2921
-23.2921
-23.2921
-23.292
-23.292
-23.292
-23.292
-23.292
-23.292
-23.2921
-23.2921
-23.2921
-23.2922
-23.2922
-23.2923
-23.2923
-23.2924
-23.2924
-23.2924
-23.2925
-23.2925
-23.2925
-23.2926
-23.2926
-23.7847
-23.7847
-23.7847
-23.7847
-23.7847
-23.7847
-23.7846
-23.7846
-23.7846
-23.7846
-23.7846
-23.7846
-23.7845
-23.7846
-23.7846
-23.7846
-23.7847
-23.7847
-23.7848
-23.785
-23.7851
-23.7853
-23.7856
-23.7859
-23.7862
-23.7867
-23.7872
-23.7878
-23.7886
-23.7895
-23.7908
-23.7925
-23.7949
-23.8003
-23.8117
-23.8135
-23.8002
-23.7718
-23.832
-23.8193
-23.7602
-23.7697
-23.7766
-23.7806
-23.7916
-23.789
-23.7857
-23.7848
-23.7845
-23.7843
-23.7841
-23.784
-23.7838
-23.7837
-23.7836
-23.7835
-23.7833
-23.7832
-23.7831
-23.7831
-23.783
-23.783
-23.7829
-23.7829
-23.7829
-23.7829
-23.7829
-23.783
-23.783
-23.783
-23.7831
-23.7831
-23.7832
-23.7832
-23.7832
-23.7833
-23.7833
-23.7833
-23.7833
-23.7833
-24.2754
-24.2754
-24.2754
-24.2754
-24.2754
-24.2754
-24.2754
-24.2754
-24.2754
-24.2754
-24.2754
-24.2754
-24.2754
-24.2754
-24.2754
-24.2755
-24.2756
-24.2757
-24.2758
-24.276
-24.2762
-24.2764
-24.2767
-24.2771
-24.2776
-24.2782
-24.2789
-24.2797
-24.2808
-24.2822
-24.284
-24.2866
-24.2899
-24.296
-24.3084
-24.3184
-24.3074
-24.1938
-24.2947
-24.5081
-24.3798
-24.2855
-24.278
-24.2884
-24.3
-24.2902
-24.2826
-24.2799
-24.2785
-24.2774
-24.2767
-24.2761
-24.2757
-24.2753
-24.275
-24.2748
-24.2746
-24.2744
-24.2742
-24.2741
-24.274
-24.2739
-24.2739
-24.2738
-24.2738
-24.2738
-24.2738
-24.2738
-24.2738
-24.2738
-24.2739
-24.2739
-24.2739
-24.274
-24.274
-24.274
-24.2741
-24.2741
-24.2741
-24.2741
-24.7662
-24.7662
-24.7662
-24.7662
-24.7662
-24.7662
-24.7662
-24.7662
-24.7661
-24.7661
-24.7662
-24.7662
-24.7662
-24.7662
-24.7663
-24.7664
-24.7665
-24.7666
-24.7667
-24.7669
-24.7672
-24.7675
-24.7679
-24.7683
-24.7689
-24.7696
-24.7704
-24.7715
-24.7728
-24.7745
-24.7767
-24.7797
-24.7835
-24.7893
-24.7989
-24.811
-24.8019
-24.705
-33.6462
-38.1106
-38.1046
-33.8211
-24.7614
-24.8108
-24.8001
-24.7882
-24.7789
-24.7747
-24.7723
-24.7705
-24.7692
-24.7682
-24.7675
-24.7669
-24.7665
-24.7661
-24.7658
-24.7655
-24.7653
-24.7651
-24.765
-24.7649
-24.7648
-24.7647
-24.7647
-24.7647
-24.7646
-24.7646
-24.7647
-24.7647
-24.7647
-24.7647
-24.7647
-24.7648
-24.7648
-24.7648
-24.7648
-24.7649
-24.7649
-24.7649
-25.2569
-25.2569
-25.2569
-25.2569
-25.2569
-25.2569
-25.2569
-25.2569
-25.2569
-25.2569
-25.2569
-25.257
-25.257
-25.257
-25.2571
-25.2572
-25.2573
-25.2575
-25.2577
-25.2579
-25.2582
-25.2585
-25.2589
-25.2595
-25.2601
-25.2609
-25.2618
-25.263
-25.2645
-25.2664
-25.2688
-25.272
-25.2756
-25.2811
-25.2878
-25.2959
-25.2886
-25.2762
-47.997
-78.2907
-78.6134
-48.9463
-25.2899
-25.2923
-25.2899
-25.2817
-25.273
-25.2686
-25.2655
-25.2632
-25.2615
-25.2602
-25.2592
-25.2584
-25.2578
-25.2573
-25.2569
-25.2566
-25.2563
-25.2561
-25.256
-25.2558
-25.2557
-25.2556
-25.2556
-25.2555
-25.2555
-25.2555
-25.2555
-25.2555
-25.2555
-25.2555
-25.2555
-25.2556
-25.2556
-25.2556
-25.2556
-25.2556
-25.2556
-25.2556
-25.7477
-25.7477
-25.7477
-25.7477
-25.7477
-25.7477
-25.7477
-25.7477
-25.7477
-25.7477
-25.7477
-25.7477
-25.7478
-25.7479
-25.7479
-25.748
-25.7482
-25.7483
-25.7485
-25.7488
-25.7491
-25.7495
-25.7499
-25.7505
-25.7512
-25.752
-25.7531
-25.7543
-25.7559
-25.7579
-25.7604
-25.7634
-25.7671
-25.7717
-25.7762
-25.7823
-25.7752
-25.7368
-25.7267
-36.3864
-37.4303
-27.26
-25.7436
-25.7714
-25.7787
-25.7722
-25.7655
-25.7613
-25.758
-25.7554
-25.7534
-25.7519
-25.7507
-25.7498
-25.749
-25.7485
-25.748
-25.7476
-25.7473
-25.7471
-25.7469
-25.7467
-25.7466
-25.7465
-25.7464
-25.7464
-25.7463
-25.7463
-25.7463
-25.7463
-25.7463
-25.7463
-25.7463
-25.7463
-25.7464
-25.7464
-25.7464
-25.7464
-25.7464
-25.7464
-26.2384
-26.2384
-26.2384
-26.2384
-26.2384
-26.2384
-26.2384
-26.2384
-26.2384
-26.2385
-26.2385
-26.2385
-26.2386
-26.2386
-26.2387
-26.2388
-26.239
-26.2392
-26.2394
-26.2397
-26.24
-26.2404
-26.2408
-26.2414
-26.2421
-26.243
-26.2441
-26.2454
-26.2471
-26.2491
-26.2515
-26.2545
-26.258
-26.2622
-26.2657
-26.2709
-26.2644
-26.3145
-15.6159
2.83821
2.33576
-16.7994
-26.3147
-26.2626
-26.2693
-26.2627
-26.2576
-26.2533
-26.2498
-26.2471
-26.245
-26.2433
-26.242
-26.241
-26.2402
-26.2395
-26.239
-26.2386
-26.2383
-26.238
-26.2378
-26.2376
-26.2375
-26.2374
-26.2373
-26.2372
-26.2372
-26.2371
-26.2371
-26.2371
-26.2371
-26.2371
-26.2371
-26.2371
-26.2371
-26.2372
-26.2372
-26.2372
-26.2372
-26.2372
-26.7291
-26.7291
-26.7291
-26.7291
-26.7291
-26.7291
-26.7291
-26.7292
-26.7292
-26.7292
-26.7292
-26.7293
-26.7293
-26.7294
-26.7295
-26.7296
-26.7298
-26.73
-26.7302
-26.7305
-26.7308
-26.7312
-26.7317
-26.7323
-26.733
-26.7339
-26.7349
-26.7363
-26.7379
-26.7399
-26.7423
-26.7452
-26.7486
-26.7529
-26.7566
-26.7624
-26.7555
-26.6894
-5.0114
20.3565
20.2783
-5.2842
-26.6947
-26.7544
-26.7616
-26.7543
-26.7494
-26.7448
-26.7412
-26.7384
-26.7362
-26.7345
-26.7331
-26.732
-26.7312
-26.7305
-26.7299
-26.7295
-26.7292
-26.7289
-26.7287
-26.7285
-26.7283
-26.7282
-26.7281
-26.728
-26.728
-26.7279
-26.7279
-26.7279
-26.7279
-26.7279
-26.7279
-26.7279
-26.7279
-26.7279
-26.7279
-26.7279
-26.7279
-26.7279
-27.2198
-27.2198
-27.2198
-27.2198
-27.2199
-27.2199
-27.2199
-27.2199
-27.2199
-27.2199
-27.22
-27.22
-27.2201
-27.2202
-27.2203
-27.2204
-27.2206
-27.2208
-27.221
-27.2213
-27.2216
-27.222
-27.2224
-27.223
-27.2237
-27.2246
-27.2256
-27.2269
-27.2285
-27.2304
-27.2327
-27.2355
-27.239
-27.2436
-27.2488
-27.2575
-27.2755
-27.2349
-27.2555
-27.2542
-27.2544
-27.2558
-27.2331
-27.2761
-27.2573
-27.247
-27.2407
-27.2357
-27.2321
-27.2293
-27.2271
-27.2253
-27.224
-27.2229
-27.222
-27.2213
-27.2208
-27.2204
-27.22
-27.2197
-27.2195
-27.2193
-27.2191
-27.219
-27.2189
-27.2188
-27.2188
-27.2187
-27.2187
-27.2187
-27.2187
-27.2187
-27.2187
-27.2187
-27.2187
-27.2187
-27.2187
-27.2187
-27.2187
-27.2187
-27.7105
-27.7105
-27.7106
-27.7106
-27.7106
-27.7106
-27.7106
-27.7106
-27.7106
-27.7107
-27.7107
-27.7108
-27.7108
-27.7109
-27.711
-27.7112
-27.7113
-27.7115
-27.7117
-27.712
-27.7123
-27.7127
-27.7131
-27.7137
-27.7143
-27.7151
-27.7161
-27.7173
-27.7188
-27.7206
-27.7227
-27.7254
-27.7287
-27.7333
-27.7401
-27.7494
-27.7614
-27.7474
-27.7424
-27.7422
-27.7423
-27.7427
-27.7476
-27.7624
-27.7494
-27.7385
-27.7308
-27.7258
-27.7223
-27.7197
-27.7176
-27.7159
-27.7146
-27.7136
-27.7128
-27.7121
-27.7116
-27.7112
-27.7108
-27.7105
-27.7103
-27.7101
-27.7099
-27.7098
-27.7097
-27.7096
-27.7096
-27.7095
-27.7095
-27.7095
-27.7094
-27.7094
-27.7094
-27.7094
-27.7094
-27.7095
-27.7095
-27.7095
-27.7095
-27.7095
-28.2012
-28.2012
-28.2013
-28.2013
-28.2013
-28.2013
-28.2013
-28.2013
-28.2014
-28.2014
-28.2014
-28.2015
-28.2016
-28.2016
-28.2018
-28.2019
-28.202
-28.2022
-28.2024
-28.2027
-28.203
-28.2033
-28.2038
-28.2043
-28.2049
-28.2056
-28.2065
-28.2076
-28.2089
-28.2105
-28.2124
-28.2147
-28.2176
-28.2213
-28.2267
-28.2336
-28.2403
-28.2336
-28.2292
-28.2279
-28.2278
-28.2293
-28.2339
-28.2408
-28.2332
-28.2252
-28.219
-28.2149
-28.2119
-28.2096
-28.2078
-28.2063
-28.2051
-28.2041
-28.2034
-28.2028
-28.2023
-28.2019
-28.2015
-28.2013
-28.201
-28.2009
-28.2007
-28.2006
-28.2005
-28.2004
-28.2003
-28.2003
-28.2003
-28.2002
-28.2002
-28.2002
-28.2002
-28.2002
-28.2002
-28.2002
-28.2002
-28.2002
-28.2002
-28.2002
-28.6919
-28.6919
-28.692
-28.692
-28.692
-28.692
-28.692
-28.692
-28.6921
-28.6921
-28.6921
-28.6922
-28.6923
-28.6924
-28.6925
-28.6926
-28.6927
-28.6929
-28.6931
-28.6933
-28.6936
-28.6939
-28.6943
-28.6948
-28.6953
-28.696
-28.6968
-28.6977
-28.6989
-28.7002
-28.7018
-28.7036
-28.7058
-28.7082
-28.7112
-28.7142
-28.7175
-28.7162
-28.7118
-28.71
-28.7098
-28.7116
-28.7163
-28.7173
-28.7133
-28.7094
-28.706
-28.7033
-28.7011
-28.6992
-28.6977
-28.6964
-28.6954
-28.6946
-28.6939
-28.6934
-28.6929
-28.6926
-28.6923
-28.692
-28.6918
-28.6916
-28.6915
-28.6913
-28.6912
-28.6912
-28.6911
-28.691
-28.691
-28.691
-28.691
-28.691
-28.691
-28.6909
-28.6909
-28.6909
-28.6909
-28.6909
-28.6909
-28.6909
-29.1826
-29.1826
-29.1826
-29.1827
-29.1827
-29.1827
-29.1827
-29.1827
-29.1828
-29.1828
-29.1828
-29.1829
-29.183
-29.183
-29.1831
-29.1833
-29.1834
-29.1836
-29.1838
-29.184
-29.1842
-29.1845
-29.1849
-29.1853
-29.1857
-29.1863
-29.187
-29.1877
-29.1887
-29.1898
-29.191
-29.1924
-29.1938
-29.1951
-29.1962
-29.1965
-29.1971
-29.1964
-29.1937
-29.192
-29.1917
-29.1933
-29.1958
-29.1961
-29.195
-29.1942
-29.1929
-29.1914
-29.19
-29.1886
-29.1875
-29.1865
-29.1856
-29.185
-29.1844
-29.1839
-29.1835
-29.1832
-29.1829
-29.1827
-29.1825
-29.1823
-29.1822
-29.1821
-29.182
-29.1819
-29.1818
-29.1818
-29.1818
-29.1817
-29.1817
-29.1817
-29.1817
-29.1817
-29.1817
-29.1817
-29.1817
-29.1817
-29.1817
-29.1817
-29.6733
-29.6733
-29.6733
-29.6733
-29.6733
-29.6734
-29.6734
-29.6734
-29.6734
-29.6735
-29.6735
-29.6736
-29.6736
-29.6737
-29.6738
-29.6739
-29.6741
-29.6742
-29.6744
-29.6746
-29.6748
-29.6751
-29.6754
-29.6757
-29.6761
-29.6765
-29.6771
-29.6777
-29.6785
-29.6793
-29.6802
-29.6811
-29.682
-29.6827
-29.6831
-29.6827
-29.6818
-29.6807
-29.6792
-29.6782
-29.678
-29.6786
-29.6797
-29.6804
-29.681
-29.6811
-29.6806
-29.6798
-29.679
-29.6781
-29.6772
-29.6765
-29.6758
-29.6753
-29.6748
-29.6744
-29.6741
-29.6738
-29.6735
-29.6733
-29.6732
-29.673
-29.6729
-29.6728
-29.6727
-29.6726
-29.6726
-29.6725
-29.6725
-29.6725
-29.6725
-29.6724
-29.6724
-29.6724
-29.6724
-29.6724
-29.6724
-29.6724
-29.6724
-29.6724
-30.164
-30.164
-30.164
-30.164
-30.164
-30.164
-30.1641
-30.1641
-30.1641
-30.1642
-30.1642
-30.1643
-30.1643
-30.1644
-30.1645
-30.1646
-30.1647
-30.1648
-30.165
-30.1652
-30.1654
-30.1656
-30.1658
-30.1661
-30.1664
-30.1668
-30.1672
-30.1677
-30.1683
-30.1689
-30.1695
-30.1702
-30.1707
-30.1711
-30.1712
-30.171
-30.1702
-30.1692
-30.1682
-30.1676
-30.1673
-30.1676
-30.1681
-30.1688
-30.1693
-30.1694
-30.1691
-30.1687
-30.1682
-30.1676
-30.167
-30.1665
-30.166
-30.1656
-30.1652
-30.1649
-30.1646
-30.1644
-30.1642
-30.164
-30.1638
-30.1637
-30.1636
-30.1635
-30.1634
-30.1633
-30.1633
-30.1633
-30.1632
-30.1632
-30.1632
-30.1632
-30.1632
-30.1631
-30.1631
-30.1631
-30.1631
-30.1631
-30.1631
-30.1631
-30.6546
-30.6546
-30.6546
-30.6547
-30.6547
-30.6547
-30.6547
-30.6548
-30.6548
-30.6548
-30.6549
-30.6549
-30.655
-30.655
-30.6551
-30.6552
-30.6553
-30.6554
-30.6556
-30.6557
-30.6559
-30.6561
-30.6563
-30.6565
-30.6568
-30.6571
-30.6574
-30.6577
-30.6581
-30.6586
-30.659
-30.6594
-30.6597
-30.6599
-30.6599
-30.6597
-30.6591
-30.6584
-30.6577
-30.6573
-30.657
-30.6572
-30.6575
-30.6578
-30.6582
-30.6583
-30.6582
-30.658
-30.6577
-30.6573
-30.6569
-30.6565
-30.6562
-30.6559
-30.6556
-30.6553
-30.6551
-30.6549
-30.6548
-30.6546
-30.6545
-30.6544
-30.6543
-30.6542
-30.6541
-30.6541
-30.654
-30.654
-30.6539
-30.6539
-30.6539
-30.6539
-30.6539
-30.6539
-30.6539
-30.6538
-30.6538
-30.6538
-30.6538
-30.6538
-31.1453
-31.1453
-31.1453
-31.1453
-31.1453
-31.1454
-31.1454
-31.1454
-31.1454
-31.1455
-31.1455
-31.1456
-31.1456
-31.1457
-31.1457
-31.1458
-31.1459
-31.146
-31.1462
-31.1463
-31.1464
-31.1466
-31.1468
-31.1469
-31.1471
-31.1473
-31.1476
-31.1478
-31.1481
-31.1483
-31.1486
-31.1489
-31.149
-31.1491
-31.149
-31.1488
-31.1483
-31.1478
-31.1473
-31.147
-31.1468
-31.1468
-31.147
-31.1473
-31.1475
-31.1476
-31.1476
-31.1475
-31.1473
-31.1471
-31.1469
-31.1466
-31.1464
-31.1462
-31.146
-31.1458
-31.1456
-31.1455
-31.1453
-31.1452
-31.1451
-31.145
-31.1449
-31.1449
-31.1448
-31.1447
-31.1447
-31.1447
-31.1446
-31.1446
-31.1446
-31.1446
-31.1446
-31.1446
-31.1446
-31.1445
-31.1445
-31.1445
-31.1445
-31.1445
-31.6359
-31.6359
-31.6359
-31.636
-31.636
-31.636
-31.636
-31.636
-31.6361
-31.6361
-31.6361
-31.6362
-31.6362
-31.6363
-31.6364
-31.6364
-31.6365
-31.6366
-31.6367
-31.6368
-31.637
-31.6371
-31.6372
-31.6373
-31.6375
-31.6376
-31.6378
-31.6379
-31.6381
-31.6382
-31.6384
-31.6385
-31.6386
-31.6385
-31.6384
-31.6382
-31.6379
-31.6375
-31.6371
-31.6369
-31.6367
-31.6367
-31.6368
-31.637
-31.6372
-31.6373
-31.6373
-31.6373
-31.6372
-31.6371
-31.637
-31.6368
-31.6367
-31.6366
-31.6364
-31.6363
-31.6361
-31.636
-31.6359
-31.6358
-31.6357
-31.6357
-31.6356
-31.6355
-31.6355
-31.6354
-31.6354
-31.6354
-31.6353
-31.6353
-31.6353
-31.6353
-31.6353
-31.6353
-31.6352
-31.6352
-31.6352
-31.6352
-31.6352
-31.6352
-32.1266
-32.1266
-32.1266
-32.1266
-32.1266
-32.1266
-32.1267
-32.1267
-32.1267
-32.1267
-32.1268
-32.1268
-32.1269
-32.1269
-32.127
-32.127
-32.1271
-32.1272
-32.1273
-32.1274
-32.1275
-32.1276
-32.1277
-32.1278
-32.1279
-32.128
-32.1281
-32.1281
-32.1282
-32.1283
-32.1283
-32.1284
-32.1283
-32.1283
-32.1281
-32.1279
-32.1277
-32.1274
-32.1271
-32.1269
-32.1268
-32.1268
-32.1268
-32.127
-32.1271
-32.1272
-32.1273
-32.1273
-32.1273
-32.1273
-32.1272
-32.1271
-32.127
-32.1269
-32.1269
-32.1268
-32.1267
-32.1266
-32.1265
-32.1264
-32.1263
-32.1263
-32.1262
-32.1262
-32.1261
-32.1261
-32.1261
-32.126
-32.126
-32.126
-32.126
-32.126
-32.126
-32.1259
-32.1259
-32.1259
-32.1259
-32.1259
-32.1259
-32.1259
-32.6172
-32.6172
-32.6172
-32.6172
-32.6172
-32.6173
-32.6173
-32.6173
-32.6173
-32.6174
-32.6174
-32.6174
-32.6175
-32.6175
-32.6176
-32.6176
-32.6177
-32.6177
-32.6178
-32.6179
-32.618
-32.6181
-32.6182
-32.6182
-32.6183
-32.6183
-32.6184
-32.6184
-32.6184
-32.6184
-32.6184
-32.6184
-32.6183
-32.6182
-32.618
-32.6178
-32.6176
-32.6174
-32.6172
-32.617
-32.617
-32.6169
-32.617
-32.6171
-32.6172
-32.6173
-32.6174
-32.6175
-32.6175
-32.6175
-32.6175
-32.6175
-32.6174
-32.6174
-32.6173
-32.6173
-32.6172
-32.6171
-32.6171
-32.617
-32.617
-32.6169
-32.6169
-32.6168
-32.6168
-32.6168
-32.6167
-32.6167
-32.6167
-32.6167
-32.6167
-32.6166
-32.6166
-32.6166
-32.6166
-32.6166
-32.6166
-32.6166
-32.6166
-32.6166
-33.1078
-33.1078
-33.1078
-33.1078
-33.1078
-33.1079
-33.1079
-33.1079
-33.1079
-33.108
-33.108
-33.108
-33.1081
-33.1081
-33.1081
-33.1082
-33.1082
-33.1083
-33.1084
-33.1084
-33.1085
-33.1086
-33.1086
-33.1087
-33.1087
-33.1088
-33.1088
-33.1088
-33.1087
-33.1087
-33.1086
-33.1085
-33.1084
-33.1083
-33.1082
-33.108
-33.1078
-33.1076
-33.1075
-33.1073
-33.1073
-33.1073
-33.1073
-33.1074
-33.1075
-33.1076
-33.1077
-33.1078
-33.1078
-33.1078
-33.1079
-33.1079
-33.1079
-33.1078
-33.1078
-33.1078
-33.1077
-33.1077
-33.1076
-33.1076
-33.1076
-33.1075
-33.1075
-33.1075
-33.1074
-33.1074
-33.1074
-33.1074
-33.1074
-33.1073
-33.1073
-33.1073
-33.1073
-33.1073
-33.1073
-33.1073
-33.1073
-33.1072
-33.1072
-33.1072
-33.5984
-33.5984
-33.5984
-33.5984
-33.5985
-33.5985
-33.5985
-33.5985
-33.5985
-33.5986
-33.5986
-33.5986
-33.5987
-33.5987
-33.5987
-33.5988
-33.5988
-33.5989
-33.5989
-33.599
-33.599
-33.5991
-33.5991
-33.5991
-33.5992
-33.5992
-33.5992
-33.5992
-33.5991
-33.5991
-33.599
-33.5989
-33.5987
-33.5986
-33.5984
-33.5983
-33.5981
-33.598
-33.5978
-33.5978
-33.5977
-33.5977
-33.5977
-33.5978
-33.5979
-33.598
-33.5981
-33.5981
-33.5982
-33.5983
-33.5983
-33.5983
-33.5983
-33.5983
-33.5983
-33.5983
-33.5983
-33.5982
-33.5982
-33.5982
-33.5982
-33.5981
-33.5981
-33.5981
-33.5981
-33.5981
-33.598
-33.598
-33.598
-33.598
-33.598
-33.598
-33.598
-33.5979
-33.5979
-33.5979
-33.5979
-33.5979
-33.5979
-33.5979
-34.089
-34.089
-34.089
-34.089
-34.0891
-34.0891
-34.0891
-34.0891
-34.0891
-34.0892
-34.0892
-34.0892
-34.0892
-34.0893
-34.0893
-34.0893
-34.0894
-34.0894
-34.0894
-34.0895
-34.0895
-34.0896
-34.0896
-34.0896
-34.0896
-34.0896
-34.0896
-34.0896
-34.0895
-34.0895
-34.0894
-34.0893
-34.0891
-34.089
-34.0889
-34.0887
-34.0886
-34.0885
-34.0884
-34.0883
-34.0882
-34.0882
-34.0883
-34.0883
-34.0884
-34.0885
-34.0886
-34.0886
-34.0887
-34.0887
-34.0888
-34.0888
-34.0888
-34.0888
-34.0888
-34.0888
-34.0888
-34.0888
-34.0888
-34.0888
-34.0888
-34.0887
-34.0887
-34.0887
-34.0887
-34.0887
-34.0887
-34.0887
-34.0886
-34.0886
-34.0886
-34.0886
-34.0886
-34.0886
-34.0886
-34.0886
-34.0886
-34.0886
-34.0885
-34.0885
-34.5796
-34.5796
-34.5796
-34.5796
-34.5796
-34.5797
-34.5797
-34.5797
-34.5797
-34.5797
-34.5798
-34.5798
-34.5798
-34.5798
-34.5799
-34.5799
-34.5799
-34.5799
-34.58
-34.58
-34.58
-34.5801
-34.5801
-34.5801
-34.5801
-34.5801
-34.5801
-34.5801
-34.58
-34.5799
-34.5799
-34.5798
-34.5796
-34.5795
-34.5794
-34.5793
-34.5791
-34.579
-34.5789
-34.5789
-34.5788
-34.5788
-34.5789
-34.5789
-34.579
-34.579
-34.5791
-34.5792
-34.5792
-34.5793
-34.5793
-34.5793
-34.5794
-34.5794
-34.5794
-34.5794
-34.5794
-34.5794
-34.5794
-34.5794
-34.5794
-34.5794
-34.5793
-34.5793
-34.5793
-34.5793
-34.5793
-34.5793
-34.5793
-34.5793
-34.5793
-34.5792
-34.5792
-34.5792
-34.5792
-34.5792
-34.5792
-34.5792
-34.5792
-34.5792
-35.0702
-35.0702
-35.0702
-35.0702
-35.0702
-35.0702
-35.0703
-35.0703
-35.0703
-35.0703
-35.0703
-35.0704
-35.0704
-35.0704
-35.0704
-35.0704
-35.0705
-35.0705
-35.0705
-35.0705
-35.0705
-35.0706
-35.0706
-35.0706
-35.0706
-35.0706
-35.0706
-35.0706
-35.0705
-35.0704
-35.0704
-35.0703
-35.0702
-35.0701
-35.07
-35.0698
-35.0697
-35.0697
-35.0696
-35.0695
-35.0695
-35.0695
-35.0695
-35.0695
-35.0696
-35.0696
-35.0697
-35.0697
-35.0698
-35.0698
-35.0699
-35.0699
-35.0699
-35.0699
-35.0699
-35.07
-35.07
-35.07
-35.07
-35.07
-35.07
-35.07
-35.07
-35.07
-35.0699
-35.0699
-35.0699
-35.0699
-35.0699
-35.0699
-35.0699
-35.0699
-35.0699
-35.0699
-35.0698
-35.0698
-35.0698
-35.0698
-35.0698
-35.0698
-35.5608
-35.5608
-35.5608
-35.5608
-35.5608
-35.5608
-35.5608
-35.5609
-35.5609
-35.5609
-35.5609
-35.5609
-35.5609
-35.561
-35.561
-35.561
-35.561
-35.561
-35.561
-35.561
-35.5611
-35.5611
-35.5611
-35.5611
-35.5611
-35.5611
-35.5611
-35.561
-35.561
-35.561
-35.5609
-35.5608
-35.5607
-35.5606
-35.5606
-35.5605
-35.5604
-35.5603
-35.5602
-35.5602
-35.5602
-35.5601
-35.5601
-35.5602
-35.5602
-35.5602
-35.5603
-35.5603
-35.5603
-35.5604
-35.5604
-35.5604
-35.5605
-35.5605
-35.5605
-35.5605
-35.5605
-35.5605
-35.5606
-35.5606
-35.5606
-35.5606
-35.5606
-35.5606
-35.5606
-35.5605
-35.5605
-35.5605
-35.5605
-35.5605
-35.5605
-35.5605
-35.5605
-35.5605
-35.5605
-35.5605
-35.5605
-35.5605
-35.5604
-35.5604
-36.0513
-36.0513
-36.0514
-36.0514
-36.0514
-36.0514
-36.0514
-36.0514
-36.0514
-36.0515
-36.0515
-36.0515
-36.0515
-36.0515
-36.0515
-36.0515
-36.0515
-36.0515
-36.0516
-36.0516
-36.0516
-36.0516
-36.0516
-36.0516
-36.0516
-36.0516
-36.0516
-36.0515
-36.0515
-36.0515
-36.0514
-36.0514
-36.0513
-36.0512
-36.0512
-36.0511
-36.051
-36.0509
-36.0509
-36.0508
-36.0508
-36.0508
-36.0508
-36.0508
-36.0508
-36.0509
-36.0509
-36.0509
-36.0509
-36.051
-36.051
-36.051
-36.0511
-36.0511
-36.0511
-36.0511
-36.0511
-36.0511
-36.0511
-36.0511
-36.0512
-36.0512
-36.0512
-36.0512
-36.0512
-36.0512
-36.0512
-36.0511
-36.0511
-36.0511
-36.0511
-36.0511
-36.0511
-36.0511
-36.0511
-36.0511
-36.0511
-36.0511
-36.0511
-36.0511
-36.5419
-36.5419
-36.5419
-36.5419
-36.5419
-36.542
-36.542
-36.542
-36.542
-36.542
-36.542
-36.542
-36.542
-36.5421
-36.5421
-36.5421
-36.5421
-36.5421
-36.5421
-36.5421
-36.5421
-36.5421
-36.5421
-36.5421
-36.5421
-36.5421
-36.5421
-36.5421
-36.542
-36.542
-36.542
-36.5419
-36.5419
-36.5418
-36.5418
-36.5417
-36.5416
-36.5416
-36.5415
-36.5415
-36.5415
-36.5415
-36.5415
-36.5415
-36.5415
-36.5415
-36.5415
-36.5415
-36.5416
-36.5416
-36.5416
-36.5416
-36.5416
-36.5417
-36.5417
-36.5417
-36.5417
-36.5417
-36.5417
-36.5417
-36.5417
-36.5418
-36.5418
-36.5418
-36.5418
-36.5418
-36.5418
-36.5418
-36.5417
-36.5417
-36.5417
-36.5417
-36.5417
-36.5417
-36.5417
-36.5417
-36.5417
-36.5417
-36.5417
-36.5417
-37.0325
-37.0325
-37.0325
-37.0325
-37.0325
-37.0325
-37.0325
-37.0325
-37.0326
-37.0326
-37.0326
-37.0326
-37.0326
-37.0326
-37.0326
-37.0326
-37.0326
-37.0326
-37.0326
-37.0326
-37.0326
-37.0326
-37.0326
-37.0326
-37.0326
-37.0326
-37.0326
-37.0326
-37.0326
-37.0325
-37.0325
-37.0325
-37.0324
-37.0324
-37.0324
-37.0323
-37.0323
-37.0322
-37.0322
-37.0322
-37.0321
-37.0321
-37.0321
-37.0321
-37.0321
-37.0321
-37.0321
-37.0322
-37.0322
-37.0322
-37.0322
-37.0322
-37.0322
-37.0323
-37.0323
-37.0323
-37.0323
-37.0323
-37.0323
-37.0323
-37.0323
-37.0323
-37.0324
-37.0324
-37.0324
-37.0324
-37.0324
-37.0323
-37.0323
-37.0323
-37.0323
-37.0323
-37.0323
-37.0323
-37.0323
-37.0323
-37.0323
-37.0323
-37.0323
-37.0323
-37.523
-37.523
-37.5231
-37.5231
-37.5231
-37.5231
-37.5231
-37.5231
-37.5231
-37.5231
-37.5231
-37.5231
-37.5231
-37.5231
-37.5231
-37.5231
-37.5231
-37.5231
-37.5231
-37.5231
-37.5231
-37.5231
-37.5231
-37.5231
-37.5231
-37.5231
-37.5231
-37.5231
-37.5231
-37.5231
-37.5231
-37.523
-37.523
-37.523
-37.5229
-37.5229
-37.5229
-37.5229
-37.5228
-37.5228
-37.5228
-37.5228
-37.5228
-37.5228
-37.5228
-37.5228
-37.5228
-37.5228
-37.5228
-37.5228
-37.5228
-37.5228
-37.5228
-37.5229
-37.5229
-37.5229
-37.5229
-37.5229
-37.5229
-37.5229
-37.5229
-37.5229
-37.5229
-37.5229
-37.5229
-37.5229
-37.5229
-37.5229
-37.5229
-37.5229
-37.5229
-37.5229
-37.5229
-37.5229
-37.5229
-37.5229
-37.5229
-37.5229
-37.5229
-37.5229
-38.0136
-38.0136
-38.0136
-38.0136
-38.0136
-38.0136
-38.0136
-38.0136
-38.0136
-38.0137
-38.0137
-38.0137
-38.0137
-38.0137
-38.0137
-38.0137
-38.0137
-38.0137
-38.0137
-38.0137
-38.0137
-38.0137
-38.0137
-38.0137
-38.0137
-38.0136
-38.0136
-38.0136
-38.0136
-38.0136
-38.0136
-38.0136
-38.0136
-38.0136
-38.0135
-38.0135
-38.0135
-38.0135
-38.0135
-38.0135
-38.0134
-38.0134
-38.0134
-38.0134
-38.0134
-38.0134
-38.0134
-38.0134
-38.0134
-38.0134
-38.0134
-38.0134
-38.0135
-38.0135
-38.0135
-38.0135
-38.0135
-38.0135
-38.0135
-38.0135
-38.0135
-38.0135
-38.0135
-38.0135
-38.0135
-38.0135
-38.0135
-38.0135
-38.0135
-38.0135
-38.0135
-38.0135
-38.0135
-38.0135
-38.0135
-38.0135
-38.0135
-38.0135
-38.0135
-38.0135
-38.5042
-38.5042
-38.5042
-38.5042
-38.5042
-38.5042
-38.5042
-38.5042
-38.5042
-38.5042
-38.5042
-38.5042
-38.5042
-38.5042
-38.5042
-38.5042
-38.5042
-38.5042
-38.5042
-38.5042
-38.5042
-38.5042
-38.5042
-38.5042
-38.5042
-38.5042
-38.5042
-38.5042
-38.5042
-38.5042
-38.5042
-38.5042
-38.5042
-38.5042
-38.5041
-38.5041
-38.5041
-38.5041
-38.5041
-38.5041
-38.5041
-38.5041
-38.5041
-38.5041
-38.5041
-38.5041
-38.5041
-38.5041
-38.5041
-38.5041
-38.5041
-38.5041
-38.5041
-38.5041
-38.5041
-38.5041
-38.5041
-38.5041
-38.5041
-38.5041
-38.5041
-38.5041
-38.5041
-38.5041
-38.5041
-38.5041
-38.5041
-38.5041
-38.5041
-38.5041
-38.5041
-38.5041
-38.5041
-38.5041
-38.5041
-38.5041
-38.5041
-38.5041
-38.5041
-38.5041
-38.9947
-38.9947
-38.9947
-38.9947
-38.9947
-38.9947
-38.9947
-38.9947
-38.9947
-38.9947
-38.9947
-38.9947
-38.9947
-38.9947
-38.9947
-38.9947
-38.9947
-38.9947
-38.9947
-38.9947
-38.9947
-38.9947
-38.9947
-38.9947
-38.9947
-38.9947
-38.9947
-38.9947
-38.9947
-38.9947
-38.9947
-38.9947
-38.9947
-38.9947
-38.9947
-38.9947
-38.9947
-38.9947
-38.9947
-38.9947
-38.9947
-38.9947
-38.9947
-38.9947
-38.9947
-38.9947
-38.9947
-38.9947
-38.9947
-38.9947
-38.9947
-38.9947
-38.9947
-38.9947
-38.9947
-38.9947
-38.9947
-38.9947
-38.9947
-38.9947
-38.9947
-38.9947
-38.9947
-38.9947
-38.9947
-38.9947
-38.9947
-38.9947
-38.9947
-38.9947
-38.9947
-38.9947
-38.9947
-38.9947
-38.9947
-38.9947
-38.9947
-38.9947
-38.9947
-38.9947
)
;

boundaryField
{
    lowerWall
    {
        type            calculated;
        value           nonuniform List<scalar> 
80
(
13920.4
13920.4
13920.4
13920.4
13920.4
13920.4
13920.4
13920.4
13920.4
13920.4
13920.4
13920.4
13920.4
13920.4
13920.4
13920.4
13920.4
13920.4
13920.4
13920.4
13920.4
13920.4
13920.4
13920.4
13920.4
13920.4
13920.4
13920.4
13920.4
13920.4
13920.4
13920.4
13920.4
13920.4
13920.4
13920.4
13920.4
13920.4
13920.4
13920.4
13920.4
13920.4
13920.4
13920.4
13920.4
13920.4
13920.4
13920.4
13920.4
13920.4
13920.4
13920.4
13920.4
13920.4
13920.4
13920.4
13920.4
13920.4
13920.4
13920.4
13920.4
13920.4
13920.4
13920.4
13920.4
13920.4
13920.4
13920.4
13920.4
13920.4
13920.4
13920.4
13920.4
13920.4
13920.4
13920.4
13920.4
13920.4
13920.4
13920.4
)
;
    }
    rightWall
    {
        type            calculated;
        value           nonuniform List<scalar> 
80
(
13572.1
12875.6
12179.1
11482.6
10786.1
10089.6
9393.09
8696.58
8000.07
7303.56
6607.05
5910.54
5214.03
4517.52
3821.01
3124.5
2427.99
1731.48
1034.97
338.456
-10.045
-10.5356
-11.0261
-11.5166
-12.0072
-12.4977
-12.9883
-13.4788
-13.9694
-14.46
-14.9506
-15.4412
-15.9318
-16.4225
-16.9131
-17.4038
-17.8945
-18.3852
-18.8759
-19.3666
-19.8573
-20.348
-20.8388
-21.3295
-21.8203
-22.311
-22.8018
-23.2926
-23.7833
-24.2741
-24.7649
-25.2556
-25.7464
-26.2372
-26.7279
-27.2187
-27.7095
-28.2002
-28.6909
-29.1817
-29.6724
-30.1631
-30.6538
-31.1445
-31.6352
-32.1259
-32.6166
-33.1072
-33.5979
-34.0885
-34.5792
-35.0698
-35.5604
-36.0511
-36.5417
-37.0323
-37.5229
-38.0135
-38.5041
-38.9947
)
;
    }
    atmosphere
    {
        type            calculated;
        value           nonuniform List<scalar> 
80
(
-39.24
-39.24
-39.24
-39.24
-39.24
-39.24
-39.24
-39.24
-39.24
-39.24
-39.24
-39.24
-39.24
-39.24
-39.24
-39.24
-39.24
-39.24
-39.24
-39.24
-39.24
-39.24
-39.24
-39.24
-39.24
-39.24
-39.24
-39.24
-39.24
-39.24
-39.24
-39.24
-39.24
-39.24
-39.24
-39.2401
-39.2401
-39.2401
-39.2401
-39.2401
-39.2401
-39.2401
-39.2401
-39.2401
-39.24
-39.24
-39.24
-39.24
-39.24
-39.24
-39.24
-39.24
-39.24
-39.24
-39.24
-39.24
-39.24
-39.24
-39.24
-39.24
-39.24
-39.24
-39.24
-39.24
-39.24
-39.24
-39.24
-39.24
-39.24
-39.24
-39.24
-39.24
-39.24
-39.24
-39.24
-39.24
-39.24
-39.24
-39.24
-39.24
)
;
    }
    leftWall
    {
        type            calculated;
        value           nonuniform List<scalar> 
80
(
13572.1
12875.6
12179.1
11482.6
10786.1
10089.6
9393.09
8696.58
8000.07
7303.56
6607.05
5910.54
5214.03
4517.52
3821.01
3124.5
2427.99
1731.48
1034.97
338.455
-10.0466
-10.5372
-11.0277
-11.5182
-12.0087
-12.4993
-12.9898
-13.4804
-13.971
-14.4616
-14.9522
-15.4428
-15.9334
-16.424
-16.9147
-17.4054
-17.896
-18.3867
-18.8774
-19.3681
-19.8588
-20.3495
-20.8403
-21.331
-21.8217
-22.3125
-22.8032
-23.294
-23.7847
-24.2754
-24.7662
-25.2569
-25.7477
-26.2384
-26.7291
-27.2198
-27.7105
-28.2012
-28.6919
-29.1826
-29.6733
-30.164
-30.6546
-31.1453
-31.6359
-32.1266
-32.6172
-33.1078
-33.5984
-34.089
-34.5796
-35.0702
-35.5608
-36.0513
-36.5419
-37.0325
-37.523
-38.0136
-38.5042
-38.9947
)
;
    }
    frontAndBack
    {
        type            empty;
    }
}


// ************************************************************************* //
